0 0
0.0001431757 0.0
0.0001431757 0.0
0.00035793925 2.91809194807929e-40
0.0230727030245519 4.63761930632553e-10
0.0682874670234659 1.08557170332633e-07
0.136002231245232 5.86787600609438e-07
0.226216995685848 1.72203040317278e-06
0.338931760343014 3.54475727847126e-06
0.474146525223743 5.56368206201208e-06
0.631861290338351 6.77295575205259e-06
0.81207605567861 6.07714257721995e-06
0.04161248 0.0
0.04161248 0.0
0.119031199999915 1.14705617631625e-07
0.218949919689097 1.04581309006227e-05
0.341368636958272 3.83606364863262e-05
0.48628734814592 9.07947857311598e-05
0.653706049004727 0.000172708076649826
0.843624736442741 0.000285820391663139
1.05604340981121 0.000428587880375555
1.29096207046951 0.000597757105360458
1.54838071959113 0.000791182019031217
0.2040183 0.0
0.2040183 0.0
0.525045748372018 3.23303814394439e-05
0.868570286000401 0.00144693455986464
1.2345859029228 0.0043901727645227
1.62308729548765 0.00888993964350106
2.03407121711471 0.0148717082378754
2.46753688903258 0.0221903245680393
2.92348540498317 0.0306748506785704
3.40191844592394 0.0401799672693716
3.90283687181685 0.0506316680673956
0.4102037 0.0
0.4102037 0.0
1.04050808518779 0.00121176476640196
1.69316122860064 0.0153171111742
2.36793154426829 0.0421984720215873
3.06467198147553 0.0807387069827707
3.78334239413425 0.129245661359947
4.52398798952142 0.1858512159541
5.2866952236187 0.248861230841653
6.07154624544115 0.317026182445893
6.87858704623224 0.389691395045601
0.572644 0.0
0.572644 0.0
1.44659039159661 0.00585438051867898
2.3424358988036 0.0392027954078165
3.25949958517071 0.098301908159037
4.19747708218068 0.179273789246358
5.15643150799906 0.277441299604569
6.13664517941169 0.388330116646141
7.13844939228778 0.508333078838595
8.16210294365229 0.63504345399145
9.20774172187873 0.767270071586265
0.7329064 0.0
0.7329064 0.0
1.84722504568969 0.00955374169959679
2.98303273325898 0.0584479896348142
4.13937607340399 0.142022883325941
5.31606026281822 0.252505615399011
6.51346682442367 0.381732448906765
7.73218687096767 0.522820821979232
8.97273603176981 0.670932918403714
10.2354351020208 0.823307142241114
11.5204244738869 0.978771263309409
0.9356988 0.0
0.9356988 0.0
2.35416375894626 0.0153673668798435
3.79386718709795 0.0776084653483826
5.25402215723105 0.177211669277702
6.73490576322902 0.300997775973262
8.2373106402788 0.437002407689444
9.76196494510957 0.576780248990285
11.3092833387047 0.715768747599719
12.8794012895199 0.85236140551203
14.4723220201731 0.986375954362751
1.090925 0.0
1.090925 0.0
2.74224071668146 0.0153973698098933
4.41484230660256 0.0809967966459954
6.1081587359108 0.183026311562956
7.82277495782508 0.304127308748222
9.55960429521513 0.430041092994808
11.3192627712909 0.552111417756507
13.1019551561076 0.666951158610305
14.9076420776123 0.774509211947697
16.736232658347 0.875685640839101
1.302537 0.0
1.302537 0.0
3.27126582195955 0.0173759148251315
5.26144990384646 0.0841959374849803
7.27289406671294 0.181689390130286
9.30638471606675 0.288721493084153
11.3626862738671 0.390230083427652
13.4420913415737 0.479152259484721
15.5445414615922 0.554657758121581
17.6698755064358 0.618925042402133
19.81797199005 0.674120890148322
1.603209 0.0
1.603209 0.0
4.02295363837239 0.0182554060579436
6.46452327798833 0.0785291838092888
8.92801091986684 0.159363769890468
11.4140115983967 0.240166473931736
13.9228698461782 0.309405926741627
16.4545899469615 0.364223800207324
19.009050587266 0.406683943755163
21.5861487650176 0.439998619127589
24.1858286809399 0.466353482799229
1.87532 0.0
1.87532 0.0
4.70326501409283 0.014066899711945
7.55344621243553 0.0553387823129693
10.4259726339838 0.10638817492375
13.3210613183086 0.15399010968583
16.2387699286105 0.193786478951267
19.1790603558546 0.227175705518291
22.1418915023017 0.256875638384456
25.127244792484 0.28438150249404
28.1351150633496 0.310074396622499
2.077614 0.0
2.077614 0.0
5.20902428997875 0.00818993627584087
8.36284437077073 0.033420347490998
11.5391154446202 0.0642819339571548
14.7378906880708 0.0948189677882316
17.9591635408202 0.125713516844346
21.202903138989 0.160019212969415
24.4690874793242 0.199338584474441
27.7577213253359 0.242798697448402
31.0688213733912 0.288902090597152
2.256507 0.0
2.256507 0.0
5.65626391031129 0.00494046059697394
9.07849071540832 0.0201268318487652
12.5231903356357 0.0406068674293138
15.9903526670106 0.0666980042884652
19.4799312099907 0.102334305932582
22.991857639727 0.150775815563501
26.5260887394327 0.211950448700685
30.082644782653 0.282741602431399
33.6615712793387 0.36000984616306
2.488701 0.0
2.488701 0.0
6.23674768622183 0.00600704202051527
10.0072863186101 0.0158578040471334
13.8002930726639 0.0342819392761488
17.6156865587 0.0690065847133694
21.4533094941473 0.126360999255081
25.3129873661584 0.208486617155784
29.1946386636051 0.312756301744551
33.0983270259912 0.433378442195164
37.0241628301912 0.565294472931889
2.733934 0.0
2.733934 0.0
6.84983484336619 0.00113550802905148
10.9882049835418 0.017117421604955
15.1489372332026 0.0545911746540024
19.3318065075637 0.121288746101345
23.536501395809 0.222006798655198
27.7627473913 0.356987582014961
32.0104524128927 0.52179465943172
36.2797610772636 0.708769653810579
40.5708896962904 0.911206291143592
2.972667 0.0
2.972667 0.0
7.44666539514357 0.00433984481843371
11.942989630137 0.0441534395912891
16.4613361234289 0.121033148306692
21.0013235803478 0.23825383176987
25.5625228771182 0.398133622012544
30.1445869923667 0.599814782592512
34.7474290401635 0.83799686509327
39.3713113344294 1.10353297335156
44.016611309315 1.38797772013018
3.240239 0.0
3.240239 0.0
8.1155863504132 0.0104267128684129
13.0126249775694 0.100040173690921
17.9307807494417 0.247252865182916
22.8697799489711 0.442539999220902
27.8291830095942 0.685657922688523
32.8085418531076 0.976721377498145
37.8077571722131 1.31069518666674
42.827293934491 1.67663970286052
47.8678263766762 2.0635276464207
3.465485 0.0
3.465485 0.0
8.67866426217609 0.0224264837501433
13.9117063068871 0.190097038387549
19.1646609228074 0.425520591914186
24.4384055030949 0.696999943338748
29.7325951788313 1.00647951228269
35.0464958363341 1.36120929448563
40.3798531948863 1.75975250683212
45.7333162266876 2.19004015854635
51.1079063353097 2.63801789273825
3.651378 0.0
3.651378 0.0
9.14329971640188 0.039947382924086
14.6534040404489 0.261757071804812
20.1825845010801 0.557179483329605
25.7323259403046 0.887565912716491
31.3020316488254 1.25884791197042
36.8906354354847 1.68155228358696
42.4978253765721 2.15410281229136
48.1245854119682 2.66123081314893
53.7724279796269 3.18488948413354
3.849379 0.0
3.849379 0.0
9.63823081530812 0.0500875043907328
15.4432200965924 0.326543426689262
21.2664626158442 0.681792395589076
27.1101225947512 1.07042159417205
32.9731912815732 1.50386364547936
38.8541880125592 1.99619303069329
44.7527568283442 2.54525908688165
50.6703417481886 3.13165968395239
56.6091313340194 3.7321236997288
4.026596 0.0
4.026596 0.0
10.0811785382213 0.0614136719492808
16.1500871582574 0.382452603566154
22.2367147633967 0.784536193213696
28.3435766436999 1.22036445568733
34.4691808910032 1.70687744387299
40.611679231734 2.26046835706669
46.7707053704115 2.87786998562958
52.9481887145725 3.53554677806059
59.1470547214803 4.20484748917897
4.199803 0.0
4.199803 0.0
10.5141188729115 0.0700569726545251
16.841049042358 0.430772246258248
23.1852745935145 0.874217269995476
29.5494700219672 1.35333190853902
35.9316078793862 1.89050610067828
42.3294856967843 2.50378999322929
48.7427436000896 3.18848789766362
55.1738531442929 3.91667821656339
61.6266000480598 4.65372907059871
4.369092 0.0
4.369092 0.0
10.9372662366537 0.0780536482346524
17.516538426632 0.473373250807256
24.1127617397805 0.95300394629236
30.7285415851451 1.47241188003662
37.3612974085408 2.05893571944147
44.008496520699 2.73150464031895
50.6697933839519 3.48375895414186
57.3482434942798 4.28328164922875
64.0486148984094 5.08897261098405
4.504749 0.0
4.504749 0.0
11.2763550168674 0.0837176897499486
18.0574050442334 0.512983383882369
24.8548299356577 1.03085177045584
31.6713893119313 1.59207178140171
38.5042064955191 2.22559232346738
45.3506570048072 2.94957863275648
52.2105367436634 3.75605555817449
59.0873383108297 4.61003569802462
65.986468457698 5.46678793795966
4.667141 0.0
4.667141 0.0
11.6822480425018 0.0920925266976747
18.7053249170343 0.553408401447595
25.7445326995946 1.10404502073958
32.8023675687819 1.70308769245893
39.8754055492306 2.3837268487648
46.9607517658621 3.16428318571938
54.0582572486991 4.03496734000838
61.1720674145145 4.95619921685591
68.308729295811 5.87615639463676
4.840112 0.0
4.840112 0.0
12.1146058670068 0.0990374025508367
19.3955676372615 0.592549247986804
26.6923390915555 1.1773448520982
34.0070270345929 1.81774602642502
41.3356224947049 2.55081373369912
48.6749448974384 3.39460586657206
56.0249059397346 4.33729483163146
63.3904107874251 5.33423613387802
70.7793950666904 6.32541788087473
4.99491 0.0
4.99491 0.0
12.5015495362004 0.10436530447809
20.0132992773071 0.626364105802116
27.5404805477239 1.2426101786359
35.0847812669235 1.9223942889911
42.6416594268379 2.70568697569746
50.2076716683876 3.61001069870868
57.7827862150801 4.62163435315063
65.3726554897828 5.69123235479562
72.9866334185536 6.75091191523873
5.146207 0.0
5.146207 0.0
12.8797330032413 0.110156559499901
20.6171206728597 0.658737625910899
28.3695391026988 1.3050195698601
36.1381049891044 2.02448545297994
43.917659220771 2.86017126175339
51.7043937930448 3.829294443516
59.4982648557585 4.91631864946704
67.3057688945192 6.06677667882921
75.1379970965482 7.20366370485972
5.320605 0.0
5.320605 0.0
13.3156641491042 0.116472962022019
21.3127622136806 0.700665896932375
29.3241085367627 1.3895225746249
37.3502256737994 2.16410906073215
45.3852739578379 3.06959190773189
53.4250862906014 4.12206036718577
61.4696886949172 5.30359705804618
69.5266402391921 6.5540312625337
77.6091751334885 7.78614049476954
5.464529 0.0
5.464529 0.0
13.675406513761 0.122649666352227
21.8864116012233 0.741507405659612
30.1108696621443 1.47152693498419
38.3488083235377 2.29800590107384
46.5937623385736 3.26780413857129
54.8412398744293 4.3960667801243
63.0913530941183 5.66279232906854
71.3526781840608 7.00278541621024
79.640500659988 8.31967447153627
5.617821 0.0
5.617821 0.0
14.0585452644851 0.130401721706978
22.4967498893155 0.79366456468632
30.9474224010673 1.57516674627025
39.4100696337927 2.46433632878596
47.8774715928081 3.51006405043858
56.3447616854292 4.72656520626622
64.8121956570721 6.0914407251196
73.2896269944595 7.53364055085248
81.7948789289839 8.94606528125178
5.75501 0.0
5.75501 0.0
14.4014064740463 0.139081590530049
23.0415631559566 0.858006215336
31.6952815655752 1.67835657953473
40.3607950293689 2.6059140552438
49.0282679604616 3.7100342387588
57.6901069432245 5.01786001328292
66.3446242862811 6.5118142654303
75.003178059476 8.11110652590791
83.6898437446055 9.68173072711504
5.901126 0.0
5.901126 0.0
14.7665176614666 0.151672382192492
23.6230503474027 0.912927835144644
32.4912857805429 1.79190516312375
41.3680765413617 2.80300302602608
50.2420398420095 4.01752070704673
59.1044083881429 5.46121695983216
67.9532756536818 7.11286855557814
76.8022155321198 8.88268497648049
85.6805417700751 10.619896853977
6.031883 0.0
6.031883 0.0
15.0933217166603 0.158481235514911
24.1424302571205 0.968886009279748
33.2010666071124 1.91417676326179
42.2648271521713 3.01466314182275
51.3206708838845 4.34353132602093
60.3586322715887 5.92524990250198
69.3766557158628 7.7350092003037
78.3906994482913 9.67444197922503
87.4356513021729 11.5767171253596
6.159681 0.0
6.159681 0.0
15.4127268074483 0.165261850482763
24.6486881303478 1.0371255769471
33.8915600041559 2.06202540700735
43.1356328104641 3.26502283454256
52.3659630311539 4.72141773212569
61.5712897626458 6.45434922785337
70.7495016537437 8.43514212622425
79.919356910434 10.5564396813049
89.1221657502387 12.6345410805321
6.295795 0.0
6.295795 0.0
15.7527019611324 0.183778502663338
25.1816986740756 1.17727345162354
34.6189177542028 2.29935507822279
44.0553178767276 3.60422912864379
53.4688678584374 5.20504305240072
62.8403398403856 7.15009800921041
72.1613368378232 9.42121024422261
81.4536657230093 11.8958379165403
90.7771409144052 14.3406699146893
6.428519 0.0
6.428519 0.0
16.084007769162 0.210290712226207
25.7047101298584 1.28261432419676
35.3284099220775 2.51886386939024
44.9423655628712 3.98613986676462
54.5198392217395 5.80030193675356
64.0377993053219 8.00637941425252
73.486883367993 10.5780172489546
82.8949034364063 13.3760255504992
92.3371852095511 16.1374021576407
6.547285 0.0
6.547285 0.0
16.3807935744615 0.218125883948442
26.1716339472137 1.37053100909176
35.9577181529152 2.73628508213097
45.7230247622678 4.38451537137587
55.4371679979712 6.4239902913615
65.0754851037097 8.88854970720299
74.6303152764429 11.7389208421938
84.1367457031051 14.820539535665
93.6836635873757 17.8495926272628
6.663342 0.0
6.663342 0.0
16.6704481352408 0.241219937390125
26.6219148784191 1.51386551219807
36.5610926067661 3.03571718811859
46.4686591391756 4.87864792055909
56.3096859482051 7.15119142117604
66.0568079629983 9.88228678503912
75.7028158605107 13.0248685959809
85.2894784695711 16.4122304982449
94.9209878633849 19.7394503246301
6.786927 0.0
6.786927 0.0
16.9788238800065 0.266880937504494
27.1076028220863 1.61340365066133
37.2263065399538 3.18738988683697
47.3273500086748 5.00283536158151
57.3946967324896 7.10944109080081
67.44833322371 9.38474324335428
77.7677873100706 8.9095219584379
76.083469621399 -1.30543842625729
78.3286177421901 -11.4350010021962
6.897498 0.0
6.897498 0.0
17.2550090318769 0.278216857067743
27.5232258843122 1.82286064643203
37.7740201147443 3.61484119310723
47.9970947260093 5.67578988157813
58.1713859035062 8.06584488287086
68.3186679288721 10.6604631093318
78.8129503868564 10.4573946353095
77.0971474759149 0.0795307484786797
79.7210469243574 -10.1299276130933
7.015227 0.0
7.015227 0.0
17.5479873384227 0.327172824040695
27.9550365822278 2.1199688296368
38.3362273163982 4.17603108518358
48.6784913229798 6.52354516465889
58.9559442470904 9.23001059121243
69.1930464827232 12.16795044882
79.8654651716391 12.2628382534758
78.114311768631 1.71183023512125
81.1107523231095 -8.57862403204674
7.120517 0.0
7.120517 0.0
17.809623874617 0.377634438864848
28.3295911815433 2.42988139279068
38.8178210473995 4.74532792250628
49.2583843850806 7.36119043709048
59.6202941394944 10.3551475839214
69.9300925691373 13.599662285407
80.7546178582219 13.9675620357992
78.9698336009964 3.2620431661766
82.2884671801987 -7.09503962443738
7.22333 0.0
7.22333 0.0
18.0663634792044 0.388608374688256
28.6655191682572 2.81121981879349
39.218224970393 5.52070617479168
49.6869158019203 8.61880387556889
60.0060079638016 12.2519605710849
70.1400807777422 16.4324946100849
80.0990943247915 21.0680274110783
89.9845097277661 25.9098771113383
100.014642728805 30.4986919605275
7.314661 0.0
7.314661 0.0
18.2891598215856 0.523791786960908
28.984680736834 3.13429661265687
39.6305269125376 6.02752934944054
50.1629460456855 9.3846009218225
60.4830268193904 13.4089857860058
70.5867091246265 18.0040173917942
81.5608325061396 19.8115878504854
80.6311733205135 8.70593952961657
85.8289871053908 -1.17760391682807
7.421568 0.0
7.421568 0.0
18.5558124448656 0.540423217379738
29.3363021832829 3.46388601118772
40.0460845378548 6.71493279947221
50.6077956585765 10.48629377389
60.9060343803761 14.9834438960009
70.9382481374271 20.0960708352421
81.980262174391 22.4124025665681
81.2325164339106 11.132307040171
86.9261114583482 1.33986714660883
7.517138 0.0
7.517138 0.0
18.7942248273408 0.55441613294049
29.6064800652838 3.88364867205262
40.3101529327958 7.6158920115568
50.7569821117149 12.0737644162535
60.7276115764876 17.5607526535636
70.1739182149049 23.9482733622008
81.0112990259911 27.5673834235107
81.3078587703508 16.1230181781836
88.4631357253439 7.15757726227261
7.61867 0.0
7.61867 0.0
19.0389204417598 0.721278917971554
29.8711104064077 4.47913275758987
40.5564680658491 8.69782812228631
50.8805257272638 13.7875784869145
60.5344578716126 20.0972376300794
69.4408596902071 27.4596898354606
80.0857582319657 32.0134064325506
81.0468291989569 20.4527810650602
89.1260171571099 12.0968869054766
7.709161 0.0
7.709161 0.0
19.260873384629 0.790693181095911
30.098728092275 4.92949852593452
40.7293865862778 9.63061184653166
50.9266719210303 15.2564729267191
60.382656458253 22.0934228787414
69.044225360648 29.9459608115654
79.6287015149152 34.9639887608545
80.7915210505843 23.2854950518944
89.1888307165596 15.0542623327372
7.805011 0.0
7.805011 0.0
19.4947107651889 0.876534364708413
30.2933754195121 5.49543621190043
40.8385439345034 10.717874873936
50.9021726787243 16.8601762003572
60.1865388844729 24.1633323839127
68.6585615355659 32.4272568620894
79.2064225080017 37.8442049406281
80.4807598455322 26.0327335493362
89.1417758111068 17.8683780013815
7.883566 0.0
7.883566 0.0
19.6900981389132 0.894238947155762
30.4043202412244 5.98664811614931
40.8556285228128 11.6463014682214
50.8166069234664 18.1713131252579
59.99462756871 25.7934627117308
68.3649960214969 34.3261956389947
78.9049989340848 40.0110282932063
80.2032344712486 28.0836243361815
89.0368504607336 19.9315682362429
7.951092 0.0
7.951092 0.0
19.8509614324483 0.99791062411719
30.3929034278273 6.65547697851872
40.5936390362135 12.9502751167875
50.1313233999409 20.247670028469
58.6070221272971 28.7871573706693
65.9631449495992 38.3364871886772
76.0675695753642 44.9505470914517
78.1957015654451 33.0400393519245
87.876673602201 25.7455250636799
8.026035 0.0
8.026035 0.0
20.0274918399412 1.12481793717215
29.6886158713707 8.37090672630604
32.5735321044777 -3.37917113456664
42.243847380488 3.9295248838167
31.6659555858948 9.89494325358916
41.3990787385137 17.1950332159444
53.4082403188407 19.2814269990338
50.3974094848717 7.44686269832088
55.2623183119621 -3.77776102428526
8.111594 0.0
8.111594 0.0
20.2281304517537 1.26498809883894
30.3361651236028 8.10509039339788
40.1562151559247 15.3903980767077
49.3057802328227 23.5356597933063
57.350239545078 32.80379095618
64.202390175954 43.0122372856187
74.1394804341074 50.2904484862521
76.4705342788264 38.1727301406603
86.6443085416355 31.1508416216481
8.191825 0.0
8.191825 0.0
20.4006630358451 1.51711034813174
30.3089203496443 8.84772535919704
39.9237857459411 16.5950464956302
48.7490680934877 25.2632162741384
56.2648192237971 35.1168160079032
62.3353049101455 45.9467433271824
71.9959010244551 53.780656580993
74.7099736945356 41.619598726659
85.3862881942718 35.1533372497319
8.258727 0.0
8.258727 0.0
20.5656015476021 1.54191206648586
30.3495133465758 9.20157062213586
39.8957515894824 17.1905813566992
48.6850267784671 26.0372908629322
56.2071909801188 36.011976621734
62.3240274718345 46.9309654451162
72.0027424645078 54.9012972769903
74.6299666083254 42.6185399706831
85.3843739553619 36.0879602304516
8.329657 0.0
8.329657 0.0
20.7333048776686 1.62380626970034
30.4589817786873 9.52708846096728
40.0683100461938 17.6064396990442
49.0973112929401 26.3618780530209
57.1146743007358 36.0813906585164
64.0219742750675 46.6456570814572
74.0178716041215 54.3893674440924
76.08029956788 41.8914111075303
86.5421618706113 34.7124716242753
8.40901 0.0
8.40901 0.0
20.9156742776445 1.75006849909258
30.742360665074 9.71777928569747
40.6178897615846 17.6608207391021
50.140327553352 26.0579616453344
59.0168505590241 35.1666368046343
67.2239822172796 44.9122231493649
74.8719311523413 55.1306473075148
82.2243046433218 65.5912774830229
89.864063638165 75.8696571745241
8.47347 0.0
8.47347 0.0
21.0740047884689 1.77689767195806
31.1669326264572 9.56386052212466
41.406401251971 17.1948118403113
51.458978988079 25.1067636913802
61.0832963252666 33.5685598959665
70.3020874258512 42.5027951928082
81.5463321622997 48.7439355519953
81.235789928323 35.8649739604071
89.9695009853811 26.3667290536382
8.530105 0.0
8.530105 0.0
21.2199062295207 1.75187897129365
31.65306695902 9.22357594791597
42.3113125133685 16.4108477574748
52.8853038782988 23.7610021312889
63.163888433895 31.5561777599214
73.1802459786598 39.7212043016078
84.9025048515104 45.2135398387076
83.5235336752291 32.3194101832339
91.4368649858566 22.0204922687517
8.596471 0.0
8.596471 0.0
21.4106607948107 1.56750177630279
31.7543963496672 9.32953113308884
33.0628515342392 -3.55892748470789
43.413869978547 4.26822434252672
31.3100123625375 9.01048118085194
41.7257337936527 16.826529365642
54.7579641167355 17.3969156487132
48.2965296003903 6.03902192915722
47.4433633873353 -7.02039429520511
8.649828 0.0
8.649828 0.0
21.5282636884691 1.69684750184839
33.0365888008279 7.76948243082452
44.7633209296181 13.4605502214751
56.5190029718243 19.1434639447828
68.2134732695736 25.0017073047747
79.9060632428198 30.9137361589996
92.6320433258225 34.124387732813
88.4101226200215 21.673469782686
93.4963505856166 9.5283251261251
8.693659 0.0
8.693659 0.0
21.6976270061526 1.15870447854086
32.8101432175229 8.05404831797322
43.6500496440302 15.410625485031
56.1794743976457 19.3127201189615
52.6497067846885 6.64999495707272
65.2076141671248 10.6116717913825
78.0854583317465 13.4665126933185
73.3488783326995 1.13168901990382
77.8589879845892 -11.3088696028397
8.764552 0.0
8.764552 0.0
21.8735898784697 1.17764264632005
34.3948016156034 5.30629393352352
47.0152961819425 9.19774902569081
59.6546207354071 13.1044860505536
72.2849070511602 17.115322989054
84.9535512804808 21.0793155813684
97.758220278888 24.6634593756482
110.827513221281 27.2321322622066
124.157637409565 27.7130405599698
8.840601 0.0
8.840601 0.0
22.0944954613778 0.764095703665967
34.991332228162 4.00740942146336
47.9633910564538 7.03595800781681
60.9420189628404 10.1345998515238
73.8911265034057 13.4463874102791
86.8279990153829 16.8940858257041
99.8217235309597 20.2130317866285
113.000790220154 22.8146614879448
126.430144479874 23.6053972805099
8.903262 0.0
8.903262 0.0
22.2581269957015 0.633734785250826
35.468990810696 2.83129423475008
48.705884045705 5.00936946264466
61.9357875246485 7.36164168163075
75.1438219093254 9.95327191925087
88.3459612794959 12.6879450417482
101.591327119991 15.32279204464
114.964302090673 17.3609043700174
128.498768568832 17.9292516969647
8.964095 0.0
8.964095 0.0
22.4193866112705 0.396843874816279
35.8300395111883 1.79791627542208
49.2520318009784 3.30324288953047
62.6656850064364 5.06337799643451
76.0585873247327 7.12823406210514
89.4355620124125 9.43047621987917
102.826007228606 11.7865466408158
116.293755411971 13.808224768784
129.894885060912 14.8027193072244
9.022685 0.0
9.022685 0.0
22.569335834519 0.253766355887908
36.0593630408199 -1.23133453717091
29.1003066373107 10.4463843177952
42.6294933701141 8.90660266920155
56.1934363447568 7.47743432691212
69.7685351747929 9.01171768347975
82.7556792056848 13.3229470415407
93.6992927585524 21.5755962255364
96.5227936333448 35.0071844129312
9.087091 0.0
9.087091 0.0
22.7256330713088 -0.439960974714126
36.2907568318413 -2.11488567456081
29.2518774453437 9.62767387477295
42.8553911671964 7.89720367703199
56.4895719278434 6.23082284705972
70.1886647760013 7.50407660048414
83.3741170806399 11.5102955040931
94.6417208490209 19.4832298821245
97.820167927729 32.9343457715534
9.150362 0.0
9.150362 0.0
22.8873477674996 -0.312640301882696
36.5464798558636 -2.00067561508037
29.2775494023172 9.71272892325145
42.9750219936963 7.96879769850134
56.7018734753161 6.27839298337512
70.498469848832 7.52768434120679
83.7938697241996 11.4979533164202
95.1868104076072 19.457633074425
98.3665190342645 33.0057369523053
9.202396 0.0
9.202396 0.0
23.0166252869949 -0.347288558938618
36.802495302727 -1.58246912563082
28.9544016410216 9.84585815732094
42.7804421590696 8.55581544926008
56.608832039565 7.06429930972423
70.4652419134685 8.50488442487532
83.7890479576694 12.6496374995638
95.1691843550116 20.7628180770811
98.1967305302147 34.4255112902699
9.268457 0.0
9.268457 0.0
23.1843311947409 -0.224533011057366
37.0448063256347 1.26409082540494
50.9159277756392 2.8605168661419
64.8035546351943 4.50952678054065
78.7151626995589 6.14733450894522
92.6644669941456 7.65166655088176
106.665110122076 8.85995534220265
120.72294509405 9.55207324539207
134.815078121616 9.4493744306464
9.318182 0.0
9.318182 0.0
23.3037866833213 0.431932110857641
37.1759641697237 2.42606200469865
51.0753370507987 4.38883219038858
65.0058922670501 6.29063349368073
78.974305803188 8.07776419816062
92.9936709551068 9.62761004526965
107.074851396537 10.7678730980583
121.21564918606 11.2552318110706
135.373986941921 10.7723569589713
9.366718 0.0
9.366718 0.0
23.4250219822576 0.43644032623964
36.7172031041533 5.10310366956238
31.3036947931437 -7.92717647804325
44.6210311529077 -3.19660727755282
57.9425004228685 1.58927418676073
71.9792780156302 3.58240349353415
86.163363689399 2.9086821547028
99.4614377609368 -2.13318181611581
105.664678865379 -14.9498601887688
9.424745 0.0
9.424745 0.0
23.5349863667709 1.08789627505282
36.903855246028 5.79885436941507
31.2860942650489 -7.23950852176085
44.6799375488274 -2.46431387077696
58.089073644164 2.33495483244502
72.2188128616167 4.29193773975318
86.4862108020015 3.54154950227156
99.8311170663618 -1.62056506728827
105.908666942004 -14.5928289326704
9.472321 0.0
9.472321 0.0
23.6651710655386 0.932969987717999
37.1264171802862 5.59589202683307
31.2585079236262 -7.4101529248078
44.7449844677256 -2.6828807010215
58.3373621076351 1.80298853138152
72.5813610178652 3.42436468923265
86.904470559519 2.41712882748804
100.268167194165 -2.89190323623002
106.236972065444 -15.9924713894869
9.51685 0.0
9.51685 0.0
23.7749524922169 0.958369916610645
37.5385684749162 4.88499738656042
30.7883122977846 -7.76151007128862
44.5806249718233 -3.7717965388107
58.3616605296844 0.336167440338351
72.7100562576259 1.58655448708823
87.071342961924 0.229350353500451
100.375504718411 -5.4002383823884
106.040598146523 -18.7070894163832
9.564497 0.0
9.564497 0.0
23.906197388012 0.75852738069668
38.007501413551 3.59749610013913
30.0976908195754 -8.44365053471132
44.2325426681585 -5.54380761878889
58.2349149428401 -1.96798341960047
72.6897356569487 -1.21835621288851
87.0715772094614 -3.03996640388071
100.271331762596 -9.08334374086585
105.556604235071 -22.6217801403734
9.610963 0.0
9.610963 0.0
24.0327686602038 0.52736311578899
38.407330187066 2.04013954538743
29.2326010552589 -9.15770804834132
43.6462382459717 -7.58721304108683
57.8776447699221 -4.69940786374966
72.4188014125636 -4.41465332881697
86.614928666785 -7.67828265693598
75.2434520687821 -16.8143538578359
74.2839907468327 -31.3856020319472
9.656484 0.0
9.656484 0.0
24.1540857971508 0.24818583022962
38.4947181750871 -2.04120513734315
29.7606670146466 9.58916049554931
44.1371953924614 7.23979778275351
58.3817546572386 4.08501789613045
72.9933047947888 4.22555716101421
87.2035018109836 7.72491508695553
99.3207448849231 15.9674716989048
102.148492133984 30.3628967903479
9.697182 0.0
9.697182 0.0
24.2439004281075 -0.639604042268525
38.5524381267936 -3.45697876428834
30.0898708041911 8.44737166951864
44.4320724178277 5.5685483238244
58.7204211289265 2.32999299260387
73.392034029332 2.55070879477297
87.6081970634429 6.27447740908548
99.5885515048222 14.8199604334603
101.996659693009 29.3529473196527
9.741553 0.0
9.741553 0.0
24.3584863821286 -0.551386256616229
38.62107186739 -3.89745255320619
30.4233061930233 8.27110902644354
44.7172643668564 4.86218342176367
59.1020331279587 1.75120040556267
73.8384919907349 2.06640495349396
87.8183496979988 6.80876204559808
74.4765474974575 13.1733263687159
68.4262596457644 26.6771816861888
9.78903 0.0
9.78903 0.0
24.4704276747782 -0.709779847587449
38.9178903149179 -3.53466730734891
30.091509028264 8.27495218536413
44.5726186933827 5.38816368802458
59.2334717488195 3.4489754738688
73.9003861343812 5.51020724904509
87.4823444160366 11.4738023509737
97.8261753671791 22.1330264073808
97.2898616630337 36.9912948294564
9.82782 0.0
9.82782 0.0
24.5748516436849 -0.534918678919518
39.2461628385102 -2.31768821647672
29.4471557244608 8.77603390843664
44.156463739133 6.93373837242586
59.0006673521107 6.65985734816489
73.280585524049 10.8044849343435
85.6418924165664 19.1088039513802
93.8271894261357 31.5723673382525
90.8217605337186 46.1923507643831
9.865832 0.0
9.865832 0.0
24.669768720839 -0.53906156689123
39.4330392140512 0.930665982117934
53.8896135691755 4.36430109019046
67.6003629431407 10.1493588825964
80.0830377308167 18.2921185265239
91.0690199177975 28.3966261729838
100.640898394951 39.8789695410187
109.152507879649 52.1911142601518
117.205276257597 64.825236550683
9.896107 0.0
9.896107 0.0
24.746713529557 0.504119498768325
39.277303099613 3.71749560349398
53.183762785348 9.07887408593174
66.0035419506414 16.7246870482717
77.4229491127908 26.3722017409809
87.5311017476037 37.4164703211636
98.5520508679329 47.5832559300788
96.53965642318 32.7055996793838
107.81621377689 22.7726295882226
9.946936 0.0
9.946936 0.0
24.8665004745731 0.687668911812257
13.8904615267883 -9.47429256698778
28.8523409772546 -8.72953265512714
38.6555023641346 2.62763051514055
49.8537044690847 12.6457658210089
60.4252741419382 23.3547027186966
71.5541526138019 33.5166484338641
69.2694469639676 18.6014935626893
80.8212037354738 8.87202115435957
9.975105 0.0
9.975105 0.0
22.2469033748167 -8.58680317901558
18.299132916098 5.88454207416325
31.6391528718472 12.7928056733445
43.8416536307367 21.5936999147824
52.809045979118 33.7023818015087
64.5066057135132 43.2354793919013
61.3349873508433 28.4596915961479
57.8770908811424 13.7292432316454
71.0106230734745 6.18773592156777
9.957687 0.0
9.957687 0.0
22.2172098205019 8.55875951911388
7.37492953602131 10.5407548214526
20.0666058081097 18.529326687263
15.3683797673865 4.26405594850428
30.3919579321858 3.52938667934005
18.2611185580649 -5.40189268126246
22.0859270768486 9.19123617210485
28.2433961528174 -4.60083008879201
39.5943704536936 -14.5862935603215
9.94626 0.0
9.94626 0.0
22.2906154796773 8.40552749465848
23.3247665241561 23.3266229670422
27.0474265475437 37.8360656557106
30.7590595592727 52.3715561523683
33.8900231621885 67.0660912527413
36.5621845158424 81.8738072280551
38.9103155080942 96.7590697140857
41.0286557682837 111.697615800025
43.0557828331122 126.662911302621
9.932738 0.0
9.932738 0.0
24.4704786196898 3.32936709932554
11.2162206642852 10.2160843674166
7.81928214168661 24.7843955572661
0.420580305897471 11.7572024801957
14.3513606924133 6.1843589765278
18.3258011508505 20.6758302961498
6.0530171923138 11.9663874201044
21.0886389695783 10.9863698423947
17.5460609041674 -3.67316038457597
9.757016 0.0
9.757016 0.0
21.8718243572874 8.2382808850375
20.0763290380985 22.8010357710418
23.3785959069445 37.1207235879773
27.1109678596651 51.3576344218134
30.2252830510593 65.7654131787611
32.8312460900334 80.2966152727501
35.091469762943 94.9083608543177
37.1129222671144 109.57489283388
39.0378719789125 124.269533709266
9.54552 0.0
9.54552 0.0
23.368953650015 3.78887815613455
10.9952142969575 11.067545193262
14.7547823713779 24.9456064290738
21.3099811568206 37.7679242191944
26.501777739005 51.2243819341012
30.2985640547711 65.1622789602867
33.3452132884385 79.3061488212225
35.9636928492106 93.5566055425451
38.4255590025243 107.851336245794
2.017232 0.0
2.017232 0.0
5.03493199349571 0.374490732008144
7.527407584349 2.15540802359687
8.8690348415471 4.9343456235831
9.02168066970919 8.03894326972559
8.93963662853886 11.1687161017425
9.49921178712007 14.2720174499963
11.1692390979786 16.9733170092154
13.8142789434535 18.771425502885
16.9646466426984 19.441533859981
0.5505091 0.0
0.5505091 0.0
1.39079552762304 0.0283237482307497
2.24145499651415 0.175301970375751
3.08440992338973 0.447339165834323
3.89950040788001 0.848051483124439
4.66885380365875 1.37189910050946
5.39467873095386 1.98987140043864
6.09215847694555 2.67224718198726
6.77778562976796 3.39781297872699
7.46134708571653 4.15590411363231
0.3566692 0.0
0.3566692 0.0
0.906541949520331 0.0120058048206401
1.47547715817446 0.0758284467689247
2.05798934724176 0.197109410390026
2.64745402319254 0.381072286135232
3.23887070553202 0.625676401011127
3.8314412137009 0.921938918636216
4.42751044411105 1.25947659122491
5.03028551833138 1.62991395318206
5.64181882395485 2.02857742873942
0.007299773 0.0
0.007299773 0.0
0.033249429909943 1.15940583195097e-05
0.0816990746996368 4.96358883961211e-05
0.152648663679886 0.000149987412938687
0.246098082042794 0.00036257665753086
0.362047138514502 0.000736808811670587
0.500495644525077 0.00130223767561385
0.661443544889184 0.0020550290232002
0.844890964170212 0.00296194996980171
1.05083807830824 0.00398623722684656
0.08079166 0.0
0.08079166 0.0
0.216977484945893 0.000673436193476029
0.375638297349586 0.00358310304334269
0.556727617611932 0.00954672460792395
0.760185438046357 0.0192167381010395
0.985953613692828 0.0329830703625918
1.23399185560165 0.0509413217069531
1.50428478993337 0.0729500725311458
1.79683421920678 0.0987797867397423
2.11163896366975 0.128317945603923
0.01758219 0.0
0.01758219 0.0
0.0589554663258979 2.67908962526545e-05
0.12282868098919 0.000121732763804291
0.209201640124508 0.000359155343596617
0.318073915207049 0.000828252034008041
0.449444878683223 0.00160940691355729
0.60331394875515 0.00274846669843475
0.779680904175231 0.00424284694346002
0.978545957161216 0.00605249104745485
1.19990942067117 0.00813794731103987
0.0126672 0.0
0.0126672 0.0
0.0466679998426937 3.27063925070249e-06
0.103168788051172 4.01195085223148e-05
0.18216949232634 0.000163390052565791
0.283669914793327 0.000440475588049826
0.407669731973326 0.00093440133202674
0.554168628483141 0.00168142931311536
0.723166495223758 0.0026773674084533
0.914663489584527 0.00388490726387712
1.12865983954008 0.00526525982089619
0.02078004 0.0
0.02078004 0.0
0.0669500996260989 5.87588929650677e-06
0.135620111421 8.74316134968536e-05
0.226789835130278 0.000335224001384208
0.340458710865427 0.000854244843573499
0.476625910728836 0.00173694880763399
0.635290658774683 0.00303541868295872
0.816452628973428 0.00474763414795112
1.0201120325745 0.00683121388549849
1.24626920182905 0.00924609392850176
0.009490154 0.0
0.009490154 0.0
0.0387253849025901 2.38654579667426e-06
0.0904606098984655 2.7773302326587e-05
0.164695787272151 0.000117375757098638
0.261430793416825 0.000326261191286893
0.380665416601054 0.000707259687725222
0.52239944777904 0.00129072410386764
0.686632825621063 0.00207120236974191
0.873365684117133 0.00301281833376739
1.08259820989797 0.00407714758881389
0.003891844 0.0
0.003891844 0.0
0.0247296099956659 4.2500045323807e-07
0.0680673750371842 1.05513478302222e-05
0.133905126298953 5.52704783690819e-05
0.222242816609188 0.000171423493169729
0.333080355680856 0.000396153205229916
0.466417652389557 0.000750338899410373
0.62225469308584 0.00122623635918194
0.800591569294456 0.00179008543484852
1.00142839830195 0.00240415852800665
0.008450034 0.0
0.008450034 0.0
0.0361250849854825 8.96406095877194e-07
0.0863001322910685 2.07274888597803e-05
0.158975143863266 9.68596830898828e-05
0.254150019324599 0.000280004384672136
0.371824582674562 0.000619090748250828
0.511998659986513 0.00114185949021369
0.674672206432317 0.00184181841570406
0.859845347981863 0.00268309288931034
1.0675182554826 0.00362704321655885
0.0123324 0.0
0.0123324 0.0
0.0458309999385756 2.02861118350355e-06
0.101829590397382 3.51003460413531e-05
0.180328106988092 0.000149841472459566
0.281326370016832 0.000410998879596137
0.404824084134363 0.00087900686632127
0.550820963364757 0.00158807990578811
0.719316916406888 0.00253278301221377
0.910312101322909 0.00367521040488224
1.1238067404061 0.00497599852697132
0.005966316 0.0
0.005966316 0.0
0.029915789985031 8.46757811842933e-07
0.0763652620023339 1.51664671147865e-05
0.145314712326132 7.28453532509092e-05
0.23676407456423 0.000216247975760045
0.35071322756267 0.000487099297222585
0.487162051213591 0.000908745307114223
0.646110523053732 0.00147355716218091
0.827558750609369 0.00214653659446843
1.03150687389263 0.00288929155915301
0.005152642 0.0
0.005152642 0.0
0.0278816049945034 4.99865377051797e-07
0.0731105665917009 1.26328770734764e-05
0.140839510562724 6.39988209987491e-05
0.231068380112217 0.000194326953463356
0.343797069737735 0.000442997016829151
0.479025474757482 0.000831858602498426
0.63675357876145 0.00135282016938869
0.816981482846722 0.00197109096437139
1.01970931647587 0.00264831879904748
0.006657074 0.0
0.006657074 0.0
0.031642684990883 6.74971446925768e-07
0.0791282937774489 1.58914588997537e-05
0.149113878387203 7.71836760712979e-05
0.241599366043558 0.000228641906103852
0.356584625549176 0.000513317076589854
0.494069527760177 0.000955136723538018
0.654054047933941 0.00154629023407393
0.836538299003677 0.00225120606859375
1.04152242796733 0.00303115773011512
0.005965279 0.0
0.005965279 0.0
0.0299131974917566 6.28349775635019e-07
0.0763611141848134 1.43659017138964e-05
0.145309010107472 7.07152617219322e-05
0.236756820998927 0.000211443124355249
0.350704429692299 0.000477541160491734
0.48715172099682 0.000891624290381282
0.646098675909918 0.00144547192482792
0.827545402120463 0.00210368539606086
1.03149203776907 0.00282756309034226
0.007196368 0.0
0.007196368 0.0
0.0329909199881324 7.82456416064564e-07
0.081285469424773 1.71923567801486e-05
0.152079992186533 8.20260164681283e-05
0.245374409999953 0.000240655808743838
0.361168583511559 0.000537070350558324
0.499462376670512 0.000995542737745511
0.660255763506906 0.00160802571610049
0.843548861776155 0.00233843317142263
1.04934182426475 0.00314772946157286
0.004837164 0.0
0.004837164 0.0
0.0270929099947434 4.83714713218481e-07
0.0718486547673355 1.18841463762838e-05
0.139104383608474 6.05511093445793e-05
0.22886004457294 0.000184590444132821
0.341115541035096 0.000421709891629497
0.475870778297245 0.000792402267376019
0.633125745450193 0.00128775976666753
0.812880541488422 0.00187264050213461
1.01513529013205 0.00250838091518418
0.006849018 0.0
0.006849018 0.0
0.0321225449908869 6.78703700771049e-07
0.0798960697353124 1.60725880823588e-05
0.15016957011579 7.77525255167029e-05
0.242942973464785 0.000229634182171061
0.358216149781915 0.000514337149303553
0.495988972683617 0.000955155577574381
0.656261420837183 0.00154358680999306
0.839033609401585 0.00224346756640494
1.04430568583619 0.00301564553225902
0.00534965 0.0
0.00534965 0.0
0.028374124994935 4.82948878604462e-07
0.0738985985891723 1.26665935523278e-05
0.141923054658571 6.40143097651857e-05
0.232447437279472 0.000193810587643389
0.345471643592849 0.000440669288001339
0.480995573423907 0.000825469620382563
0.639019214860928 0.00133915375304855
0.819542670927437 0.0019461549431462
1.02256607038269 0.00260755510100458
0.007088144 0.0
0.007088144 0.0
0.0327203599896345 7.28960398200212e-07
0.080852573593054 1.66136922367934e-05
0.151484761879307 7.96883144049261e-05
0.244616850228932 0.000234291563105314
0.360248705995296 0.000523284194604567
0.498380200968223 0.00096994244199209
0.659011314186982 0.00156552247094121
0.842142163089043 0.00227354244320488
1.04777289735374 0.0030546440258513
0.007459947 0.0
0.007459947 0.0
0.0336498674858487 8.60955077383041e-07
0.0823397852960873 1.77072680977314e-05
0.153529675851128 8.34910083024367e-05
0.247219460384004 0.000243502529498759
0.363409000078387 0.000541328063446886
0.502098161395753 0.00100055851579708
0.663286922229004 0.00161234747933299
0.846975403464072 0.00233989912725821
1.05316375909671 0.00314367531088448
0.005491071 0.0
0.005491071 0.0
0.0287276774931974 5.62264070330483e-07
0.0744642825195172 1.3026030037749e-05
0.142700869738227 6.49169685276949e-05
0.233437383012314 0.000195455186062949
0.346673719785316 0.000443021760261694
0.482409781128069 0.000828119009006359
0.640645556955921 0.00134125714100422
0.821381151644811 0.0019464916985695
1.02461669428774 0.00260463798770034
0.00663024 0.0
0.00663024 0.0
0.0315755999912168 6.61968246782293e-07
0.0790209579390379 1.5360383914831e-05
0.148966293364553 7.452597090824e-05
0.241411538662504 0.000220580282286574
0.356356573005237 0.000494572777550551
0.493801280431182 0.000918476727689246
0.653745645763278 0.00148293628414959
0.836189782869805 0.00215136251591062
1.04113383426946 0.0028842443731369
0.006529626 0.0
0.006529626 0.0
0.0313240649904397 6.8853636826698e-07
0.0786185019933584 1.51849001744353e-05
0.148412917072971 7.35090702858759e-05
0.24070724431979 0.000217567075931748
0.355501365926301 0.000487892903061021
0.492795169239721 0.000906055735788572
0.652588640846541 0.00146247042527369
0.834881893902133 0.00212046199331427
1.03967506910961 0.00284043950354516
0.006601011 0.0
0.006601011 0.0
0.0315025274903818 6.92110024650577e-07
0.0789040419709311 1.52777534281471e-05
0.148805534386914 7.38422772876333e-05
0.241206938625469 0.00021830927784154
0.356108136803765 0.000489155216255966
0.493509016590547 0.000907818150112139
0.653409565268705 0.00146454236643291
0.83580989666457 0.00212249425148839
1.04071015178272 0.00284197375069333
