0 0
1 0.0230727030245519
2 0.218949919689097
3 0.868570286000401
4 1.69316122860064
5 2.3424358988036
6 2.98303273325898
7 3.79386718709795
8 4.41484230660256
9 5.26144990384646
10 6.46452327798833
11 7.55344621243553
12 8.36284437077073
13 9.07849071540832
14 10.0072863186101
15 10.9882049835418
16 11.942989630137
17 13.0126249775694
18 13.9117063068871
19 14.6534040404489
20 15.4432200965924
21 16.1500871582574
22 16.841049042358
23 17.516538426632
24 18.0574050442334
25 18.7053249170343
26 19.3955676372615
27 20.0132992773071
28 20.6171206728597
29 21.3127622136806
30 21.8864116012233
31 22.4967498893155
32 23.0415631559566
33 23.6230503474027
34 24.1424302571205
35 24.6486881303478
36 25.1816986740756
37 25.7047101298584
38 26.1716339472137
39 26.6219148784191
40 27.1076028220863
41 27.5232258843122
42 27.9550365822278
43 28.3295911815433
44 28.6655191682572
45 28.984680736834
46 29.3363021832829
47 29.6064800652838
48 29.8711104064077
49 30.098728092275
50 30.2933754195121
51 30.4043202412244
52 30.3929034278273
53 29.6886158713707
54 30.3361651236028
55 30.3089203496443
56 30.3495133465758
57 30.4589817786873
58 30.742360665074
59 31.1669326264572
60 31.65306695902
61 31.7543963496672
62 33.0365888008279
63 32.8101432175229
64 34.3948016156034
65 34.991332228162
66 35.468990810696
67 35.8300395111883
68 36.0593630408199
69 36.2907568318413
70 36.5464798558636
71 36.802495302727
72 37.0448063256347
73 37.1759641697237
74 36.7172031041533
75 36.903855246028
76 37.1264171802862
77 37.5385684749162
78 38.007501413551
79 38.407330187066
80 38.4947181750871
81 38.5524381267936
82 38.62107186739
83 38.9178903149179
84 39.2461628385102
85 39.4330392140512
86 39.277303099613
87 13.8904615267883
88 18.299132916098
89 7.37492953602131
90 23.3247665241561
91 11.2162206642852
92 20.0763290380985
93 10.9952142969575
94 7.527407584349
95 2.24145499651415
96 1.47547715817446
97 0.0816990746996368
98 0.375638297349586
99 0.12282868098919
100 0.103168788051172
101 0.135620111421
102 0.0904606098984655
103 0.0680673750371842
104 0.0863001322910685
105 0.101829590397382
106 0.0763652620023339
107 0.0731105665917009
108 0.0791282937774489
109 0.0763611141848134
110 0.081285469424773
111 0.0718486547673355
112 0.0798960697353124
113 0.0738985985891723
114 0.080852573593054
115 0.0823397852960873
116 0.0744642825195172
117 0.0790209579390379
118 0.0786185019933584
119 0.0789040419709311
