0 0
1 4.63761930632553e-10
2 1.04581309006227e-05
3 0.00144693455986464
4 0.0153171111742
5 0.0392027954078165
6 0.0584479896348142
7 0.0776084653483826
8 0.0809967966459954
9 0.0841959374849803
10 0.0785291838092888
11 0.0553387823129693
12 0.033420347490998
13 0.0201268318487652
14 0.0158578040471334
15 0.017117421604955
16 0.0441534395912891
17 0.100040173690921
18 0.190097038387549
19 0.261757071804812
20 0.326543426689262
21 0.382452603566154
22 0.430772246258248
23 0.473373250807256
24 0.512983383882369
25 0.553408401447595
26 0.592549247986804
27 0.626364105802116
28 0.658737625910899
29 0.700665896932375
30 0.741507405659612
31 0.79366456468632
32 0.858006215336
33 0.912927835144644
34 0.968886009279748
35 1.0371255769471
36 1.17727345162354
37 1.28261432419676
38 1.37053100909176
39 1.51386551219807
40 1.61340365066133
41 1.82286064643203
42 2.1199688296368
43 2.42988139279068
44 2.81121981879349
45 3.13429661265687
46 3.46388601118772
47 3.88364867205262
48 4.47913275758987
49 4.92949852593452
50 5.49543621190043
51 5.98664811614931
52 6.65547697851872
53 8.37090672630604
54 8.10509039339788
55 8.84772535919704
56 9.20157062213586
57 9.52708846096728
58 9.71777928569747
59 9.56386052212466
60 9.22357594791597
61 9.32953113308884
62 7.76948243082452
63 8.05404831797322
64 5.30629393352352
65 4.00740942146336
66 2.83129423475008
67 1.79791627542208
68 -1.23133453717091
69 -2.11488567456081
70 -2.00067561508037
71 -1.58246912563082
72 1.26409082540494
73 2.42606200469865
74 5.10310366956238
75 5.79885436941507
76 5.59589202683307
77 4.88499738656042
78 3.59749610013913
79 2.04013954538743
80 -2.04120513734315
81 -3.45697876428834
82 -3.89745255320619
83 -3.53466730734891
84 -2.31768821647672
85 0.930665982117934
86 3.71749560349398
87 -9.47429256698778
88 5.88454207416325
89 10.5407548214526
90 23.3266229670422
91 10.2160843674166
92 22.8010357710418
93 11.067545193262
94 2.15540802359687
95 0.175301970375751
96 0.0758284467689247
97 4.96358883961211e-05
98 0.00358310304334269
99 0.000121732763804291
100 4.01195085223148e-05
101 8.74316134968536e-05
102 2.7773302326587e-05
103 1.05513478302222e-05
104 2.07274888597803e-05
105 3.51003460413531e-05
106 1.51664671147865e-05
107 1.26328770734764e-05
108 1.58914588997537e-05
109 1.43659017138964e-05
110 1.71923567801486e-05
111 1.18841463762838e-05
112 1.60725880823588e-05
113 1.26665935523278e-05
114 1.66136922367934e-05
115 1.77072680977314e-05
116 1.3026030037749e-05
117 1.5360383914831e-05
118 1.51849001744353e-05
119 1.52777534281471e-05
