0 0
1 -0.00021787576261112
2 -0.00302060073109967
3 -0.0286788558695328
4 -0.0715811795020997
5 -0.0800068070075052
6 -0.0708470307187107
7 -0.0523001345473274
8 -0.0414623775696455
9 -0.028795018702663
10 -0.016230886553989
11 -0.00770315416438934
12 -0.00394072678588274
13 -0.00201180423269946
14 -0.000617491849582774
15 -0.00199676058757947
16 -0.00403885378826903
17 -0.00759601386318466
18 -0.0121897103398239
19 -0.0137540078468822
20 -0.0154142332784204
21 -0.0161648681771621
22 -0.0166429735070087
23 -0.0167929431823476
24 -0.0172110758796423
25 -0.0171386454918269
26 -0.0170313375258251
27 -0.0169359735037071
28 -0.0167534988325352
29 -0.0167257459849758
30 -0.0168265512554677
31 -0.0171019154596661
32 -0.0177388393437451
33 -0.0177409703235412
34 -0.0181646077118658
35 -0.0188857470305617
36 -0.0207281331915097
37 -0.0211736792379266
38 -0.0221320944998663
39 -0.0236039116532868
40 -0.0238246243674574
41 -0.0270861768618953
42 -0.030348125171331
43 -0.0337154818907469
44 -0.0398973822603823
45 -0.0399881113175394
46 -0.044472741290456
47 -0.0506600789343412
48 -0.0542464810185221
49 -0.0586778256003539
50 -0.0643874968748827
51 -0.07124825464807
52 -0.0784738793199541
53 -0.104583959210302
54 -0.0923496997324913
55 -0.0956288035224779
56 -0.0997025307466545
57 -0.10117003618855
58 -0.098412947048509
59 -0.0931202463422882
60 -0.0866439694622157
61 -0.0926769232867185
62 -0.0625521968276641
63 -0.0818900734989625
64 -0.0398598673548354
65 -0.0325902089381643
66 -0.0201274196921415
67 -0.0127030858756471
68 0.021715237699691
69 0.0152171842452611
70 0.0167134233690865
71 0.0106516891753667
72 -0.0202749053605138
73 -0.018328070603898
74 -0.0499596183298485
75 -0.0424044155600243
76 -0.0431538299712992
77 -0.033806322818848
78 -0.0232714639031322
79 -0.0108470877934349
80 0.027727763966287
81 0.0236842444004892
82 0.0301976141625246
83 0.0225750942111011
84 0.013148968079673
85 -0.0209822538243994
86 -0.0283348249203057
87 0.374531566539359
88 -0.374531566539359
89 -0.36778516255396
90 -0.138696056958216
91 -0.374531566539359
92 -0.171495160064711
93 -0.374531566539359
94 -0.374531566539359
95 -0.374531566539359
96 -0.374531566539359
97 -0.0298862494651146
98 -0.225365889706206
99 -0.0464683090911593
100 -0.0374766365288555
101 -0.0526361050848789
102 -0.0320683621017884
103 -0.0234558826332672
104 -0.030048192793807
105 -0.0362619380740286
106 -0.0261178520518507
107 -0.0248316698443492
108 -0.0269151513994215
109 -0.0257936497306017
110 -0.0274947794734686
111 -0.0239927444650554
112 -0.0267846500365708
113 -0.0245515706527406
114 -0.0269652376926177
115 -0.0274003970967446
116 -0.0244913075729925
117 -0.0260242397280387
118 -0.0257651545689825
119 -0.0257617671998147
