0 0
1 1.71730104425743
2 1.71018799336386
3 1.71317156900374
4 1.72656516266077
5 1.70614896709733
6 1.60607656548509
7 1.39758402042986
8 1.21147117098011
9 0.976400016195457
10 0.71727561188571
11 0.471151717996767
12 0.355676680575836
13 0.316775635283399
14 0.330128212291024
15 0.40608515920727
16 0.539331883716968
17 0.737887657246236
18 0.950703921989145
19 1.0882888997187
20 1.19197313251403
21 1.25529977074126
22 1.29321668915433
23 1.31116330683073
24 1.34780726212015
25 1.35266842641559
26 1.3488110474543
27 1.34184959271427
28 1.32852896558375
29 1.32362764124377
30 1.32857464961544
31 1.34655591947649
32 1.37658120457876
33 1.38050802763257
34 1.39459219840614
35 1.42561140767323
36 1.55066372415333
37 1.58888515979166
38 1.61063140948519
39 1.70354828674919
40 1.86083217269223
41 2.05600546369354
42 2.34856842874747
43 2.6771120185439
44 3.03513727744238
45 3.22043011482375
46 3.50217698658864
47 3.70052679465922
48 4.10827083263192
49 4.45281307277603
50 4.98866519572974
51 5.57171845570794
52 6.0649684269039
53 6.80713478528031
54 7.86359198138121
55 8.53085555668639
56 8.99762412661242
57 9.6449990441261
58 10.1693443374518
59 10.2190878269263
60 9.98352585107481
61 9.28697522291807
62 8.44816269469415
63 7.03168298285321
64 5.73421457378018
65 4.40171711668539
66 2.94418446857317
67 1.71248633053146
68 0.577147484005777
69 -0.42739820973432
70 -0.595326563658788
71 -0.274742199543805
72 0.834913964015082
73 2.03175425151232
74 3.32851657454812
75 4.26789253487405
76 4.63872354326281
77 4.10326374586624
78 2.91754709384076
79 1.42434611830119
80 -0.53838871351084
81 -2.31851354575318
82 -3.56797417212641
83 -4.3500560722336
84 -4.22534205440031
85 -3.66886892812358
86 -2.10939475017805
87 -0.00576815144748366
88 3.59843143718126
89 19.6160766458658
90 48.2077869942768
91 105.882694549416
92 63.8448312489402
93 62.8710137023807
94 37.4840897615911
95 17.9580253614288
96 11.1467767709047
97 10.3208221613805
98 10.6740046986157
99 10.9568503374177
100 11.0055174129266
101 10.9878335308472
102 11.0374933387465
103 11.1445086572691
104 11.2402024644821
105 11.2821372006961
106 11.3360863115912
107 11.4040832413711
108 11.4657494225054
109 11.5312218747614
110 11.593697764098
111 11.6547872556857
112 11.7112718978353
113 11.760316507683
114 11.8148054527889
115 11.882412540438
116 11.9312270293058
117 11.9867493743919
118 12.0601166327697
119 12.128361636996
