0 0
2.5 0.734772289394785
5.0 0.742015044926404
7.5 0.765957318593932
10.0 0.806504473709734
12.5 0.86356187358617
15.0 0.937034881535603
17.5 1.0268288608704
20.0 1.13284917490291
22.5 1.25500118694551
25.0 1.39319026031055
27.5 1.54732175831041
30.0 1.71730104425743
32.5 1.90303348146399
35.0 2.10442443324244
37.5 2.32137926290515
40.0 2.55380333376448
42.5 2.80160200913279
45.0 3.06468065232245
47.5 3.34294462664581
50.0 3.63629929541524
52.5 3.9446500219431
55.0 4.26790216954176
57.5 4.60596110152357
60.0 4.9587321812009
2.5 0.73415680414791
5.0 0.740811575849825
7.5 0.764165507785844
10.0 0.804123902305175
12.5 0.860592061757024
15.0 0.933475288490597
17.5 1.0226788848551
20.0 1.12810815319975
22.5 1.24966839587374
25.0 1.38726491522628
27.5 1.54080301360659
30.0 1.71018799336386
32.5 1.89532515684731
35.0 2.09611980640613
37.5 2.31247724438955
40.0 2.54430277314676
42.5 2.79150169502697
45.0 3.05397931237939
47.5 3.33164092755322
50.0 3.62439184289768
52.5 3.93213736076197
55.0 4.2547827834953
57.5 4.59223341344687
60.0 4.94439455296589
2.5 0.733872139723389
5.0 0.740840851846211
7.5 0.764505433893576
10.0 0.804771163138693
12.5 0.86154331685477
15.0 0.934727172315016
17.5 1.02422800679264
20.0 1.12995109756085
22.5 1.25180172189286
25.0 1.38968515706187
27.5 1.54350668034109
30.0 1.71317156900374
32.5 1.89858510032301
35.0 2.09965255157213
37.5 2.31627920002429
40.0 2.54837032295272
42.5 2.7958311976306
45.0 3.05856710133117
47.5 3.33648331132761
50.0 3.62948510489315
52.5 3.93747775930099
55.0 4.26036655182434
57.5 4.5980567597364
60.0 4.9504536603104
2.5 0.733183160221908
5.0 0.741481520103125
7.5 0.766465978516715
10.0 0.808041775610951
12.5 0.866114151534105
15.0 0.940588346434449
17.5 1.03136960046026
20.0 1.1383631537598
22.5 1.26147424648135
25.0 1.40060811877318
27.5 1.55567001078356
30.0 1.72656516266077
32.5 1.91319881455308
35.0 2.11547620660876
37.5 2.33330257897608
40.0 2.56658317180332
42.5 2.81522322523874
45.0 3.07912797943063
47.5 3.35820267452725
50.0 3.65235255067687
52.5 3.96148284802778
55.0 4.28549880672823
57.5 4.62430566692651
60.0 4.97780866877088
2.5 0.72763139358817
5.0 0.734647849769458
7.5 0.758337521252175
10.0 0.798605315393512
12.5 0.855356139550658
15.0 0.928494901080805
17.5 1.01792650734114
20.0 1.12355586568886
22.5 1.24528788348115
25.0 1.38302746807519
27.5 1.53667952682819
30.0 1.70614896709733
32.5 1.8913406962398
35.0 2.09215962161279
37.5 2.30851065057349
40.0 2.54029869047909
42.5 2.78742864868678
45.0 3.04980543255375
47.5 3.32733394943719
50.0 3.61991910669429
52.5 3.92746581168225
55.0 4.24987897175824
57.5 4.58706349427947
60.0 4.93892428660312
2.5 0.710380762960495
5.0 0.709974454919305
7.5 0.726223074937714
10.0 0.759030526941173
12.5 0.808300714855137
15.0 0.87393754260506
17.5 0.955844914116393
20.0 1.05392673331459
22.5 1.16808690412511
25.0 1.29822933047339
27.5 1.4442579162849
30.0 1.60607656548509
32.5 1.78358918199941
35.0 1.97669966975332
37.5 2.18531193267226
40.0 2.40932987468169
42.5 2.64865739970707
45.0 2.90319841167384
47.5 3.17285681450746
50.0 3.45753651213339
52.5 3.75714140847707
55.0 4.07157540746397
57.5 4.40074241301953
60.0 4.7445463290692
2.5 0.673789719158841
5.0 0.657931542699176
7.5 0.658699109703719
10.0 0.675994349577294
12.5 0.709719191724724
15.0 0.759775565550832
17.5 0.826065400460443
20.0 0.908490625858381
22.5 1.00695317114947
25.0 1.12135496573853
27.5 1.25159793903039
30.0 1.39758402042986
32.5 1.55921513934179
35.0 1.73639322517098
37.5 1.92902020732226
40.0 2.13699801520046
42.5 2.36022857821039
45.0 2.59861382575689
47.5 2.85205568724478
50.0 3.12045609207887
52.5 3.403716969664
55.0 3.70174024940498
57.5 4.01442786070665
60.0 4.34168173297382
2.5 0.63755184438173
5.0 0.60822346143506
7.5 0.595495149892974
10.0 0.59926707709947
12.5 0.619439410398546
15.0 0.655912317134199
17.5 0.708585964650427
20.0 0.777360520291227
22.5 0.862136151400598
25.0 0.962813025322538
27.5 1.07929130940104
30.0 1.21147117098011
32.5 1.35925277740374
35.0 1.52253629601593
37.5 1.70122189416068
40.0 1.89520973918198
42.5 2.10439999842384
45.0 2.32869283923024
47.5 2.56798842894519
50.0 2.82218693491269
52.5 3.09118852447674
55.0 3.37489336498132
57.5 3.67320162377044
60.0 3.9860134681881
2.5 0.581127366222272
5.0 0.535798471647562
7.5 0.50702858283721
10.0 0.494715549326099
12.5 0.498757220649107
15.0 0.519051446341115
17.5 0.555496075937003
20.0 0.607988958971652
22.5 0.676427944979942
25.0 0.760710883496752
27.5 0.860735624056964
30.0 0.976400016195457
32.5 1.10760190944711
35.0 1.25423915334681
37.5 1.41620959742942
40.0 1.59341109122985
42.5 1.78574148428295
45.0 1.99309862612361
47.5 2.21538036628672
50.0 2.45248455430715
52.5 2.70430903971979
55.0 2.9707516720595
57.5 3.25171030086118
60.0 3.54708277565971
2.5 0.455773675682527
5.0 0.407132411421376
7.5 0.372941601401017
10.0 0.353212038711342
12.5 0.347954516442243
15.0 0.357179827683615
17.5 0.38089876552535
20.0 0.419122123057339
22.5 0.471860693369478
25.0 0.539125269551657
27.5 0.62092664469377
30.0 0.71727561188571
32.5 0.82818296421737
35.0 0.953659494778641
37.5 1.09371599665942
40.0 1.24836326294959
42.5 1.41761208673906
45.0 1.60147326111771
47.5 1.79995757917543
50.0 2.01307583400213
52.5 2.24083881868768
55.0 2.483257326322
57.5 2.74034214999495
60.0 3.01210408279645
2.5 0.365089229473922
5.0 0.302271195270797
7.5 0.253920918232551
10.0 0.220046484545178
12.5 0.200655980394671
15.0 0.195757491967023
17.5 0.205359105448226
20.0 0.229468907024273
22.5 0.268094982881158
25.0 0.321245419204873
27.5 0.388928302181412
30.0 0.471151717996767
32.5 0.567923752836932
35.0 0.679252492887898
37.5 0.80514602433566
40.0 0.94561243336621
42.5 1.10065980616554
45.0 1.27029622891965
47.5 1.45452978781452
50.0 1.65336856903615
52.5 1.86682065877053
55.0 2.09489414320366
57.5 2.33759710852153
60.0 2.59493764091013
2.5 0.292547570014102
5.0 0.225792245842592
7.5 0.173515946233672
10.0 0.135725285281318
12.5 0.112426877079505
15.0 0.103627335722207
17.5 0.109333275303399
20.0 0.129551309917056
22.5 0.164288053657154
25.0 0.213550120617666
27.5 0.277344124892568
30.0 0.355676680575836
32.5 0.448554401761442
35.0 0.555983902543364
37.5 0.677971797015575
40.0 0.814524699272051
42.5 0.965649223406765
45.0 1.13135198351369
47.5 1.31163959368681
50.0 1.5065186680201
52.5 1.71599582060752
55.0 1.94007766554305
57.5 2.17877081692068
60.0 2.43208188883436
2.5 0.229568422877872
5.0 0.164975609531306
7.5 0.114869572771875
10.0 0.0792561031870054
12.5 0.0581409913641226
15.0 0.0515300278906535
17.5 0.0594290033540242
20.0 0.0818437083416613
22.5 0.118779933440991
25.0 0.170243469239439
27.5 0.236240106324433
30.0 0.316775635283399
32.5 0.411855846703763
35.0 0.521486531172951
37.5 0.645673479278389
40.0 0.784422481607505
42.5 0.937739328747724
45.0 1.10562981128647
47.5 1.28809971981118
50.0 1.48515484490926
52.5 1.69680097716816
55.0 1.92304390717529
57.5 2.16388942551808
60.0 2.41934332278396
2.5 0.151060776417653
5.0 0.0947884704299632
7.5 0.0530110303074726
10.0 0.025733578348072
12.5 0.0129612368496524
15.0 0.0146991281101046
17.5 0.0309523744273199
20.0 0.061726098099189
22.5 0.107025421423603
25.0 0.166855466698453
27.5 0.24122135622163
30.0 0.330128212291024
32.5 0.433581157204527
35.0 0.55158531326003
37.5 0.684145802755424
40.0 0.831267747988599
42.5 0.992956271257448
45.0 1.16921649485986
47.5 1.36005354109373
50.0 1.56547253225694
52.5 1.78547859064739
55.0 2.02007683856296
57.5 2.26927239830156
60.0 2.53307039216106
2.5 0.0764135645947855
5.0 0.0338026154182233
7.5 0.00569375301413221
10.0 -0.00790831193222249
12.5 -0.00699886873557575
15.0 0.00842679328933766
17.5 0.0383733848277831
20.0 0.0828456165650256
22.5 0.14184819918633
25.0 0.215385843376962
27.5 0.303463259822187
30.0 0.40608515920727
32.5 0.523256252217476
35.0 0.65498124953807
37.5 0.801264861854317
40.0 0.962111799851483
42.5 1.13752677421483
45.0 1.32751449562963
47.5 1.53207967478114
50.0 1.75122702235464
52.5 1.98496124903537
55.0 2.23328706550862
57.5 2.49620918245964
60.0 2.7737323105737
2.5 0.0189888269532893
5.0 -0.00631790355366646
7.5 -0.0171160207075689
10.0 -0.0134010193088892
12.5 0.00483160584190147
15.0 0.0375863599443321
17.5 0.0848677481979313
20.0 0.146680275802228
22.5 0.223028447956751
25.0 0.31391676986103
27.5 0.419349746714592
30.0 0.539331883716968
32.5 0.673867686067685
35.0 0.822961658966273
37.5 0.986618307612261
40.0 1.16484213720518
42.5 1.35763765294455
45.0 1.56500936002991
47.5 1.78696176366078
50.0 2.0234993690367
52.5 2.27462668135719
55.0 2.54034820582178
57.5 2.82066844763001
60.0 3.11559191198139
2.5 -0.0207005025734423
5.0 -0.0243818287166167
7.5 -0.0135470831636452
10.0 0.0118079692618756
12.5 0.0516875637363493
15.0 0.106095935436179
17.5 0.175037319537769
20.0 0.258515951217522
22.5 0.356536065651842
25.0 0.469101898017132
27.5 0.596217683489795
30.0 0.737887657246236
32.5 0.894116054462858
35.0 1.06490711031606
37.5 1.25026505998226
40.0 1.45019413863784
42.5 1.66469858145922
45.0 1.8937826236228
47.5 2.13745050030497
50.0 2.39570644668216
52.5 2.66855469793075
55.0 2.95599948922715
57.5 3.25804505574777
60.0 3.57469563266901
2.5 -0.00443887739550808
5.0 0.0236890894578594
7.5 0.0626807647552492
10.0 0.112828458797124
12.5 0.174424481883947
15.0 0.247761144316181
17.5 0.333130756394289
20.0 0.430825628418735
22.5 0.54113807068998
25.0 0.664360393508488
27.5 0.800784907174722
30.0 0.950703921989145
32.5 1.11440974825222
35.0 1.29219469626441
37.5 1.48435107632618
40.0 1.69117119873798
42.5 1.9129473738003
45.0 2.14997191181357
47.5 2.40253712307828
50.0 2.67093531789488
52.5 2.95545880656384
55.0 3.25639989938561
57.5 3.57405090666067
60.0 3.90870413868947
2.5 0.0231779921919557
5.0 0.0592557867743873
7.5 0.106610681868799
10.0 0.165533675287076
12.5 0.236315764841104
15.0 0.319247948342769
17.5 0.414621223603955
20.0 0.522726588436548
22.5 0.643855040652433
25.0 0.778297578063496
27.5 0.926345198481622
30.0 1.0882888997187
32.5 1.26441967958661
35.0 1.45502853589723
37.5 1.66040646646246
40.0 1.88084446909419
42.5 2.11663354160428
45.0 2.36806468180464
47.5 2.63542888750714
50.0 2.91901715652368
52.5 3.21912048666613
55.0 3.53602987574638
57.5 3.87003632157633
60.0 4.22143082196784
2.5 0.0567153078915492
5.0 0.096845844933209
7.5 0.14872584347723
10.0 0.212643797672305
12.5 0.288888201667127
15.0 0.377747549610389
17.5 0.479510335650786
20.0 0.594465053937009
22.5 0.722900198617752
25.0 0.865104263841708
27.5 1.02136574375757
30.0 1.19197313251403
32.5 1.37721492425979
35.0 1.57737961314353
37.5 1.79275569331395
40.0 2.02363165891974
42.5 2.27029600410959
45.0 2.53303722303221
47.5 2.81214380983628
50.0 3.10790425867049
52.5 3.42060706368354
55.0 3.75054071902412
57.5 4.09799371884093
60.0 4.46325455728265
2.5 0.0877423461030225
5.0 0.128612911138351
7.5 0.181681260842976
10.0 0.247232868261978
12.5 0.325553206440437
15.0 0.416927748423436
17.5 0.521641967256053
20.0 0.639981335983371
22.5 0.772231327650469
25.0 0.918677415302429
27.5 1.07960507198433
30.0 1.25529977074126
32.5 1.44604698461829
35.0 1.6521321866605
37.5 1.87384084991298
40.0 2.11145844742081
42.5 2.36527045222906
45.0 2.63556233738282
47.5 2.92261957592717
50.0 3.22672764090719
52.5 3.54817200536796
55.0 3.88723814235455
57.5 4.24421152491207
60.0 4.61937762608557
2.5 0.116340271524083
5.0 0.155811325622325
7.5 0.20794016947327
10.0 0.273008720568742
12.5 0.351298896400564
15.0 0.443092614460559
17.5 0.548671792240553
20.0 0.668318347232369
22.5 0.80231419692783
25.0 0.950941258818761
27.5 1.11448145039698
30.0 1.29321668915433
32.5 1.48742889258261
35.0 1.69739997817365
37.5 1.92341186341929
40.0 2.16574646581134
42.5 2.42468570284162
45.0 2.70051149200197
47.5 2.9935057507842
50.0 3.30395039668013
52.5 3.6321273471816
55.0 3.97831851978042
57.5 4.34280583196843
60.0 4.72587120123743
2.5 0.140426283219445
5.0 0.177050616799972
7.5 0.226802270427608
10.0 0.289959224415288
12.5 0.36679945907595
15.0 0.45760095472253
17.5 0.562641691667964
20.0 0.682199650225189
22.5 0.816552810707142
25.0 0.965979153426759
27.5 1.13075665869698
30.0 1.31116330683073
32.5 1.50747707814096
35.0 1.71997595294059
37.5 1.94893791154258
40.0 2.19464093425984
42.5 2.45736300140533
45.0 2.73738209329197
47.5 3.0349761902327
50.0 3.35042327254046
52.5 3.68400132052819
55.0 4.03598831450881
57.5 4.40666223479528
60.0 4.79630106170052
2.5 0.122761108456167
5.0 0.162923226905241
7.5 0.21669489646013
10.0 0.284286647665709
12.5 0.365909011066853
15.0 0.461772517208436
17.5 0.572087696635333
20.0 0.69706507989242
22.5 0.83691519752457
25.0 0.991848580076659
27.5 1.16207575809356
30.0 1.34780726212015
32.5 1.54925362270131
35.0 1.7666253703819
37.5 2.0001330357068
40.0 2.24998714922089
42.5 2.51639824146905
45.0 2.79957684299614
47.5 3.09973348434704
50.0 3.41707869606663
52.5 3.75182300869979
55.0 4.10417695279137
57.5 4.47435105888627
60.0 4.86255585752936
2.5 0.14770512476545
5.0 0.184209883125446
7.5 0.234706032041637
10.0 0.299398931993413
12.5 0.378493943460166
15.0 0.472196426921286
17.5 0.580711742856163
20.0 0.704245251744189
22.5 0.843002314064753
25.0 0.997188290297247
27.5 1.16700854092106
30.0 1.35266842641559
32.5 1.55437330726021
35.0 1.77232854393433
37.5 2.00673949691733
40.0 2.2578115266886
42.5 2.52574999372754
45.0 2.81076025851353
47.5 3.11304768152597
50.0 3.43281762324424
52.5 3.77027544414774
55.0 4.12562650471585
57.5 4.49907616542798
60.0 4.8908297867635
2.5 0.167780066070457
5.0 0.200116774867171
7.5 0.246860750377073
10.0 0.308211553299524
12.5 0.384368744333887
15.0 0.475531884179522
17.5 0.581900533535792
20.0 0.703674253102057
22.5 0.841052603577679
25.0 0.994235145662019
27.5 1.16342144005444
30.0 1.3488110474543
32.5 1.55060352856096
35.0 1.76899844407379
37.5 2.00419535469215
40.0 2.25639382111539
42.5 2.52579340404288
45.0 2.81259366417398
47.5 3.11699416220805
50.0 3.43919445884445
52.5 3.77939411478255
55.0 4.1377926907217
57.5 4.51458974736127
60.0 4.90998484540062
2.5 0.179798543321053
5.0 0.208592563382647
7.5 0.252173411929259
10.0 0.310735278427796
12.5 0.384472352345164
15.0 0.473578823148272
17.5 0.578248880304028
20.0 0.698676713279337
22.5 0.835056511541108
25.0 0.987582464556248
27.5 1.15644876179167
30.0 1.34184959271427
32.5 1.54397914679096
35.0 1.76303161348865
37.5 1.99920118227424
40.0 2.25268204261465
42.5 2.52366838397678
45.0 2.81235439582754
47.5 3.11893426763383
50.0 3.44360218886257
52.5 3.78655234898066
55.0 4.147978937455
57.5 4.52807614375251
60.0 4.92703815734009
2.5 0.195837673311407
5.0 0.220187136482944
7.5 0.259635544339489
10.0 0.314391413485345
12.5 0.384663260524815
15.0 0.470659602062201
17.5 0.572588954701807
20.0 0.690659835047937
22.5 0.825080759704892
25.0 0.976060245276977
27.5 1.14380680836849
30.0 1.32852896558375
32.5 1.53043523352704
35.0 1.74973412880267
37.5 1.98663416801495
40.0 2.24134386776817
42.5 2.51407174466665
45.0 2.80502631531467
47.5 3.11441609631656
50.0 3.44244960427661
52.5 3.78933535579912
55.0 4.15528186748839
57.5 4.54049765594874
60.0 4.94519123778445
2.5 0.194564379373965
5.0 0.216151924673409
7.5 0.253350138546372
10.0 0.306359102762746
12.5 0.375378899092425
15.0 0.460609609305303
17.5 0.562251315171273
20.0 0.680504098460228
22.5 0.815568040942061
25.0 0.967643224386666
27.5 1.13692973056394
30.0 1.32362764124377
32.5 1.52793703819605
35.0 1.75005800319067
37.5 1.99019061799754
40.0 2.24853496438654
42.5 2.52529112412756
45.0 2.8206591789905
47.5 3.13483921074526
50.0 3.46803130116172
52.5 3.82043553200978
55.0 4.19225198505933
57.5 4.58368074208027
60.0 4.99492188484249
2.5 0.19033869841171
5.0 0.210753534031193
7.5 0.247201442084555
10.0 0.299875475756804
12.5 0.368968688232944
15.0 0.454674132697982
17.5 0.557184862336926
20.0 0.676693930334781
22.5 0.813394389876554
25.0 0.967479294147251
27.5 1.13914169633188
30.0 1.32857464961544
32.5 1.53597120718295
35.0 1.76152442221941
37.5 2.00542734790983
40.0 2.2678730374392
42.5 2.54905454399255
45.0 2.84916492075487
47.5 3.16839722091118
50.0 3.50694449764647
52.5 3.86499980414576
55.0 4.24275619359405
57.5 4.64040671917635
60.0 5.05814443407766
2.5 0.185289427246592
5.0 0.205664602087186
7.5 0.242522176771886
10.0 0.296047651770738
12.5 0.366426527553788
15.0 0.45384430459108
17.5 0.558486483352661
20.0 0.680538564308576
22.5 0.82018604792887
25.0 0.97761443468359
27.5 1.15300922504278
30.0 1.34655591947649
32.5 1.55844001845476
35.0 1.78884702244763
37.5 2.03796243192516
40.0 2.30597174735739
42.5 2.59306046921436
45.0 2.89941409796612
47.5 3.22521813408272
50.0 3.57065807803419
52.5 3.9359194302906
55.0 4.32118769132197
57.5 4.72664836159836
60.0 5.15248694158982
2.5 0.245922330135638
5.0 0.277051565197872
7.5 0.320776904774966
10.0 0.377676843051412
12.5 0.448329874211703
15.0 0.533314492440331
17.5 0.633209191921788
20.0 0.748592466840568
22.5 0.880042811381162
25.0 1.02813871972806
27.5 1.19345868606576
30.0 1.37658120457876
32.5 1.57808476945154
35.0 1.79854787486859
37.5 2.03854901501441
40.0 2.2986666840735
42.5 2.57947937623034
45.0 2.88156558566943
47.5 3.20550380657525
50.0 3.55187253313231
52.5 3.92125025952509
55.0 4.31421547993809
57.5 4.73134668855579
60.0 5.1732223795627
2.5 0.262345324571439
5.0 0.28518394292165
7.5 0.322090759727935
10.0 0.37363054460317
12.5 0.440368067160234
15.0 0.522868097012004
17.5 0.621695403771357
20.0 0.73741475705117
22.5 0.87059092646432
25.0 1.02178868162369
27.5 1.19157279214214
30.0 1.38050802763257
32.5 1.58915915770784
35.0 1.81809095198084
37.5 2.06786818006444
40.0 2.33905561157152
42.5 2.63221801611495
45.0 2.94792016330762
47.5 3.2867268227624
50.0 3.64920276409216
52.5 4.03591275690979
55.0 4.44742157082817
57.5 4.88429397546016
60.0 5.34709474041865
2.5 0.261118200762337
5.0 0.278881148694526
7.5 0.312042857632671
10.0 0.361155750092299
12.5 0.426772248588939
15.0 0.509444775638119
17.5 0.609725753755368
20.0 0.728167605456214
22.5 0.865322753256186
25.0 1.02174361967081
27.5 1.19798262721562
30.0 1.39459219840614
32.5 1.6121247557579
35.0 1.85113272178642
37.5 2.11216851900724
40.0 2.39578456993589
42.5 2.70253329708788
45.0 3.03296712297876
47.5 3.38763847012405
50.0 3.76709976103927
52.5 4.17190341823996
55.0 4.60260186424165
57.5 5.05974752155986
60.0 5.54389281271012
2.5 0.250023195884361
5.0 0.265232577212139
7.5 0.297153332183929
10.0 0.346325821204355
12.5 0.413290404678037
15.0 0.498587443009598
17.5 0.602757296603659
20.0 0.726340325864843
22.5 0.86987689119777
25.0 1.03390735300706
27.5 1.21897207169734
30.0 1.42561140767323
32.5 1.65436572133935
35.0 1.90577537310033
37.5 2.18038072336078
40.0 2.47872213252532
42.5 2.80133996099859
45.0 3.14877456918519
47.5 3.52156631748976
50.0 3.92025556631691
52.5 4.34538267607126
55.0 4.79748800715744
57.5 5.27711191998008
60.0 5.78479477494378
2.5 0.26349649608316
5.0 0.312614802441088
7.5 0.371783945054171
10.0 0.44218010491695
12.5 0.524979463023968
15.0 0.621358200369768
17.5 0.732492497948891
20.0 0.859558536755879
22.5 1.00373249778527
25.0 1.16619056203162
27.5 1.34810891048946
30.0 1.55066372415333
32.5 1.77503118401777
35.0 2.02238747107734
37.5 2.29390876632656
40.0 2.59077125075999
42.5 2.91415110537216
45.0 3.26522451115761
47.5 3.6451676491109
50.0 4.05515670022655
52.5 4.49636784549912
55.0 4.96997726592314
57.5 5.47716114249317
60.0 6.01909565620372
2.5 0.321638336650503
5.0 0.353053248522434
7.5 0.397779280742476
10.0 0.456965349513076
12.5 0.531760371036682
15.0 0.62331326151574
17.5 0.732772937152699
20.0 0.861288314150006
22.5 1.01000830871011
25.0 1.18008183703545
27.5 1.37265781532849
30.0 1.58888515979166
32.5 1.82991278662742
35.0 2.09688961203821
37.5 2.39096455222649
40.0 2.71328652339469
42.5 3.06500444174526
45.0 3.44726722348066
47.5 3.86122378480332
50.0 4.30802304191571
52.5 4.78881391102026
55.0 5.30474530831942
57.5 5.85696615001565
60.0 6.44662535231138
2.5 0.355279878399395
5.0 0.361404574536555
7.5 0.386270689080422
10.0 0.430830960583775
12.5 0.496038127599388
15.0 0.582844928680038
17.5 0.692204102378502
20.0 0.825068387247555
22.5 0.982390521839975
25.0 1.16512324470854
27.5 1.37421929440602
30.0 1.61063140948519
32.5 1.87531232849883
35.0 2.16921478999973
37.5 2.49329153254064
40.0 2.84849529467436
42.5 3.23577881495365
45.0 3.65609483193129
47.5 4.11039608416006
50.0 4.59963531019273
52.5 5.12476524858209
55.0 5.6867386378809
57.5 6.28650821664194
60.0 6.925026723418
2.5 0.310370832998283
5.0 0.316674903777823
7.5 0.344314576821531
10.0 0.394201213042418
12.5 0.467246173353495
15.0 0.564360818667771
17.5 0.686456509898257
20.0 0.834444607957963
22.5 1.0092364737599
25.0 1.21174346821708
27.5 1.44287695224251
30.0 1.70354828674919
32.5 1.99466883265016
35.0 2.3171499508584
37.5 2.67190300228694
40.0 3.05983934784878
42.5 3.48187034845693
45.0 3.9389073650244
47.5 4.43186175846421
50.0 4.96164488968936
52.5 5.52916811961287
55.0 6.13534280914774
57.5 6.78108031920699
60.0 7.46729201070362
2.5 0.264586403432016
5.0 0.276698369464082
7.5 0.312810647538271
10.0 0.373789886021799
12.5 0.460502733281884
15.0 0.573815837685742
17.5 0.714595847600588
20.0 0.88370941139364
22.5 1.08202317743211
25.0 1.31040379408323
27.5 1.56971790971419
30.0 1.86083217269223
32.5 2.18461323138456
35.0 2.54192773415839
37.5 2.93364232938094
40.0 3.36062366541943
42.5 3.82373839064107
45.0 4.32385315341309
47.5 4.86183460210268
50.0 5.43854938507709
52.5 6.05486415070351
55.0 6.71164554734916
57.5 7.40976022338127
60.0 8.15007482716705
2.5 0.251800410774365
5.0 0.273329769516605
7.5 0.320702622079826
10.0 0.394803756019183
12.5 0.496517958889831
15.0 0.626730018246926
17.5 0.786324721645622
20.0 0.976186856641073
22.5 1.19720121078844
25.0 1.45025257164286
27.5 1.73622572675951
30.0 2.05600546369354
32.5 2.41047657000009
35.0 2.80052383323433
37.5 3.22703204095141
40.0 3.69088598070649
42.5 4.19297044005472
45.0 4.73417020655125
47.5 5.31537006775124
50.0 5.93745481120984
52.5 6.60130922448222
55.0 7.30781809512352
57.5 8.0578662106889
60.0 8.85233835873352
2.5 0.254716962330736
5.0 0.290105264558557
7.5 0.354020593064083
10.0 0.447284727826934
12.5 0.570719448826725
15.0 0.725146536043074
17.5 0.911387769455599
20.0 1.13026492904392
22.5 1.38259979478765
25.0 1.6692141466664
27.5 1.9909297646598
30.0 2.34856842874747
32.5 2.74295191890901
35.0 3.17490201512405
37.5 3.64524049737221
40.0 4.15478914563309
42.5 4.70436973988633
45.0 5.29480406011153
47.5 5.92691388628832
50.0 6.60152099839631
52.5 7.31944717641512
55.0 8.08151420032436
57.5 8.88854385010366
60.0 9.74135790573263
2.5 0.295010781380311
5.0 0.346383642039193
7.5 0.428501165200721
10.0 0.542127249848352
12.5 0.688025794965542
15.0 0.866960699535749
17.5 1.07969586254243
20.0 1.32699518296904
22.5 1.60962255979903
25.0 1.92834189201587
27.5 2.28391707860301
30.0 2.6771120185439
32.5 3.10869061082201
35.0 3.57941675442079
37.5 4.09005434832369
40.0 4.64136729151418
42.5 5.2341194829757
45.0 5.86907482169172
47.5 6.5469972066457
50.0 7.26865053682108
52.5 8.03479871120133
55.0 8.8462056287699
57.5 9.70363518851025
60.0 10.6078512894058
2.5 0.375871137889408
5.0 0.443401056264536
7.5 0.54366173765985
10.0 0.677357697659085
12.5 0.845193451845976
15.0 1.04787351580426
17.5 1.28610240511767
20.0 1.56058463536994
22.5 1.87202472214482
25.0 2.22112718102602
27.5 2.6085965275973
30.0 3.03513727744238
32.5 3.501453946145
35.0 4.0082510492889
37.5 4.55623310245781
40.0 5.14610462123546
42.5 5.7785701212056
45.0 6.45433411795196
47.5 7.17410112705827
50.0 7.93857566410827
52.5 8.74846224468569
55.0 9.60446538437428
57.5 10.5072895987578
60.0 11.4576394034199
2.5 0.585513240132453
5.0 0.680708520235068
7.5 0.797273626835023
10.0 0.937708125606311
12.5 1.10451158222293
15.0 1.30018356235886
17.5 1.5272236316881
20.0 1.78813135588465
22.5 2.0854063006225
25.0 2.42154803157563
27.5 2.79905611441805
30.0 3.22043011482375
32.5 3.68816959846671
35.0 4.20477413102094
37.5 4.77274327816042
40.0 5.39457660555915
42.5 6.07277367889111
45.0 6.80983406383032
47.5 7.60825732605074
50.0 8.47054303122639
52.5 9.39919074503124
55.0 10.3967000331393
57.5 11.4655704612246
60.0 12.608301594961
2.5 0.741945221119678
5.0 0.812183045588432
7.5 0.911619887708861
10.0 1.0425688973323
12.5 1.2073432243101
15.0 1.40825601849357
17.5 1.64762042973407
20.0 1.92774960788293
22.5 2.25095670279148
25.0 2.61955486431105
27.5 3.035857242293
30.0 3.50217698658864
32.5 4.02082724704933
35.0 4.59412117352639
37.5 5.22437191587116
40.0 5.91389262393498
42.5 6.66499644756917
45.0 7.47999653662509
47.5 8.36120604095407
50.0 9.31093811040743
52.5 10.3315058948365
55.0 11.4252225440927
57.5 12.5944012080272
60.0 13.8413550364915
2.5 0.961937771918721
5.0 1.03814278220314
7.5 1.13630823672034
10.0 1.26063116260248
12.5 1.41530858698175
15.0 1.60453753699033
17.5 1.83251503976039
20.0 2.10343812242412
22.5 2.42150381211369
25.0 2.79090913596127
27.5 3.21585112109906
30.0 3.70052679465922
32.5 4.24913318377393
35.0 4.86586731557537
37.5 5.55492621719572
40.0 6.32050691576716
42.5 7.16680643842187
45.0 8.09802181229201
47.5 9.11835006450979
50.0 10.2319882222074
52.5 11.4431333125169
55.0 12.7559823625706
57.5 14.1747323995006
60.0 15.7035804504392
2.5 1.04609510703667
5.0 1.15596209288538
7.5 1.28258767935666
10.0 1.43161984128091
12.5 1.60870655348854
15.0 1.81949579080999
17.5 2.06963552807566
20.0 2.36477374011596
22.5 2.71055840176133
25.0 3.11263748784216
27.5 3.57665897318889
30.0 4.10827083263192
32.5 4.71312104100168
35.0 5.39685757312857
37.5 6.16512840384303
40.0 7.02358150797545
42.5 7.97786486035626
45.0 9.03362643581588
47.5 10.1965142091847
50.0 11.4721761552932
52.5 12.8662602489717
55.0 14.3844144650507
57.5 16.0322867783606
60.0 17.8155251637318
2.5 1.14301102292228
5.0 1.1937033465657
7.5 1.27978760544558
10.0 1.4061464059363
12.5 1.57766235441221
15.0 1.79921805724769
17.5 2.07569612081711
20.0 2.41197915149482
22.5 2.81294975565521
25.0 3.28349053967262
27.5 3.82848410992144
30.0 4.45281307277603
32.5 5.16136003461076
35.0 5.95900760179999
37.5 6.85063838071809
40.0 7.84113497773943
42.5 8.93537999923837
45.0 10.1382560515893
47.5 11.4546457411665
50.0 12.8894316743445
52.5 14.4474964574975
55.0 16.133722697
57.5 17.9529929992263
60.0 19.9101899705508
2.5 1.09806398456751
5.0 1.13400311295239
7.5 1.22110899447654
10.0 1.36350950414764
12.5 1.56533251697339
15.0 1.83070590796147
17.5 2.16375755211959
20.0 2.56861532445542
22.5 3.04940709997666
25.0 3.610260753691
27.5 4.25530416060613
30.0 4.98866519572974
32.5 5.81447173406953
35.0 6.73685165063318
37.5 7.75993282042838
40.0 8.88784311846283
42.5 10.1247104197442
45.0 11.4746625992802
47.5 12.9418275320786
50.0 14.5303330931469
52.5 16.244307157493
55.0 18.0878776001244
57.5 20.0651722960489
60.0 22.1803191202742
2.5 1.05878357153235
5.0 1.10902819620514
7.5 1.22056936149512
10.0 1.39697636606187
12.5 1.64181850856495
15.0 1.95866508766394
17.5 2.35108540201841
20.0 2.82264875028793
22.5 3.37692443113207
25.0 4.0174817432104
27.5 4.7478899851825
30.0 5.57171845570794
32.5 6.49253645344628
35.0 7.5139132770571
37.5 8.63941822519998
40.0 9.87262059653447
42.5 11.2170896897202
45.0 12.6763948034166
47.5 14.2541052362834
50.0 15.9537902869801
52.5 17.7790192541663
55.0 19.7333614365015
57.5 21.8203861326454
60.0 24.0436626412574
2.5 1.1473613607561
5.0 1.2064732800466
7.5 1.32586326286633
10.0 1.51130150594164
12.5 1.76855820599884
15.0 2.10340355976426
17.5 2.52160776396424
20.0 3.0289410153251
22.5 3.63117351057316
25.0 4.33407544643477
27.5 5.14341701963624
30.0 6.0649684269039
32.5 7.10449986496409
35.0 8.26778153054313
37.5 9.56058362036735
40.0 10.9886763311631
42.5 12.5578298596566
45.0 14.2738144025744
47.5 16.1424001566426
50.0 18.1693573185877
52.5 20.3604560851359
55.0 22.7214666530135
57.5 25.258159218947
60.0 27.9763039796626
2.5 1.18385048822633
5.0 1.31441231186855
7.5 1.49773739454127
10.0 1.74161437254941
12.5 2.0538318821979
15.0 2.44217855979166
17.5 2.9144430416356
20.0 3.47841396403465
22.5 4.14187996329373
25.0 4.91262967571775
27.5 5.79845173761163
30.0 6.80713478528031
32.5 7.94646745502869
35.0 9.2242383831617
37.5 10.6482362059843
40.0 12.2262495598013
42.5 13.9660670809177
45.0 15.8754774056384
47.5 17.9622691702684
50.0 20.2342310111125
52.5 22.6991515644757
55.0 25.3648194666628
57.5 28.2390233539789
60.0 31.3295518627288
2.5 1.35361771931173
5.0 1.47442858971039
7.5 1.67242946158385
10.0 1.95329066588103
12.5 2.32268253355082
15.0 2.78627539554215
17.5 3.34973958280391
20.0 4.01874542628503
22.5 4.79896325693441
25.0 5.69606340570096
27.5 6.71571620353359
30.0 7.86359198138121
32.5 9.14536107019273
35.0 10.5666938009171
37.5 12.1332605045031
40.0 13.8507315118998
42.5 15.724777154056
45.0 17.7610677619207
47.5 19.9652736664428
50.0 22.3430651985711
52.5 24.9001126892546
55.0 27.6420864694422
57.5 30.5746568700828
60.0 33.7034942221253
2.5 1.64747791145059
5.0 1.79455976800274
7.5 2.01271252879948
10.0 2.31015787559662
12.5 2.69511749014997
15.0 3.17581305421537
17.5 3.76046624954862
20.0 4.45729875790555
22.5 5.27453226104197
25.0 6.22038844071371
27.5 7.30308897867657
30.0 8.53085555668639
32.5 9.91190985649897
35.0 11.4544735598701
37.5 13.1667683485557
40.0 15.0570159043115
42.5 17.1334379088933
45.0 19.404256044057
47.5 21.8776919915584
50.0 24.5619674331533
52.5 27.4653040505975
55.0 30.5959235256468
57.5 33.9620475400571
60.0 37.5718977755841
2.5 1.85890083135152
5.0 1.98211847240835
7.5 2.1885451877128
10.0 2.48549509944678
12.5 2.88028232979222
15.0 3.38022100093103
17.5 3.99262523504515
20.0 4.72480915431648
22.5 5.58408688092695
25.0 6.57777253705848
27.5 7.713180244893
30.0 8.99762412661242
32.5 10.4384183043987
35.0 12.0428769004336
37.5 13.8183140368993
40.0 15.7720438359775
42.5 17.9113804198503
45.0 20.2436379106994
47.5 22.776130430707
50.0 25.5161721020547
52.5 28.4710770469247
55.0 31.6481593874988
57.5 35.0547332459589
60.0 38.698112744487
2.5 1.94350130533216
5.0 2.07433769979233
7.5 2.30745280847348
10.0 2.64670704420943
12.5 3.09596081983397
15.0 3.65907454818091
17.5 4.33990864208406
20.0 5.14232351437722
22.5 6.0701795778942
25.0 7.12733724546881
27.5 8.31765692993483
30.0 9.6449990441261
32.5 11.1132240008764
35.0 12.7261922130195
37.5 14.4877640933893
40.0 16.4018000548196
42.5 18.4721605101441
45.0 20.7027058721966
47.5 23.0972965538111
50.0 25.6597929678212
52.5 28.3940555270607
55.0 31.3039446443636
57.5 34.3933207325636
60.0 37.6660442044944
2.5 2.20697017663017
5.0 2.40531855904272
7.5 2.70357615937665
10.0 3.10347349259322
12.5 3.60674107365368
15.0 4.21510941751929
17.5 4.93030903915133
20.0 5.75407045351103
22.5 6.68812417555967
25.0 7.7342007202585
27.5 8.89403060256879
30.0 10.1693443374518
32.5 11.5618724398688
35.0 13.073345424781
37.5 14.7054938071497
40.0 16.4600481019361
42.5 18.3387388241016
45.0 20.3432964886073
47.5 22.4754516104146
50.0 24.7369347044847
52.5 27.1294762857788
55.0 29.6548068692582
57.5 32.3146569698842
60.0 35.110757102618
2.5 2.59583688329687
5.0 2.75333129670115
7.5 3.02203032722827
10.0 3.4005676624808
12.5 3.88757699006134
15.0 4.48169199757247
17.5 5.18154637261676
20.0 5.98577380279682
22.5 6.89300797571522
25.0 7.90188257897455
27.5 9.0110313001774
30.0 10.2190878269263
32.5 11.524685846824
35.0 12.9264590474729
37.5 14.4230411164756
40.0 16.0130657414348
42.5 17.695166609953
45.0 19.4679774096329
47.5 21.3301318280769
50.0 23.2802635528877
52.5 25.3170062716679
55.0 27.43899367202
57.5 29.6448594415467
60.0 31.9332372678505
2.5 2.84495037744621
5.0 3.05396465651703
7.5 3.35446151915484
10.0 3.74527657934547
12.5 4.22524545107478
15.0 4.79320374832863
17.5 5.44798708509287
20.0 6.18843107535336
22.5 7.01337133309594
25.0 7.92164347230647
27.5 8.91208310697081
30.0 9.98352585107481
32.5 11.1348073186043
35.0 12.3647631235452
37.5 13.6722288798833
40.0 15.0560402016045
42.5 16.5150327026946
45.0 18.0480419971395
47.5 19.653903698925
50.0 21.331453422037
52.5 23.0795267804614
55.0 24.8969593881839
57.5 26.7825868591905
60.0 28.735244807467
2.5 3.2846169276089
5.0 3.44995438809526
7.5 3.69662027673163
10.0 4.02286054916472
12.5 4.42692116104127
15.0 4.90704806800799
17.5 5.46148722571159
20.0 6.0884845897988
22.5 6.78628611591633
25.0 7.55313775971091
27.5 8.38728547682925
30.0 9.28697522291807
32.5 10.2504529536241
35.0 11.275964624594
37.5 12.3617561914746
40.0 13.5060736099125
42.5 14.7071628355545
45.0 15.9632698240473
47.5 17.2726405310376
50.0 18.6335209121722
52.5 20.0441569230977
55.0 21.5027945194608
57.5 23.0076796569084
60.0 24.557058291087
2.5 3.52187230866176
5.0 3.65582193809089
7.5 3.85660090974196
10.0 4.12285910628227
12.5 4.45324641037913
15.0 4.84641270469984
17.5 5.30100787191171
20.0 5.81568179468205
22.5 6.38908435567815
25.0 7.01986543756733
27.5 7.7066749230169
30.0 8.44816269469415
32.5 9.2429786352664
35.0 10.0897726274009
37.5 10.9871945537651
40.0 11.9338942970261
42.5 12.9285217398514
45.0 13.9697267649082
47.5 15.0561592548638
50.0 16.1864690923856
52.5 17.3593061601408
55.0 18.5733203407967
57.5 19.8271615170207
60.0 21.1194795714801
2.5 3.58978686067472
5.0 3.62840871589211
7.5 3.72648309944603
10.0 3.88247768804121
12.5 4.09486015838235
15.0 4.36209818717417
17.5 4.68265945112138
20.0 5.05501162692869
22.5 5.47762239130082
25.0 5.94895942094247
27.5 6.46749039255836
30.0 7.03168298285321
32.5 7.64000486853171
35.0 8.29092372629859
37.5 8.98290723285855
40.0 9.71442306491632
42.5 10.4839388991766
45.0 11.2899224123441
47.5 12.1308412811235
50.0 13.0051631822196
52.5 13.9113557923371
55.0 14.8478867881806
57.5 15.8132238464549
60.0 16.8058346438647
2.5 3.40510910478575
5.0 3.37166846815622
7.5 3.39196089842292
10.0 3.46442053978358
12.5 3.58748153643594
15.0 3.75957803257774
17.5 3.97914417240672
20.0 4.24461410012062
22.5 4.55442195991718
25.0 4.90700189599413
27.5 5.30078805254921
30.0 5.73421457378018
32.5 6.20571560388475
35.0 6.71372528706069
37.5 7.25667776750571
40.0 7.83300718941757
42.5 8.441147696994
45.0 9.07953343443274
47.5 9.74659854593153
50.0 10.4407771756881
52.5 11.1605034679002
55.0 11.9042115667656
57.5 12.670335616482
60.0 13.4573097612471
2.5 3.04604125907989
5.0 3.00438124309573
7.5 2.99742336215509
10.0 3.02459378962788
12.5 3.08531869888404
15.0 3.1790242632935
17.5 3.30513665622618
20.0 3.46308205105201
22.5 3.65228662114092
25.0 3.87217653986283
27.5 4.12217798058768
30.0 4.40171711668539
32.5 4.71022012152588
35.0 5.0471131684791
37.5 5.41182243091495
40.0 5.80377408220338
42.5 6.2223942957143
45.0 6.66710924481765
47.5 7.13734510288336
50.0 7.63252804328134
52.5 8.15208423938154
55.0 8.69543986455387
57.5 9.26202109216826
60.0 9.85125409559465
2.5 2.65469055626142
5.0 2.52748548970766
7.5 2.43280479238409
10.0 2.37004185421035
12.5 2.33859006510611
15.0 2.33784281499102
17.5 2.36719349378472
20.0 2.42603549140689
22.5 2.51376219777716
25.0 2.62976700281519
27.5 2.77344329644064
30.0 2.94418446857317
32.5 3.14138390913242
35.0 3.36443500803805
37.5 3.61273115520972
40.0 3.88566574056707
42.5 4.18263215402977
45.0 4.50302378551747
47.5 4.84623402494981
50.0 5.21165626224647
52.5 5.59868388732708
55.0 6.00671029011131
57.5 6.4351288605188
60.0 6.88333298846922
2.5 2.01596577683433
5.0 1.86825288481158
7.5 1.74546725063286
10.0 1.64730804511347
12.5 1.57347443906873
15.0 1.52366560331394
17.5 1.49758070866441
20.0 1.49491892593544
22.5 1.51537942594236
25.0 1.55866137950046
27.5 1.62446395742506
30.0 1.71248633053146
32.5 1.82242766963497
35.0 1.95398714555091
37.5 2.10686392909457
40.0 2.28075719108127
42.5 2.47536610232632
45.0 2.69038983364503
47.5 2.9255275558527
50.0 3.18047843976465
52.5 3.45494165619618
55.0 3.7486163759626
57.5 4.06120176987922
60.0 4.39239700876134
2.5 1.4163727903827
5.0 1.22509907483505
7.5 1.05777804155543
10.0 0.914090830179631
12.5 0.793718580343441
15.0 0.696342431682656
17.5 0.621643523833066
20.0 0.569302996430465
22.5 0.539001989110643
25.0 0.530421641509393
27.5 0.543243093262507
30.0 0.577147484005777
32.5 0.631815953374995
35.0 0.706929641005954
37.5 0.802169686534443
40.0 0.917217229596258
42.5 1.05175340982719
45.0 1.20545936686303
47.5 1.37801624033957
50.0 1.5691051698926
52.5 1.77840729515791
55.0 2.0056037557713
57.5 2.25037569136856
60.0 2.51240424158548
2.5 0.564229426356836
5.0 0.348025542204884
7.5 0.159141223188438
10.0 -0.00312632458869837
12.5 -0.139479895022723
15.0 -0.250622282009832
17.5 -0.337256279446225
20.0 -0.400084681228096
22.5 -0.439810281251644
25.0 -0.457135873413066
27.5 -0.452764251608559
30.0 -0.42739820973432
32.5 -0.381740541686547
35.0 -0.316494041361436
37.5 -0.232361502655184
40.0 -0.13004571946399
42.5 -0.0102494856840492
45.0 0.12632440478844
47.5 0.278973158057282
50.0 0.446993980226278
52.5 0.629684077399231
55.0 0.826340655679945
57.5 1.03626092117222
60.0 1.25874207997986
2.5 -0.115998076084648
5.0 -0.271964275855924
7.5 -0.403335867250126
10.0 -0.510818327545005
12.5 -0.595117134018314
15.0 -0.656937763947807
17.5 -0.696985694611237
20.0 -0.715966403286356
22.5 -0.714585367250918
25.0 -0.693548063782675
27.5 -0.653559970159381
30.0 -0.595326563658788
32.5 -0.519553321558649
35.0 -0.426945721136718
37.5 -0.318209239670747
40.0 -0.19404935443849
42.5 -0.0551715427176986
45.0 0.097718718213873
47.5 0.263915951078472
50.0 0.442714678598346
52.5 0.633409423495743
55.0 0.835294708492907
57.5 1.04766505631209
60.0 1.26981498967553
2.5 -0.336769804078981
5.0 -0.44528700980775
7.5 -0.528558047322364
10.0 -0.587387900769653
12.5 -0.622581554296446
15.0 -0.634943992049574
17.5 -0.625280198175865
20.0 -0.594395156822148
22.5 -0.543093852135255
25.0 -0.472181268262014
27.5 -0.382462389349254
30.0 -0.274742199543805
32.5 -0.149825682992498
35.0 -0.00851782384216071
37.5 0.148376393760376
40.0 0.320051985668284
42.5 0.505703967734733
45.0 0.704527355812892
47.5 0.915717165755934
50.0 1.13846841341703
52.5 1.37197611464935
55.0 1.61543528530605
57.5 1.86804094124033
60.0 2.12898809830534
2.5 -0.468232977424854
5.0 -0.446791163665354
7.5 -0.403523542417804
10.0 -0.33923697684437
12.5 -0.254738330107217
15.0 -0.150834465368511
17.5 -0.0283322457904176
20.0 0.111961465464899
22.5 0.269239805235272
25.0 0.442695910358538
27.5 0.63152291767253
30.0 0.834913964015082
32.5 1.05206218622403
35.0 1.28216072113721
37.5 1.52440270559245
40.0 1.7779812764276
42.5 2.04208957048047
45.0 2.31592072458892
47.5 2.59866787559077
50.0 2.88952416032385
52.5 3.18768271562601
55.0 3.49233667833508
57.5 3.80267918528888
60.0 4.11790337332527
2.5 -0.208647018623154
5.0 -0.088748486131931
7.5 0.0503327436548765
10.0 0.207787392321965
12.5 0.382806181454031
15.0 0.574579832635769
17.5 0.782299067451877
20.0 1.00515460748705
22.5 1.24233717432599
25.0 1.49303748955338
27.5 1.75644627475392
30.0 2.03175425151232
32.5 2.31815214141326
35.0 2.61483066604144
37.5 2.92098054698156
40.0 3.23579250581832
42.5 3.55845726413641
45.0 3.88816554352052
47.5 4.22410806555535
50.0 4.5654755518256
52.5 4.91145872391597
55.0 5.26124830341115
57.5 5.61403501189583
60.0 5.96900957095472
2.5 0.218980071707272
5.0 0.481618445131839
7.5 0.748448474355816
10.0 1.01940939165922
12.5 1.29444042932207
15.0 1.57348081962439
17.5 1.8564697948462
20.0 2.1433465872675
22.5 2.43405042916833
25.0 2.7285205528287
27.5 3.02669619052862
30.0 3.32851657454812
32.5 3.63392093716722
35.0 3.94284851066593
37.5 4.25523852732427
40.0 4.57103021942227
42.5 4.89016281923993
45.0 5.21257555905728
47.5 5.53820767115433
50.0 5.86699838781111
52.5 6.19888694130763
55.0 6.53381256392392
57.5 6.87171448793998
60.0 7.21253194563584
2.5 1.23889977236013
5.0 1.49549824349666
7.5 1.75603131356921
10.0 2.0204384167507
12.5 2.28865898721405
15.0 2.56063245913216
17.5 2.83629826667796
20.0 3.11559584402434
22.5 3.39846462534423
25.0 3.68484404481053
27.5 3.97467353659617
30.0 4.26789253487405
32.5 4.56444047381708
35.0 4.86425678759818
37.5 5.16728091039025
40.0 5.47345227636623
42.5 5.782710319699
45.0 6.09499447456149
47.5 6.41024417512662
50.0 6.72839885556728
52.5 7.0493979500564
55.0 7.37318089276689
57.5 7.69968711787166
60.0 8.02885605954362
2.5 1.98846100225884
5.0 2.26288772105264
7.5 2.52858113051193
10.0 2.78621941638016
12.5 3.03648076440079
15.0 3.28004336031727
17.5 3.51758538987308
20.0 3.74978503881165
22.5 3.97732049287646
25.0 4.20086993781095
27.5 4.42111155935858
30.0 4.63872354326281
32.5 4.85438407526709
35.0 5.06877134111489
37.5 5.28256352654966
40.0 5.49643881731486
42.5 5.71107539915393
45.0 5.92715145781035
47.5 6.14534517902756
50.0 6.36633474854903
52.5 6.59079835211821
55.0 6.81941417547855
57.5 7.05286040437352
60.0 7.29181522454657
2.5 2.6552334121839
5.0 2.80870784897306
7.5 2.95581381167931
10.0 3.09721843729393
12.5 3.2335888628082
15.0 3.36559222521342
17.5 3.49389566150086
20.0 3.6191663086618
22.5 3.74207130368752
25.0 3.86327778356932
27.5 3.98345288529846
30.0 4.10326374586624
32.5 4.22337750226394
35.0 4.34446129148283
37.5 4.46718225051421
40.0 4.59220751634935
42.5 4.72020422597953
45.0 4.85183951639605
47.5 4.98778052459017
50.0 5.12869438755319
52.5 5.27524824227638
55.0 5.42810922575103
57.5 5.58794447496843
60.0 5.75542112691985
2.5 2.90916874053196
5.0 2.91932750380112
7.5 2.92563128191141
10.0 2.92873859693001
12.5 2.92930797092412
15.0 2.92799792596092
17.5 2.9254669841076
20.0 2.92237366743134
22.5 2.91937649799934
25.0 2.91713399787879
27.5 2.91630468913686
30.0 2.91754709384076
32.5 2.92151973405766
35.0 2.92888113185476
37.5 2.94028980929925
40.0 2.95640428845831
42.5 2.97788309139912
45.0 3.00538474018889
47.5 3.03956775689479
50.0 3.08109066358402
52.5 3.13061198232376
55.0 3.1887902351812
57.5 3.25628394422353
60.0 3.33375163151794
2.5 2.63367887531046
5.0 2.56821791121597
7.5 2.48952941045902
10.0 2.39905732676365
12.5 2.29824561385388
15.0 2.18853822545376
17.5 2.0713791152873
20.0 1.94821223707855
22.5 1.82048154455153
25.0 1.68963099143027
27.5 1.55710453143882
30.0 1.42434611830119
32.5 1.29279970574143
35.0 1.16390924748356
37.5 1.03911869725161
40.0 0.919872008769627
42.5 0.807613135761629
45.0 0.703786031951653
47.5 0.60983465106373
50.0 0.527202946821892
52.5 0.45733487295017
55.0 0.401674383172598
57.5 0.361665431213206
60.0 0.338751970796027
2.5 2.10947279737478
5.0 1.88552998072538
7.5 1.65392883412818
10.0 1.41610400982188
12.5 1.17349016004519
15.0 0.927521937036824
17.5 0.679633993035491
20.0 0.431260980279899
22.5 0.18383755100876
25.0 -0.0612016425392156
27.5 -0.302421948125319
30.0 -0.53838871351084
32.5 -0.767667286457069
35.0 -0.988823014725295
37.5 -1.20042124607681
40.0 -1.4010273282729
42.5 -1.58920660907486
45.0 -1.76352443624397
47.5 -1.92254615754153
50.0 -2.06483712072883
52.5 -2.18896267356716
55.0 -2.2934881638178
57.5 -2.37697893924205
60.0 -2.4380003476012
2.5 1.20001544514193
5.0 0.871856633334673
7.5 0.541049809855069
10.0 0.209030481254416
12.5 -0.122765845915992
15.0 -0.452903665104859
17.5 -0.779947469760889
20.0 -1.10246175333279
22.5 -1.41901100926926
25.0 -1.72815973101902
27.5 -2.02847241203075
30.0 -2.31851354575318
32.5 -2.596847625635
35.0 -2.86203914512492
37.5 -3.11265259767164
40.0 -3.34725247672387
42.5 -3.56440327573032
45.0 -3.76266948813968
47.5 -3.94061560740067
50.0 -4.09680612696199
52.5 -4.22980554027233
55.0 -4.33817834078042
57.5 -4.42048902193496
60.0 -4.47530207718464
2.5 0.0837518840686462
5.0 -0.242424956590603
7.5 -0.576646703886815
10.0 -0.916618272631568
12.5 -1.26004457763644
15.0 -1.60463053371301
17.5 -1.94808105567285
20.0 -2.28810105832755
22.5 -2.62239545648867
25.0 -2.9486691649678
27.5 -3.26462709857652
30.0 -3.56797417212641
32.5 -3.85641530042903
35.0 -4.12765539829597
37.5 -4.37939938053882
40.0 -4.60935216196913
42.5 -4.8152186573985
45.0 -4.9947037816385
47.5 -5.14551244950071
50.0 -5.2653495757967
52.5 -5.35192007533806
55.0 -5.40292886293636
57.5 -5.41608085340318
60.0 -5.3890809615501
2.5 -1.17702643274419
5.0 -1.5076496887392
7.5 -1.83672868543496
10.0 -2.16196710819513
12.5 -2.48106864238335
15.0 -2.79173697336329
17.5 -3.09167578649859
20.0 -3.37858876715292
22.5 -3.65017960068993
25.0 -3.90415197247328
27.5 -4.13820956786661
30.0 -4.3500560722336
32.5 -4.53739517093788
35.0 -4.69793054934313
37.5 -4.82936589281298
40.0 -4.92940488671111
42.5 -4.99575121640115
45.0 -5.02610856724678
47.5 -5.01818062461164
50.0 -4.96967107385939
52.5 -4.87828360035369
55.0 -4.74172188945819
57.5 -4.55768962653654
60.0 -4.3238904969524
2.5 -1.88937178759893
5.0 -2.08920108502605
7.5 -2.30674474342143
10.0 -2.5369334181902
12.5 -2.77469776473752
15.0 -3.01496843846853
17.5 -3.25267609478838
20.0 -3.48275138910221
22.5 -3.70012497681517
25.0 -3.89972751333241
27.5 -4.07648965405907
30.0 -4.22534205440031
32.5 -4.34121536976126
35.0 -4.41904025554707
37.5 -4.4537473671629
40.0 -4.44026736001388
42.5 -4.37353088950517
45.0 -4.2484686110419
47.5 -4.06001118002924
50.0 -3.80308925187232
52.5 -3.47263348197628
55.0 -3.06357452574629
57.5 -2.57084303858748
60.0 -1.989369675905
2.5 -2.46867295239194
5.0 -2.65248272068434
7.5 -2.83690160573653
10.0 -3.01674649908018
12.5 -3.18683429224697
15.0 -3.34198187676858
17.5 -3.47700614417669
20.0 -3.58672398600298
22.5 -3.66595229377914
25.0 -3.70950795903683
27.5 -3.71220787330775
30.0 -3.66886892812358
32.5 -3.57430801501598
35.0 -3.42334202551665
37.5 -3.21078785115726
40.0 -2.9314623834695
42.5 -2.58018251398504
45.0 -2.15176513423557
47.5 -1.64102713575276
50.0 -1.0427854100683
52.5 -0.351856848713869
55.0 0.436941656778858
57.5 1.3287932148782
60.0 2.32888093405247
2.5 -2.99182687962499
5.0 -3.0877452395865
7.5 -3.16442283258464
10.0 -3.21653061676462
12.5 -3.23873955027168
15.0 -3.22572059125103
17.5 -3.17214469784791
20.0 -3.07268282820754
22.5 -2.92200594047514
25.0 -2.71478499279594
27.5 -2.44569094331517
30.0 -2.10939475017805
32.5 -1.70056737152981
35.0 -1.21387976551568
37.5 -0.64400289028087
40.0 0.0143922960293823
42.5 0.766634835269855
45.0 1.61805376929532
47.5 2.57397813996056
50.0 3.63973698912033
52.5 4.82065935862943
55.0 6.12207429034262
57.5 7.54931082611467
60.0 9.10769800780036
2.5 -2.82907481169881
5.0 -2.67236293082668
7.5 -2.54171826616444
10.0 -2.42178825491088
12.5 -2.29722033426476
15.0 -2.15266194142486
17.5 -1.97276051358995
20.0 -1.74216348795882
22.5 -1.44551830173023
25.0 -1.06747239210296
27.5 -0.592673196275786
30.0 -0.00576815144748366
32.5 0.708595305183174
35.0 1.56576973641741
37.5 2.58110770505645
40.0 3.76996177390152
42.5 5.14768450575385
45.0 6.72962846341465
47.5 8.53114620968516
50.0 10.5675903073666
52.5 12.8543133192602
55.0 15.4066678081672
57.5 18.2400063368887
60.0 21.3696814682261
2.5 -2.36058422944608
5.0 -2.21951286286787
7.5 -2.04431969579307
10.0 -1.81966817302801
12.5 -1.53022173937903
15.0 -1.16064383965247
17.5 -0.695597918654672
20.0 -0.119747421191959
22.5 0.582244207929326
25.0 1.42571352390285
27.5 2.42599708192227
30.0 3.59843143718126
32.5 4.95835314487347
35.0 6.52109876019258
37.5 8.30200483833224
40.0 10.3164079344861
42.5 12.5796446038479
45.0 15.1070514016112
47.5 17.9139648829697
50.0 21.0157216031171
52.5 24.427658117247
55.0 28.1651109805531
57.5 32.2434167482291
60.0 36.6779119754687
2.5 2.12301969962123
5.0 2.60891670134535
7.5 2.90758563783296
10.0 3.15506125766154
12.5 3.48737830940862
15.0 4.04057154165168
17.5 4.95067570296822
20.0 6.35372554193576
22.5 8.38575580713179
25.0 11.1828012471338
27.5 14.8808966105193
30.0 19.6160766458658
32.5 25.5243761017508
35.0 32.7418297267518
37.5 41.4044722694463
40.0 51.6483384784118
42.5 63.6094631022258
45.0 77.4238808894658
47.5 93.2276265887093
50.0 111.156734948534
52.5 131.347240717517
55.0 153.935178644236
57.5 179.056583477268
60.0 206.847489965192
2.5 3.31731894292746
5.0 3.82829409884744
7.5 4.66677827588454
10.0 5.96160023267384
12.5 7.84158872785042
15.0 10.4355725200493
17.5 13.8723803679057
20.0 18.2808410300546
22.5 23.7897832651311
25.0 30.5280358317702
27.5 38.6244274886071
30.0 48.2077869942768
32.5 59.4069431074144
35.0 72.350724586655
37.5 87.1679601906336
40.0 103.987478677985
42.5 122.938108807345
45.0 144.148679337349
47.5 167.74801902663
50.0 193.864956633825
52.5 222.628320917569
55.0 254.166940636496
57.5 288.609644549242
60.0 326.085261414442
2.5 8.93247894136922
5.0 10.4290749301721
7.5 10.4438747571077
10.0 9.95861447450274
12.5 9.95503013468404
15.0 11.4148577899784
17.5 15.3198334927124
20.0 22.651693295213
22.5 34.3921732498069
25.0 51.5230094088209
27.5 75.0259378245817
30.0 105.882694549416
32.5 145.075015635651
35.0 193.584637135613
37.5 252.393295101628
40.0 322.482725586025
42.5 404.834664641129
45.0 500.430848319267
47.5 610.253012672766
50.0 735.282893753952
52.5 876.502227615153
55.0 1034.8927503087
57.5 1211.43619788691
60.0 1407.11430640211
2.5 9.10264791228783
5.0 9.67556704467149
7.5 10.629819209077
10.0 12.1318695941058
12.5 14.3481833883592
15.0 17.4452257804386
17.5 21.5894619589455
20.0 26.9473571124812
22.5 33.6853764296471
25.0 41.9699850990447
27.5 51.9676483092753
30.0 63.8448312489402
32.5 77.767999106641
35.0 93.903617070979
37.5 112.418150330556
40.0 133.478064073972
42.5 157.24982348983
45.0 183.899893766731
47.5 213.594740093276
50.0 246.500827658066
52.5 282.784621649704
55.0 322.61258725679
57.5 366.151189667925
60.0 413.566894071712
2.5 14.1722048356101
5.0 15.1054904950825
7.5 16.3423546213433
10.0 18.0145296443271
12.5 20.2537479939684
15.0 23.1917421002021
17.5 26.9602443929626
20.0 31.6909873021846
22.5 37.5157032578028
25.0 44.5661246897518
27.5 52.9739840279662
30.0 62.8710137023807
32.5 74.3889461429299
35.0 87.6595137795485
37.5 102.814449042171
40.0 119.985484360732
42.5 139.304352165166
45.0 160.902784885409
47.5 184.912514951393
50.0 211.465274793055
52.5 240.692796840329
55.0 272.726813523149
57.5 307.69905727145
60.0 345.741260515167
2.5 16.9803637362285
5.0 17.3843485063857
7.5 18.0248241731831
10.0 18.9202931259443
12.5 20.0892577539933
15.0 21.5502204466537
17.5 23.3216835932495
20.0 25.4221495831044
22.5 27.8701208055422
25.0 30.6840996498867
27.5 33.8825885054618
30.0 37.4840897615911
32.5 41.5071058075986
35.0 45.9701390328079
37.5 50.891691826543
40.0 56.2902665781276
42.5 62.1843656768855
45.0 68.5924915121405
47.5 75.5331464732164
50.0 83.024832949437
52.5 91.0860533301261
55.0 99.7353100046076
57.5 108.991105362205
60.0 118.871941792243
2.5 17.9674646367636
5.0 16.8498849793245
7.5 15.9784211604793
10.0 15.3454826701298
12.5 14.9434789981783
15.0 14.7648196345267
17.5 14.801914069077
20.0 15.0471717917312
22.5 15.4930022923915
25.0 16.1318150609598
27.5 16.9560195873383
30.0 17.9580253614288
32.5 19.1302418731335
35.0 20.4650786123543
37.5 21.9549450689934
40.0 23.5922507329527
42.5 25.3694050941344
45.0 27.2788176424403
47.5 29.3128978677726
50.0 31.4640552600333
52.5 33.7246993091244
55.0 36.087239504948
57.5 38.5440853374061
60.0 41.0876462964007
2.5 20.5255063386909
5.0 18.3364762377717
7.5 16.459205989917
10.0 14.8788701989073
12.5 13.580643468523
15.0 12.5497004025446
17.5 11.7712156047526
20.0 11.2303636789275
22.5 10.9123192288497
25.0 10.8022568582996
27.5 10.8853511710578
30.0 11.1467767709047
32.5 11.5717082616208
35.0 12.1453202469865
37.5 12.8527873307824
40.0 13.6792841167888
42.5 14.6099852087863
45.0 15.6300652105553
47.5 16.7246987258762
50.0 17.8790603585297
52.5 19.078324712296
55.0 20.3076663909558
57.5 21.5522599982894
60.0 22.7972801380773
2.5 21.0720194159431
5.0 18.7094805072923
7.5 16.6716565148053
10.0 14.9426529557644
12.5 13.5065753474521
15.0 12.3475292071506
17.5 11.4496200521422
20.0 10.7969533997094
22.5 10.3736347671345
25.0 10.1637696716998
27.5 10.1514636306877
30.0 10.3208221613805
32.5 10.6559507810606
35.0 11.1409550070103
37.5 11.759940356512
40.0 12.497012346848
42.5 13.3362764953006
45.0 14.2618383191523
47.5 15.2578033356853
50.0 16.308277062182
52.5 17.3973650159248
55.0 18.509172714196
57.5 19.6278056742779
60.0 20.7373694134529
2.5 20.8784441034551
5.0 18.5855735110313
7.5 16.6121142624154
10.0 14.9426088618643
12.5 13.5615998136349
15.0 12.4536296219841
17.5 11.6032407911687
20.0 10.9949758254458
22.5 10.6133772290721
25.0 10.4429875063046
27.5 10.4683491614002
30.0 10.6740046986157
32.5 11.044496622208
35.0 11.564367436434
37.5 12.2181596455507
40.0 12.9904157538149
42.5 13.8656782654834
45.0 14.8284896848133
47.5 15.8633925160613
50.0 16.9549292634844
52.5 18.0876424313395
55.0 19.2460745238834
57.5 20.414768045373
60.0 21.5782655000653
2.5 20.7350954363463
5.0 18.4960144926951
7.5 16.5723483737941
10.0 14.948968776128
12.5 13.6107473961815
15.0 12.5425559304393
17.5 11.7292660753859
20.0 11.1557495275063
22.5 10.8068779832849
25.0 10.6675231392066
27.5 10.7225566917559
30.0 10.9568503374177
32.5 11.3552757726766
35.0 11.9027046940172
37.5 12.5840087979243
40.0 13.3840597808825
42.5 14.2877293393766
45.0 15.2798891698913
47.5 16.3454109689111
50.0 17.4691664329209
52.5 18.6360272584053
55.0 19.8308651418489
57.5 21.0385517797366
60.0 22.2439588685529
2.5 20.7081643720932
5.0 18.4786308421843
7.5 16.5637876957724
10.0 14.9485697860545
12.5 13.6179119662274
15.0 12.5567490894881
17.5 11.7500160090337
20.0 11.182647578061
22.5 10.8395786497669
25.0 10.7057440773486
27.5 10.7660787140028
30.0 11.0055174129266
32.5 11.4089950273169
35.0 11.9614464103706
37.5 12.6478064152848
40.0 13.4530098952563
42.5 14.3619917034822
45.0 15.3596866931593
47.5 16.4310297174846
50.0 17.5609556296552
52.5 18.7343992828679
55.0 19.9362955303196
57.5 21.1515792252074
60.0 22.3651852207282
2.5 20.7077410401077
5.0 18.4760464038376
7.5 16.5591979676292
10.0 14.9421181101874
12.5 13.6097292102173
15.0 12.5469536464237
17.5 11.7387137975117
20.0 11.1699320421861
22.5 10.8255307591519
25.0 10.690432327114
27.5 10.7495591247775
30.0 10.9878335308472
32.5 11.3901779240281
35.0 11.9415146830251
37.5 12.6267661865432
40.0 13.4308548132874
42.5 14.3387029419625
45.0 15.3352329512736
47.5 16.4053672199256
50.0 17.5340281266233
52.5 18.7061380500718
55.0 19.9066193689761
57.5 21.120394462041
60.0 22.3323857079716
2.5 20.6750857834209
5.0 18.4537552583404
7.5 16.5464952647207
10.0 14.9382946759002
12.5 13.6141423652177
15.0 12.5590272060117
17.5 11.757938071621
20.0 11.195863835384
22.5 10.8577933706394
25.0 10.7287155507259
27.5 10.793619248982
30.0 11.0374933387465
32.5 11.4453266933578
35.0 12.0021081861547
37.5 12.6928266904757
40.0 13.5024710796595
42.5 14.4160302270447
45.0 15.41849300597
47.5 16.4948482897739
50.0 17.630084951795
52.5 18.809191865372
55.0 20.0171579038436
57.5 21.2389719405483
60.0 22.4596228488247
2.5 20.617147909637
5.0 18.4165203803269
7.5 16.5284302020623
10.0 14.9379968249192
12.5 13.6303396989736
15.0 12.5905782743014
17.5 11.8038320009788
20.0 11.2552203290817
22.5 10.9298627086862
25.0 10.8128785898683
27.5 10.8893874227039
30.0 11.1445086572691
32.5 11.5633617436399
35.0 12.1310661318924
37.5 12.8327412721026
40.0 13.6535066143464
42.5 14.5784816086998
45.0 15.592785705239
47.5 16.6815383540399
50.0 17.8298590051785
52.5 19.0228671087309
55.0 20.2456821147731
57.5 21.483423473381
60.0 22.7212106346307
2.5 20.5656268057047
5.0 18.383434084328
7.5 16.5124168776103
10.0 14.9378118054768
12.5 13.6448554878528
15.0 12.6187845446638
17.5 11.8448355958351
20.0 11.3082452612919
22.5 10.9942501609597
25.0 10.8880869147638
27.5 10.9749921426294
30.0 11.2402024644821
32.5 11.668954500247
35.0 12.2464848698495
37.5 12.9580301932151
40.0 13.7888270902689
42.5 14.7241121809364
45.0 15.7491220851428
47.5 16.8490934228137
50.0 18.0092628138741
52.5 19.2148668782496
55.0 20.4511422358654
57.5 21.703325506647
60.0 22.9566533105195
2.5 20.538648801958
5.0 18.3650745408907
7.5 16.5020389095004
10.0 14.9348339116554
12.5 13.6487515512236
15.0 12.6290838320732
17.5 11.8611227580724
20.0 11.3301603330893
22.5 11.021488560992
25.0 10.9203994456486
27.5 11.0121849909273
30.0 11.2821372006961
32.5 11.7155480788233
35.0 12.2977096291769
37.5 13.013913855625
40.0 13.8494527620359
42.5 14.7896183522775
45.0 15.8197026302181
47.5 16.9249975997257
50.0 18.0907952646686
52.5 19.3023876289147
55.0 20.5450666963323
57.5 21.8041244707895
60.0 23.0648529561543
2.5 20.5070104249263
5.0 18.344121473638
7.5 16.4909855181972
10.0 14.932962798478
12.5 13.6554135543545
15.0 12.6436980257008
17.5 11.8831764523909
20.0 11.3592090742989
22.5 11.0571561312988
25.0 10.9623778632648
27.5 11.0602345100709
30.0 11.3360863115912
32.5 11.7752935076997
35.0 12.3632163382706
37.5 13.0852150431778
40.0 13.9266498622955
42.5 14.8728810354978
45.0 15.9092688026587
47.5 17.0211734036522
50.0 18.1939550783525
52.5 19.4129740666336
55.0 20.6635906083695
57.5 21.9311649434345
60.0 23.2010573117025
2.5 20.4685945162494
5.0 18.3189689791748
7.5 16.4781241230462
10.0 14.9315049913842
12.5 13.6645566277096
15.0 12.662724075543
17.5 11.9114523784052
20.0 11.3961865798168
22.5 11.1023717232985
25.0 11.015452852371
27.5 11.120875010555
30.0 11.4040832413711
32.5 11.8505225883402
35.0 12.4456380949827
37.5 13.1748748048196
40.0 14.0236777613713
42.5 14.9774920081587
45.0 16.0217625887023
47.5 17.141934546523
50.0 18.3234529251414
52.5 19.5517627680781
55.0 20.8123091188539
57.5 22.0905370209894
60.0 23.3718915180054
2.5 20.4335976244955
5.0 18.2959980028767
7.5 16.4663008338856
10.0 14.930028012924
12.5 13.6727014353936
15.0 12.6798429966963
17.5 11.9369745922338
20.0 11.4296181174079
22.5 11.1432954676203
25.0 11.0635285382729
27.5 11.1758392247673
30.0 11.4657494225054
32.5 11.9187810268889
35.0 12.5204559333196
37.5 13.2562960371992
40.0 14.1118232339296
42.5 15.0725594189125
45.0 16.1240264875497
47.5 17.2517463352429
50.0 18.441240857394
52.5 19.6780319494046
55.0 20.9476415066766
57.5 22.2355914246117
60.0 23.5274035986117
2.5 20.3965120699112
5.0 18.271648792053
7.5 16.4537612425054
10.0 14.9284526988697
12.5 13.681326438747
15.0 12.6979857397388
17.5 11.9640338794462
20.0 11.4650741354704
22.5 11.1867097854128
25.0 11.1145441068746
27.5 11.234180377457
30.0 11.5312218747614
32.5 11.9912718763888
35.0 12.5999336599407
37.5 13.3428105030183
40.0 14.2055056832227
42.5 15.1736224781553
45.0 16.2327641654174
47.5 17.3685340226101
50.0 18.5665353273348
52.5 19.8123713571927
55.0 21.091645389785
57.5 22.3899607027129
60.0 23.6929205735779
2.5 20.3614643166945
5.0 18.2486902840669
7.5 16.4420155437943
10.0 14.9271206214936
12.5 13.6896860427815
15.0 12.7153923332751
17.5 11.9899200185911
20.0 11.4989496243464
22.5 11.2281616761579
25.0 11.1632366996424
27.5 11.2898552204168
30.0 11.593697764098
32.5 12.0604448563028
35.0 12.675777022648
37.5 13.4253747887507
40.0 14.2949186802275
42.5 15.2700892226954
45.0 16.3365669417712
47.5 17.4800323630718
50.0 18.686166012214
52.5 19.9406484148148
55.0 21.2291600964909
57.5 22.5373815828593
60.0 23.8509933995368
2.5 20.3277596273507
5.0 18.2267164575032
7.5 16.4309248813874
10.0 14.9261404434968
12.5 13.6981186883248
15.0 12.7326151603648
17.5 12.0153854041101
20.0 11.5321849640542
22.5 11.2687693846903
25.0 11.2108942105121
27.5 11.3443149860127
30.0 11.6547872556857
32.5 12.1280665640243
35.0 12.7499084555221
37.5 13.5060684746724
40.0 14.3823021659685
42.5 15.364365073904
45.0 16.4380127429721
47.5 17.5890007176662
50.0 18.8030845424799
52.5 20.0660197619063
55.0 21.363561920439
57.5 22.6814665625714
60.0 24.0054892327968
2.5 20.2968341509955
5.0 18.2065908010326
7.5 16.4208208824955
10.0 14.9253490976145
12.5 13.7060001486201
15.0 12.7485987377426
17.5 12.0389695672124
20.0 11.5629373392599
22.5 11.3063267561156
25.0 11.2549625200098
27.5 11.3946693331729
30.0 11.7112718978353
32.5 12.1905949162275
35.0 12.8184630905797
37.5 13.5807011231225
40.0 14.4631337160861
42.5 15.4515855717011
45.0 16.5318813921978
47.5 17.6898458798066
50.0 18.9113037367578
52.5 20.182079665282
55.0 21.4879983676095
57.5 22.8148845459706
60.0 24.1485629025959
2.5 20.2703438238561
5.0 18.1894200936904
7.5 16.4122998155531
10.0 14.9248674976506
12.5 13.7130076481898
15.0 12.7626047753771
17.5 12.0595433874192
20.0 11.5897079925227
22.5 11.3389830988942
25.0 11.2932532147403
27.5 11.4384028482678
30.0 11.760316507683
32.5 12.2448787011928
35.0 12.8779739370037
37.5 13.6454867233222
40.0 14.5333015683551
42.5 15.527302980309
45.0 16.6133754673904
47.5 17.7774035378059
50.0 19.0052716997623
52.5 20.2828644614661
55.0 21.5960663311239
57.5 22.9307618169423
60.0 24.272835427128
2.5 20.2411694175532
5.0 18.1705539121349
7.5 16.4030025684181
10.0 14.9244661603497
12.5 13.7208954618767
15.0 12.7782412469462
17.5 12.0824542895052
20.0 11.6194853635008
22.5 11.3752852428799
25.0 11.3358047015896
27.5 11.4869945135769
30.0 11.8148054527889
32.5 12.3051882931725
35.0 12.9440938086747
37.5 13.7174727732427
40.0 14.6112759608234
42.5 15.6114541453639
45.0 16.7039581008111
47.5 17.8747386011122
50.0 19.1097464202141
52.5 20.3949323320638
55.0 21.7162471106084
57.5 23.0596415297949
60.0 24.4110663635704
2.5 20.2050863124469
5.0 18.1472232678925
7.5 16.3915136959974
10.0 14.9239901950756
12.5 13.7306853634413
15.0 12.7976317994086
17.5 12.1108621012917
20.0 11.6564088674046
22.5 11.4203046960616
25.0 11.3885821855767
27.5 11.5472739342642
30.0 11.882412540438
32.5 12.3800306024125
35.0 13.0261607185017
37.5 13.8068354870197
40.0 14.7080875062807
42.5 15.7159493745988
45.0 16.8164536902881
47.5 17.9956330516629
50.0 19.2395200570372
52.5 20.5341473047252
55.0 21.865547393041
57.5 23.2197529202987
60.0 24.5827964848125
2.5 20.1791787577872
5.0 18.130490599615
7.5 16.3833027780449
10.0 14.9237068051878
12.5 13.7377941931547
15.0 12.8116564540563
17.5 12.1313851000036
20.0 11.6830716431075
22.5 11.4528075954787
25.0 11.4266844692283
27.5 11.590793776467
30.0 11.9312270293058
32.5 12.4340757398555
35.0 13.085431420227
37.5 13.8713855825311
40.0 14.7780297388788
42.5 15.791455401381
45.0 16.8977540821484
47.5 18.083017293292
50.0 19.3333365469227
52.5 20.6348033551513
55.0 21.9735092300887
57.5 23.3355456838458
60.0 24.7070042285334
2.5 20.1500113210353
5.0 18.1117067620816
7.5 16.3741655031494
10.0 14.923545766667
12.5 13.7460057750626
15.0 12.8277037507646
17.5 12.1547979162011
20.0 11.7134464938005
22.5 11.489807705991
25.0 11.4700397752009
27.5 11.6403009238584
30.0 11.9867493743919
32.5 12.4955433492295
35.0 13.1528410707996
37.5 13.9448007615305
40.0 14.8575806438503
42.5 15.8773389401874
45.0 16.9902338729701
47.5 18.1824236646265
50.0 19.4400665375851
52.5 20.7493207142739
55.0 22.0963444171214
57.5 23.4672958685558
60.0 24.8483332910053
2.5 20.1114999541262
5.0 18.0868873598963
7.5 16.3620699284274
10.0 14.9232938491941
12.5 13.7568053116711
15.0 12.848850505333
17.5 12.1856756196546
20.0 11.7535268441105
22.5 11.5386503681752
25.0 11.5272923813236
27.5 11.7056990730302
30.0 12.0601166327697
32.5 12.5767912500168
35.0 13.2419691142461
37.5 14.0418964149323
40.0 14.96281934155
42.5 15.9909840835739
45.0 17.1126368304787
47.5 18.314023771739
50.0 19.5813910968294
52.5 20.9009849952247
55.0 22.2590516563995
57.5 23.6418372698284
60.0 25.0355880249861
2.5 20.0761003697893
5.0 18.0641473040127
7.5 16.3510975264246
10.0 14.9232786984819
12.5 13.7670184816414
15.0 12.86864453736
17.5 12.2144845270944
20.0 11.7908661123017
22.5 11.5841169544387
25.0 11.5805647149621
27.5 11.766537055329
30.0 12.128361636996
32.5 12.6523661214202
35.0 13.3248781700584
37.5 14.1322254443673
40.0 15.0607356058039
42.5 16.0967363158251
45.0 17.2265552358877
47.5 18.4365200274486
50.0 19.7129583519645
52.5 21.0421978708925
55.0 22.4105662456893
57.5 23.8043911378118
60.0 25.2100002087169
