0 0
1 3.742943
2 3.743191
3 3.743293
4 3.743444
5 3.744797
6 3.74887
7 3.756853
8 3.763937
9 3.77319
10 3.78511
11 3.795473
12 3.801153
13 3.804343
14 3.806938
15 3.808539
16 3.809339
17 3.810391
18 3.812189
19 3.815136
20 3.820846
21 3.827896
22 3.836428
23 3.846189
24 3.854894
25 3.866241
26 3.879424
27 3.892078
28 3.905162
29 3.921108
30 3.934932
31 3.950347
32 3.96486
33 3.981224
34 3.99686
35 4.013076
36 4.03144
37 4.05067
38 4.069592
39 4.089745
40 4.113136
41 4.136073
42 4.162464
43 4.188703
44 4.217787
45 4.247154
46 4.287913
47 4.329362
48 4.378997
49 4.430123
50 4.492665
51 4.549681
52 4.605235
53 4.67342
54 4.764704
55 4.874582
56 4.975605
57 5.090987
58 5.233874
59 5.359689
60 5.476338
61 5.614985
62 5.726424
63 5.854502
64 5.950667
65 6.047329
66 6.127602
67 6.193825
68 6.245537
69 0.004326704
70 0.02130342
71 0.02093684
72 0.01005223
73 6.281703
74 6.278873
75 0.004608467
76 0.0320104
77 0.06947255
78 0.1186912
79 0.1695366
80 0.2157899
81 0.249045
82 0.2639078
83 0.2583803
84 0.2417018
85 0.2191603
86 0.1933763
87 0.1836413
88 0.1842203
89 0.03075685
90 0.04373949
91 0.2726383
92 0.5279381
93 0.7394333
94 1.013476
95 1.381161
96 1.586783
97 1.614719
98 1.603455
99 1.594827
100 1.593158
101 1.593488
102 1.591727
103 1.588255
104 1.585124
105 1.583639
106 1.581805
107 1.579519
108 1.577441
109 1.575234
110 1.573133
111 1.571087
112 1.569196
113 1.567557
114 1.565737
115 1.563484
116 1.561858
117 1.560013
118 1.557574
119 1.555309
