0 0
-32.16173 113.361
-32.16173 113.361
-32.16173 113.361
-32.16173 113.361
-32.16173 113.361
-32.16173 113.361
-32.16173 113.361
-32.16173 113.361
-32.16173 113.361
-43.49173 105.941
-43.49173 105.941
-43.49173 105.941
-43.49173 105.941
-43.49173 105.941
-43.49173 105.941
-43.49173 105.941
-43.49173 105.941
-61.09 92.88499
-61.09 92.88499
-61.09 92.88499
-61.09 92.88499
-61.09 92.88499
-61.09 92.88499
-78.29172 78.73102
-78.29172 78.73102
-78.29172 78.73102
-78.29172 78.73102
-93.05002 65.34102
-93.05002 65.34102
-93.05002 65.34102
-93.05002 65.34102
-107.7717 50.57938
-107.7717 50.57938
-107.7717 50.57938
-107.7717 50.57938
-123.3917 33.37102
-123.3917 33.37102
-134.97 18.404
-134.97 18.404
-134.97 18.404
-145.1165 4.339378
-145.1165 4.339378
-145.1165 4.339378
-145.1165 4.339378
-158.3417 -17.42898
-158.3417 -17.42898
-164.3164 -30.18062
-169.3365 -42.84062
-169.3365 -42.84062
-169.3365 -42.84062
-169.3365 -42.84062
-175.4917 -66.52898
-176.9617 -76.85062
-176.9617 -76.85062
-176.8864 -90.64063
-175.0817 -100.3206
-175.0817 -100.3206
-170.3617 -115.129
-164.4217 -124.5206
-158.9417 -131.399
-158.9417 -131.399
-146.6317 -141.329
-146.6317 -141.329
-134.6765 -147.489
-126.4965 -150.849
-126.4965 -150.849
-108.5617 -155.499
-108.5617 -155.499
-95.20645 -157.609
-95.20645 -157.609
-73.86172 -159.129
-73.86172 -159.129
-73.86172 -159.129
-42.38173 -159.099
-42.38173 -159.099
-24.50172 -157.469
-24.50172 -157.469
-24.50172 -157.469
2.908264 -153.909
2.908264 -153.909
2.908264 -153.909
22.10828 -151.629
22.10828 -151.629
47.20827 -148.129
47.20827 -148.129
47.20827 -148.129
75.06355 -143.929
75.06355 -143.929
91.19354 -139.979
91.19354 -139.979
114.2635 -130.6506
114.2635 -130.6506
122.5583 -123.779
122.5583 -123.779
122.5583 -123.779
122.5583 -123.779
122.5583 -123.779
122.5583 -123.779
122.5583 -123.779
122.5583 -123.779
122.5583 -123.779
122.5583 -123.779
122.5583 -123.779
122.5583 -123.779
122.5583 -123.779
122.5583 -123.779
122.5583 -123.779
122.5583 -123.779
122.5583 -123.779
122.5583 -123.779
122.5583 -123.779
122.5583 -123.779
122.5583 -123.779
122.5583 -123.779
122.5583 -123.779
122.5583 -123.779
122.5583 -123.779
122.5583 -123.779
122.5583 -123.779
