0 0
1 -32.16173
1 -43.49173
1 -61.09
1 -78.29172
1 -93.05002
1 -107.7717
2 -32.16173
2 -43.49173
2 -61.09
2 -78.29172
2 -93.05002
2 -107.7717
3 -32.16173
3 -43.49173
3 -61.09
3 -78.29172
3 -93.05002
3 -107.7717
4 -32.16173
4 -43.49173
4 -61.09
4 -78.29172
4 -93.05002
4 -107.7717
5 -32.16173
5 -43.49173
5 -61.09
5 -78.29172
5 -93.05002
5 -107.7717
6 -32.16173
6 -43.49173
6 -61.09
6 -78.29172
6 -93.05002
6 -107.7717
7 -32.16173
7 -43.49173
7 -61.09
7 -78.29172
7 -93.05002
7 -107.7717
8 -32.16173
8 -43.49173
8 -61.09
8 -78.29172
8 -93.05002
8 -107.7717
9 -32.16173
9 -43.49173
9 -61.09
9 -78.29172
9 -93.05002
9 -107.7717
10 -43.49173
10 -61.09
10 -78.29172
10 -93.05002
10 -107.7717
10 -123.3917
11 -43.49173
11 -61.09
11 -78.29172
11 -93.05002
11 -107.7717
11 -123.3917
12 -43.49173
12 -61.09
12 -78.29172
12 -93.05002
12 -107.7717
12 -123.3917
13 -43.49173
13 -61.09
13 -78.29172
13 -93.05002
13 -107.7717
13 -123.3917
14 -43.49173
14 -61.09
14 -78.29172
14 -93.05002
14 -107.7717
14 -123.3917
15 -43.49173
15 -61.09
15 -78.29172
15 -93.05002
15 -107.7717
15 -123.3917
16 -43.49173
16 -61.09
16 -78.29172
16 -93.05002
16 -107.7717
16 -123.3917
17 -43.49173
17 -61.09
17 -78.29172
17 -93.05002
17 -107.7717
17 -123.3917
18 -61.09
18 -78.29172
18 -93.05002
18 -107.7717
18 -123.3917
18 -134.97
19 -61.09
19 -78.29172
19 -93.05002
19 -107.7717
19 -123.3917
19 -134.97
20 -61.09
20 -78.29172
20 -93.05002
20 -107.7717
20 -123.3917
20 -134.97
21 -61.09
21 -78.29172
21 -93.05002
21 -107.7717
21 -123.3917
21 -134.97
22 -61.09
22 -78.29172
22 -93.05002
22 -107.7717
22 -123.3917
22 -134.97
23 -61.09
23 -78.29172
23 -93.05002
23 -107.7717
23 -123.3917
23 -134.97
24 -78.29172
24 -93.05002
24 -107.7717
24 -123.3917
24 -134.97
24 -145.1165
25 -78.29172
25 -93.05002
25 -107.7717
25 -123.3917
25 -134.97
25 -145.1165
26 -78.29172
26 -93.05002
26 -107.7717
26 -123.3917
26 -134.97
26 -145.1165
27 -78.29172
27 -93.05002
27 -107.7717
27 -123.3917
27 -134.97
27 -145.1165
28 -93.05002
28 -107.7717
28 -123.3917
28 -134.97
28 -145.1165
28 -158.3417
29 -93.05002
29 -107.7717
29 -123.3917
29 -134.97
29 -145.1165
29 -158.3417
30 -93.05002
30 -107.7717
30 -123.3917
30 -134.97
30 -145.1165
30 -158.3417
31 -93.05002
31 -107.7717
31 -123.3917
31 -134.97
31 -145.1165
31 -158.3417
32 -107.7717
32 -123.3917
32 -134.97
32 -145.1165
32 -158.3417
32 -164.3164
33 -107.7717
33 -123.3917
33 -134.97
33 -145.1165
33 -158.3417
33 -164.3164
34 -107.7717
34 -123.3917
34 -134.97
34 -145.1165
34 -158.3417
34 -164.3164
35 -107.7717
35 -123.3917
35 -134.97
35 -145.1165
35 -158.3417
35 -164.3164
36 -123.3917
36 -134.97
36 -145.1165
36 -158.3417
36 -164.3164
36 -169.3365
37 -123.3917
37 -134.97
37 -145.1165
37 -158.3417
37 -164.3164
37 -169.3365
38 -134.97
38 -145.1165
38 -158.3417
38 -164.3164
38 -169.3365
38 -175.4917
39 -134.97
39 -145.1165
39 -158.3417
39 -164.3164
39 -169.3365
39 -175.4917
40 -134.97
40 -145.1165
40 -158.3417
40 -164.3164
40 -169.3365
40 -175.4917
41 -145.1165
41 -158.3417
41 -164.3164
41 -169.3365
41 -175.4917
41 -176.9617
42 -145.1165
42 -158.3417
42 -164.3164
42 -169.3365
42 -175.4917
42 -176.9617
43 -145.1165
43 -158.3417
43 -164.3164
43 -169.3365
43 -175.4917
43 -176.9617
44 -145.1165
44 -158.3417
44 -164.3164
44 -169.3365
44 -175.4917
44 -176.9617
45 -158.3417
45 -164.3164
45 -169.3365
45 -175.4917
45 -176.9617
45 -176.8864
46 -158.3417
46 -164.3164
46 -169.3365
46 -175.4917
46 -176.9617
46 -176.8864
47 -164.3164
47 -169.3365
47 -175.4917
47 -176.9617
47 -176.8864
47 -175.0817
48 -169.3365
48 -175.4917
48 -176.9617
48 -176.8864
48 -175.0817
48 -170.3617
49 -169.3365
49 -175.4917
49 -176.9617
49 -176.8864
49 -175.0817
49 -170.3617
50 -169.3365
50 -175.4917
50 -176.9617
50 -176.8864
50 -175.0817
50 -170.3617
51 -169.3365
51 -175.4917
51 -176.9617
51 -176.8864
51 -175.0817
51 -170.3617
52 -175.4917
52 -176.9617
52 -176.8864
52 -175.0817
52 -170.3617
52 -164.4217
53 -176.9617
53 -176.8864
53 -175.0817
53 -170.3617
53 -164.4217
53 -158.9417
54 -176.9617
54 -176.8864
54 -175.0817
54 -170.3617
54 -164.4217
54 -158.9417
55 -176.8864
55 -175.0817
55 -170.3617
55 -164.4217
55 -158.9417
55 -146.6317
56 -175.0817
56 -170.3617
56 -164.4217
56 -158.9417
56 -146.6317
56 -134.6765
57 -175.0817
57 -170.3617
57 -164.4217
57 -158.9417
57 -146.6317
57 -134.6765
58 -170.3617
58 -164.4217
58 -158.9417
58 -146.6317
58 -134.6765
58 -126.4965
59 -164.4217
59 -158.9417
59 -146.6317
59 -134.6765
59 -126.4965
59 -108.5617
60 -158.9417
60 -146.6317
60 -134.6765
60 -126.4965
60 -108.5617
60 -95.20645
61 -158.9417
61 -146.6317
61 -134.6765
61 -126.4965
61 -108.5617
61 -95.20645
62 -146.6317
62 -134.6765
62 -126.4965
62 -108.5617
62 -95.20645
62 -73.86172
63 -146.6317
63 -134.6765
63 -126.4965
63 -108.5617
63 -95.20645
63 -73.86172
64 -134.6765
64 -126.4965
64 -108.5617
64 -95.20645
64 -73.86172
64 -42.38173
65 -126.4965
65 -108.5617
65 -95.20645
65 -73.86172
65 -42.38173
65 -24.50172
66 -126.4965
66 -108.5617
66 -95.20645
66 -73.86172
66 -42.38173
66 -24.50172
67 -108.5617
67 -95.20645
67 -73.86172
67 -42.38173
67 -24.50172
67 2.908264
68 -108.5617
68 -95.20645
68 -73.86172
68 -42.38173
68 -24.50172
68 2.908264
69 -95.20645
69 -73.86172
69 -42.38173
69 -24.50172
69 2.908264
69 22.10828
70 -95.20645
70 -73.86172
70 -42.38173
70 -24.50172
70 2.908264
70 22.10828
71 -73.86172
71 -42.38173
71 -24.50172
71 2.908264
71 22.10828
71 47.20827
72 -73.86172
72 -42.38173
72 -24.50172
72 2.908264
72 22.10828
72 47.20827
73 -73.86172
73 -42.38173
73 -24.50172
73 2.908264
73 22.10828
73 47.20827
74 -42.38173
74 -24.50172
74 2.908264
74 22.10828
74 47.20827
74 75.06355
75 -42.38173
75 -24.50172
75 2.908264
75 22.10828
75 47.20827
75 75.06355
76 -24.50172
76 2.908264
76 22.10828
76 47.20827
76 75.06355
76 91.19354
77 -24.50172
77 2.908264
77 22.10828
77 47.20827
77 75.06355
77 91.19354
78 -24.50172
78 2.908264
78 22.10828
78 47.20827
78 75.06355
78 91.19354
79 2.908264
79 22.10828
79 47.20827
79 75.06355
79 91.19354
79 107.3083
80 2.908264
80 22.10828
80 47.20827
80 75.06355
80 91.19354
80 107.3083
81 2.908264
81 22.10828
81 47.20827
81 75.06355
81 91.19354
81 107.3083
82 22.10828
82 47.20827
82 75.06355
82 91.19354
82 107.3083
82 114.2635
83 22.10828
83 47.20827
83 75.06355
83 91.19354
83 107.3083
83 114.2635
84 47.20827
84 75.06355
84 91.19354
84 107.3083
84 114.2635
84 122.5583
85 47.20827
85 75.06355
85 91.19354
85 107.3083
85 114.2635
85 122.5583
86 47.20827
86 75.06355
86 91.19354
86 107.3083
86 114.2635
86 122.5583
87 75.06355
87 91.19354
87 107.3083
87 114.2635
87 122.5583
87 126.6183
88 75.06355
88 91.19354
88 107.3083
88 114.2635
88 122.5583
88 126.6183
89 91.19354
89 107.3083
89 114.2635
89 122.5583
89 126.6183
89 129.1083
90 91.19354
90 107.3083
90 114.2635
90 122.5583
90 126.6183
90 129.1083
91 114.2635
91 122.5583
91 126.6183
91 129.1083
91 129.1283
91 126.8983
92 114.2635
92 122.5583
92 126.6183
92 129.1083
92 129.1283
92 126.8983
93 122.5583
93 126.6183
93 129.1083
93 129.1283
93 126.8983
93 122.3383
94 122.5583
94 126.6183
94 129.1083
94 129.1283
94 126.8983
94 122.3383
95 122.5583
95 126.6183
95 129.1083
95 129.1283
95 126.8983
95 122.3383
96 122.5583
96 126.6183
96 129.1083
96 129.1283
96 126.8983
96 122.3383
97 122.5583
97 126.6183
97 129.1083
97 129.1283
97 126.8983
97 122.3383
98 122.5583
98 126.6183
98 129.1083
98 129.1283
98 126.8983
98 122.3383
99 122.5583
99 126.6183
99 129.1083
99 129.1283
99 126.8983
99 122.3383
100 122.5583
100 126.6183
100 129.1083
100 129.1283
100 126.8983
100 122.3383
101 122.5583
101 126.6183
101 129.1083
101 129.1283
101 126.8983
101 122.3383
102 122.5583
102 126.6183
102 129.1083
102 129.1283
102 126.8983
102 122.3383
103 122.5583
103 126.6183
103 129.1083
103 129.1283
103 126.8983
103 122.3383
104 122.5583
104 126.6183
104 129.1083
104 129.1283
104 126.8983
104 122.3383
105 122.5583
105 126.6183
105 129.1083
105 129.1283
105 126.8983
105 122.3383
106 122.5583
106 126.6183
106 129.1083
106 129.1283
106 126.8983
106 122.3383
107 122.5583
107 126.6183
107 129.1083
107 129.1283
107 126.8983
107 122.3383
108 122.5583
108 126.6183
108 129.1083
108 129.1283
108 126.8983
108 122.3383
109 122.5583
109 126.6183
109 129.1083
109 129.1283
109 126.8983
109 122.3383
110 122.5583
110 126.6183
110 129.1083
110 129.1283
110 126.8983
110 122.3383
111 122.5583
111 126.6183
111 129.1083
111 129.1283
111 126.8983
111 122.3383
112 122.5583
112 126.6183
112 129.1083
112 129.1283
112 126.8983
112 122.3383
113 122.5583
113 126.6183
113 129.1083
113 129.1283
113 126.8983
113 122.3383
114 122.5583
114 126.6183
114 129.1083
114 129.1283
114 126.8983
114 122.3383
115 122.5583
115 126.6183
115 129.1083
115 129.1283
115 126.8983
115 122.3383
116 122.5583
116 126.6183
116 129.1083
116 129.1283
116 126.8983
116 122.3383
117 122.5583
117 126.6183
117 129.1083
117 129.1283
117 126.8983
117 122.3383
118 122.5583
118 126.6183
118 129.1083
118 129.1283
118 126.8983
118 122.3383
119 122.5583
119 126.6183
119 129.1083
119 129.1283
119 126.8983
119 122.3383
