0 0
1 113.361
1 105.941
1 92.88499
1 78.73102
1 65.34102
1 50.57938
2 113.361
2 105.941
2 92.88499
2 78.73102
2 65.34102
2 50.57938
3 113.361
3 105.941
3 92.88499
3 78.73102
3 65.34102
3 50.57938
4 113.361
4 105.941
4 92.88499
4 78.73102
4 65.34102
4 50.57938
5 113.361
5 105.941
5 92.88499
5 78.73102
5 65.34102
5 50.57938
6 113.361
6 105.941
6 92.88499
6 78.73102
6 65.34102
6 50.57938
7 113.361
7 105.941
7 92.88499
7 78.73102
7 65.34102
7 50.57938
8 113.361
8 105.941
8 92.88499
8 78.73102
8 65.34102
8 50.57938
9 113.361
9 105.941
9 92.88499
9 78.73102
9 65.34102
9 50.57938
10 105.941
10 92.88499
10 78.73102
10 65.34102
10 50.57938
10 33.37102
11 105.941
11 92.88499
11 78.73102
11 65.34102
11 50.57938
11 33.37102
12 105.941
12 92.88499
12 78.73102
12 65.34102
12 50.57938
12 33.37102
13 105.941
13 92.88499
13 78.73102
13 65.34102
13 50.57938
13 33.37102
14 105.941
14 92.88499
14 78.73102
14 65.34102
14 50.57938
14 33.37102
15 105.941
15 92.88499
15 78.73102
15 65.34102
15 50.57938
15 33.37102
16 105.941
16 92.88499
16 78.73102
16 65.34102
16 50.57938
16 33.37102
17 105.941
17 92.88499
17 78.73102
17 65.34102
17 50.57938
17 33.37102
18 92.88499
18 78.73102
18 65.34102
18 50.57938
18 33.37102
18 18.404
19 92.88499
19 78.73102
19 65.34102
19 50.57938
19 33.37102
19 18.404
20 92.88499
20 78.73102
20 65.34102
20 50.57938
20 33.37102
20 18.404
21 92.88499
21 78.73102
21 65.34102
21 50.57938
21 33.37102
21 18.404
22 92.88499
22 78.73102
22 65.34102
22 50.57938
22 33.37102
22 18.404
23 92.88499
23 78.73102
23 65.34102
23 50.57938
23 33.37102
23 18.404
24 78.73102
24 65.34102
24 50.57938
24 33.37102
24 18.404
24 4.339378
25 78.73102
25 65.34102
25 50.57938
25 33.37102
25 18.404
25 4.339378
26 78.73102
26 65.34102
26 50.57938
26 33.37102
26 18.404
26 4.339378
27 78.73102
27 65.34102
27 50.57938
27 33.37102
27 18.404
27 4.339378
28 65.34102
28 50.57938
28 33.37102
28 18.404
28 4.339378
28 -17.42898
29 65.34102
29 50.57938
29 33.37102
29 18.404
29 4.339378
29 -17.42898
30 65.34102
30 50.57938
30 33.37102
30 18.404
30 4.339378
30 -17.42898
31 65.34102
31 50.57938
31 33.37102
31 18.404
31 4.339378
31 -17.42898
32 50.57938
32 33.37102
32 18.404
32 4.339378
32 -17.42898
32 -30.18062
33 50.57938
33 33.37102
33 18.404
33 4.339378
33 -17.42898
33 -30.18062
34 50.57938
34 33.37102
34 18.404
34 4.339378
34 -17.42898
34 -30.18062
35 50.57938
35 33.37102
35 18.404
35 4.339378
35 -17.42898
35 -30.18062
36 33.37102
36 18.404
36 4.339378
36 -17.42898
36 -30.18062
36 -42.84062
37 33.37102
37 18.404
37 4.339378
37 -17.42898
37 -30.18062
37 -42.84062
38 18.404
38 4.339378
38 -17.42898
38 -30.18062
38 -42.84062
38 -66.52898
39 18.404
39 4.339378
39 -17.42898
39 -30.18062
39 -42.84062
39 -66.52898
40 18.404
40 4.339378
40 -17.42898
40 -30.18062
40 -42.84062
40 -66.52898
41 4.339378
41 -17.42898
41 -30.18062
41 -42.84062
41 -66.52898
41 -76.85062
42 4.339378
42 -17.42898
42 -30.18062
42 -42.84062
42 -66.52898
42 -76.85062
43 4.339378
43 -17.42898
43 -30.18062
43 -42.84062
43 -66.52898
43 -76.85062
44 4.339378
44 -17.42898
44 -30.18062
44 -42.84062
44 -66.52898
44 -76.85062
45 -17.42898
45 -30.18062
45 -42.84062
45 -66.52898
45 -76.85062
45 -90.64063
46 -17.42898
46 -30.18062
46 -42.84062
46 -66.52898
46 -76.85062
46 -90.64063
47 -30.18062
47 -42.84062
47 -66.52898
47 -76.85062
47 -90.64063
47 -100.3206
48 -42.84062
48 -66.52898
48 -76.85062
48 -90.64063
48 -100.3206
48 -115.129
49 -42.84062
49 -66.52898
49 -76.85062
49 -90.64063
49 -100.3206
49 -115.129
50 -42.84062
50 -66.52898
50 -76.85062
50 -90.64063
50 -100.3206
50 -115.129
51 -42.84062
51 -66.52898
51 -76.85062
51 -90.64063
51 -100.3206
51 -115.129
52 -66.52898
52 -76.85062
52 -90.64063
52 -100.3206
52 -115.129
52 -124.5206
53 -76.85062
53 -90.64063
53 -100.3206
53 -115.129
53 -124.5206
53 -131.399
54 -76.85062
54 -90.64063
54 -100.3206
54 -115.129
54 -124.5206
54 -131.399
55 -90.64063
55 -100.3206
55 -115.129
55 -124.5206
55 -131.399
55 -141.329
56 -100.3206
56 -115.129
56 -124.5206
56 -131.399
56 -141.329
56 -147.489
57 -100.3206
57 -115.129
57 -124.5206
57 -131.399
57 -141.329
57 -147.489
58 -115.129
58 -124.5206
58 -131.399
58 -141.329
58 -147.489
58 -150.849
59 -124.5206
59 -131.399
59 -141.329
59 -147.489
59 -150.849
59 -155.499
60 -131.399
60 -141.329
60 -147.489
60 -150.849
60 -155.499
60 -157.609
61 -131.399
61 -141.329
61 -147.489
61 -150.849
61 -155.499
61 -157.609
62 -141.329
62 -147.489
62 -150.849
62 -155.499
62 -157.609
62 -159.129
63 -141.329
63 -147.489
63 -150.849
63 -155.499
63 -157.609
63 -159.129
64 -147.489
64 -150.849
64 -155.499
64 -157.609
64 -159.129
64 -159.099
65 -150.849
65 -155.499
65 -157.609
65 -159.129
65 -159.099
65 -157.469
66 -150.849
66 -155.499
66 -157.609
66 -159.129
66 -159.099
66 -157.469
67 -155.499
67 -157.609
67 -159.129
67 -159.099
67 -157.469
67 -153.909
68 -155.499
68 -157.609
68 -159.129
68 -159.099
68 -157.469
68 -153.909
69 -157.609
69 -159.129
69 -159.099
69 -157.469
69 -153.909
69 -151.629
70 -157.609
70 -159.129
70 -159.099
70 -157.469
70 -153.909
70 -151.629
71 -159.129
71 -159.099
71 -157.469
71 -153.909
71 -151.629
71 -148.129
72 -159.129
72 -159.099
72 -157.469
72 -153.909
72 -151.629
72 -148.129
73 -159.129
73 -159.099
73 -157.469
73 -153.909
73 -151.629
73 -148.129
74 -159.099
74 -157.469
74 -153.909
74 -151.629
74 -148.129
74 -143.929
75 -159.099
75 -157.469
75 -153.909
75 -151.629
75 -148.129
75 -143.929
76 -157.469
76 -153.909
76 -151.629
76 -148.129
76 -143.929
76 -139.979
77 -157.469
77 -153.909
77 -151.629
77 -148.129
77 -143.929
77 -139.979
78 -157.469
78 -153.909
78 -151.629
78 -148.129
78 -143.929
78 -139.979
79 -153.909
79 -151.629
79 -148.129
79 -143.929
79 -139.979
79 -134.209
80 -153.909
80 -151.629
80 -148.129
80 -143.929
80 -139.979
80 -134.209
81 -153.909
81 -151.629
81 -148.129
81 -143.929
81 -139.979
81 -134.209
82 -151.629
82 -148.129
82 -143.929
82 -139.979
82 -134.209
82 -130.6506
83 -151.629
83 -148.129
83 -143.929
83 -139.979
83 -134.209
83 -130.6506
84 -148.129
84 -143.929
84 -139.979
84 -134.209
84 -130.6506
84 -123.779
85 -148.129
85 -143.929
85 -139.979
85 -134.209
85 -130.6506
85 -123.779
86 -148.129
86 -143.929
86 -139.979
86 -134.209
86 -130.6506
86 -123.779
87 -143.929
87 -139.979
87 -134.209
87 -130.6506
87 -123.779
87 -118.159
88 -143.929
88 -139.979
88 -134.209
88 -130.6506
88 -123.779
88 -118.159
89 -139.979
89 -134.209
89 -130.6506
89 -123.779
89 -118.159
89 -108.669
90 -139.979
90 -134.209
90 -130.6506
90 -123.779
90 -118.159
90 -108.669
91 -130.6506
91 -123.779
91 -118.159
91 -108.669
91 -100.349
91 -89.95898
92 -130.6506
92 -123.779
92 -118.159
92 -108.669
92 -100.349
92 -89.95898
93 -123.779
93 -118.159
93 -108.669
93 -100.349
93 -89.95898
93 -79.97897
94 -123.779
94 -118.159
94 -108.669
94 -100.349
94 -89.95898
94 -79.97897
95 -123.779
95 -118.159
95 -108.669
95 -100.349
95 -89.95898
95 -79.97897
96 -123.779
96 -118.159
96 -108.669
96 -100.349
96 -89.95898
96 -79.97897
97 -123.779
97 -118.159
97 -108.669
97 -100.349
97 -89.95898
97 -79.97897
98 -123.779
98 -118.159
98 -108.669
98 -100.349
98 -89.95898
98 -79.97897
99 -123.779
99 -118.159
99 -108.669
99 -100.349
99 -89.95898
99 -79.97897
100 -123.779
100 -118.159
100 -108.669
100 -100.349
100 -89.95898
100 -79.97897
101 -123.779
101 -118.159
101 -108.669
101 -100.349
101 -89.95898
101 -79.97897
102 -123.779
102 -118.159
102 -108.669
102 -100.349
102 -89.95898
102 -79.97897
103 -123.779
103 -118.159
103 -108.669
103 -100.349
103 -89.95898
103 -79.97897
104 -123.779
104 -118.159
104 -108.669
104 -100.349
104 -89.95898
104 -79.97897
105 -123.779
105 -118.159
105 -108.669
105 -100.349
105 -89.95898
105 -79.97897
106 -123.779
106 -118.159
106 -108.669
106 -100.349
106 -89.95898
106 -79.97897
107 -123.779
107 -118.159
107 -108.669
107 -100.349
107 -89.95898
107 -79.97897
108 -123.779
108 -118.159
108 -108.669
108 -100.349
108 -89.95898
108 -79.97897
109 -123.779
109 -118.159
109 -108.669
109 -100.349
109 -89.95898
109 -79.97897
110 -123.779
110 -118.159
110 -108.669
110 -100.349
110 -89.95898
110 -79.97897
111 -123.779
111 -118.159
111 -108.669
111 -100.349
111 -89.95898
111 -79.97897
112 -123.779
112 -118.159
112 -108.669
112 -100.349
112 -89.95898
112 -79.97897
113 -123.779
113 -118.159
113 -108.669
113 -100.349
113 -89.95898
113 -79.97897
114 -123.779
114 -118.159
114 -108.669
114 -100.349
114 -89.95898
114 -79.97897
115 -123.779
115 -118.159
115 -108.669
115 -100.349
115 -89.95898
115 -79.97897
116 -123.779
116 -118.159
116 -108.669
116 -100.349
116 -89.95898
116 -79.97897
117 -123.779
117 -118.159
117 -108.669
117 -100.349
117 -89.95898
117 -79.97897
118 -123.779
118 -118.159
118 -108.669
118 -100.349
118 -89.95898
118 -79.97897
119 -123.779
119 -118.159
119 -108.669
119 -100.349
119 -89.95898
119 -79.97897
