0 0
1 0
2 -9.506625e-05
3 -0.001317986
4 -0.01251351
5 -0.03123318
6 -0.03123318
7 -0.03091285
8 -0.02282024
9 -0.01809138
10 -0.0125642
11 -0.007082062
12 -0.003361135
13 -0.001719467
14 -0.001719467
15 -0.0002694316
16 -0.0008712509
17 -0.001762282
18 -0.003314386
19 -0.005318765
20 -0.006001319
21 -0.006725726
22 -0.007053255
23 -0.007261865
24 -0.007327302
25 -0.00750975
26 -0.00750975
27 -0.007431324
28 -0.007389711
29 -0.007310094
30 -0.007297986
31 -0.007341967
32 -0.00746212
33 -0.007740029
34 -0.007740959
35 -0.007740959
36 -0.008240463
37 -0.009044353
38 -0.009044353
39 -0.009656945
40 -0.01029915
41 -0.01039545
42 -0.01181857
43 -0.01324187
44 -0.01324187
45 -0.01740851
46 -0.0174481
47 -0.0174481
48 -0.02210463
49 -0.02366949
50 -0.02560303
51 -0.02560303
52 -0.02809435
53 -0.03108792
54 -0.03424069
55 -0.04029516
56 -0.04029516
57 -0.04172594
58 -0.04414374
59 -0.04414374
60 -0.04294075
61 -0.03780556
62 -0.04043794
63 -0.02729355
64 -0.02729355
65 -0.01739215
66 -0.01422016
67 -0.008782244
68 -0.005542769
69 0.009475061
70 0.006639747
71 0.007292605
72 0.004647676
73 -0.008846598
74 -0.008846598
75 -0.02179899
76 -0.01850242
77 -0.01882941
78 -0.01475079
79 -0.01015409
80 -0.004732936
81 0.01209852
82 0.0103342
83 0.01317619
84 0.009850241
85 0.009850241
86 -0.009155234
87 -0.0123634
88 0.1634202
89 -0.1634202
90 -0.1604766
91 -0.06051759
92 -0.1634202
93 -0.0748289
94 -0.1634202
95 -0.1634202
96 -0.1634202
97 -0.1634202
98 -0.1634202
99 -0.09833442
100 -0.02027562
101 -0.01635227
102 -0.02296684
103 -0.01399246
104 -0.01023456
105 -0.013111
106 -0.01582225
107 -0.01139606
108 -0.01083486
109 -0.01174395
110 -0.0112546
111 -0.01199686
112 -0.01046881
113 -0.01046881
114 -0.01071264
115 -0.01176581
116 -0.01176581
117 -0.01068635
118 -0.01135522
119 -0.01124217
