0 0
1 4.111039
2 4.110791
3 4.110688
4 4.110538
5 4.109185
6 4.105112
7 4.097129
8 4.090044
9 4.080791
10 4.068871
11 4.058508
12 4.052828
13 4.049639
14 4.047044
15 4.045442
16 4.044643
17 4.043591
18 4.041793
19 4.038846
20 4.033135
21 4.026085
22 4.017554
23 4.007793
24 3.999087
25 3.987741
26 3.974557
27 3.961903
28 3.948819
29 3.932874
30 3.91905
31 3.903635
32 3.889122
33 3.872758
34 3.857122
35 3.840905
36 3.822541
37 3.803311
38 3.784389
39 3.764237
40 3.740845
41 3.717908
42 3.691518
43 3.665279
44 3.636195
45 3.606827
46 3.566069
47 3.524619
48 3.474985
49 3.423858
50 3.361316
51 3.304301
52 3.248747
53 3.180561
54 3.089278
55 2.9794
56 2.878376
57 2.762995
58 2.620107
59 2.494292
60 2.377643
61 2.238997
62 2.127557
63 1.99948
64 1.903315
65 1.806653
66 1.72638
67 1.660156
68 1.608445
69 1.56647
70 1.549493
71 1.54986
72 1.560744
73 1.572279
74 1.575108
75 1.566188
76 1.538786
77 1.501324
78 1.452105
79 1.40126
80 1.355006
81 1.321751
82 1.306888
83 1.312416
84 1.329095
85 1.351636
86 1.37742
87 1.387155
88 1.386576
89 1.540039
90 1.527057
91 1.298158
92 1.042858
93 0.8313631
94 0.5573202
95 0.1896349
96 6.267198
97 6.239262
98 6.250526
99 6.259154
100 6.260824
101 6.260494
102 6.262254
103 6.265727
104 6.268857
105 6.270342
106 6.272177
107 6.274463
108 6.276541
109 6.278748
110 6.280848
111 6.282895
112 0.001600155
113 0.003239543
114 0.005059148
115 0.007312017
116 0.008938436
117 0.01078317
118 0.01322266
119 0.01548768
