0 0
1 -40.61077
2 -40.61486
3 -40.68496
4 -40.8951
5 -41.15339
6 -41.49174
7 -42.04205
8 -42.55808
9 -43.42368
10 -44.889
11 -46.50294
12 -47.90565
13 -49.28609
14 -51.29744
15 -53.69185
16 -56.30529
17 -59.58494
18 -62.64775
19 -65.39169
20 -68.5341
21 -71.54219
22 -74.66367
23 -77.89021
24 -80.60269
25 -84.00001
26 -87.80059
27 -91.36292
28 -94.99287
29 -99.3603
30 -103.1133
31 -107.2591
32 -111.0992
33 -115.3226
34 -119.2169
35 -123.1243
36 -127.3919
37 -131.6532
38 -135.5418
39 -139.4004
40 -143.5605
41 -147.3138
42 -151.3248
43 -154.9073
44 -158.3761
45 -161.4083
46 -164.854
47 -167.7869
48 -170.695
49 -173.0439
50 -175.1924
51 -176.6005
52 -177.5317
53 -178.1457
54 -178.2154
55 -177.4273
56 -176.0095
57 -173.6067
58 -169.5929
59 -165.1987
60 -160.432
61 -153.8108
62 -147.6315
63 -139.5163
64 -132.3019
65 -123.2744
66 -114.7464
67 -106.0471
68 -97.23048
69 -87.51867
70 -77.73196
71 -69.52557
72 -58.78848
73 -50.47723
74 -42.12217
75 -32.03799
76 -22.7467
77 -14.26531
78 -4.916134
79 4.430604
80 13.75376
81 22.20132
82 31.47939
83 41.62996
84 50.14125
85 58.71782
86 68.2282
87 77.81453
88 87.44093
89 97.16757
90 106.9439
91 115.6865
92 124.9978
93 134.0833
94 139.8637
95 140.4631
96 140.7428
97 140.8042
98 140.8026
99 140.8108
100 140.8071
101 140.8001
102 140.7941
103 140.7908
104 140.787
105 140.7818
106 140.7774
107 140.7726
108 140.768
109 140.763
110 140.7583
111 140.7539
112 140.7498
113 140.7463
114 140.7424
115 140.7376
116 140.7341
117 140.7302
118 140.7249
119 140.72
