0 0
1 108.7362
2 108.7334
3 108.6853
4 108.5407
5 108.3605
6 108.1188
7 107.7182
8 107.3376
9 106.6935
10 105.5861
11 104.3454
12 103.255
13 102.1761
14 100.5984
15 98.71441
16 96.65444
17 94.06444
18 91.63765
19 89.45153
20 86.92354
21 84.47095
22 81.88522
23 79.16291
24 76.83187
25 73.8539
26 70.44077
27 67.15911
28 63.72953
29 59.48386
30 55.72713
31 51.45613
32 47.38167
33 42.76147
34 38.36389
35 33.80931
36 28.65987
37 23.31963
38 18.25376
39 13.02103
40 7.118835
41 1.527497
42 -4.772855
43 -10.73523
44 -16.88204
45 -22.63496
46 -29.75468
47 -36.49417
48 -44.07938
49 -51.24503
50 -59.28894
51 -66.1622
52 -72.46699
53 -79.58512
54 -88.24242
55 -96.95248
56 -104.1693
57 -111.9633
58 -120.8192
59 -127.8594
60 -133.7783
61 -140.1419
62 -144.7511
63 -149.3111
64 -152.316
65 -155.0989
66 -156.9388
67 -158.1743
68 -158.8994
69 -159.2264
70 -159.2382
71 -159.1614
72 -159.0708
73 -159.0647
74 -159.0989
75 -159.101
76 -158.9452
77 -158.5453
78 -157.7316
79 -156.4759
80 -154.7809
81 -152.9049
82 -150.597
83 -147.9926
84 -145.873
85 -143.8783
86 -141.8611
87 -140.0038
88 -138.1636
89 -137.0365
90 -136.6362
91 -135.1481
92 -132.5097
93 -129.8126
94 -128.3876
95 -128.8535
96 -128.9987
97 -129.0307
98 -129.027
99 -129.014
100 -129.0176
101 -129.0192
102 -129.0206
103 -129.0204
104 -129.0213
105 -129.0225
106 -129.0234
107 -129.0246
108 -129.0256
109 -129.0266
110 -129.0275
111 -129.0284
112 -129.0293
113 -129.0302
114 -129.0313
115 -129.0324
116 -129.0332
117 -129.0341
118 -129.0352
119 -129.0363
