0 0
0.0 0.0
0.0 0.0
0.0 0.0
0.0 0.0
0.0 0.0
0.0 0.0
0.0 0.0
0.0 0.0
0.0 0.0
0.0 0.0
0.0 0.0
0.3942019 0.0
0.3942019 0.0
0.98550475 0.0
1.5768076 2.23135094374315e-25
2.16811045 5.05802347111584e-25
2.7594133 9.38906713814129e-25
3.35071615 1.41244922223762e-24
3.942019 1.57201068669119e-24
4.53332185 1.25355550574156e-24
5.1246247 3.78309933176801e-25
5.71592755 -1.16265316440816e-24
0.6784996 0.0
0.6784996 0.0
1.696249 1.65054439814112e-25
2.7139984 -2.33120264283366e-24
3.7317478 -7.36629623521477e-24
4.7494972 -1.45849653272169e-23
5.7672466 -2.33911590077441e-23
6.784996 -3.36647837854367e-23
7.8027454 -4.52906998448213e-23
8.8204948 -5.84777748411557e-23
9.8382442 -7.3104555072539e-23
0.1581883 0.0
0.1581883 0.0
0.39547075 -3.61195796212001e-26
0.6327532 -5.98076369368237e-26
0.87003565 -1.11204270041499e-25
1.1073181 -1.95015229268075e-25
1.34460055 -3.20063967547483e-25
1.581883 -4.90414404479298e-25
1.81916545 -7.23133391557559e-25
2.0564479 -1.02137673792972e-24
2.29373035 -1.4128384223225e-24
0.03934874 0.0
0.03934874 0.0
0.09837185 1.92058985156511e-28
0.15739496 -7.07615274586621e-27
0.21641807 -2.22161770361676e-26
0.27544118 -4.60584480977487e-26
0.33446429 -7.98643123631791e-26
0.3934874 -1.23313150056596e-25
0.45251051 -1.7653810377141e-25
0.51153362 -2.38002324592364e-25
0.57055673 -3.06770097763613e-25
0.0277308 0.0
0.0277308 0.0
0.069327 -9.25156420728287e-28
0.1109232 -2.73380965892425e-27
0.1525194 -5.54853582831876e-27
0.1941156 -9.63020432882272e-27
0.2357118 -1.5411333595355e-26
0.277308 -2.31050338546323e-26
0.3189042 -3.30899931319289e-26
0.3605004 -4.57016585755397e-26
0.4020966 -6.13771535539045e-26
0.004188279 0.0
0.004188279 0.0
0.0104706975 -5.03209332936812e-30
0.016753116 -3.27085929916662e-29
0.0230355345 -8.50444275975557e-29
0.029317953 -1.66245733888426e-28
0.0356003715 -2.83077495905185e-28
0.04188279 -4.4545395461686e-28
0.0481652085 -6.67302129649082e-28
0.054447627 -9.51027798649199e-28
0.0607300455 -1.30475282088624e-27
0.002317023 0.0
0.002317023 0.0
0.0057925575 -1.73040512494776e-30
0.009268092 -3.46081024989552e-30
0.0127436265 -5.19121537484328e-30
0.016219161 -6.92162049979104e-30
0.0196946955 -8.6520256247388e-30
0.02317023 -1.03824307496866e-29
0.0266457645 -1.21128358746343e-29
0.030121299 -1.38432409995821e-29
0.0335968335 -1.55736461245298e-29
0.0009716 0.0
0.0009716 0.0
0.002429 0.0
0.0038864 0.0
0.0053438 0.0
0.0068012 0.0
0.0082586 0.0
0.009716 0.0
0.0111734 0.0
0.0126308 0.0
0.0140882 0.0
0.001366089 0.0
0.001366089 0.0
0.0034152225 3.02546243347741e-123
0.005464356 -7.75184943200654e-68
0.0075134895 -2.40388765531028e-67
0.009562623 -4.65922691423027e-67
0.0116117565 -7.37764343391653e-67
0.01366089 -1.04423721168283e-66
0.0157100235 -1.37716428824985e-66
0.017759157 -1.73104177600594e-66
0.0198082905 -2.10248292737949e-66
0.001569492 0.0
0.001569492 0.0
0.00392373 5.50328410731896e-135
0.006277968 2.04642366006606e-67
0.008632206 6.34606311321802e-67
0.010986444 1.22999708373197e-66
0.013340682 1.94763639453066e-66
0.01569492 2.75669923087762e-66
0.018049158 3.63559897285445e-66
0.020403396 4.5698060547396e-66
0.022757634 5.55037974513474e-66
0.00418448 0.0
0.00418448 0.0
0.0104612 1.63132611699963e-55
0.01673792 -1.60436224023508e-29
0.02301464 -4.95748645536049e-29
0.02929136 -1.03609915911741e-28
0.03556808 -1.83004729530395e-28
0.0418448 -2.94885286894258e-28
0.04812152 -4.49277991411709e-28
0.05439824 -6.32001681990149e-28
0.06067496 -8.31114564332191e-28
0.003552506 0.0
0.003552506 0.0
0.008881265 -2.88726417871353e-30
0.014210024 -5.77452835742706e-30
0.019538783 -8.66179253614059e-30
0.024867542 -1.15490567148541e-29
0.030196301 -1.44363208935676e-29
0.03552506 -1.73235850722812e-29
0.040853819 -2.02108492509947e-29
0.046182578 -2.30981134297082e-29
0.051511337 -2.59853776084218e-29
0.0009672181 0.0
0.0009672181 0.0
0.00241804525 0.0
0.0038688724 0.0
0.00531969955 0.0
0.0067705267 0.0
0.00822135385 0.0
0.009672181 0.0
0.01112300815 0.0
0.0125738353 0.0
0.01402466245 0.0
0.002206793 0.0
0.002206793 0.0
0.0055169825 0.0
0.008827172 0.0
0.0121373615 0.0
0.015447551 0.0
0.0187577405 0.0
0.02206793 0.0
0.0253781195 0.0
0.028688309 0.0
0.0319984985 0.0
0.002456397 0.0
0.002456397 0.0
0.0061409925 -3.52210182868413e-133
0.009825588 1.60407411460222e-65
0.0135101835 4.97431483430778e-65
0.017194779 9.64124155497203e-65
0.0208793745 1.52664044405301e-64
0.02456397 2.16081838980102e-64
0.0282485655 2.84973747969764e-64
0.031933161 3.58200882065823e-64
0.0356177565 4.35062428622221e-64
0.0005494255 0.0
0.0005494255 0.0
0.00137356375 -7.38638289422691e-127
0.002197702 1.9592280510102e-70
0.00302184025 6.07566512620192e-70
0.0038459785 1.17758841247498e-69
0.00467011675 1.86464999002683e-69
0.005494255 2.63923964852875e-69
0.00631839325 3.48069054753324e-69
0.0071425315 4.37509220834217e-69
0.00796666975 5.31388485318616e-69
0.001947281 0.0
0.001947281 0.0
0.0048682025 2.90444393613699e-121
0.007789124 -6.30034866203911e-67
0.0107100455 -1.95376993653837e-66
0.013630967 -3.78680653083956e-66
0.0165518885 -5.996211142332e-66
0.01947281 -8.48708244036984e-66
0.0223937315 -1.11929614435727e-65
0.025314653 -1.40691158065615e-65
0.0282355745 -1.70880195941147e-65
0.001984285 0.0
0.001984285 0.0
0.0049607125 1.54903676593973e-120
0.00793714 -1.3084147329988e-66
0.0109135675 -4.05746016130729e-66
0.013889995 -7.86418930402965e-66
0.0168664225 -1.24525346479151e-65
0.01984285 -1.76254113872506e-65
0.0228192775 -2.32448019058014e-65
0.025795705 -2.92178090277523e-65
0.0287721325 -3.54872687116899e-65
0.0009815823 0.0
0.0009815823 0.0
0.00245395575 0.0
0.0039263292 0.0
0.00539870265 0.0
0.0068710761 0.0
0.00834344955 0.0
0.009815823 0.0
0.01128819645 0.0
0.0127605699 0.0
0.01423294335 0.0
0.0004149831 0.0
0.0004149831 0.0
0.00103745775 0.0
0.0016599324 0.0
0.00228240705 0.0
0.0029048817 0.0
0.00352735635 0.0
0.004149831 0.0
0.00477230565 0.0
0.0053947803 0.0
0.00601725495 0.0
0.001656604 0.0
0.001656604 0.0
0.00414151 0.0
0.006626416 0.0
0.009111322 0.0
0.011596228 0.0
0.014081134 0.0
0.01656604 0.0
0.019050946 0.0
0.021535852 0.0
0.024020758 0.0
0.002737803 0.0
0.002737803 0.0
0.0068445075 0.0
0.010951212 4.9816328056289e-66
0.0150579165 1.54482949001762e-65
0.019164621 2.99419613969342e-65
0.0232713255 4.74115382154912e-65
0.02737803 6.71066484998936e-65
0.0314847345 8.85018066625453e-65
0.035591439 1.11243317803106e-64
0.0396981435 1.35113536662144e-64
0.002403946 0.0
0.002403946 0.0
0.006009865 -4.84073989356165e-122
0.009615784 -2.93113207241986e-67
0.013221703 -9.08958857725165e-67
0.016827622 -1.76174854281801e-66
0.020433541 -2.78963716693772e-66
0.02403946 -3.9484734697505e-66
0.027645379 -5.20733851926164e-66
0.031251298 -6.54542133829382e-66
0.034857217 -7.94991594484832e-66
0.0006225699 0.0
0.0006225699 0.0
0.00155642475 0.0
0.0024902796 0.0
0.00342413445 0.0
0.0043579893 0.0
0.00529184415 0.0
0.006225699 0.0
0.00715955385 0.0
0.0080934087 0.0
0.00902726355 0.0
0.004606408 0.0
0.004606408 0.0
0.01151602 8.15663058499816e-56
0.018425632 2.79898215736042e-29
0.025335244 8.68969558440122e-29
0.032244856 1.82882120074733e-28
0.039154468 3.25982613438647e-28
0.04606408 5.31160386184071e-28
0.052973692 8.19864109620975e-28
0.059883304 1.19125823545737e-27
0.066792916 1.6532485056373e-27
0.001533393 0.0
0.001533393 0.0
0.0038334825 7.74425788858694e-31
0.006133572 1.54885157771739e-30
0.0084336615 2.32327736657608e-30
0.010733751 3.09770315543477e-30
0.0130338405 3.87212894429347e-30
0.01533393 4.64655473315216e-30
0.0176340195 5.42098052201086e-30
0.019934109 6.19540631086955e-30
0.0222341985 6.96983209972824e-30
0.0002214374 0.0
0.0002214374 0.0
0.0005535935 0.0
0.0008857496 0.0
0.0012179057 0.0
0.0015500618 0.0
0.0018822179 0.0
0.002214374 0.0
0.0025465301 0.0
0.0028786862 0.0
0.0032108423 0.0
2.849487e-05 0.0
2.849487e-05 0.0
7.1237175e-05 0.0
0.00011397948 0.0
0.000156721785 0.0
0.00019946409 0.0
0.000242206395 0.0
0.0002849487 0.0
0.000327691005 0.0
0.00037043331 0.0
0.000413175615 0.0
0.001634642 0.0
0.001634642 0.0
0.004086605 0.0
0.006538568 5.54961238879815e-68
0.008990531 1.72096282702638e-67
0.011442494 3.33557864252029e-67
0.013894457 5.28171525519433e-67
0.01634642 7.475779577028e-67
0.018798383 9.85923173884903e-67
0.021250346 1.23926696073134e-66
0.023702309 1.50518471796499e-66
0.001260967 0.0
0.001260967 0.0
0.0031524175 -2.68715044302684e-138
0.005043868 4.92926567402807e-69
0.0069353185 1.52859017805685e-68
0.008826769 2.9627210251268e-68
0.0107182195 4.69131461504794e-68
0.01260967 6.64012206150215e-68
0.0145011205 8.75714719836883e-68
0.016392571 1.10073923411667e-67
0.0182840215 1.33693217535562e-67
9.665483e-05 0.0
9.665483e-05 0.0
0.000241637075 0.0
0.00038661932 7.40158183010886e-76
0.000531601565 2.29526790312825e-75
0.00067658381 4.44869957462454e-75
0.000821566055 7.04428434381547e-75
0.0009665483 9.97053314839029e-75
0.001111530545 1.31493706919775e-74
0.00125651279 1.65282458964486e-74
0.001401495035 2.00748215892243e-74
0.003576745 0.0
0.003576745 0.0
0.0089418625 0.0
0.01430698 0.0
0.0196720975 0.0
0.025037215 0.0
0.0304023325 0.0
0.03576745 0.0
0.0411325675 0.0
0.046497685 0.0
0.0518628025 0.0
0.001005199 0.0
0.001005199 0.0
0.0025129975 0.0
0.004020796 0.0
0.0055285945 0.0
0.007036393 0.0
0.0085441915 0.0
0.01005199 0.0
0.0115597885 0.0
0.013067587 0.0
0.0145753855 0.0
0.0005729356 0.0
0.0005729356 0.0
0.001432339 1.57450221271104e-140
0.0022917424 2.28439158084536e-70
0.0031511458 7.08401365281348e-70
0.0040105492 1.3730270214189e-69
0.0048699526 2.17411686007883e-69
0.005729356 3.07726138864931e-69
0.0065887594 4.05836379190936e-69
0.0074481628 5.10120493681464e-69
0.0083075662 6.195804421002e-69
0.002986699 0.0
0.002986699 0.0
0.0074667475 2.47845882550356e-119
0.011946796 4.15162208571028e-66
0.0164268445 1.28743897425897e-65
0.020906893 2.4953205720931e-65
0.0253869415 3.95121031302269e-65
0.02986699 5.59257285473459e-65
0.0343470385 7.37561497407674e-65
0.038827087 9.27086023998426e-65
0.0433071355 1.12601704053972e-64
0.001833414 0.0
0.001833414 0.0
0.004583535 0.0
0.007333656 0.0
0.010083777 0.0
0.012833898 0.0
0.015584019 0.0
0.01833414 0.0
0.021084261 0.0
0.023834382 0.0
0.026584503 0.0
0.0002612173 0.0
0.0002612173 0.0
0.00065304325 3.60663227257276e-130
0.0010448692 -6.9197637025268e-73
0.00143669515 -2.14585366860803e-72
0.0018285211 -4.15910416807221e-72
0.00222034705 -6.58572508302528e-72
0.002612173 -9.32148491480727e-72
0.00300399895 -1.22933908067159e-71
0.0033958249 -1.54523125793774e-71
0.00378765085 -1.87680181015809e-71
0.0005377808 0.0
0.0005377808 0.0
0.001344452 0.0
0.0021511232 0.0
0.0029577944 0.0
0.0037644656 0.0
0.0045711368 0.0
0.005377808 0.0
0.0061844792 0.0
0.0069911504 0.0
0.0077978216 0.0
0.004836373 0.0
0.004836373 0.0
0.0120909325 0.0
0.019345492 3.05832731943773e-29
0.0266000515 9.46217124746694e-29
0.033854611 1.98127453599864e-28
0.0411091705 3.50814506421684e-28
0.04836373 5.67005830661029e-28
0.0556182895 8.66970063711511e-28
0.062872849 1.24053096242857e-27
0.0701274085 1.68427473424155e-27
0.001060414 0.0
0.001060414 0.0
0.002651035 3.67107147032818e-31
0.004241656 7.34214294065636e-31
0.005832277 1.10132144109845e-30
0.007422898 1.46842858813127e-30
0.009013519 1.83553573516409e-30
0.01060414 2.20264288219691e-30
0.012194761 2.56975002922973e-30
0.013785382 2.93685717626254e-30
0.015376003 3.30396432329536e-30
0.0002378512 0.0
0.0002378512 0.0
0.000594628 0.0
0.0009514048 -2.86858742333232e-73
0.0013081816 -8.89563446195825e-73
0.0016649584 -1.72415626049548e-72
0.0020217352 -2.73011174352559e-72
0.002378512 -3.86422073684886e-72
0.0027352888 -5.09622405825465e-72
0.0030920656 -6.40575479628239e-72
0.0034488424 -7.78028022364539e-72
0.0003492547 0.0
0.0003492547 0.0
0.00087313675 0.0
0.0013970188 0.0
0.00192090085 0.0
0.0024447829 0.0
0.00296866495 0.0
0.003492547 0.0
0.00401642905 0.0
0.0045403111 0.0
0.00506419315 0.0
0.002968075 0.0
0.002968075 0.0
0.0074201875 9.91383530201429e-119
0.0118723 1.05324276431713e-65
0.0163244125 3.2661590003709e-65
0.020776525 6.33048548964712e-65
0.0252286375 1.00239944449915e-64
0.02968075 1.41880372817167e-64
0.0341328625 1.87115130988768e-64
0.038584975 2.35196418777319e-64
0.0430370875 2.85664079235031e-64
0.003057805 0.0
0.003057805 0.0
0.0076445125 -2.47845882550356e-119
0.01223122 7.76777984986391e-67
0.0168179275 2.40882775833565e-66
0.021404635 4.66880184628836e-66
0.0259913425 7.39280484071833e-66
0.03057805 1.04638316862771e-65
0.0351647575 1.37999442611082e-65
0.039751465 1.7345991488706e-65
0.0443381725 2.10680362940872e-65
0.003025585 0.0
0.003025585 0.0
0.0075639625 0.0
0.01210234 0.0
0.0166407175 0.0
0.021179095 0.0
0.0257174725 0.0
0.03025585 0.0
0.0347942275 0.0
0.039332605 0.0
0.0438709825 0.0
0.005293038 0.0
0.005293038 0.0
0.013232595 0.0
0.021172152 -2.48597919847696e-29
0.029111709 -7.59563000267141e-29
0.037051266 -1.5606899399343e-28
0.044990823 -2.6942237035591e-28
0.05293038 -4.21725746164938e-28
0.060869937 -6.20175678009129e-28
0.068809494 -8.53953432908982e-28
0.076749051 -1.1143367314996e-27
0.002230442 0.0
0.002230442 0.0
0.005576105 -1.10221604320138e-30
0.008921768 -2.20443208640277e-30
0.012267431 -3.30664812960415e-30
0.015613094 -4.40886417280554e-30
0.018958757 -5.51108021600692e-30
0.02230442 -6.61329625920831e-30
0.025650083 -7.71551230240969e-30
0.028995746 -8.81772834561107e-30
0.032341409 -9.91994438881246e-30
0.001356632 0.0
0.001356632 0.0
0.00339158 0.0
0.005426528 -1.11652701193644e-67
0.007461476 -3.46240664806066e-67
0.009496424 -6.71085364867927e-67
0.011531372 -1.06262876371053e-66
0.01356632 -1.50405276049237e-66
0.015601268 -1.98357971370861e-66
0.017636216 -2.49328230463419e-66
0.019671164 -3.02828247780705e-66
0.0004875557 0.0
0.0004875557 0.0
0.00121888925 0.0
0.0019502228 0.0
0.00268155635 0.0
0.0034128899 0.0
0.00414422345 0.0
0.004875557 0.0
0.00560689055 0.0
0.0063382241 0.0
0.00706955765 0.0
0.00174762 0.0
0.00174762 0.0
0.00436905 0.0
0.00699048 0.0
0.00961191 0.0
0.01223334 0.0
0.01485477 0.0
0.0174762 0.0
0.02009763 0.0
0.02271906 0.0
0.02534049 0.0
0.002354468 0.0
0.002354468 0.0
0.00588617 0.0
0.009417872 0.0
0.012949574 0.0
0.016481276 0.0
0.020012978 0.0
0.02354468 0.0
0.027076382 0.0
0.030608084 0.0
0.034139786 0.0
0.002554911 0.0
0.002554911 0.0
0.0063872775 0.0
0.010219644 0.0
0.0140520105 0.0
0.017884377 0.0
0.0217167435 0.0
0.02554911 0.0
0.0293814765 0.0
0.033213843 0.0
0.0370462095 0.0
0.0007086535 0.0
0.0007086535 0.0
0.00177163375 0.0
0.002834614 0.0
0.00389759425 0.0
0.0049605745 0.0
0.00602355475 0.0
0.007086535 0.0
0.00814951525 0.0
0.0092124955 0.0
0.01027547575 0.0
0.0002426962 0.0
0.0002426962 0.0
0.0006067405 0.0
0.0009707848 0.0
0.0013348291 0.0
0.0016988734 0.0
0.0020629177 0.0
0.002426962 0.0
0.0027910063 0.0
0.0031550506 0.0
0.0035190949 0.0
0.001696886 0.0
0.001696886 0.0
0.004242215 0.0
0.006787544 0.0
0.009332873 0.0
0.011878202 0.0
0.014423531 0.0
0.01696886 0.0
0.019514189 0.0
0.022059518 0.0
0.024604847 0.0
0.0002588328 0.0
0.0002588328 0.0
0.000647082 0.0
0.0010353312 0.0
0.0014235804 0.0
0.0018118296 0.0
0.0022000788 0.0
0.002588328 0.0
0.0029765772 0.0
0.0033648264 0.0
0.0037530756 0.0
0.000521171 0.0
0.000521171 0.0
0.0013029275 -1.84659572355715e-127
0.002084684 9.80546852299198e-71
0.0028664405 3.04072530609674e-70
0.003648197 5.89354879112201e-70
0.0044299535 9.332127913429e-70
0.00521171 1.32087641787987e-69
0.0059934665 1.74200249861241e-69
0.006775223 2.18962917114049e-69
0.0075569795 2.65947247110181e-69
0.00401612 0.0
0.00401612 0.0
0.0100403 4.07831529249908e-56
0.01606448 -1.48942787209778e-29
0.02208866 -4.64391585559045e-29
0.02811284 -9.83498863790109e-29
0.03413702 -1.76728823250344e-28
0.0401612 -2.90767766740439e-28
0.04618538 -4.53803943474273e-28
0.05220956 -6.62559557984585e-28
0.05823374 -9.18990998270536e-28
0.0005982393 0.0
0.0005982393 0.0
0.00149559825 -8.25189181126245e-32
0.0023929572 -1.65037836225249e-31
0.00329031615 -2.47556754337874e-31
0.0041876751 -3.30075672450498e-31
0.00508503405 -4.12594590563123e-31
0.005982393 -4.95113508675747e-31
0.00687975195 -5.77632426788372e-31
0.0077771109 -6.60151344900996e-31
0.00867446985 -7.42670263013621e-31
0.001872375 0.0
0.001872375 0.0
0.0046809375 0.0
0.0074895 0.0
0.0102980625 0.0
0.013106625 0.0
0.0159151875 0.0
0.01872375 0.0
0.0215323125 0.0
0.024340875 0.0
0.0271494375 0.0
0.002169827 0.0
0.002169827 0.0
0.0054245675 0.0
0.008679308 0.0
0.0119340485 0.0
0.015188789 0.0
0.0184435295 0.0
0.02169827 0.0
0.0249530105 0.0
0.028207751 0.0
0.0314624915 0.0
0.00254244 0.0
0.00254244 0.0
0.0063561 0.0
0.01016976 1.14698177060445e-65
0.01398342 3.55684839263998e-65
0.01779708 6.89390110399558e-65
0.02161074 1.09161337600071e-64
0.0254244 1.54507779916592e-64
0.02923806 2.03768448755998e-64
0.03305172 2.56128989430027e-64
0.03686538 3.11088290847664e-64
0.002343337 0.0
0.002343337 0.0
0.0058583425 0.0
0.009373348 0.0
0.0128883535 0.0
0.016403359 0.0
0.0199183645 0.0
0.02343337 0.0
0.0269483755 0.0
0.030463381 0.0
0.0339783865 0.0
0.002230357 0.0
0.002230357 0.0
0.0055758925 0.0
0.008921428 0.0
0.0122669635 0.0
0.015612499 0.0
0.0189580345 0.0
0.02230357 0.0
0.0256491055 0.0
0.028994641 0.0
0.0323401765 0.0
0.001969779 0.0
0.001969779 0.0
0.0049244475 0.0
0.007879116 0.0
0.0108337845 0.0
0.013788453 0.0
0.0167431215 0.0
0.01969779 0.0
0.0226524585 0.0
0.025607127 0.0
0.0285617955 0.0
0.004801131 0.0
0.004801131 0.0
0.0120028275 2.48920611114446e-60
0.019204524 2.22502972543877e-29
0.0264062205 6.87839069343039e-29
0.033607917 1.4385075771165e-28
0.0408096135 2.54301917547417e-28
0.04801131 4.10208449979487e-28
0.0552130065 6.25770091884625e-28
0.062414703 9.06216166269782e-28
0.0696163995 1.26266786579221e-27
0.002703059 0.0
0.002703059 0.0
0.0067576475 1.76099145573336e-30
0.010812236 3.52198291146671e-30
0.0148668245 5.28297436720007e-30
0.018921413 7.04396582293343e-30
0.0229760015 8.80495727866678e-30
0.02703059 1.05659487344001e-29
0.0310851785 1.23269401901335e-29
0.035139767 1.40879316458669e-29
0.0391943555 1.58489231016002e-29
0.0004009414 0.0
0.0004009414 0.0
0.0010023535 0.0
0.0016037656 -4.22708966051366e-72
0.0022051777 -1.31084185031291e-71
0.0028065898 -2.54068014192992e-71
0.0034080019 -4.02303483213975e-71
0.004009414 -5.69423382038721e-71
0.0046108261 -7.50968781675983e-71
0.0052122382 -9.43938457197028e-71
0.0058136503 -1.1464856124575e-70
0.006507549 0.0
0.006507549 0.0
0.0162688725 -4.07831529249908e-56
0.026030196 1.67743590193447e-29
0.0357915195 5.39310827314422e-29
0.045552843 1.19242068275533e-28
0.0553141665 2.25830177898751e-28
0.06507549 3.94147626826634e-28
0.0748368135 6.5501083411637e-28
0.084598137 1.00400009337132e-27
0.0943594605 1.45049949037486e-27
0.0008544098 0.0
0.0008544098 0.0
0.0021360245 7.22006435236746e-32
0.0034176392 1.44401287047349e-31
0.0046992539 2.16601930571024e-31
0.0059808686 2.88802574094699e-31
0.0072624833 3.61003217618373e-31
0.008544098 4.33203861142048e-31
0.0098257127 5.05404504665722e-31
0.0111073274 5.77605148189397e-31
0.0123889421 6.49805791713072e-31
0.0001845776 0.0
0.0001845776 0.0
0.000461444 5.63536292589461e-132
0.0007383104 5.81949461130071e-74
0.0010151768 1.80465466711592e-73
0.0012920432 3.49779057991479e-73
0.0015689096 5.53856941938331e-73
0.001845776 7.83933289676256e-73
0.0021226424 1.03386943008145e-72
0.0023995088 1.29953353399892e-72
0.0026763752 1.57838309084257e-72
0.0004264007 0.0
0.0004264007 0.0
0.00106600175 0.0
0.0017056028 0.0
0.00234520385 0.0
0.0029848049 0.0
0.00362440595 0.0
0.004264007 0.0
0.00490360805 0.0
0.0055432091 0.0
0.00618281015 0.0
0.001298735 0.0
0.001298735 0.0
0.0032468375 8.59888141768587e-137
0.00519494 -2.41364606383369e-68
0.0071430425 -7.48483833184592e-68
0.009091145 -1.45071505847463e-67
0.0110392475 -2.29713182522843e-67
0.01298735 -3.25137769740521e-67
0.0149354525 -4.28799242392688e-67
0.016883555 -5.38983916758936e-67
0.0188316575 -6.54637281910349e-67
0.004063031 0.0
0.004063031 0.0
0.0101575775 0.0
0.016252124 -2.07463026983331e-29
0.0223466705 -6.38981320975237e-29
0.028441217 -1.32897881549704e-28
0.0345357635 -2.33227157179059e-28
0.04063031 -3.72811611471951e-28
0.0467248565 -5.62600567112083e-28
0.052819403 -8.12310607368769e-28
0.0589139495 -1.13675590865418e-27
0.0003801954 0.0
0.0003801954 0.0
0.0009504885 -4.53577571197523e-32
0.0015207816 -9.07155142395047e-32
0.0020910747 -1.36073271359257e-31
0.0026613678 -1.81431028479009e-31
0.0032316609 -2.26788785598762e-31
0.003801954 -2.72146542718514e-31
0.0043722471 -3.17504299838266e-31
0.0049425402 -3.62862056958019e-31
0.0055128333 -4.08219814077771e-31
0.002310272 0.0
0.002310272 0.0
0.00577568 0.0
0.009241088 -7.03174759078252e-67
0.012706496 -2.18058043786906e-66
0.016171904 -4.22641176359476e-66
0.019637312 -6.6923031590239e-66
0.02310272 -9.47233632678483e-66
0.026568128 -1.2492337152511e-65
0.030033536 -1.57023803735348e-65
0.033498944 -1.90717446061582e-65
0.0009806242 0.0
0.0009806242 0.0
0.0024515605 0.0
0.0039224968 0.0
0.0053934331 0.0
0.0068643694 0.0
0.0083353057 0.0
0.009806242 0.0
0.0112771783 0.0
0.0127481146 0.0
0.0142190509 0.0
0.001090914 0.0
0.001090914 0.0
0.002727285 0.0
0.004363656 0.0
0.006000027 0.0
0.007636398 0.0
0.009272769 0.0
0.01090914 0.0
0.012545511 0.0
0.014181882 0.0
0.015818253 0.0
0.00115134 0.0
0.00115134 0.0
0.00287835 0.0
0.00460536 0.0
0.00633237 0.0
0.00805938 0.0
0.00978639 0.0
0.0115134 0.0
0.01324041 0.0
0.01496742 0.0
0.01669443 0.0
0.002160292 0.0
0.002160292 0.0
0.00540073 0.0
0.008641168 0.0
0.011881606 0.0
0.015122044 0.0
0.018362482 0.0
0.02160292 0.0
0.024843358 0.0
0.028083796 0.0
0.031324234 0.0
0.00110277 0.0
0.00110277 0.0
0.002756925 0.0
0.00441108 0.0
0.006065235 0.0
0.00771939 0.0
0.009373545 0.0
0.0110277 0.0
0.012681855 0.0
0.01433601 0.0
0.015990165 0.0
0.001025839 0.0
0.001025839 0.0
0.0025645975 0.0
0.004103356 0.0
0.0056421145 0.0
0.007180873 0.0
0.0087196315 0.0
0.01025839 0.0
0.0117971485 0.0
0.013335907 0.0
0.0148746655 0.0
0.005355654 0.0
0.005355654 0.0
0.013389135 -6.52530446799852e-55
0.021422616 -2.16129141382383e-29
0.029456097 -6.7179236430892e-29
0.037489578 -1.41632112839577e-28
0.045523059 -2.53028702800075e-28
0.05355654 -4.13417725168125e-28
0.061590021 -6.40136191134641e-28
0.069623502 -9.44096116939728e-28
0.077656983 -1.34408572730454e-27
0.0007501312 0.0
0.0007501312 0.0
0.001875328 -1.05866917229043e-31
0.0030005248 -2.11733834458087e-31
0.0041257216 -3.1760075168713e-31
0.0052509184 -4.23467668916173e-31
0.0063761152 -5.29334586145217e-31
0.007501312 -6.3520150337426e-31
0.0086265088 -7.41068420603303e-31
0.0097517056 -8.46935337832347e-31
0.0108769024 -9.5280225506139e-31
0.001249108 0.0
0.001249108 0.0
0.00312277 0.0
0.004996432 0.0
0.006870094 0.0
0.008743756 0.0
0.010617418 0.0
0.01249108 0.0
0.014364742 0.0
0.016238404 0.0
0.018112066 0.0
0.003826107 0.0
0.003826107 0.0
0.0095652675 8.15663058499816e-56
0.015304428 -4.48442741896922e-30
0.0210435885 -1.38836447145549e-29
0.026782749 -2.90995860238535e-29
0.0325219095 -5.15921119072892e-29
0.03826107 -8.3518757188991e-29
0.0440002305 -1.27941216302141e-28
0.049739391 -1.89118278122812e-28
0.0554785515 -2.72913166410255e-28
0.00168481 0.0
0.00168481 0.0
0.004212025 -2.17116170266923e-31
0.00673924 -4.34232340533845e-31
0.009266455 -6.51348510800768e-31
0.01179367 -8.6846468106769e-31
0.014320885 -1.08558085133461e-30
0.0168481 -1.30269702160154e-30
0.019375315 -1.51981319186846e-30
0.02190253 -1.73692936213538e-30
0.024429745 -1.9540455324023e-30
0.0001367837 0.0
0.0001367837 0.0
0.00034195925 0.0
0.0005471348 0.0
0.00075231035 0.0
0.0009574859 0.0
0.00116266145 0.0
0.001367837 0.0
0.00157301255 0.0
0.0017781881 0.0
0.00198336365 0.0
0.001812237 0.0
0.001812237 0.0
0.0045305925 0.0
0.007248948 0.0
0.0099673035 0.0
0.012685659 0.0
0.0154040145 0.0
0.01812237 0.0
0.0208407255 0.0
0.023559081 0.0
0.0262774365 0.0
0.002268057 0.0
0.002268057 0.0
0.0056701425 0.0
0.009072228 0.0
0.0124743135 0.0
0.015876399 0.0
0.0192784845 0.0
0.02268057 0.0
0.0260826555 0.0
0.029484741 0.0
0.0328868265 0.0
0.001781105 0.0
0.001781105 0.0
0.0044527625 0.0
0.00712442 -2.6354597099505e-67
0.0097960775 -8.17269364993035e-67
0.012467735 -1.58403551561146e-66
0.0151393925 -2.50823783343725e-66
0.01781105 -3.55017873239159e-66
0.0204827075 -4.68205816882807e-66
0.023154365 -5.88516443323632e-66
0.0258260225 -7.14798332264969e-66
0.00192571 0.0
0.00192571 0.0
0.004814275 -1.54903676593973e-120
0.00770284 2.51010209072545e-66
0.010591405 7.78395334221752e-66
0.01347997 1.50868967736728e-65
0.016368535 2.38893161825865e-65
0.0192571 3.38131181629506e-65
0.022145665 4.45935255777227e-65
0.02503423 5.6052321696874e-65
0.027922795 6.80798413078022e-65
0.00113902 0.0
0.00113902 0.0
0.00284755 0.0
0.00455608 0.0
0.00626461 0.0
0.00797314 0.0
0.00968167 0.0
0.0113902 0.0
0.01309873 0.0
0.01480726 0.0
0.01651579 0.0
0.001545812 0.0
0.001545812 0.0
0.00386453 -3.78182804184547e-124
0.006183248 -4.68586263074593e-69
0.008501966 -1.45310966516208e-68
0.010820684 -2.81642432261562e-68
0.013139402 -4.45966139734593e-68
0.01545812 -6.31223835134826e-68
0.017776838 -8.3247265459817e-68
0.020095556 -1.04638564533453e-67
0.022414274 -1.2709155753866e-67
0.0009228743 0.0
0.0009228743 0.0
0.00230718575 0.0
0.0036914972 0.0
0.00507580865 0.0
0.0064601201 0.0
0.00784443155 0.0
0.009228743 0.0
0.01061305445 0.0
0.0119973659 0.0
0.01338167735 0.0
0.001482605 0.0
0.001482605 0.0
0.0037065125 0.0
0.00593042 -6.37122348045734e-68
0.0081543275 -1.97574857548244e-67
0.010378235 -3.8294056372107e-67
0.0126021425 -6.06366461111256e-67
0.01482605 -8.58255658840247e-67
0.0170499575 -1.13188749674588e-66
0.019273865 -1.4227384193161e-66
0.0214977725 -1.72802486814499e-66
0.003972309 0.0
0.003972309 0.0
0.0099307725 0.0
0.015889236 8.66039495041481e-30
0.0218476995 2.72126888275654e-29
0.027806163 5.82799703846382e-29
0.0337646265 1.06216814671944e-28
0.03972309 1.77670836211696e-28
0.0456815535 2.82434791186972e-28
0.051640017 4.16704910723989e-28
0.0575984805 5.80630734234028e-28
0.002542332 0.0
0.002542332 0.0
0.00635583 8.85755092989425e-31
0.010169328 1.77151018597885e-30
0.013982826 2.65726527896827e-30
0.017796324 3.5430203719577e-30
0.021609822 4.42877546494712e-30
0.02542332 5.31453055793655e-30
0.029236818 6.20028565092597e-30
0.033050316 7.0860407439154e-30
0.036863814 7.97179583690482e-30
0.00279144 0.0
0.00279144 0.0
0.0069786 -9.01658068143138e-131
0.01116576 -5.16032512183624e-104
0.01535292 -1.51374066233054e-103
0.01954008 -2.9439393561482e-103
0.02372724 -4.75436102918604e-103
0.0279144 -6.89645962673867e-103
0.03210156 -9.32915638154842e-103
0.03628872 -1.20207620742266e-102
0.04047588 -1.49498710643195e-102
0.001494597 0.0
0.001494597 0.0
0.0037364925 7.56365608369007e-124
0.005978388 -4.63943993726238e-68
0.0082202835 -1.43871375348059e-67
0.010462179 -2.78852209556557e-67
0.0127040745 -4.41547967235659e-67
0.01494597 -6.24970320482966e-67
0.0171878655 -8.24225374230991e-67
0.019429761 -1.03601913570614e-66
0.0216716565 -1.25832465481361e-66
0.002070063 0.0
0.002070063 0.0
0.0051751575 4.40262728585517e-134
0.008280252 -7.11990923239855e-67
0.0113853465 -2.207919808146e-66
0.014490441 -4.27940106595713e-66
0.0175955355 -6.7762089626772e-66
0.02070063 -9.59109723361875e-66
0.0238057245 -1.26489617947877e-65
0.026910819 -1.58992514376818e-65
0.0300159135 -1.93108596044219e-65
0.0005751902 0.0
0.0005751902 0.0
0.0014379755 0.0
0.0023007608 2.58545927828238e-71
0.0031635461 8.01763978633117e-71
0.0040263314 1.55398289926556e-70
0.0048891167 2.46065107886663e-70
0.005751902 3.48282408134216e-70
0.0066146873 4.59322929064308e-70
0.0074774726 5.77350999929121e-70
0.0083402579 7.01237045391959e-70
0.001993041 0.0
0.001993041 0.0
0.0049826025 0.0
0.007972164 0.0
0.0109617255 0.0
0.013951287 0.0
0.0169408485 0.0
0.01993041 0.0
0.0229199715 0.0
0.025909533 0.0
0.0288990945 0.0
0.005149999 0.0
0.005149999 0.0
0.0128749975 0.0
0.020599996 -2.63305658692978e-29
0.0283249945 -8.18173574045979e-29
0.036049993 -1.72413722845513e-28
0.0437749915 -3.07836925745373e-28
0.05149999 -5.02606324918815e-28
0.0592249885 -7.77594040635089e-28
0.066949987 -1.13402469896962e-27
0.0746749855 -1.58259074768421e-27
0.002836939 0.0
0.002836939 0.0
0.0070923475 -1.99500253285111e-30
0.011347756 -3.99000506570222e-30
0.0156031645 -5.98500759855333e-30
0.019858573 -7.98001013140443e-30
0.0241139815 -9.97501266425554e-30
0.02836939 -1.19700151971067e-29
0.0326247985 -1.39650177299578e-29
0.036880207 -1.59600202628089e-29
0.0411356155 -1.795502279566e-29
0.0003900543 0.0
0.0003900543 0.0
0.00097513575 5.24834070903679e-141
0.0015602172 -2.46863859532645e-71
0.00214529865 -7.6553729490998e-71
0.0027303801 -1.48376816213203e-70
0.00331546155 -2.34946969536388e-70
0.003900543 -3.32545711323116e-70
0.00448562445 -4.38569007808871e-70
0.0050707059 -5.51264130689464e-70
0.00565578735 -6.69552543050421e-70
0.002470679 0.0
0.002470679 0.0
0.0061766975 -1.40884073147365e-132
0.009882716 4.05695294348343e-66
0.0135887345 1.25808159518007e-65
0.017294753 2.43841995511398e-65
0.0210007715 3.86111114615024e-65
0.02470679 5.46504581492496e-65
0.0284128085 7.20742935202923e-65
0.032118827 9.05945747535276e-65
0.0358248455 1.10034055429892e-64
0.004196915 0.0
0.004196915 0.0
0.0104922875 -8.15663058499816e-56
0.01678766 -5.32825668672405e-32
0.0230830325 -6.31570269341493e-31
0.029378405 -2.77260992515793e-30
0.0356737775 -8.28296858587967e-30
0.04196915 -2.00796095864119e-29
0.0482645225 -4.27206672596834e-29
0.054559895 -8.48615625737876e-29
0.0608552675 -1.58545399969771e-28
0.0001851834 0.0
0.0001851834 0.0
0.0004629585 -2.59015944433636e-35
0.0007407336 -5.18031888867272e-35
0.0010185087 -7.77047833300908e-35
0.0012962838 -1.03606377773454e-34
0.0015740589 -1.29507972216818e-34
0.001851834 -1.55409566660182e-34
0.0021296091 -1.81311161103545e-34
0.0024073842 -2.07212755546909e-34
0.0026851593 -2.33114349990272e-34
0.0004780789 0.0
0.0004780789 0.0
0.00119519725 -1.72632096610012e-34
0.0019123156 -3.45264193220024e-34
0.00262943395 -5.17896289830036e-34
0.0033465523 -6.90528386440048e-34
0.00406367065 -8.6316048305006e-34
0.004780789 -1.03579257966007e-33
0.00549790735 -1.20842467627008e-33
0.0062150257 -1.3810567728801e-33
0.00693214405 -1.55368886949011e-33
0.001987963 0.0
0.001987963 0.0
0.0049699075 0.0
0.007951852 -1.31326969021279e-66
0.0109337965 -4.07251562880073e-66
0.013915741 -7.89336988540866e-66
0.0168976855 -1.24987405804811e-65
0.01987963 -1.76908116124283e-65
0.0228615745 -2.33310532417533e-65
0.025843519 -2.93262235916813e-65
0.0288254635 -3.56189465099379e-65
0.001228611 0.0
0.001228611 0.0
0.0030715275 -4.53819365021387e-123
0.004914444 1.46899526521386e-68
0.0067573605 4.55542850094134e-68
0.008600277 8.82935399686887e-68
0.0104431935 1.39808227287178e-67
0.01228611 1.97885618545243e-67
0.0141290265 2.60976149834349e-67
0.015971943 3.2803683755012e-67
0.0178148595 3.98425884378148e-67
0.002535617 0.0
0.002535617 0.0
0.0063390425 0.0
0.010142468 0.0
0.0139458935 0.0
0.017749319 0.0
0.0215527445 0.0
0.02535617 0.0
0.0291595955 0.0
0.032963021 0.0
0.0367664465 0.0
0.003882566 0.0
0.003882566 0.0
0.009706415 1.27447352890596e-57
0.015530264 7.74974148376198e-30
0.021354113 2.41849933742687e-29
0.027177962 5.12871188168664e-29
0.033001811 9.23153502190948e-29
0.03882566 1.52188191273299e-28
0.044649509 2.38057692327946e-28
0.050473358 3.44499912503569e-28
0.056297207 4.68480849448777e-28
0.001160477 0.0
0.001160477 0.0
0.0029011925 1.72870178365738e-31
0.004641908 3.45740356731477e-31
0.0063826235 5.18610535097215e-31
0.008123339 6.91480713462954e-31
0.0098640545 8.64350891828692e-31
0.01160477 1.03722107019443e-30
0.0133454855 1.21009124856017e-30
0.015086201 1.38296142692591e-30
0.0168269165 1.55583160529165e-30
0.001541017 0.0
0.001541017 0.0
0.0038525425 0.0
0.006164068 0.0
0.0084755935 0.0
0.010787119 0.0
0.0130986445 0.0
0.01541017 0.0
0.0177216955 0.0
0.020033221 0.0
0.0223447465 0.0
0.001571029 0.0
0.001571029 0.0
0.0039275725 0.0
0.006284116 0.0
0.0086406595 0.0
0.010997203 0.0
0.0133537465 0.0
0.01571029 0.0
0.0180668335 0.0
0.020423377 0.0
0.0227799205 0.0
0.002301175 0.0
0.002301175 0.0
0.0057529375 0.0
0.0092047 0.0
0.0126564625 0.0
0.016108225 0.0
0.0195599875 0.0
0.02301175 0.0
0.0264635125 0.0
0.029915275 0.0
0.0333670375 0.0
0.0003133811 0.0
0.0003133811 0.0
0.00078345275 -8.80525455530927e-134
0.0012535244 1.99187916501282e-72
0.00172359605 6.17691787958867e-72
0.0021936677 1.19721327109419e-71
0.00266373935 1.89572493271558e-71
0.003133811 2.68322335660189e-71
0.00360388265 3.53869728330692e-71
0.0040739543 4.44800441189748e-71
0.00454402595 5.40244231338009e-71
0.0002241 0.0
0.0002241 0.0
0.00056025 0.0
0.0008964 2.8031855784952e-74
0.00123255 8.69282003835847e-74
0.0015687 1.68484666884536e-73
0.00190485 2.66786705013199e-73
0.002241 3.77611912872211e-73
0.00257715 4.98003361120669e-73
0.0029133 6.25970793787275e-73
0.00324945 7.60289511910323e-73
0.001705534 0.0
0.001705534 0.0
0.004263835 0.0
0.006822136 0.0
0.009380437 0.0
0.011938738 0.0
0.014497039 0.0
0.01705534 0.0
0.019613641 0.0
0.022171942 0.0
0.024730243 0.0
0.0005592195 0.0
0.0005592195 0.0
0.00139804875 0.0
0.002236878 0.0
0.00307570725 0.0
0.0039145365 0.0
0.00475336575 0.0
0.005592195 0.0
0.00643102425 0.0
0.0072698535 0.0
0.00810868275 0.0
0.002919653 0.0
0.002919653 0.0
0.0072991325 0.0
0.011678612 4.53231187913628e-65
0.0160580915 1.40549280166445e-64
0.020437571 2.72413308284437e-64
0.0248170505 4.31352302039185e-64
0.02919653 6.1053929912583e-64
0.0335760095 8.05193408089897e-64
0.037955489 1.01209669685781e-63
0.0423349685 1.22926901909351e-63
0.0001316781 0.0
0.0001316781 0.0
0.00032919525 0.0
0.0005267124 1.38465427450991e-76
0.00072422955 4.29388282959127e-76
0.0009217467 8.32242488619986e-76
0.00111926385 1.31781268537078e-75
0.001316781 1.86524200636424e-75
0.00151429815 2.4599244801559e-75
0.0017118153 3.09202908999409e-75
0.00190933245 3.75550634466665e-75
0.0002080319 0.0
0.0002080319 0.0
0.00052007975 0.0
0.0008321276 2.86268890097088e-74
0.00114417545 8.87734284624304e-74
0.0014562233 1.72061097051253e-73
0.00176827115 2.72449796127254e-73
0.002080319 3.8562749471405e-73
0.00239236685 5.08574496623813e-73
0.0027044147 6.39258298649181e-73
0.00301646255 7.76428205098934e-73
0.0004149217 0.0
0.0004149217 0.0
0.00103730425 0.0
0.0016596868 0.0
0.00228206935 0.0
0.0029044519 0.0
0.00352683445 0.0
0.004149217 0.0
0.00477159955 0.0
0.0053939821 0.0
0.00601636465 0.0
0.001769957 0.0
0.001769957 0.0
0.0044248925 -3.43955256707435e-136
0.007079828 2.60257208200923e-67
0.0097347635 8.07070745487601e-67
0.012389699 1.56426850096635e-66
0.0150446345 2.47693779407681e-66
0.01769957 3.50587642079295e-66
0.0203545055 4.62363125132506e-66
0.023009441 5.81172407764193e-66
0.0256643765 7.0587843813196e-66
0.003714185 0.0
0.003714185 0.0
0.0092854625 0.0
0.01485674 0.0
0.0204280175 0.0
0.025999295 0.0
0.0315705725 0.0
0.03714185 0.0
0.0427131275 0.0
0.048284405 0.0
0.0538556825 0.0
0.001372831 0.0
0.001372831 0.0
0.0034320775 0.0
0.005491324 0.0
0.0075505705 0.0
0.009609817 0.0
0.0116690635 0.0
0.01372831 0.0
0.0157875565 0.0
0.017846803 0.0
0.0199060495 0.0
0.0003661378 0.0
0.0003661378 0.0
0.0009153445 0.0
0.0014645512 0.0
0.0020137579 0.0
0.0025629646 0.0
0.0031121713 0.0
0.003661378 0.0
0.0042105847 0.0
0.0047597914 0.0
0.0053089981 0.0
0.0004078318 0.0
0.0004078318 0.0
0.0010195795 0.0
0.0016313272 0.0
0.0022430749 0.0
0.0028548226 0.0
0.0034665703 0.0
0.004078318 0.0
0.0046900657 0.0
0.0053018134 0.0
0.0059135611 0.0
0.001895509 0.0
0.001895509 0.0
0.0047387725 0.0
0.007582036 0.0
0.0104252995 0.0
0.013268563 0.0
0.0161118265 0.0
0.01895509 0.0
0.0217983535 0.0
0.024641617 0.0
0.0274848805 0.0
3.287405e-05 0.0
3.287405e-05 0.0
8.2185125e-05 0.0
0.0001314962 0.0
0.000180807275 0.0
0.00023011835 0.0
0.000279429425 0.0
0.0003287405 0.0
0.000378051575 0.0
0.00042736265 0.0
0.000476673725 0.0
0.0001136964 0.0
0.0001136964 0.0
0.000284241 0.0
0.0004547856 0.0
0.0006253302 0.0
0.0007958748 0.0
0.0009664194 0.0
0.001136964 0.0
0.0013075086 0.0
0.0014780532 0.0
0.0016485978 0.0
0.002797647 0.0
0.002797647 0.0
0.0069941175 0.0
0.011190588 0.0
0.0153870585 0.0
0.019583529 0.0
0.0237799995 0.0
0.02797647 0.0
0.0321729405 0.0
0.036369411 0.0
0.0405658815 0.0
0.001647181 0.0
0.001647181 0.0
0.0041179525 0.0
0.006588724 0.0
0.0090594955 0.0
0.011530267 0.0
0.0140010385 0.0
0.01647181 0.0
0.0189425815 0.0
0.021413353 0.0
0.0238841245 0.0
0.0003774611 0.0
0.0003774611 0.0
0.00094365275 0.0
0.0015098444 2.44047136752216e-72
0.00207603605 7.56802495324802e-72
0.0026422277 1.46683833047881e-71
0.00320841935 2.32266218767366e-71
0.003774611 3.2875135648158e-71
0.00434080265 4.33564924516063e-71
0.0049069943 5.44974193240191e-71
0.00547318595 6.61912931872524e-71
0.001252251 0.0
0.001252251 0.0
0.0031306275 -3.78182804184504e-124
0.005009004 2.2930998364353e-69
0.0068873805 7.11101839316038e-69
0.008765757 1.37826109351699e-68
0.0106441335 2.18240474095649e-68
0.01252251 3.08899211770388e-68
0.0144008865 4.07383454984476e-68
0.016279263 5.12065107589997e-68
0.0181576395 6.21942324753586e-68
0.0002401395 0.0
0.0002401395 0.0
0.00060034875 0.0
0.000960558 0.0
0.00132076725 0.0
0.0016809765 0.0
0.00204118575 0.0
0.002401395 0.0
0.00276160425 0.0
0.0031218135 0.0
0.00348202275 0.0
0.00317713 0.0
0.00317713 0.0
0.007942825 0.0
0.01270852 0.0
0.017474215 0.0
0.02223991 0.0
0.027005605 0.0
0.0317713 0.0
0.036536995 0.0
0.04130269 0.0
0.046068385 0.0
0.0002952435 0.0
0.0002952435 0.0
0.00073810875 -2.88530581805806e-129
0.001180974 1.76798297174791e-72
0.00162383925 5.48260447763042e-72
0.0020667045 1.06264110495455e-71
0.00250956975 1.68263690841786e-71
0.002952435 2.38161696110612e-71
0.00339530025 3.14093176380857e-71
0.0038381655 3.94802867394004e-71
0.00428103075 4.79518345473781e-71
0.002069595 0.0
0.002069595 0.0
0.0051739875 3.87259191484932e-121
0.00827838 -1.42333805141491e-66
0.0113827725 -4.41384317528473e-66
0.014487165 -8.55493262010358e-66
0.0175915575 -1.3546290754704e-65
0.02069595 -1.91735220237224e-65
0.0238003425 -2.52864861696412e-65
0.026904735 -3.17841264847727e-65
0.0300091275 -3.86042579804704e-65
0.0002232854 0.0
0.0002232854 0.0
0.0005582135 -1.40884073147109e-132
0.0008931416 1.64797149263777e-73
0.0012280697 5.11044282039125e-73
0.0015629978 9.90508548925031e-73
0.0018979259 1.56841875846311e-72
0.002232854 2.21995173087284e-72
0.0025677821 2.92772390333578e-72
0.0029027102 3.68003471228985e-72
0.0032376383 4.46968424563703e-72
0.001845514 0.0
0.001845514 0.0
0.004613785 0.0
0.007382056 5.25442000415186e-67
0.010150327 1.62942217784105e-66
0.012918598 3.15815410461053e-66
0.015686869 5.00077272948739e-66
0.01845514 7.07813140886272e-66
0.021223411 9.33480409888524e-66
0.023991682 1.17334845260453e-65
0.026759953 1.42512163696025e-65
