0 0
1 0.0
2 1.5768076
3 2.7139984
4 0.6327532
5 0.15739496
6 0.1109232
7 0.016753116
8 0.009268092
9 0.0038864
10 0.005464356
11 0.006277968
12 0.01673792
13 0.014210024
14 0.0038688724
15 0.008827172
16 0.009825588
17 0.002197702
18 0.007789124
19 0.00793714
20 0.0039263292
21 0.0016599324
22 0.006626416
23 0.010951212
24 0.009615784
25 0.0024902796
26 0.018425632
27 0.006133572
28 0.0008857496
29 0.00011397948
30 0.006538568
31 0.005043868
32 0.00038661932
33 0.01430698
34 0.004020796
35 0.0022917424
36 0.011946796
37 0.007333656
38 0.0010448692
39 0.0021511232
40 0.019345492
41 0.004241656
42 0.0009514048
43 0.0013970188
44 0.0118723
45 0.01223122
46 0.01210234
47 0.021172152
48 0.008921768
49 0.005426528
50 0.0019502228
51 0.00699048
52 0.009417872
53 0.010219644
54 0.002834614
55 0.0009707848
56 0.006787544
57 0.0010353312
58 0.002084684
59 0.01606448
60 0.0023929572
61 0.0074895
62 0.008679308
63 0.01016976
64 0.009373348
65 0.008921428
66 0.007879116
67 0.019204524
68 0.010812236
69 0.0016037656
70 0.026030196
71 0.0034176392
72 0.0007383104
73 0.0017056028
74 0.00519494
75 0.016252124
76 0.0015207816
77 0.009241088
78 0.0039224968
79 0.004363656
80 0.00460536
81 0.008641168
82 0.00441108
83 0.004103356
84 0.021422616
85 0.0030005248
86 0.004996432
87 0.015304428
88 0.00673924
89 0.0005471348
90 0.007248948
91 0.009072228
92 0.00712442
93 0.00770284
94 0.00455608
95 0.006183248
96 0.0036914972
97 0.00593042
98 0.015889236
99 0.010169328
100 0.01116576
101 0.005978388
102 0.008280252
103 0.0023007608
104 0.007972164
105 0.020599996
106 0.011347756
107 0.0015602172
108 0.009882716
109 0.01678766
110 0.0007407336
111 0.0019123156
112 0.007951852
113 0.004914444
114 0.010142468
115 0.015530264
116 0.004641908
117 0.006164068
118 0.006284116
119 0.0092047
120 0.0012535244
121 0.0008964
122 0.006822136
123 0.002236878
124 0.011678612
125 0.0005267124
126 0.0008321276
127 0.0016596868
128 0.007079828
129 0.01485674
130 0.005491324
131 0.0014645512
132 0.0016313272
133 0.007582036
134 0.0001314962
135 0.0004547856
136 0.011190588
137 0.006588724
138 0.0015098444
139 0.005009004
140 0.000960558
141 0.01270852
142 0.001180974
143 0.00827838
144 0.0008931416
145 0.007382056
