0 0
1 0.0
2 2.23135094374315e-25
3 -2.33120264283366e-24
4 -5.98076369368237e-26
5 -7.07615274586621e-27
6 -2.73380965892425e-27
7 -3.27085929916662e-29
8 -3.46081024989552e-30
9 0.0
10 -7.75184943200654e-68
11 2.04642366006606e-67
12 -1.60436224023508e-29
13 -5.77452835742706e-30
14 0.0
15 0.0
16 1.60407411460222e-65
17 1.9592280510102e-70
18 -6.30034866203911e-67
19 -1.3084147329988e-66
20 0.0
21 0.0
22 0.0
23 4.9816328056289e-66
24 -2.93113207241986e-67
25 0.0
26 2.79898215736042e-29
27 1.54885157771739e-30
28 0.0
29 0.0
30 5.54961238879815e-68
31 4.92926567402807e-69
32 7.40158183010886e-76
33 0.0
34 0.0
35 2.28439158084536e-70
36 4.15162208571028e-66
37 0.0
38 -6.9197637025268e-73
39 0.0
40 3.05832731943773e-29
41 7.34214294065636e-31
42 -2.86858742333232e-73
43 0.0
44 1.05324276431713e-65
45 7.76777984986391e-67
46 0.0
47 -2.48597919847696e-29
48 -2.20443208640277e-30
49 -1.11652701193644e-67
50 0.0
51 0.0
52 0.0
53 0.0
54 0.0
55 0.0
56 0.0
57 0.0
58 9.80546852299198e-71
59 -1.48942787209778e-29
60 -1.65037836225249e-31
61 0.0
62 0.0
63 1.14698177060445e-65
64 0.0
65 0.0
66 0.0
67 2.22502972543877e-29
68 3.52198291146671e-30
69 -4.22708966051366e-72
70 1.67743590193447e-29
71 1.44401287047349e-31
72 5.81949461130071e-74
73 0.0
74 -2.41364606383369e-68
75 -2.07463026983331e-29
76 -9.07155142395047e-32
77 -7.03174759078252e-67
78 0.0
79 0.0
80 0.0
81 0.0
82 0.0
83 0.0
84 -2.16129141382383e-29
85 -2.11733834458087e-31
86 0.0
87 -4.48442741896922e-30
88 -4.34232340533845e-31
89 0.0
90 0.0
91 0.0
92 -2.6354597099505e-67
93 2.51010209072545e-66
94 0.0
95 -4.68586263074593e-69
96 0.0
97 -6.37122348045734e-68
98 8.66039495041481e-30
99 1.77151018597885e-30
100 -5.16032512183624e-104
101 -4.63943993726238e-68
102 -7.11990923239855e-67
103 2.58545927828238e-71
104 0.0
105 -2.63305658692978e-29
106 -3.99000506570222e-30
107 -2.46863859532645e-71
108 4.05695294348343e-66
109 -5.32825668672405e-32
110 -5.18031888867272e-35
111 -3.45264193220024e-34
112 -1.31326969021279e-66
113 1.46899526521386e-68
114 0.0
115 7.74974148376198e-30
116 3.45740356731477e-31
117 0.0
118 0.0
119 0.0
120 1.99187916501282e-72
121 2.8031855784952e-74
122 0.0
123 0.0
124 4.53231187913628e-65
125 1.38465427450991e-76
126 2.86268890097088e-74
127 0.0
128 2.60257208200923e-67
129 0.0
130 0.0
131 0.0
132 0.0
133 0.0
134 0.0
135 0.0
136 0.0
137 0.0
138 2.44047136752216e-72
139 2.2930998364353e-69
140 0.0
141 0.0
142 1.76798297174791e-72
143 -1.42333805141491e-66
144 1.64797149263777e-73
145 5.25442000415186e-67
