0 0
1 0.0
2 -1.46261680872991e-24
3 5.88839083400926e-24
4 -5.06029343675559e-25
5 4.90786979561987e-24
6 1.17025444070763e-24
7 1.31489125312377e-24
8 -1.39720801461806e-61
9 0.0
10 4.23104306326515e-62
11 -8.46208612653031e-62
12 9.33296301334271e-25
13 -2.98141397613432e-63
14 0.0
15 0.0
16 -2.7078675604897e-60
17 -6.6110047863518e-64
18 1.69241722530606e-61
19 3.38483445061212e-61
20 0.0
21 0.0
22 0.0
23 -6.76966890122425e-61
24 5.1663768001141e-62
25 0.0
26 -1.34361682047592e-24
27 3.37265030890146e-63
28 0.0
29 0.0
30 -2.11552153163258e-62
31 -3.15772924694289e-63
32 -8.07007420208961e-68
33 0.0
34 0.0
35 -7.08857664624234e-64
36 -4.74061849108524e-61
37 0.0
38 1.03296949786747e-65
39 0.0
40 -1.33181681521983e-24
41 -4.26073287122337e-65
42 5.16484748933735e-66
43 0.0
44 -1.21780807123178e-60
45 -8.46208612653031e-62
46 0.0
47 9.03831706090402e-25
48 -2.4181472452221e-63
49 6.17938459918787e-62
50 0.0
51 0.0
52 0.0
53 0.0
54 0.0
55 0.0
56 0.0
57 0.0
58 -3.67712142925029e-64
59 9.40602698905276e-25
60 -2.50385055538458e-64
61 0.0
62 0.0
63 -1.80740382029246e-60
64 0.0
65 0.0
66 0.0
67 -9.83215714257318e-25
68 -1.94268675018453e-63
69 2.67842666742579e-65
70 -4.03469904711776e-25
71 1.14758193805733e-63
72 -1.73991241340779e-66
73 0.0
74 1.45758067618988e-62
75 1.28009011517044e-24
76 1.45114172598218e-66
77 1.34195251784063e-61
78 0.0
79 0.0
80 0.0
81 0.0
82 0.0
83 0.0
84 7.6751771847321e-25
85 6.03714298739062e-65
86 0.0
87 3.12027507870335e-25
88 7.77298585980327e-63
89 0.0
90 0.0
91 0.0
92 8.46208612653031e-62
93 -6.89461023531015e-61
94 0.0
95 1.99745180663927e-63
96 0.0
97 2.95237842934636e-62
98 -5.59051420394054e-25
99 -1.78724957138527e-60
100 6.74559985594704e-99
101 2.11552153163258e-62
102 1.69241722530606e-61
103 -7.9600326944893e-65
104 0.0
105 1.01122083422033e-24
106 -1.00361641263824e-60
107 1.65275119658795e-64
108 -6.76966890122425e-61
109 3.08123553044496e-27
110 1.2914573563654e-66
111 6.61100775647471e-64
112 3.38483445061212e-61
113 -9.91269406946722e-63
114 0.0
115 -5.23660272066082e-25
116 1.49794573003219e-62
117 0.0
118 0.0
119 0.0
120 -2.06593899573494e-65
121 -5.68549448688129e-67
122 0.0
123 0.0
124 -5.4157351209794e-60
125 -8.13419076743885e-69
126 -6.73774217938781e-67
127 0.0
128 -8.46208612653031e-62
129 0.0
130 0.0
131 0.0
132 0.0
133 0.0
134 0.0
135 0.0
136 0.0
137 0.0
138 -1.7447347858918e-65
139 -1.4894992697506e-63
140 0.0
141 0.0
142 -2.06593899573494e-65
143 3.38483445061212e-61
144 -3.36689169982102e-66
145 -1.57141249455104e-61
