0 0
1 0.0
2 -3.49095312822535e-24
3 1.83289157320973e-24
4 2.55925143507838e-25
5 -9.00091413931003e-25
6 8.08573562645352e-25
7 -1.61148868662054e-24
8 -2.31130688186918e-24
9 -1.42181695096403e-24
10 1.35916344080238e-24
11 -1.68550638699737e-24
12 -7.42785882765585e-25
13 -1.26236627450507e-24
14 -8.88210369667375e-25
15 6.45514074739968e-25
16 -2.55067407556829e-24
17 -1.09047792754033e-24
18 -1.53975685143796e-24
19 -3.24385461910358e-24
20 -2.1388077126876e-24
21 7.23808488384828e-25
22 -1.69439045064418e-24
23 -1.49653372739596e-24
24 7.14786731652893e-25
25 -2.88816602547657e-24
26 2.41941686782637e-24
27 -2.55588529288783e-24
28 -7.59870111387619e-25
29 1.34895543564481e-25
30 -7.72582549849518e-25
31 3.32008507790838e-24
32 2.83504390839373e-24
33 -1.60149514984957e-24
34 2.15147664252603e-24
35 -1.59843083480968e-24
36 3.85832950968203e-24
37 -3.35437470583612e-24
38 1.58177120162192e-24
39 -2.65469271357802e-24
40 2.62180832405037e-24
41 -4.82592080523322e-25
42 1.11828966946429e-24
43 -1.27487904901283e-27
44 -1.2791902444103e-24
45 1.07868028012917e-24
46 7.60660294010882e-26
47 -1.25118458202193e-24
48 9.30167038887432e-25
49 7.83376058274788e-25
50 -1.71319114534729e-24
51 -3.18170075211938e-24
52 -3.84935993800612e-25
53 9.96005320486306e-25
54 1.43959760027455e-24
55 -1.3540741646464e-24
56 -6.4048519616888e-25
57 1.21434623206362e-24
58 1.77279520159602e-24
59 2.18784151852386e-26
60 -1.98209497137425e-24
61 -1.02625053737029e-24
62 2.08524026441191e-24
63 -3.26635335221273e-24
64 5.43643881165612e-25
65 -1.71651673240486e-24
66 1.23426414797324e-24
67 -2.11087431478174e-24
68 9.11671000824554e-26
69 -1.33409021566243e-24
70 -2.97834345982699e-24
71 2.1606280454162e-24
72 -4.10839058080613e-25
73 1.18525812322972e-24
74 1.21542746833778e-24
75 2.14087912248775e-24
76 3.44914707061679e-24
77 -9.35935518680521e-25
78 2.33848559040522e-24
79 -2.02552942566143e-25
80 -7.12988569669818e-26
81 -1.9743693467277e-24
82 4.04039978073316e-25
83 -1.98738401562153e-24
84 -2.23773621167724e-24
85 -1.15670999249857e-24
86 -3.89878226982603e-24
87 -1.37344409241797e-24
88 -2.33989413056054e-24
89 6.50853705347058e-25
90 -2.48399241994678e-24
91 -2.88124057375807e-24
92 2.03467057609963e-24
93 5.126346919351e-25
94 3.18067121511397e-24
95 8.26842637720042e-25
96 7.23489522870188e-25
97 -4.0230210104729e-24
98 2.58980076390627e-24
99 1.28544933266083e-24
100 2.79802425352552e-24
101 -4.17937828312028e-24
102 -3.53636872909209e-24
103 -1.94158873557054e-24
104 3.763381738072e-24
105 8.62453562061354e-25
106 -1.19540646753933e-25
107 -1.09782797135417e-24
108 -3.82178043704259e-24
109 -4.60816941108632e-25
110 -1.80725182568658e-24
111 -1.121301401258e-24
112 -3.21451311383001e-24
113 -2.05418153917686e-24
114 2.07567290904726e-24
115 -3.1146572500123e-24
116 3.91999974199075e-24
117 1.11046507249562e-24
118 5.03989500681327e-25
119 6.52806540005512e-25
120 -7.89432426513707e-25
121 -3.20801799044744e-24
122 3.22981650762732e-24
123 -1.1113325799207e-24
124 1.10371569405291e-24
125 1.52050446754568e-24
126 -3.69519780961976e-24
127 1.02877268470852e-24
128 2.53255900950174e-24
129 -1.56034899629536e-24
130 2.83375586494615e-24
131 2.24507259436747e-24
132 -2.17760272948181e-24
133 2.04560687388857e-24
134 3.35880563772338e-24
135 -8.25568782978328e-25
136 1.583192370403e-24
137 2.34700823224293e-24
138 1.6835636419766e-24
139 -2.49543363891782e-24
140 3.05818175036628e-24
141 -3.1485388119191e-24
142 -2.55078086802077e-24
143 2.38679371116658e-24
144 5.00865883337456e-25
145 -1.25775337190939e-24
