0 0
1 1.99829924916821
2 1.99829924916821
3 1.99816717855628
4 2.00253307276955
5 1.99952567058015
6 2.00371440552134
7 1.98940021635402
8 1.99713058804356
9 2.00743185991691
10 2.02068930190865
11 2.02053954821626
12 2.01356066172815
13 1.99862976287203
14 2.00190479034592
15 2.00965305491472
16 2.02811711629082
17 2.02544191429732
18 2.02543674554171
19 2.02788310223948
20 2.02649261785779
21 2.01177472939932
22 2.00900152949469
23 2.03022299226861
24 2.0283082138028
25 2.02702663229518
26 2.01830681767384
27 1.99034425801293
28 1.98248724738849
29 1.99071137459749
30 1.98529059965813
31 2.0035489201085
32 2.02231036084113
33 2.01728219871773
34 2.010274091875
35 2.01451521148464
36 2.0026271205006
37 2.00863193180886
38 2.006980428849
39 2.01182178882483
40 2.01751417461006
41 2.00579537769126
42 2.00629809076025
43 1.98459894176337
44 1.97353364014115
45 1.98748823327279
46 1.99431565933281
47 1.99355990921069
48 1.98923523269964
49 1.96991550702372
50 1.97543547072018
51 1.98073471433652
52 1.98976080045587
53 1.99424255263697
54 2.00112128268858
55 1.98758597442989
56 1.98593020807868
57 1.96610025799387
58 1.95066867724407
59 1.94815667802266
60 1.94230785630617
61 1.94723130028788
62 1.95235202648125
63 1.96304867446657
64 1.97020432643315
65 1.96916364943908
66 1.97010798586079
67 1.96803137850524
68 1.97458166622174
69 1.97547781839727
70 1.97435249972938
71 1.97477439169999
72 1.97164085959531
73 1.9556430056375
74 1.94490062766866
75 1.93919223363915
76 1.94599384927568
77 1.93929930893677
78 1.9352852253171
79 1.93129512380971
80 1.90495911367111
81 1.90562145265123
82 1.89813180900425
83 1.90093885198636
84 1.88625468225082
85 1.8805447155553
86 1.88657416072485
87 1.88510352788883
88 1.87400680070931
89 1.87627050821638
90 1.88297905803949
91 1.89146621021742
92 1.87503032467993
93 1.86481700064471
94 1.88371326935579
95 1.88520682518171
96 1.89994698261408
97 1.88851620017933
98 1.8763159876075
99 1.86236354855668
100 1.86236634878955
101 1.85952821993027
102 1.86502605139547
103 1.84999825153652
104 1.84473018029712
105 1.84372209380608
106 1.82383117392132
107 1.82220201595287
108 1.82616294608705
109 1.81536089993055
110 1.80665885221088
111 1.80176392885421
112 1.80157027995736
113 1.7796472306925
114 1.78551494827076
115 1.79857611967998
116 1.8240824422636
117 1.82089020386438
118 1.8214222751398
119 1.82345275117983
120 1.83329414471462
121 1.82026808980161
122 1.83536875326657
123 1.81663791376835
124 1.83129390603918
125 1.83551528111554
126 1.83132194169782
127 1.84087454043695
128 1.84318094816809
129 1.83646910588264
130 1.83818396967136
131 1.83935047759621
132 1.8477967339461
133 1.84853572588556
134 1.84900592777341
135 1.86858831912504
136 1.85673294613152
137 1.8491964491382
138 1.85236425645716
139 1.85548390027555
140 1.84814986590318
141 1.85029172116692
142 1.86560328053152
143 1.86125623684117
144 1.87204535397008
145 1.85504739003459
