0 0
2.5 0.758081044676686
5.0 0.788675211328232
7.5 0.835977040790576
10.0 0.899894174983296
12.5 0.980334255825974
15.0 1.07720492523819
17.5 1.19041382513952
20.0 1.31986859744955
22.5 1.46547688408785
25.0 1.62714632697401
27.5 1.8047845680276
30.0 1.99829924916821
32.5 2.20759801231541
35.0 2.43258849938879
37.5 2.67317835230792
40.0 2.92927521299239
42.5 3.20078672336177
45.0 3.48762052533564
47.5 3.78968426083358
50.0 4.10688557177518
52.5 4.43913210008001
55.0 4.78633148766765
57.5 5.14839137645769
60.0 5.52521940836969
2.5 0.758081044676686
5.0 0.788675211328232
7.5 0.835977040790576
10.0 0.899894174983296
12.5 0.980334255825974
15.0 1.07720492523819
17.5 1.19041382513952
20.0 1.31986859744955
22.5 1.46547688408785
25.0 1.62714632697401
27.5 1.8047845680276
30.0 1.99829924916821
32.5 2.20759801231541
35.0 2.43258849938879
37.5 2.67317835230792
40.0 2.92927521299239
42.5 3.20078672336177
45.0 3.48762052533564
47.5 3.78968426083358
50.0 4.10688557177518
52.5 4.43913210008001
55.0 4.78633148766765
57.5 5.14839137645769
60.0 5.52521940836969
2.5 0.758085503792997
5.0 0.788667310361682
7.5 0.835956773069476
10.0 0.899861532612479
12.5 0.980289229686794
15.0 1.07714750498852
17.5 1.19034399921377
20.0 1.31978635305863
22.5 1.46538220721921
25.0 1.62703920239161
27.5 1.80466497927193
30.0 1.99816717855628
32.5 2.20745344094076
35.0 2.43243140712146
37.5 2.6730087177945
40.0 2.92909301365596
42.5 3.20059193540196
45.0 3.48741312372859
47.5 3.78946421933196
50.0 4.10665286290817
52.5 4.43888669515333
55.0 4.78607335676352
57.5 5.14812048843486
60.0 5.52493573086344
2.5 0.75849650419159
5.0 0.789436252205306
7.5 0.837083868055875
10.0 0.901347028163904
12.5 0.98213340895
15.0 1.07935068683477
17.5 1.19290653823882
20.0 1.32270863958276
22.5 1.4686646672872
25.0 1.63068229777274
27.5 1.80866920745998
30.0 2.00253307276955
32.5 2.21218157012204
35.0 2.43752237593806
37.5 2.67846316663822
40.0 2.93491161864312
42.5 3.20677540837338
45.0 3.49396221224959
47.5 3.79637970669238
50.0 4.11393556812233
52.5 4.44653747296007
55.0 4.7940930976262
57.5 5.15651011854132
60.0 5.53369621212604
2.5 0.758243091878055
5.0 0.788933453416475
7.5 0.836331560949424
10.0 0.900345066428905
12.5 0.98088162180692
15.0 1.07784887903547
17.5 1.19115449006656
20.0 1.32070610685219
22.5 1.46641138134436
25.0 1.62817796549508
27.5 1.80591351125634
30.0 1.99952567058015
32.5 2.20892209541852
35.0 2.43401043772343
37.5 2.67469834944691
40.0 2.93089348254094
42.5 3.20250348895753
45.0 3.48943602064869
47.5 3.79159872956641
50.0 4.10889926766269
52.5 4.44124528688955
55.0 4.78854443919898
57.5 5.15070437654298
60.0 5.52763275087356
2.5 0.758636607083822
5.0 0.789670707822551
7.5 0.837412710145743
10.0 0.901770299527133
12.5 0.982651161440453
15.0 1.07996298135944
17.5 1.19361344475782
20.0 1.32351023710933
22.5 1.4695610438877
25.0 1.63167355056667
27.5 1.80975544261998
30.0 2.00371440552134
32.5 2.2134581247445
35.0 2.43889428576319
37.5 2.67993057405115
40.0 2.9364746750821
42.5 3.20843427432977
45.0 3.49571705726792
47.5 3.79823070937025
50.0 4.11588291611052
52.5 4.44858136296245
55.0 4.79623373539978
57.5 5.15874771889623
60.0 5.53603099892555
2.5 0.757401688981323
5.0 0.787251309189298
7.5 0.833808270124812
10.0 0.89698014127314
12.5 0.976674492119556
15.0 1.07279889214934
17.5 1.18526091084775
20.0 1.31396811770008
22.5 1.4588280821916
25.0 1.61974837380758
27.5 1.7966365620333
30.0 1.98940021635402
32.5 2.19794690625504
35.0 2.42218420122161
37.5 2.66201967073902
40.0 2.91736088429254
42.5 3.18811541136744
45.0 3.474190821449
47.5 3.7754946840225
50.0 4.09193456857321
52.5 4.42341804458639
55.0 4.76985268154734
57.5 5.13114604894132
60.0 5.5072057162536
2.5 0.758036381281337
5.0 0.788528617282951
7.5 0.835728494532584
10.0 0.899543645406621
12.5 0.979881702281445
15.0 1.07665029753344
17.5 1.18975706353899
20.0 1.31910963267449
22.5 1.46461563731631
25.0 1.62618270984084
27.5 1.80371848262446
30.0 1.99713058804356
32.5 2.20632665847452
35.0 2.43121432629373
37.5 2.67170122387758
40.0 2.92769498360244
42.5 3.1991032378447
45.0 3.48583361898074
47.5 3.78779375938695
50.0 4.10489129143972
52.5 4.43703384751543
55.0 4.78412905999045
57.5 5.14608456124119
60.0 5.52280798364401
2.5 0.758891532408341
5.0 0.790239315798159
7.5 0.838295128298658
10.0 0.902966685722766
12.5 0.984161703883411
15.0 1.08178789859352
17.5 1.19575298566602
20.0 1.32596468091385
22.5 1.47233070014992
25.0 1.63475875918717
27.5 1.81315657383852
30.0 2.00743185991691
32.5 2.21749233323526
35.0 2.44324570960649
37.5 2.68459970484355
40.0 2.94146203475935
42.5 3.21374041516682
45.0 3.5013425618789
47.5 3.8041761907085
50.0 4.12214901746857
52.5 4.45516875797202
55.0 4.80314312803178
57.5 5.16597984346078
60.0 5.54358662007196
2.5 0.759987584096086
5.0 0.792436636834981
7.5 0.841594257340055
10.0 0.907368269311579
12.5 0.989666496449828
15.0 1.08839676245507
17.5 1.20346689102758
20.0 1.33478470586763
22.5 1.48225803067549
25.0 1.64579468915143
27.5 1.82530250499573
30.0 2.02068930190865
32.5 2.23186290359048
35.0 2.45873113374147
37.5 2.70120181606191
40.0 2.95918277425206
42.5 3.23258183201219
45.0 3.52130681304259
47.5 3.82526554104352
50.0 4.14436583971524
52.5 4.47851553275805
55.0 4.82762244387219
57.5 5.19159439675796
60.0 5.57033921511562
2.5 0.760000847823868
5.0 0.792435146072444
7.5 0.841578003435343
10.0 0.907337242145111
12.5 0.989620684434297
15.0 1.08833615253545
17.5 1.20339146868111
20.0 1.33469445510383
22.5 1.48215293403616
25.0 1.64567472771064
27.5 1.82516765835982
30.0 2.02053954821626
32.5 2.23169821951248
35.0 2.45855149448105
37.5 2.70100719535452
40.0 2.95897314436542
42.5 3.2323571637463
45.0 3.52106707572972
47.5 3.82501070254821
50.0 4.14409586643434
52.5 4.47823038962064
55.0 4.82732209433966
57.5 5.19127880282395
60.0 5.57000833730605
2.5 0.759398429818908
5.0 0.791255135897806
7.5 0.839820151796875
10.0 0.905001243727822
12.5 0.986706177902358
15.0 1.08484272053219
17.5 1.19931863782903
20.0 1.33004169600459
22.5 1.47691966127057
25.0 1.63986029983868
27.5 1.81877137792064
30.0 2.01356066172815
32.5 2.22413591747293
35.0 2.45040491136667
37.5 2.6922754096211
40.0 2.94965517844792
42.5 3.22245198405883
45.0 3.51057359266556
47.5 3.8139277704798
50.0 4.13242228371327
52.5 4.46596489857767
55.0 4.81446338128472
57.5 5.17782549804613
60.0 5.5559590150736
2.5 0.758164744256974
5.0 0.78878109678563
7.5 0.836105154404253
10.0 0.900044561724065
12.5 0.980506963356289
15.0 1.07740000391215
17.5 1.19063132800286
20.0 1.32010858023965
22.5 1.46573940523374
25.0 1.62743144759635
27.5 1.80509235193871
30.0 1.99862976287203
32.5 2.20795132500754
35.0 2.43296468295646
37.5 2.67357748133001
40.0 2.92969736473942
42.5 3.2012319777959
45.0 3.48808896511069
47.5 3.79017597129499
50.0 4.10740064096004
52.5 4.43967061871705
55.0 4.78689354917725
57.5 5.14897707695186
60.0 5.52582884665209
2.5 0.758423867926332
5.0 0.789313285614588
7.5 0.836910549228282
10.0 0.901123330294383
12.5 0.981859300339857
15.0 1.07902613089167
17.5 1.1925314934768
20.0 1.3222830596222
22.5 1.46818850085485
25.0 1.6301554887017
27.5 1.80809169468974
30.0 2.00190479034592
32.5 2.21150244719722
35.0 2.4367923367706
37.5 2.67768213059303
40.0 2.93407950019147
42.5 3.2058921170929
45.0 3.49302765282428
47.5 3.79539377891258
50.0 4.11289816688477
52.5 4.44544848826781
55.0 4.79295241458867
57.5 5.15531761737433
60.0 5.53245176815174
2.5 0.759112519385996
5.0 0.79064131562312
7.5 0.838878251505286
10.0 0.903731060950333
12.5 0.985107477876095
15.0 1.08291523620041
17.5 1.19706206984111
20.0 1.32745571271604
22.5 1.47400389874303
25.0 1.63661436183991
27.5 1.81519483592453
30.0 2.00965305491472
32.5 2.21989675272831
35.0 2.44583366328315
37.5 2.68737152049706
40.0 2.94441805828789
42.5 3.21688101057347
45.0 3.50466811127163
47.5 3.80768709430022
50.0 4.12584569357706
52.5 4.45905164302001
55.0 4.80721267654688
57.5 5.17023652807552
60.0 5.54803093152377
2.5 0.760610776017673
5.0 0.793676138304973
7.5 0.84345034707002
10.0 0.909841285942127
12.5 0.992756838550609
15.0 1.09210488852478
17.5 1.20779331949395
20.0 1.33973001508744
22.5 1.48782285893455
25.0 1.65197973466461
27.5 1.83210852590693
30.0 2.02811711629082
32.5 2.23991338944559
35.0 2.46740522900055
37.5 2.71050051858503
40.0 2.96910714182834
42.5 3.24313298235978
45.0 3.53248592380867
47.5 3.83707384980433
50.0 4.15680464397607
52.5 4.49158618995321
55.0 4.84132637136505
57.5 5.20593307184091
60.0 5.58531417501011
2.5 0.760408420393935
5.0 0.793249810550496
7.5 0.842799946076231
10.0 0.908966688830999
12.5 0.991657900674657
15.0 1.09078144346706
17.5 1.20624517906808
20.0 1.33795696933756
22.5 1.48582467613537
25.0 1.64975616132135
27.5 1.82965928675539
30.0 2.02544191429732
32.5 2.23701190580701
35.0 2.46427712314431
37.5 2.70714542816909
40.0 2.96552468274121
42.5 3.23932274872052
45.0 3.52844748796688
47.5 3.83280676234014
50.0 4.15230843370018
52.5 4.48686036390684
55.0 4.83637041481999
57.5 5.20074644829948
60.0 5.57989632620518
2.5 0.760428536704248
5.0 0.793267643981283
7.5 0.842815494208742
10.0 0.908979949001877
12.5 0.991668869975941
15.0 1.09079011874619
17.5 1.20625155692787
20.0 1.33796104613625
22.5 1.48582644798656
25.0 1.64975562409408
27.5 1.82965643607404
30.0 2.02543674554171
32.5 2.23700441411234
35.0 2.46426730340117
37.5 2.70713327502347
40.0 2.96551019059449
42.5 3.23930591172948
45.0 3.52842830004369
47.5 3.83278521715238
50.0 4.1522845246708
52.5 4.48683408421421
55.0 4.83634175739785
57.5 5.20071540583698
60.0 5.57986289114686
2.5 0.760622188331317
5.0 0.793665335281726
7.5 0.843417316083825
10.0 0.909786012165558
12.5 0.992679304954868
15.0 1.0920050758797
17.5 1.207671206368
20.0 1.3395855778477
22.5 1.48765607174676
25.0 1.65179056949311
27.5 1.8318969525147
30.0 2.02788310223948
32.5 2.23965690009538
35.0 2.46712622751035
37.5 2.71019896591233
40.0 2.96878299672928
42.5 3.24278620138912
45.0 3.5321164613198
47.5 3.83668165794928
50.0 4.15638967270548
52.5 4.49114838701637
55.0 4.84086568230987
57.5 5.20544944001393
60.0 5.5848075415565
2.5 0.760516091298663
5.0 0.793442889819885
7.5 0.843078473136094
10.0 0.909330711423663
12.5 0.992107474858964
15.0 1.09131663361837
17.5 1.20686605787825
20.0 1.33866361781497
22.5 1.48661718360492
25.0 1.65063462542446
27.5 1.83062381344996
30.0 2.02649261785779
32.5 2.23814890882433
35.0 2.46550055652595
37.5 2.70845543113901
40.0 2.9669214028399
42.5 3.24080634180499
45.0 3.53001811821064
47.5 3.83446460223322
50.0 4.15405366404911
52.5 4.48869317383469
55.0 4.83829100176632
57.5 5.20275501802037
60.0 5.58199309277322
2.5 0.759310049224155
5.0 0.791013150000816
7.5 0.83942446331941
10.0 0.90445173997888
12.5 0.986002730778169
15.0 1.08398518651622
17.5 1.19830685799198
20.0 1.32887549600438
22.5 1.47559885135237
25.0 1.6383846748349
27.5 1.8171407172509
30.0 2.01177472939932
32.5 2.2221944620791
35.0 2.44830766608919
37.5 2.69002209222852
40.0 2.94724549129605
42.5 3.2198856140907
45.0 3.50785021141143
47.5 3.81104703405718
50.0 4.12938383282689
52.5 4.4627683585195
55.0 4.81110836193396
57.5 5.17431159386921
60.0 5.55228580512419
2.5 0.759047360198182
5.0 0.790523197664453
7.5 0.838707122207141
10.0 0.903506862116941
12.5 0.984830145684548
15.0 1.08258470120066
17.5 1.19667825695596
20.0 1.32701854124115
22.5 1.47351328234692
25.0 1.63607020856397
27.5 1.814597048183
30.0 2.00900152949469
32.5 2.21919138078974
35.0 2.44507433035884
37.5 2.68655810649269
40.0 2.94355043748198
42.5 3.21595905161741
45.0 3.50369167718967
47.5 3.80665604248946
50.0 4.12475987580747
52.5 4.45791090543438
55.0 4.80601685966091
57.5 5.16898546677774
60.0 5.54672445507556
2.5 0.760782400782207
5.0 0.794023001527992
7.5 0.843972518632986
10.0 0.91053885260341
12.5 0.993629903945483
15.0 1.09315357316542
17.5 1.20901776076945
20.0 1.34113036726379
22.5 1.48939929315466
25.0 1.65373243894827
27.5 1.83403770515085
30.0 2.03022299226861
32.5 2.24219620080778
35.0 2.46986523127458
37.5 2.71313798417522
40.0 2.97192236001592
42.5 3.24612625930291
45.0 3.5356575825424
47.5 3.84042423024062
50.0 4.16033410290378
52.5 4.49529510103809
55.0 4.84521512514979
57.5 5.2100020757451
60.0 5.58956385333022
2.5 0.760648234826737
5.0 0.793727555273899
7.5 0.843515720328858
10.0 0.909920614843908
12.5 0.992850123671342
15.0 1.09221213166345
17.5 1.20791452367254
20.0 1.33986518455089
22.5 1.48797199915079
25.0 1.65214285232455
27.5 1.83228562892446
30.0 2.0283082138028
32.5 2.24011849181188
35.0 2.46762434780399
37.5 2.71073366663141
40.0 2.96935433314645
42.5 3.2433942322014
45.0 3.53276124864855
47.5 3.83736326734019
50.0 4.15710817312863
52.5 4.49190385086614
55.0 4.84165818540503
57.5 5.20627906159759
60.0 5.58567436429612
2.5 0.760564441580859
5.0 0.793535185942618
7.5 0.843214742980184
10.0 0.909510987272741
12.5 0.992331793399476
15.0 1.09158503593957
17.5 1.20717858947222
20.0 1.3390203285766
22.5 1.4870181278319
25.0 1.65107986181731
27.5 1.831113405112
30.0 2.02702663229518
32.5 2.23872741794601
35.0 2.4661236366437
37.5 2.70912316296742
40.0 2.96763387149635
42.5 3.24156363680969
45.0 3.53082033348663
47.5 3.83531183610633
50.0 4.154946019248
52.5 4.48963075749082
55.0 4.83927392541397
57.5 5.20378339759664
60.0 5.58306704861801
2.5 0.7597943021395
5.0 0.792045246615889
7.5 0.841004636276927
10.0 0.9065802750083
12.5 0.988679966695695
15.0 1.0872115152248
17.5 1.2020827244813
20.0 1.33320139835089
22.5 1.48047534071925
25.0 1.64381235547207
27.5 1.82312024649503
30.0 2.01830681767384
32.5 2.22927987289416
35.0 2.45594721604169
37.5 2.69821665100213
40.0 2.95599598166114
42.5 3.22919301190443
45.0 3.51771554561768
47.5 3.82147138668657
50.0 4.1403683389968
52.5 4.47431420643405
55.0 4.82321679288401
57.5 5.18698390223237
60.0 5.56552333836481
2.5 0.757475885843199
5.0 0.78740432466097
7.5 0.834040133084925
10.0 0.897290888186785
12.5 0.977064167038274
15.0 1.07326754671111
17.5 1.18580860427702
20.0 1.31459491680773
22.5 1.45953406137495
25.0 1.62053361505041
27.5 1.79750115490582
30.0 1.99034425801293
32.5 2.19897050144343
35.0 2.42328746226906
37.5 2.66320271756155
40.0 2.9186238443926
42.5 3.18945841983394
45.0 3.4756140209573
47.5 3.7769982248344
50.0 4.09351860853696
52.5 4.42508274913669
55.0 4.77159822370533
57.5 5.1329726093146
60.0 5.50911348303621
2.5 0.756825583495576
5.0 0.786101334479126
7.5 0.832084153204418
10.0 0.894681552867077
12.5 0.973801046662727
15.0 1.06935014778699
17.5 1.1812363694355
20.0 1.30936722480387
22.5 1.45365022708773
25.0 1.61399288948271
27.5 1.79030272518442
30.0 1.98248724738849
32.5 2.19045396929056
35.0 2.41411040408623
37.5 2.65336406497114
40.0 2.90812246514091
42.5 3.17829311779117
45.0 3.46378353611753
47.5 3.76450123331563
50.0 4.08035372258109
52.5 4.41124851710953
55.0 4.75709313009658
57.5 5.11779507473786
60.0 5.49326186422899
2.5 0.75748577638195
5.0 0.787446562485227
7.5 0.83411473421245
10.0 0.897397871816724
12.5 0.977203555551155
15.0 1.07343936566885
17.5 1.18601288242292
20.0 1.31483168606646
22.5 1.45980335685258
25.0 1.62083547503439
27.5 1.79783562086499
30.0 1.99071137459749
32.5 2.199370316485
35.0 2.42372002678062
37.5 2.66366808573746
40.0 2.91912207360863
42.5 3.18998957064722
45.0 3.47617815710635
47.5 3.77759541323912
50.0 4.09414891929864
52.5 4.42574625553801
55.0 4.77229500221034
57.5 5.13370273956874
60.0 5.50987704786631
2.5 0.757092873116527
5.0 0.786598296541797
7.5 0.832810895900886
10.0 0.895638206905939
12.5 0.974987765269097
15.0 1.0707671067025
17.5 1.1828837669183
20.0 1.31124528162863
22.5 1.45575918654563
25.0 1.61633301738146
27.5 1.79287430984824
30.0 1.98529059965813
32.5 2.19348942252326
35.0 2.41737831415578
37.5 2.65686481026783
40.0 2.91185644657155
42.5 3.18226075877909
45.0 3.46798528260259
47.5 3.76893755375418
50.0 4.08502510794602
52.5 4.41615548089025
55.0 4.762236208299
57.5 5.12317482588443
60.0 5.49887886935866
2.5 0.758561251255034
5.0 0.789587168405859
7.5 0.837320987341115
10.0 0.901670392800504
12.5 0.982543069523725
15.0 1.07984670225048
17.5 1.19348897572047
20.0 1.3233775746734
22.5 1.46942018384896
25.0 1.63152448798687
27.5 1.80959817182681
30.0 2.0035489201085
32.5 2.21328441757163
35.0 2.4387123489559
37.5 2.67974039900102
40.0 2.93627625244668
42.5 3.20822759403259
45.0 3.49550210849844
47.5 3.79800748058395
50.0 4.11565139502881
52.5 4.44834153657272
55.0 4.79598558995538
57.5 5.1584912399165
60.0 5.53576617119577
2.5 0.760132475688347
5.0 0.792715402991066
7.5 0.842006925126841
10.0 0.907914878271458
12.5 0.990347098600704
15.0 1.08921142229037
17.5 1.20441568551623
20.0 1.33586772445409
22.5 1.48347537527972
25.0 1.64714647416891
27.5 1.82678885729745
30.0 2.02231036084113
32.5 2.23361882097574
35.0 2.46062207387705
37.5 2.70322795572086
40.0 2.96134430268296
42.5 3.23487895093912
45.0 3.52373973666515
47.5 3.82783449603681
50.0 4.14707106522991
52.5 4.48135728042023
55.0 4.83060097778355
57.5 5.19470999349566
60.0 5.57359216373235
2.5 0.759715750775041
5.0 0.791881243053352
7.5 0.840755096880959
10.0 0.906245107092225
12.5 0.988259068521515
15.0 1.08670477600319
17.5 1.20149002437162
20.0 1.33252260846116
22.5 1.47971032310618
25.0 1.64296096314103
27.5 1.8221823234001
30.0 2.01728219871773
32.5 2.22816838392829
35.0 2.45474867386615
37.5 2.69693086336566
40.0 2.9546227472612
42.5 3.22773212038712
45.0 3.51616677757779
47.5 3.81983451366758
50.0 4.13864312349084
52.5 4.47250040188193
55.0 4.82131414367524
57.5 5.1849921437051
60.0 5.5634421968059
2.5 0.75919930295627
5.0 0.790776831984516
7.5 0.839062456788042
10.0 0.90396391495453
12.5 0.985388944071662
15.0 1.08324528172712
17.5 1.19744066550859
20.0 1.32788283300376
22.5 1.4744795218003
25.0 1.63713846948589
27.5 1.81576741364823
30.0 2.010274091875
32.5 2.22056624175387
35.0 2.44655160087253
37.5 2.68813790681866
40.0 2.94523289717994
42.5 3.21774430954407
45.0 3.50557988149871
47.5 3.80864735063156
50.0 4.1268544545303
52.5 4.4601089307826
55.0 4.80831851697615
57.5 5.17139095069864
60.0 5.54923396953775
2.5 0.759477980352153
5.0 0.791414303430836
7.5 0.84005890219047
10.0 0.905319549448113
12.5 0.987104018020824
15.0 1.08532008072566
17.5 1.19987551037968
20.0 1.33067807979995
22.5 1.47763556180352
25.0 1.64065572920745
27.5 1.81964635482881
30.0 2.01451521148464
32.5 2.22517007199201
35.0 2.45151870916797
37.5 2.6934688958296
40.0 2.95092840479393
42.5 3.22380500887804
45.0 3.51200648089898
47.5 3.81544059367381
50.0 4.13401512001959
52.5 4.46763783275338
55.0 4.81621650469223
57.5 5.17965890865321
60.0 5.55787281745337
2.5 0.758564206065124
5.0 0.789506659152168
7.5 0.837156920279121
10.0 0.901422665132546
12.5 0.982211569399007
15.0 1.07943130876507
17.5 1.19298955891729
20.0 1.32279399554224
22.5 1.46875229432649
25.0 1.63077213095658
27.5 1.8087611811191
30.0 2.0026271205006
32.5 2.21227762478764
35.0 2.4376203696668
37.5 2.67856303082462
40.0 2.93501328394769
42.5 3.20687880472256
45.0 3.49406726883579
47.5 3.79648635197395
50.0 4.1140437298236
52.5 4.44664707807131
55.0 4.79420407240364
57.5 5.15662238850715
60.0 5.53380970206841
2.5 0.759029327468592
5.0 0.790473591024569
7.5 0.838625876092605
10.0 0.903393907048828
12.5 0.984685408269368
15.0 1.08240810413035
17.5 1.19646971900791
20.0 1.32677797727818
22.5 1.47324060331728
25.0 1.63576532150134
27.5 1.81425985620649
30.0 2.00863193180886
32.5 2.21878927268458
35.0 2.44463960320978
37.5 2.68609064776059
40.0 2.94305013071314
42.5 3.21542577644355
45.0 3.50312530932796
47.5 3.80605645374249
50.0 4.12412693406327
52.5 4.45724447466644
55.0 4.80531679992812
57.5 5.16825163422445
60.0 5.54595670193154
2.5 0.758860510335386
5.0 0.790170445277181
7.5 0.838188348431294
10.0 0.902821931206671
12.5 0.983978905012262
15.0 1.08156698125701
17.5 1.19549387134988
20.0 1.32566728669979
22.5 1.47199493871572
25.0 1.6343845388066
27.5 1.81274379838137
30.0 2.006980428849
32.5 2.21700214161842
35.0 2.44271664809859
37.5 2.68403165969845
40.0 2.94085488782695
42.5 3.21309404389304
45.0 3.50065683930567
47.5 3.80345098547378
50.0 4.12138419380632
52.5 4.45436417571224
55.0 4.80229864260049
57.5 5.16509530588002
60.0 5.54266187695977
2.5 0.759260857902575
5.0 0.790972956455827
7.5 0.839393218009278
10.0 0.90442939336187
12.5 0.985989233312546
15.0 1.08398048866025
17.5 1.19831091020392
20.0 1.32888824874251
22.5 1.47562025507495
25.0 1.63841468000018
27.5 1.81717927431716
30.0 2.01182178882483
32.5 2.22224997432212
35.0 2.44837158160797
37.5 2.69009436148135
40.0 2.94732606474117
42.5 3.21997444218639
45.0 3.50794724461596
47.5 3.8111522228288
50.0 4.12949712762388
52.5 4.46288970980012
55.0 4.81123772015647
57.5 5.17444890949188
60.0 5.55243102860528
2.5 0.759736917683435
5.0 0.791921390015337
7.5 0.840814254171376
10.0 0.906323307187601
12.5 0.988356346100062
15.0 1.08682116794481
17.5 1.20162556975789
20.0 1.33267734857536
22.5 1.47988430143326
25.0 1.64315422536764
27.5 1.82239491741456
30.0 2.01751417461006
32.5 2.22841979399019
35.0 2.455019572591
37.5 2.69722130744855
40.0 2.95493279559887
42.5 3.22806183407802
45.0 3.51651621992206
47.5 3.82020375016702
50.0 4.13903222184896
52.5 4.47290943200392
55.0 4.82174317766797
57.5 5.18544125587714
60.0 5.56391146366748
2.5 0.758787732912978
5.0 0.78999675541468
7.5 0.837913733350092
10.0 0.902446368830761
12.5 0.983502363968237
15.0 1.08098942087407
17.5 1.1948152416598
20.0 1.32488752843699
22.5 1.47111398331718
25.0 1.63340230841193
27.5 1.81166020583277
30.0 2.00579537769126
32.5 2.21571552609895
35.0 2.44132835316739
37.5 2.68254156100812
40.0 2.9392628517327
42.5 3.21139992745267
45.0 3.49886049027958
47.5 3.80155224232499
50.0 4.11938288570043
52.5 4.45226012251747
55.0 4.80009165488764
57.5 5.1627851849225
60.0 5.5402484147336
2.5 0.758807801165394
5.0 0.79006049032746
7.5 0.838021163739315
10.0 0.902597527916558
12.5 0.983697289374787
15.0 1.0812281546296
17.5 1.1950978301966
20.0 1.32521402259137
22.5 1.47148443832953
25.0 1.63381678392666
27.5 1.81211876589837
30.0 2.00629809076025
32.5 2.2162624650279
35.0 2.44191959521693
37.5 2.68317718784292
40.0 2.93994294942148
42.5 3.2121245864682
45.0 3.49962980549869
47.5 3.80236631302854
50.0 4.12024181557335
52.5 4.45316401964871
55.0 4.80104063177024
57.5 5.16377935845351
60.0 5.54128790621414
2.5 0.757022057429703
5.0 0.786471133163136
7.5 0.832627381747301
10.0 0.895398333754777
12.5 0.974691519758144
15.0 1.07041447032998
17.5 1.18247471604287
20.0 1.31077978746939
22.5 1.45523721518212
25.0 1.61575452975364
27.5 1.79223926175653
30.0 1.98459894176337
32.5 2.19274110034674
35.0 2.41657326807922
37.5 2.65600297553339
40.0 2.91093775328183
42.5 3.18128513189712
45.0 3.46695264195184
47.5 3.76784781401858
50.0 4.0838781786699
52.5 4.41495126647839
55.0 4.76097460801662
57.5 5.12185573385719
60.0 5.49750217457267
2.5 0.756056386438373
5.0 0.784590606475563
7.5 0.829831608134056
10.0 0.891686832893379
12.5 0.970063722233061
15.0 1.06486971763263
17.5 1.17601226057161
20.0 1.30339879252953
22.5 1.44693675498592
25.0 1.6065335894203
27.5 1.7820967373122
30.0 1.97353364014115
32.5 2.18075173938668
35.0 2.40365847652832
37.5 2.64216129304558
40.0 2.89616763041801
42.5 3.16558493012512
45.0 3.45032063364644
47.5 3.75028218246151
50.0 4.06537701804984
52.5 4.39551258189097
55.0 4.74059631546442
57.5 5.10053566024972
60.0 5.4752380577264
2.5 0.757256451672224
5.0 0.786945985155379
7.5 0.833342800314408
10.0 0.896354451216663
12.5 0.975888491929492
15.0 1.07185247652025
17.5 1.18415395905627
20.0 1.31270049360493
22.5 1.45739963423356
25.0 1.61815893500951
27.5 1.79488595000014
30.0 1.98748823327279
32.5 2.19587333889482
35.0 2.41994882093357
37.5 2.6596222334564
40.0 2.91480113053065
42.5 3.18539306622368
45.0 3.47130559460283
47.5 3.77244626973546
50.0 4.08872264568891
52.5 4.42004227653054
55.0 4.76631271632769
57.5 5.12744151914772
60.0 5.50333623905797
2.5 0.757783525230229
5.0 0.788043747083647
7.5 0.835011498147892
10.0 0.89859438804187
12.5 0.978700026384487
15.0 1.07523602279465
17.5 1.18810998689126
20.0 1.31722952829324
22.5 1.46250225661947
25.0 1.62383578148887
27.5 1.80113771252035
30.0 1.99431565933281
32.5 2.20327723154516
35.0 2.42793003877629
37.5 2.66818169064513
40.0 2.92393979677057
42.5 3.19511196677153
45.0 3.48160581026689
47.5 3.78332893687559
50.0 4.10018895621651
52.5 4.43209347790856
55.0 4.77895011157065
57.5 5.1406664668217
60.0 5.51715015328059
2.5 0.757755755053952
5.0 0.787950018401784
7.5 0.83485178574994
10.0 0.898368660354859
12.5 0.978408245472983
15.0 1.07487814436075
17.5 1.18768596027461
20.0 1.316739296471
22.5 1.46194575620637
25.0 1.62321294273714
27.5 1.80044845931977
30.0 1.99355990921069
32.5 2.20245489566636
35.0 2.4270410219432
37.5 2.66722589129766
40.0 2.92291710698619
42.5 3.19402227226522
45.0 3.48044899039119
47.5 3.78210486462056
50.0 4.09889749820975
52.5 4.43073449441521
55.0 4.77752345649338
57.5 5.1391719877007
60.0 5.51558769129362
2.5 0.75741262502605
5.0 0.787246282973906
7.5 0.83378727996641
10.0 0.896943184020479
12.5 0.976621563153033
15.0 1.07272998538099
17.5 1.18517601872127
20.0 1.31386723119079
22.5 1.45871119080647
25.0 1.61961546558522
27.5 1.79648762354397
30.0 1.98923523269964
32.5 2.19776586106914
35.0 2.42198707666939
37.5 2.66180644751731
40.0 2.91713154162982
42.5 3.18786992702384
45.0 3.47392917171628
47.5 3.77521684372407
50.0 4.09164051106411
52.5 4.42310774175335
55.0 4.76952610380868
57.5 5.13080316524703
60.0 5.50684649408531
2.5 0.755762862648182
5.0 0.783996178229885
7.5 0.828936099207953
10.0 0.890490036953152
12.5 0.968565402836252
15.0 1.06306960822802
17.5 1.17391006449923
20.0 1.30099418302064
22.5 1.44422937516303
25.0 1.60352305229716
27.5 1.7787826257938
30.0 1.96991550702372
32.5 2.17682910735768
35.0 2.39943083816647
37.5 2.63762811082084
40.0 2.89132833669156
42.5 3.16043892714941
45.0 3.44486729356515
47.5 3.74452084730954
50.0 4.05930699975336
52.5 4.38913316226738
55.0 4.73390674622236
57.5 5.09353516298908
60.0 5.4679258239383
2.5 0.756224720936288
5.0 0.784916329906427
7.5 0.830314718230624
10.0 0.892327341585478
12.5 0.970861655647593
15.0 1.06582511609357
17.5 1.17712517860001
20.0 1.30466929884351
22.5 1.44836493250067
25.0 1.60811953524811
27.5 1.78384056276241
30.0 1.97543547072018
32.5 2.18281171479802
35.0 2.40587675067253
37.5 2.64453803402031
40.0 2.89870302051797
42.5 3.16827916584211
45.0 3.45317392566932
47.5 3.75329475567621
50.0 4.06854911153937
52.5 4.39884444893542
55.0 4.74408822354095
57.5 5.10418789103257
60.0 5.47905090708687
2.5 0.756648819975983
5.0 0.785782173567251
7.5 0.83162246881333
10.0 0.89407720397993
12.5 0.97305387733276
15.0 1.06845998713753
17.5 1.18020303165994
20.0 1.30819050916571
22.5 1.45232991792055
25.0 1.61252875619015
27.5 1.78869452224024
30.0 1.98073471433652
32.5 2.1885568307447
35.0 2.41206836973048
37.5 2.65117682955959
40.0 2.90578970849771
42.5 3.17581450481057
45.0 3.46115871676388
47.5 3.76172984262333
50.0 4.07743538065465
52.5 4.40818282912353
55.0 4.75387968629569
57.5 5.11443345043683
60.0 5.48975161981267
2.5 0.757449331409223
5.0 0.787327562393553
7.5 0.833913095925362
10.0 0.897113503447726
12.5 0.976836356403722
15.0 1.07298922623643
17.5 1.18547968438892
20.0 1.31421530230428
22.5 1.45910365142557
25.0 1.62005230319588
27.5 1.79696882905829
30.0 1.98976080045587
32.5 2.1983357888317
35.0 2.42260136562885
37.5 2.66246510229041
40.0 2.91783457025945
42.5 3.18861734097904
45.0 3.47472098589227
47.5 3.77605307644221
50.0 4.09252118407193
52.5 4.42403288022452
55.0 4.77049573634306
57.5 5.13181732387061
60.0 5.50790521425025
2.5 0.757810621353849
5.0 0.788062040438614
7.5 0.835020932557386
10.0 0.898594905616106
12.5 0.978691567520715
15.0 1.07521852617715
17.5 1.18808338949137
20.0 1.31719376536929
22.5 1.46245726171688
25.0 1.62378148644006
27.5 1.80107404744477
30.0 1.99424255263697
32.5 2.20319460992259
35.0 2.42783782720758
37.5 2.66807981239787
40.0 2.9238281733994
42.5 3.19499051811813
45.0 3.48147445445998
47.5 3.78318759033091
50.0 4.10003753363685
52.5 4.43193189228374
55.0 4.77877827417753
57.5 5.14048428722416
60.0 5.51695753932957
2.5 0.758408743538277
5.0 0.789229072958672
7.5 0.836757120311023
10.0 0.900900548803019
12.5 0.981567021642344
15.0 1.07866420203669
17.5 1.19209975319373
20.0 1.32178133832117
22.5 1.46761662062669
25.0 1.62951326331797
27.5 1.8073789296027
30.0 2.00112128268858
32.5 2.21064798578327
35.0 2.43586670209448
37.5 2.67668509482989
40.0 2.93301082719719
42.5 3.20475156240406
45.0 3.49181496365818
47.5 3.79410869416726
50.0 4.11154041713897
52.5 4.444017795781
55.0 4.79144849330104
57.5 5.15374017290677
60.0 5.53080049780588
2.5 0.757256825469583
5.0 0.786955623045059
7.5 0.833361621261971
10.0 0.896382373698205
12.5 0.975925433931645
15.0 1.07189835554018
17.5 1.18420869210169
20.0 1.31276399719406
22.5 1.45747182439518
25.0 1.61823972728294
27.5 1.79497525943521
30.0 1.98758597442989
32.5 2.19597942584486
35.0 2.420063167258
37.5 2.6597447522472
40.0 2.91493173439035
42.5 3.18553166726533
45.0 3.47145210445003
47.5 3.77260059952233
50.0 4.08888470606012
52.5 4.42021197764128
55.0 4.76648996784369
57.5 5.12762623024526
60.0 5.50352831842384
2.5 0.757131761104019
5.0 0.786691812298615
7.5 0.832959022112736
10.0 0.895840930908563
12.5 0.975245079048282
15.0 1.07107900689408
17.5 1.18325025480813
20.0 1.31166636315262
22.5 1.45623487228974
25.0 1.61686332258166
27.5 1.79345925439058
30.0 1.98593020807868
32.5 2.19418372400813
35.0 2.41812734254112
37.5 2.65766860403985
40.0 2.91271504886648
42.5 3.1831742173832
45.0 3.4689536499522
47.5 3.76996088693567
50.0 4.08610346869577
52.5 4.4172889355947
55.0 4.76342482799464
57.5 5.12441868625778
60.0 5.5001780507463
2.5 0.755491099973763
5.0 0.783403769613938
7.5 0.828022843754985
10.0 0.889255701454057
12.5 0.967009721768307
15.0 1.06119228375489
17.5 1.17171076647095
20.0 1.29847254897365
22.5 1.44138501032014
25.0 1.60035552956757
27.5 1.77529148577309
30.0 1.96610025799387
32.5 2.17268922528704
35.0 2.39496576670976
37.5 2.63283726131919
40.0 2.88621108817247
42.5 3.15499462632677
45.0 3.43909525483923
47.5 3.73842035276701
50.0 4.05287729916726
52.5 4.38237347309712
55.0 4.72681625361376
57.5 5.08611301977433
60.0 5.46017115063598
2.5 0.754145204315837
5.0 0.780781968344502
7.5 0.824124588492944
10.0 0.88408031919768
12.5 0.960556414895226
15.0 1.0534601300221
17.5 1.16269871901481
20.0 1.28817943630988
22.5 1.42980953634383
25.0 1.58749627355316
27.5 1.76114690237441
30.0 1.95066867724407
32.5 2.15596885259867
35.0 2.37695468287473
37.5 2.61353342250875
40.0 2.86561232593727
42.5 3.13309864759678
45.0 3.41589964192381
47.5 3.71392256335488
50.0 4.0270746663265
52.5 4.35526320527518
55.0 4.69839543463745
57.5 5.05637860884982
60.0 5.42911998234879
2.5 0.753941063483761
5.0 0.780368739468809
7.5 0.823502189092379
10.0 0.883248646467105
12.5 0.959515345705623
15.0 1.05220952092057
17.5 1.16123840622457
20.0 1.28650923573026
22.5 1.42792924355029
25.0 1.58540566379727
27.5 1.75884573058385
30.0 1.94815667802266
32.5 2.15324574022634
35.0 2.37402015130751
37.5 2.61038714537881
40.0 2.86225395655289
42.5 3.12952781894236
45.0 3.41211596665987
47.5 3.70992563381804
50.0 4.02286405452952
52.5 4.35083846290694
55.0 4.69375609306293
57.5 5.05152417911012
60.0 5.42404995516116
2.5 0.753484110611783
5.0 0.779423453749875
7.5 0.822068347107015
10.0 0.881325976799127
12.5 0.957103528942138
15.0 1.04930818965197
17.5 1.15784714504456
20.0 1.28262758123582
22.5 1.42355668434169
25.0 1.58054164047808
27.5 1.75348963576094
30.0 1.94230785630617
32.5 2.14690348822971
35.0 2.36718371764748
37.5 2.60305573067541
40.0 2.85442671342943
42.5 3.12120385202546
45.0 3.40329433257943
47.5 3.70060534120726
50.0 4.01304406402488
52.5 4.34051768714821
55.0 4.68293339669319
57.5 5.04019837877574
60.0 5.41221981951178
2.5 0.753927276780437
5.0 0.780272622885302
7.5 0.823323660668564
10.0 0.882987615427449
12.5 0.95917171245918
15.0 1.05178317706098
17.5 1.16072923453008
20.0 1.2859171101637
22.5 1.42725402925907
25.0 1.5846472171134
27.5 1.75800389902393
30.0 1.94723130028788
32.5 2.15223664620248
35.0 2.37292716206495
37.5 2.60921007317251
40.0 2.86099260482238
42.5 3.12818198231181
45.0 3.410685430938
47.5 3.70841017599818
50.0 4.02126344278959
52.5 4.34915245660943
55.0 4.69198444275494
57.5 5.04966662652335
60.0 5.42210623321187
2.5 0.754348714060176
5.0 0.781119807785364
7.5 0.824596761134793
10.0 0.88468684078792
12.5 0.961297313424207
15.0 1.05433544572311
17.5 1.16370850436409
20.0 1.28932375602661
22.5 1.43108846739013
25.0 1.5889099051341
27.5 1.76269533593799
30.0 1.95235202648125
32.5 2.15778724344335
35.0 2.37890825350374
37.5 2.61562232334188
40.0 2.86783671963723
42.5 3.13545870906926
45.0 3.41839555831742
47.5 3.71655453406117
50.0 4.02984290297997
52.5 4.35816793175328
55.0 4.70143688706056
57.5 5.05955703558126
60.0 5.43243564399486
2.5 0.755237284017221
5.0 0.782896685503101
7.5 0.827262352266512
10.0 0.888241638148911
12.5 0.965741896991755
15.0 1.0596704826365
17.5 1.16993474892461
20.0 1.29644204969754
22.5 1.43909973879674
25.0 1.59781517006368
27.5 1.7724956973398
30.0 1.96304867446657
32.5 2.16938145528545
35.0 2.39140139363789
37.5 2.62901584336535
40.0 2.88213215830929
42.5 3.15065769231116
45.0 3.43449979921243
47.5 3.73356583285454
50.0 4.04776314707896
52.5 4.37699909572715
55.0 4.72118103264056
57.5 5.08021631166064
60.0 5.45401228662887
2.5 0.755819963273648
5.0 0.784074539589112
7.5 0.829035678551094
10.0 0.890610792754326
12.5 0.968707294793542
15.0 1.06323259726347
17.5 1.17409411275886
20.0 1.30119925387442
22.5 1.4444554332049
25.0 1.60377006334502
27.5 1.77905055688953
30.0 1.97020432643315
32.5 2.17713878457062
35.0 2.39976134389666
37.5 2.63797941700602
40.0 2.89170041649342
42.5 3.1608317549536
45.0 3.44528084498129
47.5 3.74495509917123
50.0 4.05976193011814
52.5 4.38960875041676
55.0 4.73440297266182
57.5 5.09405200944805
60.0 5.46846327337019
2.5 0.755732627771197
5.0 0.783900815758263
7.5 0.828775535544891
10.0 0.890264191402803
12.5 0.968274187603722
15.0 1.06271292841937
17.5 1.17348781812147
20.0 1.30050626098175
22.5 1.44367566127193
25.0 1.60290342326373
27.5 1.77809695122887
30.0 1.96916364943908
32.5 2.17601092216609
35.0 2.3985461736816
37.5 2.63667680825736
40.0 2.89031023016507
42.5 3.15935384367647
45.0 3.44371505306327
47.5 3.7433012625972
50.0 4.05801987654998
52.5 4.38777829919334
55.0 4.73248393479899
57.5 5.09204418763867
60.0 5.46636646198408
2.5 0.755828249538231
5.0 0.784073205323138
7.5 0.829024747023305
10.0 0.890590286743879
12.5 0.968677236590007
15.0 1.06319300866684
17.5 1.17404501507951
20.0 1.30114066793319
22.5 1.44438737933301
25.0 1.60369256138411
27.5 1.77896362619166
30.0 1.97010798586079
32.5 2.17703305249666
35.0 2.39964623820441
37.5 2.63785495508918
40.0 2.89156661525613
42.5 3.1606886308104
45.0 3.44512841385715
47.5 3.74479337650151
50.0 4.05959093084863
52.5 4.38942848900367
55.0 4.73421346307177
57.5 5.09385326515808
60.0 5.46825530736774
2.5 0.755592747162608
5.0 0.783671218321099
7.5 0.828456149091404
10.0 0.889854934442913
12.5 0.967774969345017
15.0 1.06212364876711
17.5 1.17280836767857
20.0 1.29973652104881
22.5 1.4428155038472
25.0 1.60195271104314
27.5 1.77705553760603
30.0 1.96803137850524
32.5 2.17478762871018
35.0 2.39723168319023
37.5 2.63527093691478
40.0 2.88881278485323
42.5 3.15776462197497
45.0 3.44203384324938
47.5 3.74152784364586
50.0 4.05615401813379
52.5 4.38581976168258
55.0 4.73043246926161
57.5 5.08989953584027
60.0 5.46412835638794
2.5 0.756182175447925
5.0 0.784800761793538
7.5 0.830126007555767
10.0 0.892065359844055
12.5 0.970526265767846
15.0 1.06541617243658
17.5 1.17664252695971
20.0 1.30411277644667
22.5 1.44773436800691
25.0 1.60741474874988
27.5 1.783061365785
30.0 1.97458166622174
32.5 2.18188309716953
35.0 2.40487310573782
37.5 2.64345913903604
40.0 2.89754864417366
42.5 3.16704906826009
45.0 3.45186785840481
47.5 3.75191246171723
50.0 4.06709032530682
52.5 4.39730889628301
55.0 4.74247562175525
57.5 5.10249794883298
60.0 5.47728332462564
2.5 0.756262669984325
5.0 0.784955174165523
7.5 0.83035436303958
10.0 0.892367690814449
12.5 0.970902611698087
15.0 1.06586657989845
17.5 1.17716704962349
20.0 1.30471147508116
22.5 1.44840731047942
25.0 1.60816201002622
27.5 1.78388302792952
30.0 1.97547781839727
32.5 2.18285383563742
35.0 2.40591853385794
37.5 2.64457936726678
40.0 2.89874379007189
42.5 3.16831925648122
45.0 3.45321322070274
47.5 3.75333313694439
50.0 4.06858645941413
52.5 4.39888064231992
55.0 4.74412313986971
57.5 5.10422140627145
60.0 5.47908289573311
2.5 0.756152046034939
5.0 0.78475275003482
7.5 0.830060077673487
10.0 0.891981473857379
12.5 0.970424383492936
15.0 1.0652962514866
17.5 1.1765045227448
20.0 1.30395664217399
22.5 1.44756005468061
25.0 1.60722220517108
27.5 1.78285053855186
30.0 1.97435249972938
32.5 2.18163553361008
35.0 2.40460708510041
37.5 2.64317459910679
40.0 2.89724552053568
42.5 3.16672729429351
45.0 3.45152736528671
47.5 3.75155317842174
50.0 4.06671217860503
52.5 4.39691181074301
55.0 4.74205951974213
57.5 5.10206275050883
60.0 5.47682894794955
2.5 0.75618488108166
5.0 0.784820748710088
7.5 0.830163269998839
10.0 0.89211989352602
12.5 0.97059806786974
15.0 1.06550524160811
17.5 1.17674886331923
20.0 1.30423638158122
22.5 1.44787524497218
25.0 1.60757290207022
27.5 1.78323680145346
30.0 1.97477439169999
32.5 2.18209312138793
35.0 2.40510043909538
37.5 2.64370379340046
40.0 2.89781063288127
42.5 3.16732840611592
45.0 3.45216456168252
47.5 3.75222654815917
50.0 4.067421814124
52.5 4.39765780815509
55.0 4.74284197883058
57.5 5.10288177472855
60.0 5.47768464442712
2.5 0.755918056524124
5.0 0.78429437937221
7.5 0.82937721998782
10.0 0.891074001246885
12.5 0.969292146025334
15.0 1.0639390771991
17.5 1.1749222176441
20.0 1.30214899023628
22.5 1.44552681785156
25.0 1.60496312336588
27.5 1.78036532965515
30.0 1.97164085959531
32.5 2.1786971360623
35.0 2.40144158193203
37.5 2.63978162008045
40.0 2.89362467338347
42.5 3.16287816471703
45.0 3.44744951695706
47.5 3.74724615297949
50.0 4.06217549566025
52.5 4.39214496787526
55.0 4.73706199250045
57.5 5.09683399241177
60.0 5.47136839048513
2.5 0.754637974654542
5.0 0.781681011180126
7.5 0.825430016139479
10.0 0.8857922826559
12.5 0.962675103852686
15.0 1.05598577285314
17.5 1.16563158278055
20.0 1.29151982675822
22.5 1.43355779790946
25.0 1.59165278935755
27.5 1.7657120942258
30.0 1.9556430056375
32.5 2.16135281671596
35.0 2.38274882058447
37.5 2.61973831036633
40.0 2.87222857918484
42.5 3.1401269201633
45.0 3.423340626425
47.5 3.72177699109326
50.0 4.03534330729135
52.5 4.36394686814258
55.0 4.70749496677026
57.5 5.06589489629768
60.0 5.43905394984813
2.5 0.753740306555013
5.0 0.779891507475992
7.5 0.822748310006593
10.0 0.882217920343504
12.5 0.958207544683415
15.0 1.05062438922301
17.5 1.15937566015899
20.0 1.28436856368804
22.5 1.42551030600684
25.0 1.58270809331208
27.5 1.75586913180046
30.0 1.94490062766866
32.5 2.14970978711338
35.0 2.3702038163313
37.5 2.6062899215191
40.0 2.85787530887349
42.5 3.12486718459115
45.0 3.40717275486876
47.5 3.70469922590302
50.0 4.01735380389062
52.5 4.34504369502825
55.0 4.68767610551258
57.5 5.04515824154032
60.0 5.41739730930816
2.5 0.753271249767713
5.0 0.778947809868311
7.5 0.821329777919912
10.0 0.880324313834391
12.5 0.955838577523627
15.0 1.0477797288995
17.5 1.15605492787388
20.0 1.28057133435864
22.5 1.42123610826568
25.0 1.57795640950686
27.5 1.75063939799405
30.0 1.93919223363915
32.5 2.14352207635402
35.0 2.36353608605054
37.5 2.59914142264059
40.0 2.85024524603605
42.5 3.11675471614879
45.0 3.39857699289069
47.5 3.69561923617363
50.0 4.00778860590949
52.5 4.33499226201014
55.0 4.67713736438747
57.5 5.03413107295334
60.0 5.40588054761963
2.5 0.753818299240953
5.0 0.780061198245412
7.5 0.823009788564766
10.0 0.882571286190932
12.5 0.958652907115829
15.0 1.05116186733137
17.5 1.16000538282949
20.0 1.28509066960208
22.5 1.42632494364108
25.0 1.58361542093841
27.5 1.75686931748597
30.0 1.94599384927568
32.5 2.15089623229948
35.0 2.37148368254926
37.5 2.60766341601696
40.0 2.85934264869449
42.5 3.12642859657376
45.0 3.4088284756467
47.5 3.70644950190522
50.0 4.01919889134125
52.5 4.34698385994669
55.0 4.68971162371347
57.5 5.04728939863351
60.0 5.41962440069872
2.5 0.753263439010687
5.0 0.778950176781327
7.5 0.821342370663352
10.0 0.880347182282962
12.5 0.955871773266355
15.0 1.04782330523973
17.5 1.15610893982929
20.0 1.28063583866123
22.5 1.42131116336174
25.0 1.57804207555704
27.5 1.75073573687331
30.0 1.93929930893677
32.5 2.14363995337359
35.0 2.36366483181
37.5 2.59928110587218
40.0 2.85039593718633
42.5 3.11691648737865
45.0 3.39874991807535
47.5 3.69580339090261
50.0 4.00798406748665
52.5 4.33519910945365
55.0 4.67735567842982
57.5 5.03436093604136
60.0 5.40612204391447
2.5 0.752916410886058
5.0 0.77827099617692
7.5 0.820330892057942
10.0 0.879003227582294
12.5 0.954195131803143
15.0 1.04581373377366
17.5 1.153766162547
20.0 1.27795954717635
22.5 1.41830101671487
25.0 1.57469770021572
27.5 1.74705672673208
30.0 1.9352852253171
32.5 2.13929032502397
35.0 2.35897915490585
37.5 2.5942588440159
40.0 2.8450365214073
42.5 3.11121931613321
45.0 3.39271435724679
47.5 3.68942877380123
50.0 4.00126969484968
52.5 4.32814424944531
55.0 4.66995956664129
57.5 5.0266227754908
60.0 5.39804100504699
2.5 0.752566241407336
5.0 0.777591125265125
7.5 0.819321176407474
10.0 0.877663491557511
12.5 0.952525167438361
15.0 1.04381330077315
17.5 1.15143498828501
20.0 1.27529732669706
22.5 1.41530741273243
25.0 1.57137234311424
27.5 1.74339921456562
30.0 1.93129512380971
32.5 2.13496716756961
35.0 2.35432244256847
37.5 2.58926804552941
40.0 2.83971107317554
42.5 3.10555862223001
45.0 3.38671778941593
47.5 3.68309567145644
50.0 3.99459936507465
52.5 4.3211359669937
55.0 4.66261257393671
57.5 5.0189362826268
60.0 5.39001418978711
2.5 0.750349931323472
5.0 0.773189829676118
7.5 0.812733994017102
10.0 0.868889307201634
12.5 0.941562652084928
15.0 1.03066091152219
17.5 1.13609096836865
20.0 1.2577597054795
22.5 1.39557400570996
25.0 1.54944075191524
27.5 1.71926682695055
30.0 1.90495911367111
32.5 2.10642449493213
35.0 2.32356985358882
37.5 2.5563020724964
40.0 2.80452803451006
42.5 3.06815462248503
45.0 3.34708871927653
47.5 3.64123720773975
50.0 3.95050697072992
52.5 4.27480489110224
55.0 4.61403785171193
57.5 4.96811273541419
60.0 5.33693642506425
2.5 0.750443978847211
5.0 0.773335486876183
7.5 0.812931257563541
10.0 0.869138178420037
12.5 0.941863136956424
15.0 1.03101302068345
17.5 1.13649471711187
20.0 1.25821511375244
22.5 1.39608109811591
25.0 1.54999955771303
27.5 1.71987738005455
30.0 1.90562145265123
32.5 2.10713866301381
35.0 2.32433589865305
37.5 2.55712004707971
40.0 2.80539799580452
42.5 3.06907663233826
45.0 3.34806284419166
47.5 3.64226351887547
50.0 3.95158554390047
52.5 4.27593580677738
55.0 4.61522119501697
57.5 4.96934859612999
60.0 5.33822489762719
2.5 0.749813088590955
5.0 0.772083213291201
7.5 0.811057355019308
10.0 0.866642340515749
12.5 0.938744996521
15.0 1.02727214977553
17.5 1.13213062701982
20.0 1.25322725499435
22.5 1.39046886043958
25.0 1.54376227009599
27.5 1.71301431070405
30.0 1.89813180900425
32.5 2.09902159173705
35.0 2.31559048564293
37.5 2.54774531746235
40.0 2.79539291393581
42.5 3.05844010180377
45.0 3.3367937078067
47.5 3.63036055868509
50.0 3.93904748117939
52.5 4.2627613020301
55.0 4.60140884797768
57.5 4.9548969457626
60.0 5.32313242212535
2.5 0.75005788949622
5.0 0.772560038749436
7.5 0.811766317235337
10.0 0.867583574729119
12.5 0.939918661005974
15.0 1.0286784258411
17.5 1.13376971900968
20.0 1.25509939028693
22.5 1.39257428944802
25.0 1.54610126626816
27.5 1.71558717052255
30.0 1.90093885198636
32.5 2.10206316043481
35.0 2.31886694564308
37.5 2.55125705738636
40.0 2.79914034543986
42.5 3.06242365957877
45.0 3.34101384957827
47.5 3.63481776521357
50.0 3.94374225625986
52.5 4.26769417249234
55.0 4.60658036368619
57.5 4.96030767961662
60.0 5.32878297005881
2.5 0.748811209144856
5.0 0.770095775824884
7.5 0.808084026108811
10.0 0.862682691156706
12.5 0.933798502128636
15.0 1.02133819018467
17.5 1.12520848648487
20.0 1.24531612218931
22.5 1.38156782845806
25.0 1.53387033645119
27.5 1.70213037732875
30.0 1.88625468225082
32.5 2.08614998237747
35.0 2.30172300886877
37.5 2.53288049288478
40.0 2.77952916558557
42.5 3.04157575813121
45.0 3.31892700168176
47.5 3.6114896273973
50.0 3.91917036643789
52.5 4.2418759499636
55.0 4.57951310913449
57.5 4.93198857511064
60.0 5.29920907905211
2.5 0.748329975477653
5.0 0.769140880249982
7.5 0.80665527284804
10.0 0.860779837860719
12.5 0.931421259876909
15.0 1.0184862234855
17.5 1.12188141327538
20.0 1.24151351383544
22.5 1.37728920975458
25.0 1.52911518562167
27.5 1.69689812602562
30.0 1.8805447155553
32.5 2.07996163879962
35.0 2.29505558034746
37.5 2.52573322478771
40.0 2.77190125670926
42.5 3.03346636070101
45.0 3.31033522135183
47.5 3.60241452325063
50.0 3.90961095098629
52.5 4.2318311891477
55.0 4.56898192232376
57.5 4.92096983510334
60.0 5.28770161207535
2.5 0.748829543819748
5.0 0.770141466221459
7.5 0.80815706907154
10.0 0.862783085981056
12.5 0.933926250561075
15.0 1.02149329642266
17.5 1.12539095717688
20.0 1.24552596643481
22.5 1.3818050578075
25.0 1.53413496490603
27.5 1.70242242134145
30.0 1.88657416072485
32.5 2.08649691666728
35.0 2.3020974227798
37.5 2.5332824126735
40.0 2.77995861995943
42.5 3.04203277824865
45.0 3.31941162115225
47.5 3.61200188228127
50.0 3.91971029524679
52.5 4.24244359365988
55.0 4.5801085111316
57.5 4.93261178127302
60.0 5.2998601376952
2.5 0.748714967396948
5.0 0.769904106276917
7.5 0.807796863503781
10.0 0.862299960433498
12.5 0.933320118422026
15.0 1.02076405882532
17.5 1.12453850299934
20.0 1.24455017230004
22.5 1.38070578808339
25.0 1.53291207170533
27.5 1.70107574452182
30.0 1.88510352788883
32.5 2.0849021431623
35.0 2.30037831169821
37.5 2.53143875485249
40.0 2.77799019398112
42.5 3.03993935044005
45.0 3.31719294558523
47.5 3.60965770077263
50.0 3.9172403373582
52.5 4.2398475766979
55.0 4.57738614014768
57.5 4.92976274906351
60.0 5.29688412480134
2.5 0.747804775997058
5.0 0.7680709487545
7.5 0.805040393961534
10.0 0.858619742767569
12.5 0.928715626322018
15.0 1.01523467577429
17.5 1.1180835222738
20.0 1.23716879696996
22.5 1.37239713101218
25.0 1.52367515554987
27.5 1.69090950173244
30.0 1.87400680070931
32.5 2.07287368362988
35.0 2.28741678164357
37.5 2.51754272589979
40.0 2.76315814754795
42.5 3.02416967773746
45.0 3.30048394761774
47.5 3.59200758833819
50.0 3.89864723104822
52.5 4.22030950689726
55.0 4.5569010470347
57.5 4.90832848260996
60.0 5.27449844477246
2.5 0.747983121487294
5.0 0.768438271392378
7.5 0.805596758833252
10.0 0.859365233345096
12.5 0.929650344463091
15.0 1.01635874172242
17.5 1.11939707465825
20.0 1.23867199280578
22.5 1.37409014570017
25.0 1.52555818287662
27.5 1.69298275387029
30.0 1.87627050821638
32.5 2.07532809545006
35.0 2.2900621651065
37.5 2.5203793667209
40.0 2.76618634982843
42.5 3.02738976396427
45.0 3.30389625866359
47.5 3.59561248346159
50.0 3.90244508789344
52.5 4.22430072149432
55.0 4.56108603379941
57.5 4.91270767434389
60.0 5.27907229266294
2.5 0.74856355883325
5.0 0.7695739058023
7.5 0.807287807867131
10.0 0.861611968980946
12.5 0.932453093096952
15.0 1.01971788416835
17.5 1.12331304614835
20.0 1.24314528299015
22.5 1.37912129864696
25.0 1.53114779707199
27.5 1.69913148221843
30.0 1.88297905803949
32.5 2.08259722848838
35.0 2.2978926975183
37.5 2.52877216908246
40.0 2.77514234713406
42.5 3.0369099356263
45.0 3.31398163851239
47.5 3.60626415974554
50.0 3.91366420327895
52.5 4.23608847306582
55.0 4.57344367305936
57.5 4.92563650721278
60.0 5.29257367947927
2.5 0.749289251496117
5.0 0.771002689466339
7.5 0.809419974425786
10.0 0.864447879445013
12.5 0.935993177594574
15.0 1.02396264194502
17.5 1.12826304556692
20.0 1.24880116153081
22.5 1.38548376290725
25.0 1.53821762276679
27.5 1.70690951418
30.0 1.89146621021742
32.5 2.09179448394962
35.0 2.30780110844713
37.5 2.53939285678052
40.0 2.78647650202035
42.5 3.04895881723716
45.0 3.32674657550151
47.5 3.61974654988396
50.0 3.92786551345506
52.5 4.25101023928536
55.0 4.58908750044542
57.5 4.94200407000579
60.0 5.30966672103703
2.5 0.747861754872585
5.0 0.76821541723472
7.5 0.805272401196938
10.0 0.8589393467339
12.5 0.92912289382027
15.0 1.01572968243071
17.5 1.11866635253988
20.0 1.23783954412245
22.5 1.37315589715307
25.0 1.52452205160642
27.5 1.69184464745715
30.0 1.87503032467993
32.5 2.07398572324941
35.0 2.28861748314026
37.5 2.51883224432715
40.0 2.76453664678473
42.5 3.02563733048768
45.0 3.30204093541064
47.5 3.59365410152829
50.0 3.90038346881529
52.5 4.22213567724629
55.0 4.55881736679597
57.5 4.91033517743898
60.0 5.27659574914999
2.5 0.747037871230408
5.0 0.766540504276152
7.5 0.802746194812007
10.0 0.8555615004377
12.5 0.924892978752958
15.0 1.01064718735751
17.5 1.11273068385108
20.0 1.2310500258334
22.5 1.3655117709042
25.0 1.51602247666319
27.5 1.68248870071012
30.0 1.86481700064471
32.5 2.06291393406668
35.0 2.27668605857576
37.5 2.50603993177168
40.0 2.75088211125416
42.5 3.01111915462295
45.0 3.28665761947775
47.5 3.5774040634183
50.0 3.88326504404433
52.5 4.20414711895556
55.0 4.53995684575172
57.5 4.89060078203254
60.0 5.25598548539775
2.5 0.748578416869009
5.0 0.769653215617384
7.5 0.807431732519545
10.0 0.861820680107592
12.5 0.932726770913624
15.0 1.02005671746974
17.5 1.12371723230804
20.0 1.24361502796063
22.5 1.37965681695959
25.0 1.53174931183704
27.5 1.69979922512507
30.0 1.88371326935579
32.5 2.08339815706128
35.0 2.29876060077366
37.5 2.52970731302501
40.0 2.77614500634745
42.5 3.03798039327306
45.0 3.31512018633396
47.5 3.60747109806223
50.0 3.91493984098998
52.5 4.2374331276493
55.0 4.57485767057231
57.5 4.92712018229108
60.0 5.29412737533774
2.5 0.748728915830404
5.0 0.769925444011084
7.5 0.807825728379476
10.0 0.86233649323279
12.5 0.933364462868237
15.0 1.02081636158303
17.5 1.12459891367437
20.0 1.24461884343947
22.5 1.38078287517555
25.0 1.53299773317981
27.5 1.70117014174946
30.0 1.88520682518171
32.5 2.08501450777378
35.0 2.30049991382287
37.5 2.53156976762619
40.0 2.77813079348095
42.5 3.04008971568436
45.0 3.31735325853364
47.5 3.60982814632598
50.0 3.91742110335861
52.5 4.24003885392873
55.0 4.57758812233356
57.5 4.92997563287029
60.0 5.29710810983615
2.5 0.749942334251907
5.0 0.772364633735205
7.5 0.811491118534641
10.0 0.867228632054205
12.5 0.939484017697886
15.0 1.02816411886968
17.5 1.13317577897356
20.0 1.25442584141353
22.5 1.39182114959358
25.0 1.5452685469177
27.5 1.71467487678987
30.0 1.89994698261408
32.5 2.10099170779433
35.0 2.31771589573461
37.5 2.5500263898389
40.0 2.7978300335112
42.5 3.06103367015549
45.0 3.33954414317576
47.5 3.63326829597601
50.0 3.94211297196022
52.5 4.26598501453238
55.0 4.60479126709649
57.5 4.95843857305653
60.0 5.32683377581649
2.5 0.749039275492723
5.0 0.770507715799017
7.5 0.808679979478429
10.0 0.863462816808511
12.5 0.934762978066812
15.0 1.02248721353088
17.5 1.12654227347828
20.0 1.24683490818654
22.5 1.38327186793323
25.0 1.53575990299589
27.5 1.70420576365207
30.0 1.88851620017933
32.5 2.08859796285521
35.0 2.30435780195726
37.5 2.53570246776304
40.0 2.7825387105501
42.5 3.04477328059598
45.0 3.32231292817824
47.5 3.61506440357443
50.0 3.9229344570621
52.5 4.24582983891879
55.0 4.58365729942206
57.5 4.93632358884946
60.0 5.30373545747855
2.5 0.74802650335339
5.0 0.768481447003302
7.5 0.805639803899774
10.0 0.859408224803679
12.5 0.929693360475894
15.0 1.01640186167729
17.5 1.11944037916875
20.0 1.23871556371113
22.5 1.37413406606533
25.0 1.5256025369922
27.5 1.69302762725264
30.0 1.8763159876075
32.5 2.07537426881766
35.0 2.29010912164401
37.5 2.52042719684741
40.0 2.76623514518874
42.5 3.02743961742887
45.0 3.30394726432868
47.5 3.59566473664904
50.0 3.90249868515082
52.5 4.22435576059491
55.0 4.56114261374217
57.5 4.91276589535349
60.0 5.27913225618972
2.5 0.746847888177893
5.0 0.766145363332625
7.5 0.802145833153916
10.0 0.854755835381258
12.5 0.92388190775414
15.0 1.00943058801205
17.5 1.11130841389449
20.0 1.22942192314094
22.5 1.36367765349089
25.0 1.51398214268384
27.5 1.68024192845927
30.0 1.86236354855668
32.5 2.06025354071555
35.0 2.27381844267538
37.5 2.50296479217566
40.0 2.74759912695588
42.5 3.00762798475553
45.0 3.2829579033141
47.5 3.57349542037108
50.0 3.87914707366596
52.5 4.19981940093824
55.0 4.5354189399274
57.5 4.88585222837293
60.0 5.25102580401433
2.5 0.746858191903444
5.0 0.76615480443563
7.5 0.802154446260589
10.0 0.854763655608196
12.5 0.923888970708328
15.0 1.00943692979086
17.5 1.11131407108567
20.0 1.22942693282263
22.5 1.36368205323163
25.0 1.51398597054253
27.5 1.68024522298521
30.0 1.86236634878955
32.5 2.06025588618543
35.0 2.27382037340272
37.5 2.5029663486713
40.0 2.74760035022104
42.5 3.00762891628182
45.0 3.28295858508352
47.5 3.57349589485601
50.0 3.87914738382917
52.5 4.19981959023288
55.0 4.53541905229701
57.5 4.88585230825144
60.0 5.25102589632605
2.5 0.746583043879339
5.0 0.765647452242296
7.5 0.801414799490617
10.0 0.853791601050748
12.5 0.922684372349132
15.0 1.00799962881221
17.5 1.10964388586644
20.0 1.22752365893825
22.5 1.3615454634541
25.0 1.51161581484042
27.5 1.67764122852366
30.0 1.85952821993027
32.5 2.05718330448669
35.0 2.27051299761936
37.5 2.49942381475473
40.0 2.74382227131925
42.5 3.00361488273935
45.0 3.27870816444149
47.5 3.56900863185211
50.0 3.87442280039764
52.5 4.19485718550455
55.0 4.53021830259926
57.5 4.88041266710823
60.0 5.2453467944579
2.5 0.747107221118302
5.0 0.766622194519417
7.5 0.802840290735321
10.0 0.855668069572389
12.5 0.925012090836991
15.0 1.0107789143355
17.5 1.11287509987429
20.0 1.23120720725973
22.5 1.3656817962982
25.0 1.51620542679606
27.5 1.68268465855969
30.0 1.86502605139547
32.5 2.06313616510975
35.0 2.27692155950893
37.5 2.50628879439936
40.0 2.75114442958743
42.5 3.01139502487949
45.0 3.28694714008194
47.5 3.57770733500113
50.0 3.88358216944344
52.5 4.20447820321524
55.0 4.54030199612291
57.5 4.89096010797282
60.0 5.25635909857134
2.5 0.745854811164229
5.0 0.764121339581969
7.5 0.799090582315877
10.0 0.850668977792546
12.5 0.918762964438571
15.0 1.00327898068054
17.5 1.10412346494506
20.0 1.22120285565871
22.5 1.35442359124808
25.0 1.50369211013978
27.5 1.6689148507604
30.0 1.84999825153652
32.5 2.04684875089474
35.0 2.25937278726166
37.5 2.48747679906387
40.0 2.73106722472797
42.5 2.99005050268053
45.0 3.26433307134817
47.5 3.55382136915747
50.0 3.85842183453502
52.5 4.17804090590742
55.0 4.51258502170127
57.5 4.86196062034315
60.0 5.22607414025966
2.5 0.745362979568627
5.0 0.763196739573489
7.5 0.797733054141911
10.0 0.848878319271949
12.5 0.916538930961659
15.0 1.0006212852091
17.5 1.10103177801232
20.0 1.21767680536937
22.5 1.35046276327833
25.0 1.49929604773723
27.5 1.66408305474414
30.0 1.84473018029712
32.5 2.04114382039421
35.0 2.25323037103347
37.5 2.48089622821297
40.0 2.72404778793075
42.5 2.98259144618487
45.0 3.25643359897339
47.5 3.54548064229437
50.0 3.84963897214585
52.5 4.1688149845259
55.0 4.50291507543256
57.5 4.85184564086391
60.0 5.21551307681798
2.5 0.745327639850877
5.0 0.763073160477421
7.5 0.797521222255162
10.0 0.848578212843175
12.5 0.916150519900536
15.0 1.00014453108632
17.5 1.1004666340596
20.0 1.21702321647945
22.5 1.34972066600495
25.0 1.49846537029517
27.5 1.66316371700919
30.0 1.84372209380608
32.5 2.04004688834492
35.0 2.25204448828478
37.5 2.47962128128474
40.0 2.72268365500387
42.5 2.98113799710124
45.0 3.25489069523594
47.5 3.54384813706704
50.0 3.84791671025361
52.5 4.16700280245473
55.0 4.50101280132946
57.5 4.8498530945369
60.0 5.21343006973611
2.5 0.74366444230775
5.0 0.759758039886711
7.5 0.792553633591355
10.0 0.841957449914606
12.5 0.907875715349387
15.0 0.990214656388622
17.5 1.08888049952524
20.0 1.20377947125215
22.5 1.3348177980623
25.0 1.48190170644859
27.5 1.64493742290396
30.0 1.82383117392132
32.5 2.01848918599361
35.0 2.22881768561375
37.5 2.45472289927466
40.0 2.69611105346926
42.5 2.95288837469048
45.0 3.22496108943124
47.5 3.51223542418447
50.0 3.81461760544309
52.5 4.13201385970003
55.0 4.46433041344821
57.5 4.81147349318054
60.0 5.17334932538997
2.5 0.743564395860247
5.0 0.75951940045402
7.5 0.792176358225575
10.0 0.841441482173597
12.5 0.907220985296773
15.0 0.989421080593787
17.5 1.08794798106333
20.0 1.20270789970407
22.5 1.33360704951472
25.0 1.48055164349394
27.5 1.64344789464043
30.0 1.82220201595287
32.5 2.01672022042995
35.0 2.22690872107035
37.5 2.45267373087276
40.0 2.69392146283587
42.5 2.95055812995835
45.0 3.2224899452389
47.5 3.5096231216762
50.0 3.81186387226894
52.5 4.1291184100158
55.0 4.46129294791546
57.5 4.80829369896662
60.0 5.17002687616796
2.5 0.74384003425368
5.0 0.760128942506101
7.5 0.793119929880292
10.0 0.84271924225116
12.5 0.908833125493609
15.0 0.991367825482544
17.5 1.09022958809287
20.0 1.20532465919949
22.5 1.33655928467732
25.0 1.48383971040125
27.5 1.64707218224619
30.0 1.82616294608705
32.5 2.02101824779874
35.0 2.23154433325615
37.5 2.45764744833419
40.0 2.69923383890777
42.5 2.95620975085179
45.0 3.22848143004116
47.5 3.51595512235079
50.0 3.81853707365557
52.5 4.13613352983041
55.0 4.46865073675023
57.5 4.81599494028991
60.0 5.17807238632438
2.5 0.742954367062327
5.0 0.75834443043196
7.5 0.790436306143582
10.0 0.839136152724422
12.5 0.904350128701711
15.0 0.985984392602678
17.5 1.08394510295455
20.0 1.19813841828456
22.5 1.32847049711994
25.0 1.4748474979879
27.5 1.6371755794157
30.0 1.81536089993055
32.5 2.00930961805968
35.0 2.21892789233032
37.5 2.4441218812697
40.0 2.68479774340506
42.5 2.94086163726361
45.0 3.2122197213726
47.5 3.49877815425924
50.0 3.80044309445078
52.5 4.11712070047443
55.0 4.44871713085742
57.5 4.795138544127
60.0 5.15629109881038
2.5 0.742221063634824
5.0 0.75688871026494
7.5 0.788257976140762
10.0 0.836234949850963
12.5 0.900725719984215
15.0 0.981636375129191
17.5 1.07887300387456
20.0 1.192341694809
22.5 1.32194853652118
25.0 1.46759961759977
27.5 1.62920102663345
30.0 1.80665885221088
32.5 1.99987918292074
35.0 2.20876810735171
37.5 2.43323171409244
40.0 2.67317609173163
42.5 2.92850732885793
45.0 3.19913151406003
47.5 3.48495473592658
50.0 3.78588308304628
52.5 4.10182264400778
55.0 4.43267950739976
57.5 4.77835976181089
60.0 5.13876949582984
2.5 0.741803275033123
5.0 0.756065102515564
7.5 0.787028429164088
10.0 0.834599304053723
12.5 0.898683776259498
15.0 0.979187894856441
17.5 1.07601770891958
20.0 1.18907926752394
22.5 1.31827861974456
25.0 1.46352181465646
27.5 1.62471490133467
30.0 1.80176392885421
32.5 1.99457494629012
35.0 2.20305400271743
37.5 2.42710714721116
40.0 2.66664042884634
42.5 2.92155989669799
45.0 3.19177159984116
47.5 3.47718158735086
50.0 3.77769590830213
52.5 4.09322061176999
55.0 4.42366174682947
57.5 4.7689253625556
60.0 5.12891750802341
2.5 0.741774834755817
5.0 0.756021611573028
7.5 0.786969897577837
10.0 0.834525740618089
12.5 0.898595188541628
15.0 0.979084289196298
17.5 1.07589909042994
20.0 1.18894564009041
22.5 1.31812998602554
25.0 1.46335817608318
27.5 1.62453625811117
30.0 1.80157027995736
32.5 1.99436628946959
35.0 2.2028303344957
37.5 2.42686846288355
40.0 2.66638672248097
42.5 2.92129116113581
45.0 3.19148782669591
47.5 3.47688276700912
50.0 3.77738202992329
52.5 4.09289166328625
55.0 4.42331771494584
57.5 4.76856623274993
60.0 5.12854326454634
2.5 0.739958298139806
5.0 0.752382803724493
7.5 0.78150823518491
10.0 0.827240461902608
12.5 0.889485353259139
15.0 0.968148778636054
17.5 1.0631366074149
20.0 1.17435470897724
22.5 1.30170895270462
25.0 1.44510520797859
27.5 1.6044493441807
30.0 1.7796472306925
32.5 1.97060473689555
35.0 2.1772277321714
37.5 2.3994220859016
40.0 2.63709366746769
42.5 2.89014834625124
45.0 3.15849199163379
47.5 3.4420304729969
50.0 3.74066965972211
52.5 4.05431542119098
55.0 4.38287362678506
57.5 4.72625014588591
60.0 5.08435084787506
2.5 0.740452519225367
5.0 0.753364146440853
7.5 0.782976832987656
10.0 0.829196495632155
12.5 0.891929051140731
15.0 0.971080416279762
17.5 1.06655650781563
20.0 1.17826324251471
22.5 1.30610653714338
25.0 1.44999230846803
27.5 1.60982647325503
30.0 1.78551494827076
32.5 1.97696365028161
35.0 2.18407849605394
37.5 2.40676540235415
40.0 2.6449302859486
42.5 2.89847906360369
45.0 3.16731765208578
47.5 3.45135196816127
50.0 3.75048792859652
52.5 4.06463145015791
55.0 4.39368844961184
57.5 4.73756484372467
60.0 5.09616654926278
2.5 0.741546541366979
5.0 0.755542813255813
7.5 0.786240481934761
10.0 0.833545570216426
12.5 0.897364100913412
15.0 0.977602096838323
17.5 1.07416558080376
20.0 1.18696057562233
22.5 1.31589310410663
25.0 1.46086918906927
27.5 1.62179485332286
30.0 1.79857611967998
32.5 1.99111901095326
35.0 2.19932954995528
37.5 2.42311375949866
40.0 2.662377662396
42.5 2.91702728145989
45.0 3.18696863950296
47.5 3.47210775933778
50.0 3.77235066377699
52.5 4.08760337563316
55.0 4.41777191771891
57.5 4.76276231284685
60.0 5.12248058382957
2.5 0.743699902042758
5.0 0.759812317104439
7.5 0.792626876075504
10.0 0.84204980961975
12.5 0.90798734840097
15.0 0.990345723082961
17.5 1.08903116432952
20.0 1.20394990280443
22.5 1.3350081691715
25.0 1.48211219409452
27.5 1.64516820823729
30.0 1.8240824422636
32.5 2.01876112683724
35.0 2.22911049262201
37.5 2.4550367702817
40.0 2.69644619048012
42.5 2.95324498388105
45.0 3.22533938114829
47.5 3.51263561294564
50.0 3.81503990993688
52.5 4.13245850278583
55.0 4.46479762215626
57.5 4.81196349871197
60.0 5.17386236311677
2.5 0.743443460761469
5.0 0.759289576970977
7.5 0.791837794544239
10.0 0.840994318873935
12.5 0.906665355352741
15.0 0.988757109373335
17.5 1.08717578632839
20.0 1.2018275916106
22.5 1.33261873061262
25.0 1.47945540872714
27.5 1.64224383134683
30.0 1.82089020386438
32.5 2.01530073167246
35.0 2.22538162016375
37.5 2.45103907473092
40.0 2.69217930076666
42.5 2.94870850366363
45.0 3.22053288881452
47.5 3.50755866161201
50.0 3.80969202744877
52.5 4.12683919171748
55.0 4.45890635981082
57.5 4.80579973712147
60.0 5.1674255290421
2.5 0.743463791516339
5.0 0.759356162187924
7.5 0.791950672982602
10.0 0.841153534200168
12.5 0.906870956140414
15.0 0.989009149103134
17.5 1.08747432338812
20.0 1.20217268929516
22.5 1.33301045712406
25.0 1.4798938371746
27.5 1.64272903974659
30.0 1.8214222751398
32.5 2.01587975365404
35.0 2.22600768558909
37.5 2.45171228124476
40.0 2.69289975092083
42.5 2.94947630491709
45.0 3.22134815353335
47.5 3.50842150706939
50.0 3.810602575825
52.5 4.12779757009999
55.0 4.45991270019414
57.5 4.80685417640724
60.0 5.16852820903909
2.5 0.743679261056574
5.0 0.759736160210371
7.5 0.792495246065644
10.0 0.841862744869971
12.5 0.90774488287093
15.0 0.990047886316096
17.5 1.08867798145305
20.0 1.20354139452937
22.5 1.33454435179263
25.0 1.4815930794904
27.5 1.64459380387028
30.0 1.82345275117983
32.5 2.01807614766663
35.0 2.22837021957826
37.5 2.45424119316229
40.0 2.69559529466631
42.5 2.9523387503379
45.0 3.22437778642462
47.5 3.51161862917406
50.0 3.81396750483379
52.5 4.1313306396514
55.0 4.46361425987446
57.5 4.81072459175054
60.0 5.17256786152723
2.5 0.744454201274707
5.0 0.761332522207185
7.5 0.794913347218176
10.0 0.845102983512918
12.5 0.911807738296651
15.0 0.994933918774614
17.5 1.09438783215205
20.0 1.21007578563419
22.5 1.34190408642627
25.0 1.48977904173355
27.5 1.65360695876125
30.0 1.83329414471462
32.5 2.02874690679889
35.0 2.2398715522193
37.5 2.46657438818109
40.0 2.70876172188951
42.5 2.96633986054979
45.0 3.23921511136717
47.5 3.52729378154688
50.0 3.83048217829418
52.5 4.14868660881429
55.0 4.48181338031246
57.5 4.82976879999392
60.0 5.19245917506392
2.5 0.743391570297649
5.0 0.759185640656345
7.5 0.791681865624343
10.0 0.840786446668593
12.5 0.906405585256045
15.0 0.988445482853648
17.5 1.08681234092835
20.0 1.2014123609471
22.5 1.33215174437686
25.0 1.47893669268456
27.5 1.64167340733716
30.0 1.82026808980161
32.5 2.01462694154485
35.0 2.22465616403384
37.5 2.45026195873553
40.0 2.69135052711687
42.5 2.9478280706448
45.0 3.21960079078627
47.5 3.50657488900824
50.0 3.80865656677765
52.5 4.12575202556145
55.0 4.4577674668266
57.5 4.80460909204004
60.0 5.16618310266872
2.5 0.744665893169667
5.0 0.761712814825834
7.5 0.79546234011435
10.0 0.845820793411577
12.5 0.912694499093879
15.0 0.995989781537618
17.5 1.09561296511916
20.0 1.21147037421486
22.5 1.34346833320109
25.0 1.49151316645421
27.5 1.65551119835058
30.0 1.83536875326657
32.5 2.03099215557854
35.0 2.24228772966284
37.5 2.46916179989586
40.0 2.71152069065394
42.5 2.96927072631345
45.0 3.24231823125076
47.5 3.53056952984222
50.0 3.8339309464642
52.5 4.15230880549307
55.0 4.48560943130518
57.5 4.8337391482769
60.0 5.19660428078459
2.5 0.743054947846757
5.0 0.758550541358566
7.5 0.790748189652438
10.0 0.839554064996725
12.5 0.904874339659781
15.0 0.986615185909958
17.5 1.08468277601561
20.0 1.19898328224509
22.5 1.32942287686675
25.0 1.47590773214895
27.5 1.63834402036003
30.0 1.81663791376835
32.5 2.01069558464226
35.0 2.22042320525012
37.5 2.44572694786027
40.0 2.68651298474108
42.5 2.94268748816089
45.0 3.21415663038806
47.5 3.50082658369094
50.0 3.80260352033789
52.5 4.11939361259725
55.0 4.45110303273737
57.5 4.79763795302662
60.0 5.15890454573335
2.5 0.744325358694339
5.0 0.761033963121006
7.5 0.794445038115196
10.0 0.844464874691681
12.5 0.910999763865238
15.0 0.99395599665064
17.5 1.09323986406266
20.0 1.20875765711608
22.5 1.34041566682566
25.0 1.48812018420619
27.5 1.65177750027244
30.0 1.83129390603918
32.5 2.02657569252119
35.0 2.23752915073324
37.5 2.4640605716901
40.0 2.70607624640656
42.5 2.96348246589738
45.0 3.23618552117734
47.5 3.52409170326122
50.0 3.82710730316378
52.5 4.14513861189981
55.0 4.47809192048408
57.5 4.82587351993136
60.0 5.18838970125642
2.5 0.744659431845762
5.0 0.761720098916601
7.5 0.79548339700694
10.0 0.845855652210222
12.5 0.91274319061989
15.0 0.996052338329386
17.5 1.09568942143215
20.0 1.21156076602163
22.5 1.34357269819127
25.0 1.49163154403451
27.5 1.65564362964478
30.0 1.83551528111554
32.5 2.03115282454023
35.0 2.24246258601228
37.5 2.46935089162515
40.0 2.71172406747227
42.5 2.96948843964709
45.0 3.24255033424304
47.5 3.53081607735358
50.0 3.83419199507214
52.5 4.15258441349217
55.0 4.48589965870711
57.5 4.8340440568104
60.0 5.19692393389548
2.5 0.744295620009862
5.0 0.761009225839049
7.5 0.794425348718149
10.0 0.844450280888505
12.5 0.910990314591462
15.0 0.993951742068363
17.5 1.09324085556055
20.0 1.20876394730937
22.5 1.34042730955616
25.0 1.48813723454227
27.5 1.65180001450905
30.0 1.83132194169782
32.5 2.02660930834995
35.0 2.23756840670677
37.5 2.46410552900962
40.0 2.70612696749985
42.5 2.96353901441881
45.0 3.23624796200783
47.5 3.52416010250826
50.0 3.82718172816144
52.5 4.14521913120872
55.0 4.47817860389145
57.5 4.82596643845095
60.0 5.18848892712858
2.5 0.745119652977444
5.0 0.762624103746519
7.5 0.796831370498621
10.0 0.847647823233344
12.5 0.914979831950284
15.0 0.998733766649036
17.5 1.0988159973292
20.0 1.21513289399036
22.5 1.34759082663212
25.0 1.49609616525408
27.5 1.66055527985582
30.0 1.84087454043695
32.5 2.03696031699706
35.0 2.24871897953574
37.5 2.4760568980526
40.0 2.71888044254722
42.5 2.9770959830192
45.0 3.25060988946814
47.5 3.53932853189362
50.0 3.84315828029526
52.5 4.16200550467264
55.0 4.49577657502536
57.5 4.84437786135301
60.0 5.20771573365519
2.5 0.745333199854374
5.0 0.763027189099198
7.5 0.797424081990002
10.0 0.848430267412191
12.5 0.915952134251169
15.0 0.99989607139234
17.5 1.10016846772111
20.0 1.21667571212288
22.5 1.34932419348306
25.0 1.49802030068705
27.5 1.66267042262026
30.0 1.84318094816809
32.5 2.03945826621594
35.0 2.25140876564922
37.5 2.47893883535334
40.0 2.72195486421369
42.5 2.98036324111569
45.0 3.25407035494474
47.5 3.54298259458623
50.0 3.84700634892559
52.5 4.1660480068482
55.0 4.50001395723948
57.5 4.84881058898483
60.0 5.21234429096965
2.5 0.744731889175563
5.0 0.761872010614695
7.5 0.795714869834486
10.0 0.846166802004274
12.5 0.913134142293391
15.0 0.996523225871175
17.5 1.09624038790696
20.0 1.21219196357008
22.5 1.34428428802988
25.0 1.49242369645568
27.5 1.65651652401682
30.0 1.83646910588264
32.5 2.03218777722248
35.0 2.24357887320566
37.5 2.47054872900152
40.0 2.71300367977941
42.5 2.97085006070865
45.0 3.24399420695858
47.5 3.53234245369853
50.0 3.83580113609785
52.5 4.15427658932585
55.0 4.48767514855189
57.5 4.8359031489453
60.0 5.19886692567541
2.5 0.744861713559188
5.0 0.762145571465168
7.5 0.796132197548203
10.0 0.8467279407138
12.5 0.913839149867462
15.0 0.997372173914696
17.5 1.09723336176101
20.0 1.21332906231189
22.5 1.34556562447287
25.0 1.49384939714944
27.5 1.6580867292471
30.0 1.83818396967136
32.5 2.03404746732772
35.0 2.2455835711217
37.5 2.47269862995879
40.0 2.7152989927445
42.5 2.97329100838434
45.0 3.2465810257838
47.5 3.5350753938484
50.0 3.83868046148363
52.5 4.15730257759501
55.0 4.49084809108804
57.5 4.83922335086823
60.0 5.20233470584107
2.5 0.744962414078456
5.0 0.762342814244133
7.5 0.796426023753284
10.0 0.84711840107745
12.5 0.914326304688172
15.0 0.99795609305699
17.5 1.09791412465545
20.0 1.21410675795508
22.5 1.34644035142743
25.0 1.49482126354405
27.5 1.65915585277646
30.0 1.83935047759621
32.5 2.03531149647485
35.0 2.24694526788391
37.5 2.47415815029493
40.0 2.71685650217946
42.5 2.97494668200904
45.0 3.2483350482552
47.5 3.53692795938948
50.0 3.84063177388344
52.5 4.1593528502086
55.0 4.49299754683651
57.5 4.84147222223871
60.0 5.20468323488674
2.5 0.745669329211339
5.0 0.763751095509632
7.5 0.798535907933988
10.0 0.849930193384529
12.5 0.917840378761375
15.0 1.00217289096465
17.5 1.10283415689447
20.0 1.21973060345097
22.5 1.35276865753426
25.0 1.50185474604446
27.5 1.66689529588171
30.0 1.8477967339461
32.5 2.04446548713778
35.0 2.25680798235687
37.5 2.48473064650347
40.0 2.72813990647772
42.5 2.98694218917974
45.0 3.26104392150964
47.5 3.55035153036756
50.0 3.85477144265361
52.5 4.17421008526791
55.0 4.50857388511059
57.5 4.85776926908176
60.0 5.22170266408156
2.5 0.745733733199624
5.0 0.763876738123138
7.5 0.798722789761206
10.0 0.850178320654596
12.5 0.918149763344077
15.0 1.00254355037042
17.5 1.10326611427439
20.0 1.22022388759675
22.5 1.35332330287828
25.0 1.50247079265975
27.5 1.66757278948192
30.0 1.84853572588556
32.5 2.04526603441144
35.0 2.25767014760033
37.5 2.48565449799299
40.0 2.72912551813021
42.5 2.98798964055274
45.0 3.26215329780135
47.5 3.55152292241682
50.0 3.8560049469399
52.5 4.17550580391138
55.0 4.50993192587202
57.5 4.85918974536258
60.0 5.22318569492384
2.5 0.74578384380226
5.0 0.763964768948591
7.5 0.798848782280881
10.0 0.850342320509031
12.5 0.918351820342943
15.0 1.00278371849252
17.5 1.10354445166766
20.0 1.22054045657827
22.5 1.35367816993425
25.0 1.5028640284455
27.5 1.66800446882192
30.0 1.84900592777341
32.5 2.04577484200988
35.0 2.25821764824123
37.5 2.48624078317736
40.0 2.72975068352816
42.5 2.98865378600355
45.0 3.26285652731343
47.5 3.55226534416769
50.0 3.85678667327623
52.5 4.17632695134897
55.0 4.5107926150958
57.5 4.86009010122661
60.0 5.22412584645133
2.5 0.747423644823382
5.0 0.767230412779768
7.5 0.803740852599744
10.0 0.856861559885031
12.5 0.92649913023735
15.0 1.01256015925842
17.5 1.11495124254997
20.0 1.23357897571371
22.5 1.36834995435136
25.0 1.51917077406465
27.5 1.68594803045531
30.0 1.86858831912504
32.5 2.06699823567557
35.0 2.28108437570862
37.5 2.51075333482592
40.0 2.75591170862918
42.5 3.01646609272012
45.0 3.29232308270047
47.5 3.58338927417195
50.0 3.88957126273628
52.5 4.21077564399517
55.0 4.54690901355036
57.5 4.89787796700355
60.0 5.26358909995648
2.5 0.746447685622075
5.0 0.765268730889514
7.5 0.800793074847415
10.0 0.852927216493307
12.5 0.921577654824719
15.0 1.00665088883918
17.5 1.10805341753421
20.0 1.22569173990735
22.5 1.35947235495613
25.0 1.50930176167806
27.5 1.67508645907068
30.0 1.85673294613152
32.5 2.0541477218581
35.0 2.26723728524796
37.5 2.49590813529862
40.0 2.74006677100761
42.5 2.99961969137246
45.0 3.27447339539069
47.5 3.56453438205984
50.0 3.86970915037744
52.5 4.189904199341
55.0 4.52502602794806
57.5 4.87498113519615
60.0 5.2396760200828
2.5 0.745799801999953
5.0 0.763996730785838
7.5 0.798896717962635
10.0 0.850406201221212
12.5 0.918431618252438
15.0 1.00287940674718
17.5 1.10365600439631
20.0 1.2206678488907
22.5 1.35382137792122
25.0 1.50302302917872
27.5 1.66817924035409
30.0 1.8491964491382
32.5 2.0459810932219
35.0 2.25843961029608
37.5 2.4864784380516
40.0 2.73000401417933
42.5 2.98892277637013
45.0 3.26314116231488
47.5 3.55256560970445
50.0 3.8571025562297
52.5 4.17665843958151
55.0 4.51113969745074
57.5 4.86045276752827
60.0 5.22450408750496
2.5 0.746072318422288
5.0 0.764531411080487
7.5 0.799693692287303
10.0 0.85146562597377
12.5 0.919753676070924
15.0 1.0044643065098
17.5 1.10550398122143
20.0 1.22277916413686
22.5 1.3561963191871
25.0 1.50566191030321
27.5 1.67108240141622
30.0 1.85236425645716
32.5 2.04941393935706
35.0 2.26213791404697
37.5 2.49044264445791
40.0 2.73423459452092
42.5 2.99342022816703
45.0 3.26790600932729
47.5 3.55759840193272
50.0 3.86240386991436
52.5 4.18222887720324
55.0 4.51697988773041
57.5 4.86656336542689
60.0 5.23088577422372
2.5 0.746329690247707
5.0 0.765048097371065
7.5 0.800469794949532
10.0 0.852501272417289
12.5 0.921049019208518
15.0 1.0060195247574
17.5 1.10731927849811
20.0 1.22485476986485
22.5 1.35853248829177
25.0 1.50825892321308
27.5 1.67394056406295
30.0 1.85548390027555
32.5 2.05279542128508
35.0 2.26578161652572
37.5 2.49434897543163
40.0 2.73840398743702
42.5 2.99785314197605
45.0 3.27260292848291
47.5 3.56255983639178
50.0 3.86763035513685
52.5 4.18772097415228
55.0 4.52273818287228
57.5 4.872588470731
60.0 5.23717832716265
2.5 0.745724090047639
5.0 0.763832714927966
7.5 0.79864442958282
10.0 0.850065664100521
12.5 0.91800284856939
15.0 1.00236241307775
17.5 1.10305078771392
20.0 1.21997440256622
22.5 1.35303968772298
25.0 1.50215307327251
27.5 1.66722098930314
30.0 1.84814986590318
32.5 2.04484613316097
35.0 2.25721622116481
37.5 2.48516656000304
40.0 2.72860357976396
42.5 2.98743371053592
45.0 3.26156338240722
47.5 3.55089902546618
50.0 3.85534706980114
52.5 4.1748139455004
55.0 4.50920608265229
57.5 4.85842991134514
60.0 5.22239186166726
2.5 0.745885937124666
5.0 0.764173783039355
7.5 0.799164820227069
10.0 0.850765496923954
12.5 0.918882261366159
15.0 1.00342156178983
17.5 1.10428984643112
20.0 1.22139356352616
22.5 1.35463916131112
25.0 1.50393308802213
27.5 1.66918179189535
30.0 1.85029172116692
32.5 2.04716932407299
35.0 2.25972104884971
37.5 2.48785334373322
40.0 2.73147265695967
42.5 2.99048543676521
45.0 3.26479813138599
47.5 3.55431718905815
50.0 3.85894905801784
52.5 4.17860018650122
55.0 4.51317702274442
57.5 4.86258601498359
60.0 5.22673361145489
2.5 0.747126584736659
5.0 0.766689303148459
7.5 0.802955697927791
10.0 0.855832342365872
12.5 0.925225809753919
15.0 1.01104267338315
17.5 1.11318950654478
20.0 1.23157288253002
22.5 1.3660993746301
25.0 1.51667555613624
27.5 1.68320800033963
30.0 1.86560328053152
32.5 2.0637679700031
35.0 2.27760864204561
37.5 2.50703186995025
40.0 2.75194422700824
42.5 3.01225228651081
45.0 3.28786262174916
47.5 3.57868180601451
50.0 3.88461641259808
52.5 4.2055730147911
55.0 4.54145818588476
57.5 4.8921784991703
60.0 5.25764052793893
2.5 0.746761315920092
5.0 0.765963252940809
7.5 0.801868732620079
10.0 0.854384292942585
12.5 0.92341647189301
15.0 1.00887180745604
17.5 1.11065683761636
20.0 1.22867810035864
22.5 1.36284213366758
25.0 1.51305547552786
27.5 1.67922466392416
30.0 1.86125623684117
32.5 2.05905673226356
35.0 2.27253268817603
37.5 2.50159064256325
40.0 2.74613713340991
42.5 3.0060786987007
45.0 3.28132187642029
47.5 3.57177320455337
50.0 3.87733922108463
52.5 4.19792646399874
55.0 4.53344147128039
57.5 4.88379078091427
60.0 5.24888093088506
2.5 0.747664372130805
5.0 0.767762019470088
7.5 0.804563550652026
10.0 0.857975591432749
12.5 0.927904767568383
15.0 1.01425770481506
17.5 1.1169410289289
20.0 1.23586136566603
22.5 1.37092534078259
25.0 1.5220395800347
27.5 1.68911070917848
30.0 1.87204535397008
32.5 2.0707501401656
35.0 2.28513169352119
37.5 2.51509663979297
40.0 2.76055160473706
42.5 3.0214032141096
45.0 3.29755809366671
47.5 3.58892286916452
50.0 3.89540416635916
52.5 4.21690861100675
55.0 4.55334282886343
57.5 4.90461344568531
60.0 5.27062708722854
2.5 0.746270516441426
5.0 0.764954278698247
7.5 0.800341405606239
10.0 0.852338384637849
12.5 0.920851703265523
15.0 1.00578784896171
17.5 1.10705330919885
20.0 1.2245545714494
22.5 1.35819812318581
25.0 1.50789045188051
27.5 1.67353804500595
30.0 1.85504739003459
32.5 2.05232497443886
35.0 2.26527728569123
37.5 2.49381081126412
40.0 2.73783203862999
42.5 2.99724745526129
45.0 3.27196354863046
47.5 3.56188680620995
50.0 3.86692371547221
52.5 4.18698076388968
55.0 4.52196443893481
57.5 4.87178122808004
60.0 5.23633761879783
