0 0
1 3.733651
2 3.733651
3 3.733656
4 3.73351
5 3.73361
6 3.733473
7 3.733947
8 3.73369
9 3.733349
10 3.732908
11 3.732914
12 3.733143
13 3.73364
14 3.73353
15 3.733275
16 3.732663
17 3.732752
18 3.732753
19 3.732672
20 3.732718
21 3.733206
22 3.733298
23 3.732594
24 3.732658
25 3.7327
26 3.732989
27 3.733916
28 3.734177
29 3.733903
30 3.734085
31 3.733476
32 3.732857
33 3.733026
34 3.73326
35 3.733116
36 3.733513
37 3.733314
38 3.733367
39 3.733206
40 3.733017
41 3.733405
42 3.733387
43 3.734106
44 3.73447
45 3.73401
46 3.733783
47 3.733809
48 3.733953
49 3.734593
50 3.734412
51 3.734238
52 3.733939
53 3.73379
54 3.733564
55 3.734012
56 3.734066
57 3.734725
58 3.735234
59 3.735317
60 3.735513
61 3.735353
62 3.735184
63 3.734828
64 3.734588
65 3.734622
66 3.73459
67 3.73466
68 3.734447
69 3.734418
70 3.734456
71 3.734441
72 3.734546
73 3.735076
74 3.735431
75 3.73562
76 3.735391
77 3.735613
78 3.735746
79 3.735878
80 3.736751
81 3.736732
82 3.73698
83 3.736886
84 3.73737
85 3.73756
86 3.73736
87 3.73741
88 3.737778
89 3.737703
90 3.737481
91 3.737199
92 3.737742
93 3.738078
94 3.737446
95 3.737398
96 3.736912
97 3.737292
98 3.737698
99 3.738159
100 3.738157
101 3.73825
102 3.738069
103 3.738564
104 3.738737
105 3.738771
106 3.739428
107 3.739483
108 3.739349
109 3.739705
110 3.73999
111 3.740151
112 3.740156
113 3.740883
114 3.74069
115 3.740258
116 3.739411
117 3.739514
118 3.739494
119 3.739429
120 3.739099
121 3.73953
122 3.739029
123 3.739649
124 3.739165
125 3.739022
126 3.73916
127 3.738843
128 3.738766
129 3.738985
130 3.738929
131 3.73889
132 3.738611
133 3.738588
134 3.738571
135 3.737923
136 3.738317
137 3.738567
138 3.73846
139 3.738356
140 3.738598
141 3.738524
142 3.738014
143 3.738158
144 3.7378
145 3.738364
