0 0
-32.16173 113.361
-32.16173 113.361
-32.16173 113.361
-32.16173 113.361
-32.16173 113.361
-32.16173 113.361
-32.16173 113.361
-32.16173 113.361
-32.16173 113.361
-32.16173 113.361
-32.16173 113.361
-32.16173 113.361
-32.16173 113.361
-32.16173 113.361
-32.16173 113.361
-32.16173 113.361
-32.16173 113.361
-32.16173 113.361
-32.16173 113.361
-32.16173 113.361
-32.16173 113.361
-32.16173 113.361
-32.16173 113.361
-32.16173 113.361
-32.16173 113.361
-32.16173 113.361
-32.16173 113.361
-32.16173 113.361
-32.16173 113.361
-32.16173 113.361
-32.16173 113.361
-32.16173 113.361
-32.16173 113.361
-32.16173 113.361
-32.16173 113.361
-32.16173 113.361
-32.16173 113.361
-32.16173 113.361
-32.16173 113.361
-32.16173 113.361
-32.16173 113.361
-32.16173 113.361
-32.16173 113.361
-32.16173 113.361
-32.16173 113.361
-32.16173 113.361
-32.16173 113.361
-32.16173 113.361
-32.16173 113.361
-32.16173 113.361
-32.16173 113.361
-32.16173 113.361
-32.16173 113.361
-32.16173 113.361
-32.16173 113.361
-32.16173 113.361
-32.16173 113.361
-32.16173 113.361
-32.16173 113.361
-32.16173 113.361
-32.16173 113.361
-32.16173 113.361
-32.16173 113.361
-32.16173 113.361
-32.16173 113.361
-32.16173 113.361
-32.16173 113.361
-32.16173 113.361
-32.16173 113.361
-32.16173 113.361
-32.16173 113.361
-32.16173 113.361
-32.16173 113.361
-32.16173 113.361
-32.16173 113.361
-32.16173 113.361
-32.16173 113.361
-32.16173 113.361
-32.16173 113.361
-32.16173 113.361
-32.16173 113.361
-32.16173 113.361
-32.16173 113.361
-32.16173 113.361
-32.16173 113.361
-32.16173 113.361
-32.16173 113.361
-32.16173 113.361
-32.16173 113.361
-32.16173 113.361
-32.16173 113.361
-32.16173 113.361
-32.16173 113.361
-32.16173 113.361
-32.16173 113.361
-32.16173 113.361
-32.16173 113.361
-32.16173 113.361
-32.16173 113.361
-32.16173 113.361
-32.16173 113.361
-32.16173 113.361
-32.16173 113.361
-32.16173 113.361
-32.16173 113.361
-32.16173 113.361
-32.16173 113.361
-32.16173 113.361
-32.16173 113.361
-32.16173 113.361
-32.16173 113.361
-32.16173 113.361
-32.16173 113.361
-32.16173 113.361
-32.16173 113.361
-32.16173 113.361
-32.16173 113.361
-32.16173 113.361
-32.16173 113.361
-32.16173 113.361
-32.16173 113.361
-32.16173 113.361
-32.16173 113.361
-32.16173 113.361
-32.16173 113.361
-32.16173 113.361
-32.16173 113.361
-32.16173 113.361
-32.16173 113.361
-32.16173 113.361
-32.16173 113.361
-32.16173 113.361
-32.16173 113.361
-32.16173 113.361
-32.16173 113.361
-32.16173 113.361
-32.16173 113.361
-32.16173 113.361
-32.16173 113.361
-32.16173 113.361
-32.16173 113.361
-32.16173 113.361
-32.16173 113.361
-32.16173 113.361
-32.16173 113.361
