0 0
1 -32.16173
1 -43.49173
1 -61.09
1 -78.29172
1 -93.05002
1 -107.7717
2 -32.16173
2 -43.49173
2 -61.09
2 -78.29172
2 -93.05002
2 -107.7717
3 -32.16173
3 -43.49173
3 -61.09
3 -78.29172
3 -93.05002
3 -107.7717
4 -32.16173
4 -43.49173
4 -61.09
4 -78.29172
4 -93.05002
4 -107.7717
5 -32.16173
5 -43.49173
5 -61.09
5 -78.29172
5 -93.05002
5 -107.7717
6 -32.16173
6 -43.49173
6 -61.09
6 -78.29172
6 -93.05002
6 -107.7717
7 -32.16173
7 -43.49173
7 -61.09
7 -78.29172
7 -93.05002
7 -107.7717
8 -32.16173
8 -43.49173
8 -61.09
8 -78.29172
8 -93.05002
8 -107.7717
9 -32.16173
9 -43.49173
9 -61.09
9 -78.29172
9 -93.05002
9 -107.7717
10 -32.16173
10 -43.49173
10 -61.09
10 -78.29172
10 -93.05002
10 -107.7717
11 -32.16173
11 -43.49173
11 -61.09
11 -78.29172
11 -93.05002
11 -107.7717
12 -32.16173
12 -43.49173
12 -61.09
12 -78.29172
12 -93.05002
12 -107.7717
13 -32.16173
13 -43.49173
13 -61.09
13 -78.29172
13 -93.05002
13 -107.7717
14 -32.16173
14 -43.49173
14 -61.09
14 -78.29172
14 -93.05002
14 -107.7717
15 -32.16173
15 -43.49173
15 -61.09
15 -78.29172
15 -93.05002
15 -107.7717
16 -32.16173
16 -43.49173
16 -61.09
16 -78.29172
16 -93.05002
16 -107.7717
17 -32.16173
17 -43.49173
17 -61.09
17 -78.29172
17 -93.05002
17 -107.7717
18 -32.16173
18 -43.49173
18 -61.09
18 -78.29172
18 -93.05002
18 -107.7717
19 -32.16173
19 -43.49173
19 -61.09
19 -78.29172
19 -93.05002
19 -107.7717
20 -32.16173
20 -43.49173
20 -61.09
20 -78.29172
20 -93.05002
20 -107.7717
21 -32.16173
21 -43.49173
21 -61.09
21 -78.29172
21 -93.05002
21 -107.7717
22 -32.16173
22 -43.49173
22 -61.09
22 -78.29172
22 -93.05002
22 -107.7717
23 -32.16173
23 -43.49173
23 -61.09
23 -78.29172
23 -93.05002
23 -107.7717
24 -32.16173
24 -43.49173
24 -61.09
24 -78.29172
24 -93.05002
24 -107.7717
25 -32.16173
25 -43.49173
25 -61.09
25 -78.29172
25 -93.05002
25 -107.7717
26 -32.16173
26 -43.49173
26 -61.09
26 -78.29172
26 -93.05002
26 -107.7717
27 -32.16173
27 -43.49173
27 -61.09
27 -78.29172
27 -93.05002
27 -107.7717
28 -32.16173
28 -43.49173
28 -61.09
28 -78.29172
28 -93.05002
28 -107.7717
29 -32.16173
29 -43.49173
29 -61.09
29 -78.29172
29 -93.05002
29 -107.7717
30 -32.16173
30 -43.49173
30 -61.09
30 -78.29172
30 -93.05002
30 -107.7717
31 -32.16173
31 -43.49173
31 -61.09
31 -78.29172
31 -93.05002
31 -107.7717
32 -32.16173
32 -43.49173
32 -61.09
32 -78.29172
32 -93.05002
32 -107.7717
33 -32.16173
33 -43.49173
33 -61.09
33 -78.29172
33 -93.05002
33 -107.7717
34 -32.16173
34 -43.49173
34 -61.09
34 -78.29172
34 -93.05002
34 -107.7717
35 -32.16173
35 -43.49173
35 -61.09
35 -78.29172
35 -93.05002
35 -107.7717
36 -32.16173
36 -43.49173
36 -61.09
36 -78.29172
36 -93.05002
36 -107.7717
37 -32.16173
37 -43.49173
37 -61.09
37 -78.29172
37 -93.05002
37 -107.7717
38 -32.16173
38 -43.49173
38 -61.09
38 -78.29172
38 -93.05002
38 -107.7717
39 -32.16173
39 -43.49173
39 -61.09
39 -78.29172
39 -93.05002
39 -107.7717
40 -32.16173
40 -43.49173
40 -61.09
40 -78.29172
40 -93.05002
40 -107.7717
41 -32.16173
41 -43.49173
41 -61.09
41 -78.29172
41 -93.05002
41 -107.7717
42 -32.16173
42 -43.49173
42 -61.09
42 -78.29172
42 -93.05002
42 -107.7717
43 -32.16173
43 -43.49173
43 -61.09
43 -78.29172
43 -93.05002
43 -107.7717
44 -32.16173
44 -43.49173
44 -61.09
44 -78.29172
44 -93.05002
44 -107.7717
45 -32.16173
45 -43.49173
45 -61.09
45 -78.29172
45 -93.05002
45 -107.7717
46 -32.16173
46 -43.49173
46 -61.09
46 -78.29172
46 -93.05002
46 -107.7717
47 -32.16173
47 -43.49173
47 -61.09
47 -78.29172
47 -93.05002
47 -107.7717
48 -32.16173
48 -43.49173
48 -61.09
48 -78.29172
48 -93.05002
48 -107.7717
49 -32.16173
49 -43.49173
49 -61.09
49 -78.29172
49 -93.05002
49 -107.7717
50 -32.16173
50 -43.49173
50 -61.09
50 -78.29172
50 -93.05002
50 -107.7717
51 -32.16173
51 -43.49173
51 -61.09
51 -78.29172
51 -93.05002
51 -107.7717
52 -32.16173
52 -43.49173
52 -61.09
52 -78.29172
52 -93.05002
52 -107.7717
53 -32.16173
53 -43.49173
53 -61.09
53 -78.29172
53 -93.05002
53 -107.7717
54 -32.16173
54 -43.49173
54 -61.09
54 -78.29172
54 -93.05002
54 -107.7717
55 -32.16173
55 -43.49173
55 -61.09
55 -78.29172
55 -93.05002
55 -107.7717
56 -32.16173
56 -43.49173
56 -61.09
56 -78.29172
56 -93.05002
56 -107.7717
57 -32.16173
57 -43.49173
57 -61.09
57 -78.29172
57 -93.05002
57 -107.7717
58 -32.16173
58 -43.49173
58 -61.09
58 -78.29172
58 -93.05002
58 -107.7717
59 -32.16173
59 -43.49173
59 -61.09
59 -78.29172
59 -93.05002
59 -107.7717
60 -32.16173
60 -43.49173
60 -61.09
60 -78.29172
60 -93.05002
60 -107.7717
61 -32.16173
61 -43.49173
61 -61.09
61 -78.29172
61 -93.05002
61 -107.7717
62 -32.16173
62 -43.49173
62 -61.09
62 -78.29172
62 -93.05002
62 -107.7717
63 -32.16173
63 -43.49173
63 -61.09
63 -78.29172
63 -93.05002
63 -107.7717
64 -32.16173
64 -43.49173
64 -61.09
64 -78.29172
64 -93.05002
64 -107.7717
65 -32.16173
65 -43.49173
65 -61.09
65 -78.29172
65 -93.05002
65 -107.7717
66 -32.16173
66 -43.49173
66 -61.09
66 -78.29172
66 -93.05002
66 -107.7717
67 -32.16173
67 -43.49173
67 -61.09
67 -78.29172
67 -93.05002
67 -107.7717
68 -32.16173
68 -43.49173
68 -61.09
68 -78.29172
68 -93.05002
68 -107.7717
69 -32.16173
69 -43.49173
69 -61.09
69 -78.29172
69 -93.05002
69 -107.7717
70 -32.16173
70 -43.49173
70 -61.09
70 -78.29172
70 -93.05002
70 -107.7717
71 -32.16173
71 -43.49173
71 -61.09
71 -78.29172
71 -93.05002
71 -107.7717
72 -32.16173
72 -43.49173
72 -61.09
72 -78.29172
72 -93.05002
72 -107.7717
73 -32.16173
73 -43.49173
73 -61.09
73 -78.29172
73 -93.05002
73 -107.7717
74 -32.16173
74 -43.49173
74 -61.09
74 -78.29172
74 -93.05002
74 -107.7717
75 -32.16173
75 -43.49173
75 -61.09
75 -78.29172
75 -93.05002
75 -107.7717
76 -32.16173
76 -43.49173
76 -61.09
76 -78.29172
76 -93.05002
76 -107.7717
77 -32.16173
77 -43.49173
77 -61.09
77 -78.29172
77 -93.05002
77 -107.7717
78 -32.16173
78 -43.49173
78 -61.09
78 -78.29172
78 -93.05002
78 -107.7717
79 -32.16173
79 -43.49173
79 -61.09
79 -78.29172
79 -93.05002
79 -107.7717
80 -32.16173
80 -43.49173
80 -61.09
80 -78.29172
80 -93.05002
80 -107.7717
81 -32.16173
81 -43.49173
81 -61.09
81 -78.29172
81 -93.05002
81 -107.7717
82 -32.16173
82 -43.49173
82 -61.09
82 -78.29172
82 -93.05002
82 -107.7717
83 -32.16173
83 -43.49173
83 -61.09
83 -78.29172
83 -93.05002
83 -107.7717
84 -32.16173
84 -43.49173
84 -61.09
84 -78.29172
84 -93.05002
84 -107.7717
85 -32.16173
85 -43.49173
85 -61.09
85 -78.29172
85 -93.05002
85 -107.7717
86 -32.16173
86 -43.49173
86 -61.09
86 -78.29172
86 -93.05002
86 -107.7717
87 -32.16173
87 -43.49173
87 -61.09
87 -78.29172
87 -93.05002
87 -107.7717
88 -32.16173
88 -43.49173
88 -61.09
88 -78.29172
88 -93.05002
88 -107.7717
89 -32.16173
89 -43.49173
89 -61.09
89 -78.29172
89 -93.05002
89 -107.7717
90 -32.16173
90 -43.49173
90 -61.09
90 -78.29172
90 -93.05002
90 -107.7717
91 -32.16173
91 -43.49173
91 -61.09
91 -78.29172
91 -93.05002
91 -107.7717
92 -32.16173
92 -43.49173
92 -61.09
92 -78.29172
92 -93.05002
92 -107.7717
93 -32.16173
93 -43.49173
93 -61.09
93 -78.29172
93 -93.05002
93 -107.7717
94 -32.16173
94 -43.49173
94 -61.09
94 -78.29172
94 -93.05002
94 -107.7717
95 -32.16173
95 -43.49173
95 -61.09
95 -78.29172
95 -93.05002
95 -107.7717
96 -32.16173
96 -43.49173
96 -61.09
96 -78.29172
96 -93.05002
96 -107.7717
97 -32.16173
97 -43.49173
97 -61.09
97 -78.29172
97 -93.05002
97 -107.7717
98 -32.16173
98 -43.49173
98 -61.09
98 -78.29172
98 -93.05002
98 -107.7717
99 -32.16173
99 -43.49173
99 -61.09
99 -78.29172
99 -93.05002
99 -107.7717
100 -32.16173
100 -43.49173
100 -61.09
100 -78.29172
100 -93.05002
100 -107.7717
101 -32.16173
101 -43.49173
101 -61.09
101 -78.29172
101 -93.05002
101 -107.7717
102 -32.16173
102 -43.49173
102 -61.09
102 -78.29172
102 -93.05002
102 -107.7717
103 -32.16173
103 -43.49173
103 -61.09
103 -78.29172
103 -93.05002
103 -107.7717
104 -32.16173
104 -43.49173
104 -61.09
104 -78.29172
104 -93.05002
104 -107.7717
105 -32.16173
105 -43.49173
105 -61.09
105 -78.29172
105 -93.05002
105 -107.7717
106 -32.16173
106 -43.49173
106 -61.09
106 -78.29172
106 -93.05002
106 -107.7717
107 -32.16173
107 -43.49173
107 -61.09
107 -78.29172
107 -93.05002
107 -107.7717
108 -32.16173
108 -43.49173
108 -61.09
108 -78.29172
108 -93.05002
108 -107.7717
109 -32.16173
109 -43.49173
109 -61.09
109 -78.29172
109 -93.05002
109 -107.7717
110 -32.16173
110 -43.49173
110 -61.09
110 -78.29172
110 -93.05002
110 -107.7717
111 -32.16173
111 -43.49173
111 -61.09
111 -78.29172
111 -93.05002
111 -107.7717
112 -32.16173
112 -43.49173
112 -61.09
112 -78.29172
112 -93.05002
112 -107.7717
113 -32.16173
113 -43.49173
113 -61.09
113 -78.29172
113 -93.05002
113 -107.7717
114 -32.16173
114 -43.49173
114 -61.09
114 -78.29172
114 -93.05002
114 -107.7717
115 -32.16173
115 -43.49173
115 -61.09
115 -78.29172
115 -93.05002
115 -107.7717
116 -32.16173
116 -43.49173
116 -61.09
116 -78.29172
116 -93.05002
116 -107.7717
117 -32.16173
117 -43.49173
117 -61.09
117 -78.29172
117 -93.05002
117 -107.7717
118 -32.16173
118 -43.49173
118 -61.09
118 -78.29172
118 -93.05002
118 -107.7717
119 -32.16173
119 -43.49173
119 -61.09
119 -78.29172
119 -93.05002
119 -107.7717
120 -32.16173
120 -43.49173
120 -61.09
120 -78.29172
120 -93.05002
120 -107.7717
121 -32.16173
121 -43.49173
121 -61.09
121 -78.29172
121 -93.05002
121 -107.7717
122 -32.16173
122 -43.49173
122 -61.09
122 -78.29172
122 -93.05002
122 -107.7717
123 -32.16173
123 -43.49173
123 -61.09
123 -78.29172
123 -93.05002
123 -107.7717
124 -32.16173
124 -43.49173
124 -61.09
124 -78.29172
124 -93.05002
124 -107.7717
125 -32.16173
125 -43.49173
125 -61.09
125 -78.29172
125 -93.05002
125 -107.7717
126 -32.16173
126 -43.49173
126 -61.09
126 -78.29172
126 -93.05002
126 -107.7717
127 -32.16173
127 -43.49173
127 -61.09
127 -78.29172
127 -93.05002
127 -107.7717
128 -32.16173
128 -43.49173
128 -61.09
128 -78.29172
128 -93.05002
128 -107.7717
129 -32.16173
129 -43.49173
129 -61.09
129 -78.29172
129 -93.05002
129 -107.7717
130 -32.16173
130 -43.49173
130 -61.09
130 -78.29172
130 -93.05002
130 -107.7717
131 -32.16173
131 -43.49173
131 -61.09
131 -78.29172
131 -93.05002
131 -107.7717
132 -32.16173
132 -43.49173
132 -61.09
132 -78.29172
132 -93.05002
132 -107.7717
133 -32.16173
133 -43.49173
133 -61.09
133 -78.29172
133 -93.05002
133 -107.7717
134 -32.16173
134 -43.49173
134 -61.09
134 -78.29172
134 -93.05002
134 -107.7717
135 -32.16173
135 -43.49173
135 -61.09
135 -78.29172
135 -93.05002
135 -107.7717
136 -32.16173
136 -43.49173
136 -61.09
136 -78.29172
136 -93.05002
136 -107.7717
137 -32.16173
137 -43.49173
137 -61.09
137 -78.29172
137 -93.05002
137 -107.7717
138 -32.16173
138 -43.49173
138 -61.09
138 -78.29172
138 -93.05002
138 -107.7717
139 -32.16173
139 -43.49173
139 -61.09
139 -78.29172
139 -93.05002
139 -107.7717
140 -32.16173
140 -43.49173
140 -61.09
140 -78.29172
140 -93.05002
140 -107.7717
141 -32.16173
141 -43.49173
141 -61.09
141 -78.29172
141 -93.05002
141 -107.7717
142 -32.16173
142 -43.49173
142 -61.09
142 -78.29172
142 -93.05002
142 -107.7717
143 -32.16173
143 -43.49173
143 -61.09
143 -78.29172
143 -93.05002
143 -107.7717
144 -32.16173
144 -43.49173
144 -61.09
144 -78.29172
144 -93.05002
144 -107.7717
145 -32.16173
145 -43.49173
145 -61.09
145 -78.29172
145 -93.05002
145 -107.7717
