0 0
1 113.361
1 105.941
1 92.88499
1 78.73102
1 65.34102
1 50.57938
2 113.361
2 105.941
2 92.88499
2 78.73102
2 65.34102
2 50.57938
3 113.361
3 105.941
3 92.88499
3 78.73102
3 65.34102
3 50.57938
4 113.361
4 105.941
4 92.88499
4 78.73102
4 65.34102
4 50.57938
5 113.361
5 105.941
5 92.88499
5 78.73102
5 65.34102
5 50.57938
6 113.361
6 105.941
6 92.88499
6 78.73102
6 65.34102
6 50.57938
7 113.361
7 105.941
7 92.88499
7 78.73102
7 65.34102
7 50.57938
8 113.361
8 105.941
8 92.88499
8 78.73102
8 65.34102
8 50.57938
9 113.361
9 105.941
9 92.88499
9 78.73102
9 65.34102
9 50.57938
10 113.361
10 105.941
10 92.88499
10 78.73102
10 65.34102
10 50.57938
11 113.361
11 105.941
11 92.88499
11 78.73102
11 65.34102
11 50.57938
12 113.361
12 105.941
12 92.88499
12 78.73102
12 65.34102
12 50.57938
13 113.361
13 105.941
13 92.88499
13 78.73102
13 65.34102
13 50.57938
14 113.361
14 105.941
14 92.88499
14 78.73102
14 65.34102
14 50.57938
15 113.361
15 105.941
15 92.88499
15 78.73102
15 65.34102
15 50.57938
16 113.361
16 105.941
16 92.88499
16 78.73102
16 65.34102
16 50.57938
17 113.361
17 105.941
17 92.88499
17 78.73102
17 65.34102
17 50.57938
18 113.361
18 105.941
18 92.88499
18 78.73102
18 65.34102
18 50.57938
19 113.361
19 105.941
19 92.88499
19 78.73102
19 65.34102
19 50.57938
20 113.361
20 105.941
20 92.88499
20 78.73102
20 65.34102
20 50.57938
21 113.361
21 105.941
21 92.88499
21 78.73102
21 65.34102
21 50.57938
22 113.361
22 105.941
22 92.88499
22 78.73102
22 65.34102
22 50.57938
23 113.361
23 105.941
23 92.88499
23 78.73102
23 65.34102
23 50.57938
24 113.361
24 105.941
24 92.88499
24 78.73102
24 65.34102
24 50.57938
25 113.361
25 105.941
25 92.88499
25 78.73102
25 65.34102
25 50.57938
26 113.361
26 105.941
26 92.88499
26 78.73102
26 65.34102
26 50.57938
27 113.361
27 105.941
27 92.88499
27 78.73102
27 65.34102
27 50.57938
28 113.361
28 105.941
28 92.88499
28 78.73102
28 65.34102
28 50.57938
29 113.361
29 105.941
29 92.88499
29 78.73102
29 65.34102
29 50.57938
30 113.361
30 105.941
30 92.88499
30 78.73102
30 65.34102
30 50.57938
31 113.361
31 105.941
31 92.88499
31 78.73102
31 65.34102
31 50.57938
32 113.361
32 105.941
32 92.88499
32 78.73102
32 65.34102
32 50.57938
33 113.361
33 105.941
33 92.88499
33 78.73102
33 65.34102
33 50.57938
34 113.361
34 105.941
34 92.88499
34 78.73102
34 65.34102
34 50.57938
35 113.361
35 105.941
35 92.88499
35 78.73102
35 65.34102
35 50.57938
36 113.361
36 105.941
36 92.88499
36 78.73102
36 65.34102
36 50.57938
37 113.361
37 105.941
37 92.88499
37 78.73102
37 65.34102
37 50.57938
38 113.361
38 105.941
38 92.88499
38 78.73102
38 65.34102
38 50.57938
39 113.361
39 105.941
39 92.88499
39 78.73102
39 65.34102
39 50.57938
40 113.361
40 105.941
40 92.88499
40 78.73102
40 65.34102
40 50.57938
41 113.361
41 105.941
41 92.88499
41 78.73102
41 65.34102
41 50.57938
42 113.361
42 105.941
42 92.88499
42 78.73102
42 65.34102
42 50.57938
43 113.361
43 105.941
43 92.88499
43 78.73102
43 65.34102
43 50.57938
44 113.361
44 105.941
44 92.88499
44 78.73102
44 65.34102
44 50.57938
45 113.361
45 105.941
45 92.88499
45 78.73102
45 65.34102
45 50.57938
46 113.361
46 105.941
46 92.88499
46 78.73102
46 65.34102
46 50.57938
47 113.361
47 105.941
47 92.88499
47 78.73102
47 65.34102
47 50.57938
48 113.361
48 105.941
48 92.88499
48 78.73102
48 65.34102
48 50.57938
49 113.361
49 105.941
49 92.88499
49 78.73102
49 65.34102
49 50.57938
50 113.361
50 105.941
50 92.88499
50 78.73102
50 65.34102
50 50.57938
51 113.361
51 105.941
51 92.88499
51 78.73102
51 65.34102
51 50.57938
52 113.361
52 105.941
52 92.88499
52 78.73102
52 65.34102
52 50.57938
53 113.361
53 105.941
53 92.88499
53 78.73102
53 65.34102
53 50.57938
54 113.361
54 105.941
54 92.88499
54 78.73102
54 65.34102
54 50.57938
55 113.361
55 105.941
55 92.88499
55 78.73102
55 65.34102
55 50.57938
56 113.361
56 105.941
56 92.88499
56 78.73102
56 65.34102
56 50.57938
57 113.361
57 105.941
57 92.88499
57 78.73102
57 65.34102
57 50.57938
58 113.361
58 105.941
58 92.88499
58 78.73102
58 65.34102
58 50.57938
59 113.361
59 105.941
59 92.88499
59 78.73102
59 65.34102
59 50.57938
60 113.361
60 105.941
60 92.88499
60 78.73102
60 65.34102
60 50.57938
61 113.361
61 105.941
61 92.88499
61 78.73102
61 65.34102
61 50.57938
62 113.361
62 105.941
62 92.88499
62 78.73102
62 65.34102
62 50.57938
63 113.361
63 105.941
63 92.88499
63 78.73102
63 65.34102
63 50.57938
64 113.361
64 105.941
64 92.88499
64 78.73102
64 65.34102
64 50.57938
65 113.361
65 105.941
65 92.88499
65 78.73102
65 65.34102
65 50.57938
66 113.361
66 105.941
66 92.88499
66 78.73102
66 65.34102
66 50.57938
67 113.361
67 105.941
67 92.88499
67 78.73102
67 65.34102
67 50.57938
68 113.361
68 105.941
68 92.88499
68 78.73102
68 65.34102
68 50.57938
69 113.361
69 105.941
69 92.88499
69 78.73102
69 65.34102
69 50.57938
70 113.361
70 105.941
70 92.88499
70 78.73102
70 65.34102
70 50.57938
71 113.361
71 105.941
71 92.88499
71 78.73102
71 65.34102
71 50.57938
72 113.361
72 105.941
72 92.88499
72 78.73102
72 65.34102
72 50.57938
73 113.361
73 105.941
73 92.88499
73 78.73102
73 65.34102
73 50.57938
74 113.361
74 105.941
74 92.88499
74 78.73102
74 65.34102
74 50.57938
75 113.361
75 105.941
75 92.88499
75 78.73102
75 65.34102
75 50.57938
76 113.361
76 105.941
76 92.88499
76 78.73102
76 65.34102
76 50.57938
77 113.361
77 105.941
77 92.88499
77 78.73102
77 65.34102
77 50.57938
78 113.361
78 105.941
78 92.88499
78 78.73102
78 65.34102
78 50.57938
79 113.361
79 105.941
79 92.88499
79 78.73102
79 65.34102
79 50.57938
80 113.361
80 105.941
80 92.88499
80 78.73102
80 65.34102
80 50.57938
81 113.361
81 105.941
81 92.88499
81 78.73102
81 65.34102
81 50.57938
82 113.361
82 105.941
82 92.88499
82 78.73102
82 65.34102
82 50.57938
83 113.361
83 105.941
83 92.88499
83 78.73102
83 65.34102
83 50.57938
84 113.361
84 105.941
84 92.88499
84 78.73102
84 65.34102
84 50.57938
85 113.361
85 105.941
85 92.88499
85 78.73102
85 65.34102
85 50.57938
86 113.361
86 105.941
86 92.88499
86 78.73102
86 65.34102
86 50.57938
87 113.361
87 105.941
87 92.88499
87 78.73102
87 65.34102
87 50.57938
88 113.361
88 105.941
88 92.88499
88 78.73102
88 65.34102
88 50.57938
89 113.361
89 105.941
89 92.88499
89 78.73102
89 65.34102
89 50.57938
90 113.361
90 105.941
90 92.88499
90 78.73102
90 65.34102
90 50.57938
91 113.361
91 105.941
91 92.88499
91 78.73102
91 65.34102
91 50.57938
92 113.361
92 105.941
92 92.88499
92 78.73102
92 65.34102
92 50.57938
93 113.361
93 105.941
93 92.88499
93 78.73102
93 65.34102
93 50.57938
94 113.361
94 105.941
94 92.88499
94 78.73102
94 65.34102
94 50.57938
95 113.361
95 105.941
95 92.88499
95 78.73102
95 65.34102
95 50.57938
96 113.361
96 105.941
96 92.88499
96 78.73102
96 65.34102
96 50.57938
97 113.361
97 105.941
97 92.88499
97 78.73102
97 65.34102
97 50.57938
98 113.361
98 105.941
98 92.88499
98 78.73102
98 65.34102
98 50.57938
99 113.361
99 105.941
99 92.88499
99 78.73102
99 65.34102
99 50.57938
100 113.361
100 105.941
100 92.88499
100 78.73102
100 65.34102
100 50.57938
101 113.361
101 105.941
101 92.88499
101 78.73102
101 65.34102
101 50.57938
102 113.361
102 105.941
102 92.88499
102 78.73102
102 65.34102
102 50.57938
103 113.361
103 105.941
103 92.88499
103 78.73102
103 65.34102
103 50.57938
104 113.361
104 105.941
104 92.88499
104 78.73102
104 65.34102
104 50.57938
105 113.361
105 105.941
105 92.88499
105 78.73102
105 65.34102
105 50.57938
106 113.361
106 105.941
106 92.88499
106 78.73102
106 65.34102
106 50.57938
107 113.361
107 105.941
107 92.88499
107 78.73102
107 65.34102
107 50.57938
108 113.361
108 105.941
108 92.88499
108 78.73102
108 65.34102
108 50.57938
109 113.361
109 105.941
109 92.88499
109 78.73102
109 65.34102
109 50.57938
110 113.361
110 105.941
110 92.88499
110 78.73102
110 65.34102
110 50.57938
111 113.361
111 105.941
111 92.88499
111 78.73102
111 65.34102
111 50.57938
112 113.361
112 105.941
112 92.88499
112 78.73102
112 65.34102
112 50.57938
113 113.361
113 105.941
113 92.88499
113 78.73102
113 65.34102
113 50.57938
114 113.361
114 105.941
114 92.88499
114 78.73102
114 65.34102
114 50.57938
115 113.361
115 105.941
115 92.88499
115 78.73102
115 65.34102
115 50.57938
116 113.361
116 105.941
116 92.88499
116 78.73102
116 65.34102
116 50.57938
117 113.361
117 105.941
117 92.88499
117 78.73102
117 65.34102
117 50.57938
118 113.361
118 105.941
118 92.88499
118 78.73102
118 65.34102
118 50.57938
119 113.361
119 105.941
119 92.88499
119 78.73102
119 65.34102
119 50.57938
120 113.361
120 105.941
120 92.88499
120 78.73102
120 65.34102
120 50.57938
121 113.361
121 105.941
121 92.88499
121 78.73102
121 65.34102
121 50.57938
122 113.361
122 105.941
122 92.88499
122 78.73102
122 65.34102
122 50.57938
123 113.361
123 105.941
123 92.88499
123 78.73102
123 65.34102
123 50.57938
124 113.361
124 105.941
124 92.88499
124 78.73102
124 65.34102
124 50.57938
125 113.361
125 105.941
125 92.88499
125 78.73102
125 65.34102
125 50.57938
126 113.361
126 105.941
126 92.88499
126 78.73102
126 65.34102
126 50.57938
127 113.361
127 105.941
127 92.88499
127 78.73102
127 65.34102
127 50.57938
128 113.361
128 105.941
128 92.88499
128 78.73102
128 65.34102
128 50.57938
129 113.361
129 105.941
129 92.88499
129 78.73102
129 65.34102
129 50.57938
130 113.361
130 105.941
130 92.88499
130 78.73102
130 65.34102
130 50.57938
131 113.361
131 105.941
131 92.88499
131 78.73102
131 65.34102
131 50.57938
132 113.361
132 105.941
132 92.88499
132 78.73102
132 65.34102
132 50.57938
133 113.361
133 105.941
133 92.88499
133 78.73102
133 65.34102
133 50.57938
134 113.361
134 105.941
134 92.88499
134 78.73102
134 65.34102
134 50.57938
135 113.361
135 105.941
135 92.88499
135 78.73102
135 65.34102
135 50.57938
136 113.361
136 105.941
136 92.88499
136 78.73102
136 65.34102
136 50.57938
137 113.361
137 105.941
137 92.88499
137 78.73102
137 65.34102
137 50.57938
138 113.361
138 105.941
138 92.88499
138 78.73102
138 65.34102
138 50.57938
139 113.361
139 105.941
139 92.88499
139 78.73102
139 65.34102
139 50.57938
140 113.361
140 105.941
140 92.88499
140 78.73102
140 65.34102
140 50.57938
141 113.361
141 105.941
141 92.88499
141 78.73102
141 65.34102
141 50.57938
142 113.361
142 105.941
142 92.88499
142 78.73102
142 65.34102
142 50.57938
143 113.361
143 105.941
143 92.88499
143 78.73102
143 65.34102
143 50.57938
144 113.361
144 105.941
144 92.88499
144 78.73102
144 65.34102
144 50.57938
145 113.361
145 105.941
145 92.88499
145 78.73102
145 65.34102
145 50.57938
