0 0
1 -0.00214534
2 -0.0021404
3 -0.00228347
4 -0.00218377
5 -0.0023212
6 -0.00184766
7 -0.00210457
8 -0.00244662
9 -0.00288688
10 -0.00288098
11 -0.00265005
12 -0.00215419
13 -0.00226335
14 -0.00251897
15 -0.00313327
16 -0.00304373
17 -0.00304282
18 -0.00312439
19 -0.00307788
20 -0.00258866
21 -0.00249781
22 -0.00320334
23 -0.00313886
24 -0.00309544
25 -0.00280769
26 -0.00187917
27 -0.00161823
28 -0.00189211
29 -0.00171005
30 -0.00231792
31 -0.00294042
32 -0.00277356
33 -0.00253849
34 -0.00268192
35 -0.00228459
36 -0.00248522
37 -0.00243151
38 -0.00259229
39 -0.00278113
40 -0.00239115
41 -0.0024086
42 -0.00168751
43 -0.00132174
44 -0.00178365
45 -0.00201182
46 -0.00198544
47 -0.00184127
48 -0.00120146
49 -0.00138471
50 -0.00156134
51 -0.00185913
52 -0.00200833
53 -0.00223578
54 -0.0017874
55 -0.00173192
56 -0.0010733
57 -0.000563178
58 -0.000479578
59 -0.000284344
60 -0.000446689
61 -0.000616917
62 -0.000972061
63 -0.00120999
64 -0.00117545
65 -0.00120613
66 -0.0011396
67 -0.00135557
68 -0.00138512
69 -0.00134843
70 -0.00136248
71 -0.00125873
72 -0.000725648
73 -0.000369071
74 -0.000179297
75 -0.000405703
76 -0.00018334
77 -5.05424e-05
78 8.12759e-05
79 0.000954886
80 0.000934237
81 0.00118269
82 0.00108993
83 0.00157678
84 0.00176616
85 0.00156583
86 0.00161492
87 0.00198396
88 0.0019084
89 0.00168641
90 0.0014053
91 0.00194899
92 0.0022893
93 0.00166072
94 0.00161204
95 0.00112191
96 0.0015033
97 0.00190852
98 0.00237134
99 0.00237171
100 0.00246455
101 0.0022844
102 0.00278362
103 0.00295666
104 0.00299196
105 0.00365251
106 0.00370793
107 0.00357442
108 0.00393386
109 0.00422276
110 0.00438504
111 0.00439106
112 0.00511974
113 0.00492494
114 0.00449122
115 0.00364507
116 0.00375158
117 0.0037331
118 0.0036673
119 0.00333887
120 0.00377243
121 0.00327148
122 0.00389178
123 0.00340675
124 0.00326599
125 0.00340477
126 0.00308856
127 0.00301279
128 0.00323427
129 0.00317678
130 0.00313819
131 0.00285773
132 0.00283323
133 0.00281809
134 0.00216799
135 0.00256212
136 0.00281167
137 0.00270686
138 0.00260318
139 0.00284701
140 0.00277537
141 0.00226563
142 0.00240988
143 0.00205174
144 0.00261708
