0 0
1 0
2 0
3 -6.381871e-25
4 2.569295e-24
5 -2.207969e-25
6 2.141462e-24
7 5.106196e-25
8 5.737294e-25
9 0
10 0
11 0
12 0
13 4.072273e-25
14 0
15 0
16 0
17 0
18 0
19 0
20 0
21 0
22 0
23 0
24 0
25 0
26 0
27 -5.862635e-25
28 0
29 0
30 0
31 0
32 0
33 0
34 0
35 0
36 0
37 0
38 0
39 0
40 0
41 -5.811148e-25
42 0
43 0
44 0
45 0
46 0
47 0
48 3.943709e-25
49 0
50 0
51 0
52 0
53 0
54 0
55 0
56 0
57 0
58 0
59 0
60 4.104154e-25
61 0
62 0
63 0
64 0
65 0
66 0
67 0
68 -4.290088e-25
69 0
70 0
71 -1.76047e-25
72 0
73 0
74 0
75 0
76 5.585446e-25
77 0
78 0
79 0
80 0
81 0
82 0
83 0
84 0
85 3.348928e-25
86 0
87 0
88 1.361477e-25
89 0
90 0
91 0
92 0
93 0
94 0
95 0
96 0
97 0
98 0
99 -2.439322e-25
100 0
101 0
102 0
103 0
104 0
105 0
106 4.412284e-25
107 0
108 0
109 0
110 1.344443e-27
111 1.344443e-27
112 0
113 0
114 0
115 0
116 -2.284899e-25
117 0
118 0
119 0
120 0
121 0
122 0
123 0
124 0
125 0
126 0
127 0
128 0
129 0
130 0
131 0
132 0
133 0
134 0
135 0
136 0
137 0
138 0
139 0
140 0
141 0
142 0
143 0
144 0
145 0
