0 0
1 0
2 3.942019
3 6.784996
4 1.581883
5 0.3934874
6 0.277308
7 0.04188279
8 0.02317023
9 0.009716
10 0.01366089
11 0.01569492
12 0.0418448
13 0.03552506
14 0.009672181
15 0.02206793
16 0.02456397
17 0.005494255
18 0.01947281
19 0.01984285
20 0.009815823
21 0.004149831
22 0.01656604
23 0.02737803
24 0.02403946
25 0.006225699
26 0.04606408
27 0.01533393
28 0.002214374
29 0.0002849487
30 0.01634642
31 0.01260967
32 0.0009665483
33 0.03576745
34 0.01005199
35 0.005729356
36 0.02986699
37 0.01833414
38 0.002612173
39 0.005377808
40 0.04836373
41 0.01060414
42 0.002378512
43 0.003492547
44 0.02968075
45 0.03057805
46 0.03025585
47 0.05293038
48 0.02230442
49 0.01356632
50 0.004875557
51 0.0174762
52 0.02354468
53 0.02554911
54 0.007086535
55 0.002426962
56 0.01696886
57 0.002588328
58 0.00521171
59 0.0401612
60 0.005982393
61 0.01872375
62 0.02169827
63 0.0254244
64 0.02343337
65 0.02230357
66 0.01969779
67 0.04801131
68 0.02703059
69 0.004009414
70 0.06507549
71 0.008544098
72 0.001845776
73 0.004264007
74 0.01298735
75 0.04063031
76 0.003801954
77 0.02310272
78 0.009806242
79 0.01090914
80 0.0115134
81 0.02160292
82 0.0110277
83 0.01025839
84 0.05355654
85 0.007501312
86 0.01249108
87 0.03826107
88 0.0168481
89 0.001367837
90 0.01812237
91 0.02268057
92 0.01781105
93 0.0192571
94 0.0113902
95 0.01545812
96 0.009228743
97 0.01482605
98 0.03972309
99 0.02542332
100 0.0279144
101 0.01494597
102 0.02070063
103 0.005751902
104 0.01993041
105 0.05149999
106 0.02836939
107 0.003900543
108 0.02470679
109 0.04196915
110 0.001851834
111 0.004780789
112 0.01987963
113 0.01228611
114 0.02535617
115 0.03882566
116 0.01160477
117 0.01541017
118 0.01571029
119 0.02301175
120 0.003133811
121 0.002241
122 0.01705534
123 0.005592195
124 0.02919653
125 0.001316781
126 0.002080319
127 0.004149217
128 0.01769957
129 0.03714185
130 0.01372831
131 0.003661378
132 0.004078318
133 0.01895509
134 0.0003287405
135 0.001136964
136 0.02797647
137 0.01647181
138 0.003774611
139 0.01252251
140 0.002401395
141 0.0317713
142 0.002952435
143 0.02069595
144 0.002232854
145 0.01845514
