0 0
1 0
2 0
3 0
4 1.832891e-24
5 2.559251e-25
6 0
7 8.085736e-25
8 0
9 0
10 0
11 0
12 0
13 0
14 0
15 0
16 6.455141e-25
17 0
18 0
19 0
20 0
21 0
22 7.238085e-25
23 0
24 0
25 0
26 0
27 2.419417e-24
28 0
29 0
30 1.348955e-25
31 0
32 0
33 2.835044e-24
34 0
35 2.151477e-24
36 0
37 3.858329e-24
38 0
39 1.581771e-24
40 0
41 2.621808e-24
42 0
43 1.11829e-24
44 0
45 0
46 1.07868e-24
47 7.606603e-26
48 0
49 9.30167e-25
50 7.833761e-25
51 0
52 0
53 0
54 9.960053e-25
55 9.960053e-25
56 0
57 0
58 1.214346e-24
59 1.772795e-24
60 2.187841e-26
61 0
62 0
63 2.08524e-24
64 0
65 5.436439e-25
66 0
67 1.234264e-24
68 0
69 9.11671e-26
70 0
71 0
72 2.160628e-24
73 0
74 1.185258e-24
75 1.185258e-24
76 2.140879e-24
77 3.449147e-24
78 0
79 2.338486e-24
80 0
81 0
82 0
83 4.0404e-25
84 0
85 0
86 0
87 0
88 0
89 0
90 6.508537e-25
91 0
92 0
93 2.034671e-24
94 5.126347e-25
95 3.180671e-24
96 3.180671e-24
97 7.234895e-25
98 0
99 2.589801e-24
100 1.285449e-24
101 2.798024e-24
102 0
103 0
104 0
105 3.763382e-24
106 8.624535e-25
107 0
108 0
109 0
110 0
111 0
112 0
113 0
114 0
115 2.075673e-24
116 0
117 3.92e-24
118 1.110465e-24
119 5.039895e-25
120 6.528066e-25
121 0
122 0
123 0
124 0
125 1.103716e-24
126 1.520504e-24
127 0
128 1.028773e-24
129 2.532559e-24
130 0
131 2.833756e-24
132 2.245072e-24
133 0
134 2.045607e-24
135 3.358806e-24
136 0
137 1.583192e-24
138 2.347008e-24
139 1.683564e-24
140 0
141 3.058182e-24
142 3.058182e-24
143 0
144 0
145 5.008659e-25
