0 0
1 4.12033
2 4.12033
3 4.120326
4 4.120472
5 4.120372
6 4.120509
7 4.120035
8 4.120292
9 4.120632
10 4.121073
11 4.121068
12 4.120839
13 4.120341
14 4.120452
15 4.120707
16 4.121318
17 4.121229
18 4.121228
19 4.121309
20 4.121264
21 4.120776
22 4.120684
23 4.121387
24 4.121324
25 4.121282
26 4.120993
27 4.120066
28 4.119804
29 4.120079
30 4.119896
31 4.120506
32 4.121124
33 4.120956
34 4.120721
35 4.120865
36 4.120469
37 4.120668
38 4.120615
39 4.120775
40 4.120965
41 4.120577
42 4.120595
43 4.119876
44 4.119511
45 4.119972
46 4.120198
47 4.120173
48 4.120028
49 4.119389
50 4.119569
51 4.119744
52 4.120042
53 4.120192
54 4.120418
55 4.119969
56 4.119915
57 4.119256
58 4.118748
59 4.118664
60 4.118469
61 4.118628
62 4.118797
63 4.119154
64 4.119393
65 4.119359
66 4.119391
67 4.119321
68 4.119535
69 4.119564
70 4.119525
71 4.119541
72 4.119435
73 4.118906
74 4.11855
75 4.118362
76 4.11859
77 4.118368
78 4.118236
79 4.118104
80 4.117231
81 4.117249
82 4.117002
83 4.117095
84 4.116611
85 4.116422
86 4.116621
87 4.116572
88 4.116203
89 4.116279
90 4.116501
91 4.116783
92 4.116239
93 4.115904
94 4.116535
95 4.116584
96 4.117069
97 4.116689
98 4.116284
99 4.115822
100 4.115824
101 4.115731
102 4.115912
103 4.115417
104 4.115244
105 4.115211
106 4.114553
107 4.114498
108 4.114633
109 4.114276
110 4.113991
111 4.11383
112 4.113825
113 4.113098
114 4.113291
115 4.113724
116 4.114571
117 4.114467
118 4.114488
119 4.114552
120 4.114882
121 4.114452
122 4.114953
123 4.114333
124 4.114817
125 4.11496
126 4.114822
127 4.115139
128 4.115216
129 4.114997
130 4.115053
131 4.115091
132 4.115371
133 4.115394
134 4.11541
135 4.116058
136 4.115664
137 4.115414
138 4.115521
139 4.115625
140 4.115383
141 4.115458
142 4.115967
143 4.115823
144 4.116181
145 4.115618
