0 0
1 -40.62
2 -40.62
3 -40.62003
4 -40.61909
5 -40.61923
6 -40.61932
7 -40.61967
8 -40.61951
9 -40.61966
10 -40.61921
11 -40.61926
12 -40.61877
13 -40.61937
14 -40.61905
15 -40.61914
16 -40.61952
17 -40.61941
18 -40.61945
19 -40.61958
20 -40.61945
21 -40.61933
22 -40.61971
23 -40.61981
24 -40.61971
25 -40.61931
26 -40.61981
27 -40.61981
28 -40.61996
29 -40.61977
30 -40.61988
31 -40.6192
32 -40.61997
33 -40.62071
34 -40.62054
35 -40.62025
36 -40.62039
37 -40.62077
38 -40.62056
39 -40.62041
40 -40.62027
41 -40.61987
42 -40.61968
43 -40.61941
44 -40.61902
45 -40.6194
46 -40.61962
47 -40.61954
48 -40.61957
49 -40.61992
50 -40.62052
51 -40.62123
52 -40.62074
53 -40.62072
54 -40.62107
55 -40.62116
56 -40.62074
57 -40.62119
58 -40.62106
59 -40.62092
60 -40.62127
61 -40.62193
62 -40.62222
63 -40.62178
64 -40.62102
65 -40.62087
66 -40.62046
67 -40.62152
68 -40.62235
69 -40.62251
70 -40.62292
71 -40.62262
72 -40.62305
73 -40.6224
74 -40.62209
75 -40.62195
76 -40.62103
77 -40.62103
78 -40.62115
79 -40.62126
80 -40.62149
81 -40.62201
82 -40.62199
83 -40.62157
84 -40.62092
85 -40.6212
86 -40.6212
87 -40.62151
88 -40.62138
89 -40.62151
90 -40.62141
91 -40.62101
92 -40.62103
93 -40.61989
94 -40.61851
95 -40.61871
96 -40.61973
97 -40.61952
98 -40.61996
99 -40.61962
100 -40.6189
101 -40.61897
102 -40.61866
103 -40.61761
104 -40.61765
105 -40.6173
106 -40.61653
107 -40.61645
108 -40.6162
109 -40.61533
110 -40.61427
111 -40.61395
112 -40.61363
113 -40.61348
114 -40.61394
115 -40.61426
116 -40.6136
117 -40.61258
118 -40.61209
119 -40.61233
120 -40.61166
121 -40.6111
122 -40.61085
123 -40.61103
124 -40.61114
125 -40.61037
126 -40.61019
127 -40.60981
128 -40.60941
129 -40.60873
130 -40.60915
131 -40.60901
132 -40.60932
133 -40.60977
134 -40.6092
135 -40.60953
136 -40.60969
137 -40.60994
138 -40.60922
139 -40.60907
140 -40.60863
141 -40.60786
142 -40.60751
143 -40.6075
144 -40.60737
145 -40.60725
