0 0
-40.62 108.73
-40.62 108.73
-40.62003 108.73
-40.61909 108.7307
-40.61923 108.7306
-40.61932 108.7306
-40.61967 108.7303
-40.61951 108.7304
-40.61966 108.7303
-40.61921 108.7306
-40.61926 108.7306
-40.61877 108.7309
-40.61937 108.7305
-40.61905 108.7307
-40.61914 108.7307
-40.61952 108.7304
-40.61941 108.7305
-40.61945 108.7305
-40.61958 108.7304
-40.61945 108.7305
-40.61933 108.7306
-40.61971 108.7303
-40.61981 108.7302
-40.61971 108.7303
-40.61931 108.7306
-40.61981 108.7302
-40.61981 108.7302
-40.61996 108.7301
-40.61977 108.7302
-40.61988 108.7302
-40.6192 108.7306
-40.61997 108.7301
-40.62071 108.7296
-40.62054 108.7298
-40.62025 108.7299
-40.62039 108.7299
-40.62077 108.7296
-40.62056 108.7297
-40.62041 108.7298
-40.62027 108.7299
-40.61987 108.7302
-40.61968 108.7303
-40.61941 108.7305
-40.61902 108.7307
-40.6194 108.7305
-40.61962 108.7303
-40.61954 108.7304
-40.61957 108.7304
-40.61992 108.7301
-40.62052 108.7297
-40.62123 108.7292
-40.62074 108.7296
-40.62072 108.7296
-40.62107 108.7294
-40.62116 108.7293
-40.62074 108.7296
-40.62119 108.7293
-40.62106 108.7293
-40.62092 108.7294
-40.62127 108.7292
-40.62193 108.7288
-40.62222 108.7286
-40.62178 108.7289
-40.62102 108.7294
-40.62087 108.7295
-40.62046 108.7298
-40.62152 108.729
-40.62235 108.7285
-40.62251 108.7284
-40.62292 108.7281
-40.62262 108.7283
-40.62305 108.728
-40.6224 108.7285
-40.62209 108.7287
-40.62195 108.7288
-40.62103 108.7294
-40.62103 108.7294
-40.62115 108.7293
-40.62126 108.7292
-40.62149 108.729
-40.62201 108.7287
-40.62199 108.7287
-40.62157 108.729
-40.62092 108.7294
-40.6212 108.7292
-40.6212 108.7292
-40.62151 108.729
-40.62138 108.7291
-40.62151 108.729
-40.62141 108.7291
-40.62101 108.7294
-40.62103 108.7293
-40.61989 108.7301
-40.61851 108.731
-40.61871 108.7309
-40.61973 108.7302
-40.61952 108.7304
-40.61996 108.7301
-40.61962 108.7303
-40.6189 108.7308
-40.61897 108.7307
-40.61866 108.731
-40.61761 108.7317
-40.61765 108.7316
-40.6173 108.7319
-40.61653 108.7324
-40.61645 108.7325
-40.6162 108.7326
-40.61533 108.7332
-40.61427 108.7339
-40.61395 108.7341
-40.61363 108.7343
-40.61348 108.7344
-40.61394 108.7341
-40.61426 108.7339
-40.6136 108.7344
-40.61258 108.7351
-40.61209 108.7354
-40.61233 108.7353
-40.61166 108.7357
-40.6111 108.7361
-40.61085 108.7363
-40.61103 108.7361
-40.61114 108.7361
-40.61037 108.7366
-40.61019 108.7367
-40.60981 108.737
-40.60941 108.7373
-40.60873 108.7377
-40.60915 108.7374
-40.60901 108.7375
-40.60932 108.7373
-40.60977 108.737
-40.6092 108.7374
-40.60953 108.7372
-40.60969 108.7371
-40.60994 108.7369
-40.60922 108.7374
-40.60907 108.7375
-40.60863 108.7378
-40.60786 108.7383
-40.60751 108.7385
-40.6075 108.7385
-40.60737 108.7386
-40.60725 108.7387
