0 0
1 108.73
2 108.73
3 108.73
4 108.7307
5 108.7306
6 108.7306
7 108.7303
8 108.7304
9 108.7303
10 108.7306
11 108.7306
12 108.7309
13 108.7305
14 108.7307
15 108.7307
16 108.7304
17 108.7305
18 108.7305
19 108.7304
20 108.7305
21 108.7306
22 108.7303
23 108.7302
24 108.7303
25 108.7306
26 108.7302
27 108.7302
28 108.7301
29 108.7302
30 108.7302
31 108.7306
32 108.7301
33 108.7296
34 108.7298
35 108.7299
36 108.7299
37 108.7296
38 108.7297
39 108.7298
40 108.7299
41 108.7302
42 108.7303
43 108.7305
44 108.7307
45 108.7305
46 108.7303
47 108.7304
48 108.7304
49 108.7301
50 108.7297
51 108.7292
52 108.7296
53 108.7296
54 108.7294
55 108.7293
56 108.7296
57 108.7293
58 108.7293
59 108.7294
60 108.7292
61 108.7288
62 108.7286
63 108.7289
64 108.7294
65 108.7295
66 108.7298
67 108.729
68 108.7285
69 108.7284
70 108.7281
71 108.7283
72 108.728
73 108.7285
74 108.7287
75 108.7288
76 108.7294
77 108.7294
78 108.7293
79 108.7292
80 108.729
81 108.7287
82 108.7287
83 108.729
84 108.7294
85 108.7292
86 108.7292
87 108.729
88 108.7291
89 108.729
90 108.7291
91 108.7294
92 108.7293
93 108.7301
94 108.731
95 108.7309
96 108.7302
97 108.7304
98 108.7301
99 108.7303
100 108.7308
101 108.7307
102 108.731
103 108.7317
104 108.7316
105 108.7319
106 108.7324
107 108.7325
108 108.7326
109 108.7332
110 108.7339
111 108.7341
112 108.7343
113 108.7344
114 108.7341
115 108.7339
116 108.7344
117 108.7351
118 108.7354
119 108.7353
120 108.7357
121 108.7361
122 108.7363
123 108.7361
124 108.7361
125 108.7366
126 108.7367
127 108.737
128 108.7373
129 108.7377
130 108.7374
131 108.7375
132 108.7373
133 108.737
134 108.7374
135 108.7372
136 108.7371
137 108.7369
138 108.7374
139 108.7375
140 108.7378
141 108.7383
142 108.7385
143 108.7385
144 108.7386
145 108.7387
