0 0
1 1.99829924916821
2 1.99829924916821
3 1.9914385874333
4 1.93477267166948
5 1.76554641868755
6 1.40406847392861
7 0.967481266486142
8 0.253067848949823
9 -0.500044539293984
10 -1.33324246274404
11 -1.6080590137631
12 -1.58230228123008
13 -1.29614145443432
14 -0.845119581668085
15 -0.379183548716585
16 0.0224407927573072
17 0.372086165972108
18 0.659265806656719
19 0.882185304155441
20 1.02762862212766
21 1.14205191493259
22 1.20817164716833
23 1.25111118955141
24 1.26809999382069
25 1.26901776778186
26 1.27852601940969
27 1.25176846119958
28 1.20504166118411
29 1.15788814148183
30 1.10501422877693
31 1.06337263085392
32 1.02568119962207
33 1.00250957076495
34 1.01620572840451
35 1.01918495866393
36 1.03180740510438
37 1.0494854221177
38 1.07621719203365
39 1.1131467254896
40 1.139099367346
41 1.18521712418519
42 1.22995794869529
43 1.27726308103264
44 1.31297945320531
45 1.34758230943361
46 1.39350031238743
47 1.4021920552104
48 1.40915989654829
49 1.41669997013736
50 1.42882469048731
51 1.54267620961851
52 1.54291136956931
53 1.54160095532654
54 1.5519548322184
55 1.55189130810504
56 1.60156305483728
57 1.68611427879528
58 1.78413434714555
59 1.91513839055588
60 2.07495854576661
61 2.22979694694023
62 2.44485893050818
63 2.62306607276232
64 2.71475361490721
65 2.84355671614401
66 2.98282449671319
67 3.10359074360671
68 3.28299755900663
69 3.56353070249808
70 3.82448886580488
71 4.18360838366718
72 4.57329010860308
73 4.946661583465
74 5.17996108424803
75 5.53444880564104
76 5.88307396243652
77 6.28408051959816
78 6.69003719017843
79 7.08162490786652
80 7.26738068143798
81 7.69929137612047
82 7.90928144264161
83 8.16063275345464
84 8.36275779693956
85 8.48535586830276
86 8.52095704844484
87 8.47783702789496
88 8.35578009649405
89 8.15352422509207
90 7.91913856417354
91 7.61849594385771
92 7.31048702166517
93 6.86118940494432
94 6.42733977282622
95 5.89607162651984
96 5.41387363485809
97 4.9400984400622
98 4.47173046087267
99 4.04534852423716
100 3.68819137572848
101 3.32746148441223
102 2.93350570065232
103 2.57456346068063
104 2.26577893014989
105 1.98167993414856
106 1.71727990121811
107 1.49504047673726
108 1.35024351385882
109 1.28003875602472
110 1.16395571983601
111 1.16060272925923
112 1.18918681066049
113 1.22599967373771
114 1.27101427441699
115 1.31326927310604
116 1.50891811232326
117 1.4331213700977
118 1.30256205944545
119 1.32693658915617
120 1.077134771612
121 0.750438530296346
122 0.443052343974958
123 0.218722481833899
124 0.0518095497052569
125 -0.210882799511139
126 -0.46688283831004
127 -0.431475627033462
128 -0.601946183579238
129 -0.695783145663183
130 -0.712107302118649
131 -0.464054064622706
132 -0.441267228831729
133 -0.316694478453367
134 0.0534637818797148
135 0.607380272063991
136 1.20378791302356
137 1.97717986975906
138 3.18185046750857
139 4.42340599081849
140 7.52939376770298
141 11.2930792087006
142 15.8244363177171
143 19.9029067420696
144 25.5367241680918
145 27.2861079651542
146 27.4431076053942
147 28.3686966972319
148 25.7770326707766
149 23.1568306204699
150 21.1447931965047
151 18.8627991700093
152 16.4416811664314
153 14.013679088684
154 11.7806641988594
155 10.0765783172821
156 8.31643823946405
157 7.01868672946051
158 5.60338075103112
159 4.66614446578765
160 4.04124995709754
161 3.32504603394202
162 2.83697865576164
163 2.3860114479475
164 1.83113513054755
165 1.61607848608737
166 1.53637947860972
167 1.23661826360996
168 1.28464640795642
169 1.3364727280716
170 1.31662423932243
171 1.20602761952185
172 0.940434903039396
173 0.562601923409677
174 -0.049259693901377
175 -0.685482791440694
176 -1.79725814584445
177 -3.38385378834133
178 -5.528103458879
179 -8.17355158136007
180 -14.2023551632338
181 -21.5138812647691
182 -35.555085367644
183 -37.9338350552686
184 -35.6687931398754
185 -30.744781806455
186 -26.992983132765
187 -21.4830974761849
188 -16.7046226556526
189 -12.5632736824059
190 -9.7488931743684
191 -6.88550893635786
192 -5.21201390341638
193 -3.56012201940555
194 -2.4763644394509
195 -1.56479663242919
196 -0.959176309881245
197 -0.519338095888847
198 -0.145224036876774
199 0.146713637545326
200 0.365802003592057
201 0.522091289919446
202 0.682735469363178
203 0.816289271558379
204 0.950535398099509
205 1.09648087196034
206 1.31369173887705
207 1.56244072511955
208 1.88509812004301
209 2.36831469500721
210 2.89197672210744
211 3.46038930557597
212 4.34875624949603
213 5.52306686075706
214 7.70095456716536
215 11.0805027206611
216 14.7670426646593
217 18.175263209689
218 19.9391377437403
219 22.0672518602607
220 21.8133983361652
221 20.5143167126385
222 18.9154225962603
223 16.9613226441271
224 14.5890252479695
225 12.3518106552542
226 10.6713319641938
227 9.22854588698168
228 8.10529497739791
229 7.15936180468996
230 6.5112649469452
231 5.92947231237223
232 5.66942712462353
233 5.47408978440828
234 5.39170996678382
235 5.37170608982701
236 5.346041126927
237 5.38552339856762
238 5.43720727898972
239 5.47011056993234
240 5.49268698063537
241 5.45793962470609
242 5.43618449070813
243 5.4353007851254
244 5.43184781438951
245 5.43450077966211
246 5.41350613240268
247 5.40923831577971
248 5.35051548660855
249 5.26426683524036
250 5.17769252935029
251 5.03711698747393
252 4.84672476175264
253 4.6370030781497
254 4.43509951010974
255 4.19354616385915
256 3.96930131882198
257 3.73520582397102
258 3.47348927596826
259 3.25009156383702
260 2.97986997897999
261 2.77034222138041
262 2.49861786463123
263 2.27038760026428
264 2.09127216208336
265 1.92139804010589
266 1.79038278977048
267 1.60486649169123
268 1.49582909624558
269 1.41483247317631
270 1.45093506024241
271 1.43397263013157
272 1.42063044518211
273 1.44420635696862
274 1.46828069399366
275 1.46635198814339
276 1.48097806626896
277 1.55109327471754
278 1.53692316136245
279 1.43155951583658
280 1.41015532586416
281 1.43178160826375
282 1.42603650843904
283 1.42104124999443
284 1.41634845992957
285 1.43030529552575
286 1.40201972953657
287 1.37067916911021
288 1.35155424263218
289 1.37567508813896
290 1.38075561986024
291 1.39584822570495
292 1.41043726087748
293 1.44850174567653
294 1.48957725991099
295 1.5578000082905
296 1.5844417882975
297 1.61396667863485
298 1.66089678313914
299 1.7945056333916
300 1.82586706263106
301 1.85823658801571
302 1.88907207744496
303 2.02407771428041
304 2.20203190833716
305 2.37359688942334
306 2.60004433609205
307 2.81279773221241
308 2.99749088915023
309 3.15211310242934
310 3.31599065236184
311 3.4619763292622
312 3.61604226367712
313 3.7645035466135
314 3.96944228036955
315 4.11322144850919
316 4.29475894555745
317 4.48320549300284
318 4.67847893055259
319 4.9455355442687
320 5.1096359554114
321 5.49098200654998
322 5.81739768497647
323 6.20116799333161
324 6.57056083785628
325 6.82563401373053
326 7.13468963212732
327 7.45754503992622
328 7.69661722410106
329 7.99384092723924
330 8.22793633031044
331 8.42956000068646
332 8.54097287103478
333 8.504019960595
334 8.36287751652472
335 8.10794544039181
336 7.83589026722568
337 7.46957486126104
338 6.9832072566213
339 6.51398485543306
340 5.93471205811784
341 5.48181833216398
342 4.97781469434807
343 4.47626173448311
344 4.07800000930246
345 3.71014992901054
346 3.2731847444225
347 2.90866931468255
348 2.53389382314128
349 2.33483860857624
350 2.03364253808842
351 1.82250626525526
352 1.52664724491669
353 1.40424055715017
354 1.31367490190202
355 1.27549103716852
356 1.1739393194063
357 1.18717888636967
358 1.21921801618137
359 1.25611832828115
360 1.29775641282043
361 1.3302813739661
362 1.50923026885204
363 1.43636566981031
364 1.3414734129466
365 1.36418163080922
366 1.12236777228788
367 0.801331553153381
368 0.497762151824505
369 0.201123936718872
370 0.0676347451775756
371 -0.232412411888942
372 -0.459148079232893
373 -0.430995455996597
374 -0.588527907642391
375 -0.706357281290132
376 -0.725614054753787
377 -0.485671766911192
378 -0.447772035443311
379 -0.260511971575463
380 0.131909033429968
381 0.821957953441379
382 1.57508220913265
383 2.54159773962852
384 3.96224724308115
385 5.06970195859765
386 8.40810128537549
387 12.305120467671
388 18.2305133480982
389 25.1741138882504
390 28.004064275752
391 28.3613351927168
392 29.529749013645
393 27.2548364581764
394 24.3569280251433
395 21.4637831685502
396 19.0645100024768
397 16.4969407593648
398 14.3733634695436
399 12.0493108023855
400 10.2308437967473
401 8.46893487913837
402 7.01494838489526
403 5.8671877674199
404 4.75935914938297
405 3.98022830032541
406 3.42751429466598
407 2.97242538895967
408 2.56328999013575
409 1.96530886194373
410 1.76913081612342
411 1.71127312500894
412 1.71080568312325
413 1.47353045948138
414 1.55290935424846
415 1.63052681200661
416 1.66914140106052
417 1.61263029159019
418 1.41830878616128
419 1.1168421944957
420 0.519945288276441
421 -0.242807565922243
422 -1.18782454602637
423 -2.55586209322079
424 -4.20071245764492
425 -5.96886621393556
426 -8.28911316489701
427 -14.212039321618
428 -19.526970496866
429 -32.3934076677258
430 -36.7151459684736
431 -35.4163943042968
432 -32.6241568959845
433 -28.0570915806146
434 -24.454188516664
435 -19.6119142074035
436 -15.2248297067864
437 -10.7864269031124
438 -7.96346257909066
439 -6.13386228248925
440 -4.30199410111508
441 -3.14366719880375
442 -2.08181949028856
443 -1.42777177534829
444 -0.797367528376677
445 -0.332187415248582
446 0.141611894560318
447 0.417473104982759
448 0.643295098509318
449 0.809219550760562
450 0.989795867253669
451 1.16318982489425
452 1.32352506225104
453 1.55173124049499
454 1.80104432396075
455 2.14205305929503
456 2.52797092114855
457 3.02742409922418
458 3.75667907042145
459 4.78988070759725
460 6.23304999606382
461 8.25316273586556
462 10.8039565009133
463 13.6519371705707
464 16.2438903000705
465 18.0171925577151
466 19.1666115420394
467 20.8554465473164
468 20.6275458117239
469 19.8275968305534
470 18.4347123095152
471 16.518843731413
472 14.6426972346482
473 12.3562898597328
474 10.7412229747253
475 9.46987109892898
476 8.30955763180877
477 7.42373920668384
478 6.79941239038472
479 6.26538292884444
480 5.94552019644374
481 5.66640662499807
482 5.430919614859
483 5.20310916573293
484 5.12994524011361
485 5.1150954289511
486 5.11956501167314
487 5.10242775110365
488 5.1247245229368
489 5.14791877888974
490 5.20324751882029
491 5.26496350446242
492 5.31654654623597
493 5.38512813447043
494 5.4035713938159
495 5.40060677456356
496 5.36213213262709
497 5.2915794109197
498 5.15499560824271
499 4.95886244776665
500 4.70792527813836
501 4.42720640085693
502 4.14752126064612
503 3.8077182111076
504 3.5060457414341
505 3.1979585836828
506 2.93890883410243
507 2.6264722678761
508 2.39327700374878
509 2.12019116614135
510 1.9191380737517
511 1.69866364185694
512 1.47631687511283
513 1.35953919834545
514 1.27144263465377
515 1.31756005940478
516 1.31149739621275
517 1.33657603648148
518 1.38422128232044
519 1.40192347730445
520 1.43412846312559
521 1.46099432197081
522 1.54116376573034
523 1.53609461825865
524 1.45117818487665
525 1.44890072753296
526 1.48383808304257
527 1.48684853139066
528 1.4861920263465
529 1.48312813843309
530 1.4879739229069
531 1.45126341759371
532 1.41813352424793
533 1.42271212094451
