0 0
1 113.361
1 105.941
1 92.88499
1 78.73102
1 65.34102
1 50.57938
2 113.361
2 105.941
2 92.88499
2 78.73102
2 65.34102
2 50.57938
3 113.361
3 105.941
3 92.88499
3 78.73102
3 65.34102
3 50.57938
4 113.361
4 105.941
4 92.88499
4 78.73102
4 65.34102
4 50.57938
5 113.361
5 105.941
5 92.88499
5 78.73102
5 65.34102
5 50.57938
6 113.361
6 105.941
6 92.88499
6 78.73102
6 65.34102
6 50.57938
7 113.361
7 105.941
7 92.88499
7 78.73102
7 65.34102
7 50.57938
8 113.361
8 105.941
8 92.88499
8 78.73102
8 65.34102
8 50.57938
9 113.361
9 105.941
9 92.88499
9 78.73102
9 65.34102
9 50.57938
10 113.361
10 105.941
10 92.88499
10 78.73102
10 65.34102
10 50.57938
11 113.361
11 105.941
11 92.88499
11 78.73102
11 65.34102
11 50.57938
12 113.361
12 105.941
12 92.88499
12 78.73102
12 65.34102
12 50.57938
13 105.941
13 92.88499
13 78.73102
13 65.34102
13 50.57938
13 33.37102
14 105.941
14 92.88499
14 78.73102
14 65.34102
14 50.57938
14 33.37102
15 105.941
15 92.88499
15 78.73102
15 65.34102
15 50.57938
15 33.37102
16 105.941
16 92.88499
16 78.73102
16 65.34102
16 50.57938
16 33.37102
17 105.941
17 92.88499
17 78.73102
17 65.34102
17 50.57938
17 33.37102
18 105.941
18 92.88499
18 78.73102
18 65.34102
18 50.57938
18 33.37102
19 105.941
19 92.88499
19 78.73102
19 65.34102
19 50.57938
19 33.37102
20 105.941
20 92.88499
20 78.73102
20 65.34102
20 50.57938
20 33.37102
21 105.941
21 92.88499
21 78.73102
21 65.34102
21 50.57938
21 33.37102
22 105.941
22 92.88499
22 78.73102
22 65.34102
22 50.57938
22 33.37102
23 105.941
23 92.88499
23 78.73102
23 65.34102
23 50.57938
23 33.37102
24 105.941
24 92.88499
24 78.73102
24 65.34102
24 50.57938
24 33.37102
25 105.941
25 92.88499
25 78.73102
25 65.34102
25 50.57938
25 33.37102
26 92.88499
26 78.73102
26 65.34102
26 50.57938
26 33.37102
26 18.404
27 92.88499
27 78.73102
27 65.34102
27 50.57938
27 33.37102
27 18.404
28 92.88499
28 78.73102
28 65.34102
28 50.57938
28 33.37102
28 18.404
29 92.88499
29 78.73102
29 65.34102
29 50.57938
29 33.37102
29 18.404
30 92.88499
30 78.73102
30 65.34102
30 50.57938
30 33.37102
30 18.404
31 92.88499
31 78.73102
31 65.34102
31 50.57938
31 33.37102
31 18.404
32 92.88499
32 78.73102
32 65.34102
32 50.57938
32 33.37102
32 18.404
33 92.88499
33 78.73102
33 65.34102
33 50.57938
33 33.37102
33 18.404
34 78.73102
34 65.34102
34 50.57938
34 33.37102
34 18.404
34 4.339378
35 78.73102
35 65.34102
35 50.57938
35 33.37102
35 18.404
35 4.339378
36 78.73102
36 65.34102
36 50.57938
36 33.37102
36 18.404
36 4.339378
37 78.73102
37 65.34102
37 50.57938
37 33.37102
37 18.404
37 4.339378
38 78.73102
38 65.34102
38 50.57938
38 33.37102
38 18.404
38 4.339378
39 78.73102
39 65.34102
39 50.57938
39 33.37102
39 18.404
39 4.339378
40 65.34102
40 50.57938
40 33.37102
40 18.404
40 4.339378
40 -17.42898
41 65.34102
41 50.57938
41 33.37102
41 18.404
41 4.339378
41 -17.42898
42 65.34102
42 50.57938
42 33.37102
42 18.404
42 4.339378
42 -17.42898
43 65.34102
43 50.57938
43 33.37102
43 18.404
43 4.339378
43 -17.42898
44 65.34102
44 50.57938
44 33.37102
44 18.404
44 4.339378
44 -17.42898
45 65.34102
45 50.57938
45 33.37102
45 18.404
45 4.339378
45 -17.42898
46 50.57938
46 33.37102
46 18.404
46 4.339378
46 -17.42898
46 -30.18062
47 50.57938
47 33.37102
47 18.404
47 4.339378
47 -17.42898
47 -30.18062
48 50.57938
48 33.37102
48 18.404
48 4.339378
48 -17.42898
48 -30.18062
49 50.57938
49 33.37102
49 18.404
49 4.339378
49 -17.42898
49 -30.18062
50 50.57938
50 33.37102
50 18.404
50 4.339378
50 -17.42898
50 -30.18062
51 33.37102
51 18.404
51 4.339378
51 -17.42898
51 -30.18062
51 -42.84062
52 33.37102
52 18.404
52 4.339378
52 -17.42898
52 -30.18062
52 -42.84062
53 33.37102
53 18.404
53 4.339378
53 -17.42898
53 -30.18062
53 -42.84062
54 33.37102
54 18.404
54 4.339378
54 -17.42898
54 -30.18062
54 -42.84062
55 18.404
55 4.339378
55 -17.42898
55 -30.18062
55 -42.84062
55 -66.52898
56 18.404
56 4.339378
56 -17.42898
56 -30.18062
56 -42.84062
56 -66.52898
57 18.404
57 4.339378
57 -17.42898
57 -30.18062
57 -42.84062
57 -66.52898
58 18.404
58 4.339378
58 -17.42898
58 -30.18062
58 -42.84062
58 -66.52898
59 4.339378
59 -17.42898
59 -30.18062
59 -42.84062
59 -66.52898
59 -76.85062
60 4.339378
60 -17.42898
60 -30.18062
60 -42.84062
60 -66.52898
60 -76.85062
61 4.339378
61 -17.42898
61 -30.18062
61 -42.84062
61 -66.52898
61 -76.85062
62 4.339378
62 -17.42898
62 -30.18062
62 -42.84062
62 -66.52898
62 -76.85062
63 4.339378
63 -17.42898
63 -30.18062
63 -42.84062
63 -66.52898
63 -76.85062
64 -17.42898
64 -30.18062
64 -42.84062
64 -66.52898
64 -76.85062
64 -90.64063
65 -17.42898
65 -30.18062
65 -42.84062
65 -66.52898
65 -76.85062
65 -90.64063
66 -17.42898
66 -30.18062
66 -42.84062
66 -66.52898
66 -76.85062
66 -90.64063
67 -30.18062
67 -42.84062
67 -66.52898
67 -76.85062
67 -90.64063
67 -100.3206
68 -30.18062
68 -42.84062
68 -66.52898
68 -76.85062
68 -90.64063
68 -100.3206
69 -42.84062
69 -66.52898
69 -76.85062
69 -90.64063
69 -100.3206
69 -115.129
70 -42.84062
70 -66.52898
70 -76.85062
70 -90.64063
70 -100.3206
70 -115.129
71 -42.84062
71 -66.52898
71 -76.85062
71 -90.64063
71 -100.3206
71 -115.129
72 -42.84062
72 -66.52898
72 -76.85062
72 -90.64063
72 -100.3206
72 -115.129
73 -42.84062
73 -66.52898
73 -76.85062
73 -90.64063
73 -100.3206
73 -115.129
74 -66.52898
74 -76.85062
74 -90.64063
74 -100.3206
74 -115.129
74 -124.5206
75 -66.52898
75 -76.85062
75 -90.64063
75 -100.3206
75 -115.129
75 -124.5206
76 -76.85062
76 -90.64063
76 -100.3206
76 -115.129
76 -124.5206
76 -131.399
77 -76.85062
77 -90.64063
77 -100.3206
77 -115.129
77 -124.5206
77 -131.399
78 -76.85062
78 -90.64063
78 -100.3206
78 -115.129
78 -124.5206
78 -131.399
79 -76.85062
79 -90.64063
79 -100.3206
79 -115.129
79 -124.5206
79 -131.399
80 -90.64063
80 -100.3206
80 -115.129
80 -124.5206
80 -131.399
80 -141.329
81 -90.64063
81 -100.3206
81 -115.129
81 -124.5206
81 -131.399
81 -141.329
82 -100.3206
82 -115.129
82 -124.5206
82 -131.399
82 -141.329
82 -147.489
83 -100.3206
83 -115.129
83 -124.5206
83 -131.399
83 -141.329
83 -147.489
84 -100.3206
84 -115.129
84 -124.5206
84 -131.399
84 -141.329
84 -147.489
85 -100.3206
85 -115.129
85 -124.5206
85 -131.399
85 -141.329
85 -147.489
86 -115.129
86 -124.5206
86 -131.399
86 -141.329
86 -147.489
86 -150.849
87 -115.129
87 -124.5206
87 -131.399
87 -141.329
87 -147.489
87 -150.849
88 -115.129
88 -124.5206
88 -131.399
88 -141.329
88 -147.489
88 -150.849
89 -124.5206
89 -131.399
89 -141.329
89 -147.489
89 -150.849
89 -155.499
90 -124.5206
90 -131.399
90 -141.329
90 -147.489
90 -150.849
90 -155.499
91 -131.399
91 -141.329
91 -147.489
91 -150.849
91 -155.499
91 -157.609
92 -131.399
92 -141.329
92 -147.489
92 -150.849
92 -155.499
92 -157.609
93 -131.399
93 -141.329
93 -147.489
93 -150.849
93 -155.499
93 -157.609
94 -131.399
94 -141.329
94 -147.489
94 -150.849
94 -155.499
94 -157.609
95 -141.329
95 -147.489
95 -150.849
95 -155.499
95 -157.609
95 -159.129
96 -141.329
96 -147.489
96 -150.849
96 -155.499
96 -157.609
96 -159.129
97 -141.329
97 -147.489
97 -150.849
97 -155.499
97 -157.609
97 -159.129
98 -147.489
98 -150.849
98 -155.499
98 -157.609
98 -159.129
98 -159.099
99 -147.489
99 -150.849
99 -155.499
99 -157.609
99 -159.129
99 -159.099
100 -150.849
100 -155.499
100 -157.609
100 -159.129
100 -159.099
100 -157.469
101 -150.849
101 -155.499
101 -157.609
101 -159.129
101 -159.099
101 -157.469
102 -150.849
102 -155.499
102 -157.609
102 -159.129
102 -159.099
102 -157.469
103 -150.849
103 -155.499
103 -157.609
103 -159.129
103 -159.099
103 -157.469
104 -155.499
104 -157.609
104 -159.129
104 -159.099
104 -157.469
104 -153.909
105 -155.499
105 -157.609
105 -159.129
105 -159.099
105 -157.469
105 -153.909
106 -155.499
106 -157.609
106 -159.129
106 -159.099
106 -157.469
106 -153.909
107 -157.609
107 -159.129
107 -159.099
107 -157.469
107 -153.909
107 -151.629
108 -157.609
108 -159.129
108 -159.099
108 -157.469
108 -153.909
108 -151.629
109 -157.609
109 -159.129
109 -159.099
109 -157.469
109 -153.909
109 -151.629
110 -159.129
110 -159.099
110 -157.469
110 -153.909
110 -151.629
110 -148.129
111 -159.129
111 -159.099
111 -157.469
111 -153.909
111 -151.629
111 -148.129
112 -159.129
112 -159.099
112 -157.469
112 -153.909
112 -151.629
112 -148.129
113 -159.129
113 -159.099
113 -157.469
113 -153.909
113 -151.629
113 -148.129
114 -159.129
114 -159.099
114 -157.469
114 -153.909
114 -151.629
114 -148.129
115 -159.129
115 -159.099
115 -157.469
115 -153.909
115 -151.629
115 -148.129
116 -159.099
116 -157.469
116 -153.909
116 -151.629
116 -148.129
116 -143.929
117 -159.099
117 -157.469
117 -153.909
117 -151.629
117 -148.129
117 -143.929
118 -159.099
118 -157.469
118 -153.909
118 -151.629
118 -148.129
118 -143.929
119 -157.469
119 -153.909
119 -151.629
119 -148.129
119 -143.929
119 -139.979
120 -157.469
120 -153.909
120 -151.629
120 -148.129
120 -143.929
120 -139.979
121 -157.469
121 -153.909
121 -151.629
121 -148.129
121 -143.929
121 -139.979
122 -157.469
122 -153.909
122 -151.629
122 -148.129
122 -143.929
122 -139.979
123 -157.469
123 -153.909
123 -151.629
123 -148.129
123 -143.929
123 -139.979
124 -153.909
124 -151.629
124 -148.129
124 -143.929
124 -139.979
124 -134.209
125 -153.909
125 -151.629
125 -148.129
125 -143.929
125 -139.979
125 -134.209
126 -153.909
126 -151.629
126 -148.129
126 -143.929
126 -139.979
126 -134.209
127 -151.629
127 -148.129
127 -143.929
127 -139.979
127 -134.209
127 -130.6506
128 -151.629
128 -148.129
128 -143.929
128 -139.979
128 -134.209
128 -130.6506
129 -151.629
129 -148.129
129 -143.929
129 -139.979
129 -134.209
129 -130.6506
130 -151.629
130 -148.129
130 -143.929
130 -139.979
130 -134.209
130 -130.6506
131 -148.129
131 -143.929
131 -139.979
131 -134.209
131 -130.6506
131 -123.779
132 -148.129
132 -143.929
132 -139.979
132 -134.209
132 -130.6506
132 -123.779
133 -148.129
133 -143.929
133 -139.979
133 -134.209
133 -130.6506
133 -123.779
134 -148.129
134 -143.929
134 -139.979
134 -134.209
134 -130.6506
134 -123.779
135 -148.129
135 -143.929
135 -139.979
135 -134.209
135 -130.6506
135 -123.779
136 -143.929
136 -139.979
136 -134.209
136 -130.6506
136 -123.779
136 -118.159
137 -143.929
137 -139.979
137 -134.209
137 -130.6506
137 -123.779
137 -118.159
138 -143.929
138 -139.979
138 -134.209
138 -130.6506
138 -123.779
138 -118.159
139 -139.979
139 -134.209
139 -130.6506
139 -123.779
139 -118.159
139 -108.669
140 -139.979
140 -134.209
140 -130.6506
140 -123.779
140 -118.159
140 -108.669
141 -139.979
141 -134.209
141 -130.6506
141 -123.779
141 -118.159
141 -108.669
142 -134.209
142 -130.6506
142 -123.779
142 -118.159
142 -108.669
142 -100.349
143 -134.209
143 -130.6506
143 -123.779
143 -118.159
143 -108.669
143 -100.349
144 -130.6506
144 -123.779
144 -118.159
144 -108.669
144 -100.349
144 -89.95898
145 -130.6506
145 -123.779
145 -118.159
145 -108.669
145 -100.349
145 -89.95898
146 -130.6506
146 -123.779
146 -118.159
146 -108.669
146 -100.349
146 -89.95898
147 -123.779
147 -118.159
147 -108.669
147 -100.349
147 -89.95898
147 -79.97897
148 -123.779
148 -118.159
148 -108.669
148 -100.349
148 -89.95898
148 -79.97897
149 -118.159
149 -108.669
149 -100.349
149 -89.95898
149 -79.97897
149 -69.827
150 -118.159
150 -108.669
150 -100.349
150 -89.95898
150 -79.97897
150 -69.827
151 -118.159
151 -108.669
151 -100.349
151 -89.95898
151 -79.97897
151 -69.827
152 -118.159
152 -108.669
152 -100.349
152 -89.95898
152 -79.97897
152 -69.827
153 -108.669
153 -100.349
153 -89.95898
153 -79.97897
153 -69.827
153 -42.02898
154 -108.669
154 -100.349
154 -89.95898
154 -79.97897
154 -69.827
154 -42.02898
155 -108.669
155 -100.349
155 -89.95898
155 -79.97897
155 -69.827
155 -42.02898
156 -100.349
156 -89.95898
156 -79.97897
156 -69.827
156 -42.02898
156 -20.72898
157 -100.349
157 -89.95898
157 -79.97897
157 -69.827
157 -42.02898
157 -20.72898
158 -100.349
158 -89.95898
158 -79.97897
158 -69.827
158 -42.02898
158 -20.72898
159 -100.349
159 -89.95898
159 -79.97897
159 -69.827
159 -42.02898
159 -20.72898
160 -89.95898
160 -79.97897
160 -69.827
160 -42.02898
160 -20.72898
160 -12.66062
161 -89.95898
161 -79.97897
161 -69.827
161 -42.02898
161 -20.72898
161 -12.66062
162 -89.95898
162 -79.97897
162 -69.827
162 -42.02898
162 -20.72898
162 -12.66062
163 -89.95898
163 -79.97897
163 -69.827
163 -42.02898
163 -20.72898
163 -12.66062
164 -79.97897
164 -69.827
164 -42.02898
164 -20.72898
164 -12.66062
164 -7.878983
165 -79.97897
165 -69.827
165 -42.02898
165 -20.72898
165 -12.66062
165 -7.878983
166 -79.97897
166 -69.827
166 -42.02898
166 -20.72898
166 -12.66062
166 -7.878983
167 -69.827
167 -42.02898
167 -20.72898
167 -12.66062
167 -7.878983
167 -1.338982
168 -69.827
168 -42.02898
168 -20.72898
168 -12.66062
168 -7.878983
168 -1.338982
169 -69.827
169 -42.02898
169 -20.72898
169 -12.66062
169 -7.878983
169 -1.338982
170 -69.827
170 -42.02898
170 -20.72898
170 -12.66062
170 -7.878983
170 -1.338982
171 -69.827
171 -42.02898
171 -20.72898
171 -12.66062
171 -7.878983
171 -1.338982
172 -69.827
172 -42.02898
172 -20.72898
172 -12.66062
172 -7.878983
172 -1.338982
173 -69.827
173 -42.02898
173 -20.72898
173 -12.66062
173 -7.878983
173 -1.338982
174 -69.827
174 -42.02898
174 -20.72898
174 -12.66062
174 -7.878983
174 -1.338982
175 -42.02898
175 -20.72898
175 -12.66062
175 -7.878983
175 -1.338982
175 5.75
176 -42.02898
176 -20.72898
176 -12.66062
176 -7.878983
176 -1.338982
176 5.75
177 -42.02898
177 -20.72898
177 -12.66062
177 -7.878983
177 -1.338982
177 5.75
178 -42.02898
178 -20.72898
178 -12.66062
178 -7.878983
178 -1.338982
178 5.75
179 -42.02898
179 -20.72898
179 -12.66062
179 -7.878983
179 -1.338982
179 5.75
180 -20.72898
180 -12.66062
180 -7.878983
180 -1.338982
180 5.75
180 12.86102
181 -20.72898
181 -12.66062
181 -7.878983
181 -1.338982
181 5.75
181 12.86102
182 -12.66062
182 -7.878983
182 -1.338982
182 5.75
182 12.86102
182 19.95102
183 -7.878983
183 -1.338982
183 5.75
183 12.86102
183 19.95102
183 25.33102
184 -1.338982
184 5.75
184 12.86102
184 19.95102
184 25.33102
184 29.88102
185 -1.338982
185 5.75
185 12.86102
185 19.95102
185 25.33102
185 29.88102
186 -1.338982
186 5.75
186 12.86102
186 19.95102
186 25.33102
186 29.88102
187 5.75
187 12.86102
187 19.95102
187 25.33102
187 29.88102
187 38.04939
188 5.75
188 12.86102
188 19.95102
188 25.33102
188 29.88102
188 38.04939
189 12.86102
189 19.95102
189 25.33102
189 29.88102
189 38.04939
189 45.58102
190 12.86102
190 19.95102
190 25.33102
190 29.88102
190 38.04939
190 45.58102
191 12.86102
191 19.95102
191 25.33102
191 29.88102
191 38.04939
191 45.58102
192 12.86102
192 19.95102
192 25.33102
192 29.88102
192 38.04939
192 45.58102
193 19.95102
193 25.33102
193 29.88102
193 38.04939
193 45.58102
193 59.27102
194 19.95102
194 25.33102
194 29.88102
194 38.04939
194 45.58102
194 59.27102
195 19.95102
195 25.33102
195 29.88102
195 38.04939
195 45.58102
195 59.27102
196 25.33102
196 29.88102
196 38.04939
196 45.58102
196 59.27102
196 65.83102
197 25.33102
197 29.88102
197 38.04939
197 45.58102
197 59.27102
197 65.83102
198 25.33102
198 29.88102
198 38.04939
198 45.58102
198 59.27102
198 65.83102
199 29.88102
199 38.04939
199 45.58102
199 59.27102
199 65.83102
199 71.59937
200 29.88102
200 38.04939
200 45.58102
200 59.27102
200 65.83102
200 71.59937
201 29.88102
201 38.04939
201 45.58102
201 59.27102
201 65.83102
201 71.59937
202 29.88102
202 38.04939
202 45.58102
202 59.27102
202 65.83102
202 71.59937
203 38.04939
203 45.58102
203 59.27102
203 65.83102
203 71.59937
203 79.57102
204 38.04939
204 45.58102
204 59.27102
204 65.83102
204 71.59937
204 79.57102
205 38.04939
205 45.58102
205 59.27102
205 65.83102
205 71.59937
205 79.57102
206 38.04939
206 45.58102
206 59.27102
206 65.83102
206 71.59937
206 79.57102
207 38.04939
207 45.58102
207 59.27102
207 65.83102
207 71.59937
207 79.57102
208 45.58102
208 59.27102
208 65.83102
208 71.59937
208 79.57102
208 84.19102
209 45.58102
209 59.27102
209 65.83102
209 71.59937
209 79.57102
209 84.19102
210 45.58102
210 59.27102
210 65.83102
210 71.59937
210 79.57102
210 84.19102
211 45.58102
211 59.27102
211 65.83102
211 71.59937
211 79.57102
211 84.19102
212 45.58102
212 59.27102
212 65.83102
212 71.59937
212 79.57102
212 84.19102
213 45.58102
213 59.27102
213 65.83102
213 71.59937
213 79.57102
213 84.19102
214 59.27102
214 65.83102
214 71.59937
214 79.57102
214 84.19102
214 90.79102
215 65.83102
215 71.59937
215 79.57102
215 84.19102
215 90.79102
215 98.67102
216 65.83102
216 71.59937
216 79.57102
216 84.19102
216 90.79102
216 98.67102
217 71.59937
217 79.57102
217 84.19102
217 90.79102
217 98.67102
217 106.031
218 71.59937
218 79.57102
218 84.19102
218 90.79102
218 98.67102
218 106.031
219 79.57102
219 84.19102
219 90.79102
219 98.67102
219 106.031
219 117.181
220 79.57102
220 84.19102
220 90.79102
220 98.67102
220 106.031
220 117.181
221 84.19102
221 90.79102
221 98.67102
221 106.031
221 117.181
221 127.2894
222 84.19102
222 90.79102
222 98.67102
222 106.031
222 117.181
222 127.2894
223 90.79102
223 98.67102
223 106.031
223 117.181
223 127.2894
223 132.651
224 90.79102
224 98.67102
224 106.031
224 117.181
224 127.2894
224 132.651
225 98.67102
225 106.031
225 117.181
225 127.2894
225 132.651
225 140.601
226 98.67102
226 106.031
226 117.181
226 127.2894
226 132.651
226 140.601
227 98.67102
227 106.031
227 117.181
227 127.2894
227 132.651
227 140.601
228 106.031
228 117.181
228 127.2894
228 132.651
228 140.601
228 144.511
229 106.031
229 117.181
229 127.2894
229 132.651
229 140.601
229 144.511
230 106.031
230 117.181
230 127.2894
230 132.651
230 140.601
230 144.511
231 106.031
231 117.181
231 127.2894
231 132.651
231 140.601
231 144.511
232 117.181
232 127.2894
232 132.651
232 140.601
232 144.511
232 150.031
233 117.181
233 127.2894
233 132.651
233 140.601
233 144.511
233 150.031
234 117.181
234 127.2894
234 132.651
234 140.601
234 144.511
234 150.031
235 117.181
235 127.2894
235 132.651
235 140.601
235 144.511
235 150.031
236 127.2894
236 132.651
236 140.601
236 144.511
236 150.031
236 152.971
237 132.651
237 140.601
237 144.511
237 150.031
237 152.971
237 156.621
238 132.651
238 140.601
238 144.511
238 150.031
238 152.971
238 156.621
239 132.651
239 140.601
239 144.511
239 150.031
239 152.971
239 156.621
240 132.651
240 140.601
240 144.511
240 150.031
240 152.971
240 156.621
241 140.601
241 144.511
241 150.031
241 152.971
241 156.621
241 158.4294
242 144.511
242 150.031
242 152.971
242 156.621
242 158.4294
242 158.891
243 144.511
243 150.031
243 152.971
243 156.621
243 158.4294
243 158.891
244 144.511
244 150.031
244 152.971
244 156.621
244 158.4294
244 158.891
245 150.031
245 152.971
245 156.621
245 158.4294
245 158.891
245 158.731
246 150.031
246 152.971
246 156.621
246 158.4294
246 158.891
246 158.731
247 152.971
247 156.621
247 158.4294
247 158.891
247 158.731
247 157.101
248 152.971
248 156.621
248 158.4294
248 158.891
248 158.731
248 157.101
249 152.971
249 156.621
249 158.4294
249 158.891
249 158.731
249 157.101
250 156.621
250 158.4294
250 158.891
250 158.731
250 157.101
250 155.4194
251 156.621
251 158.4294
251 158.891
251 158.731
251 157.101
251 155.4194
252 158.4294
252 158.891
252 158.731
252 157.101
252 155.4194
252 151.201
253 158.4294
253 158.891
253 158.731
253 157.101
253 155.4194
253 151.201
254 158.891
254 158.731
254 157.101
254 155.4194
254 151.201
254 148.141
255 158.891
255 158.731
255 157.101
255 155.4194
255 151.201
255 148.141
256 158.731
256 157.101
256 155.4194
256 151.201
256 148.141
256 140.121
257 158.731
257 157.101
257 155.4194
257 151.201
257 148.141
257 140.121
258 158.731
258 157.101
258 155.4194
258 151.201
258 148.141
258 140.121
259 158.731
259 157.101
259 155.4194
259 151.201
259 148.141
259 140.121
260 157.101
260 155.4194
260 151.201
260 148.141
260 140.121
260 135.321
261 157.101
261 155.4194
261 151.201
261 148.141
261 140.121
261 135.321
262 155.4194
262 151.201
262 148.141
262 140.121
262 135.321
262 127.081
263 155.4194
263 151.201
263 148.141
263 140.121
263 135.321
263 127.081
264 155.4194
264 151.201
264 148.141
264 140.121
264 135.321
264 127.081
265 151.201
265 148.141
265 140.121
265 135.321
265 127.081
265 119.021
266 151.201
266 148.141
266 140.121
266 135.321
266 127.081
266 119.021
267 148.141
267 140.121
267 135.321
267 127.081
267 119.021
267 113.361
268 148.141
268 140.121
268 135.321
268 127.081
268 119.021
268 113.361
269 148.141
269 140.121
269 135.321
269 127.081
269 119.021
269 113.361
270 140.121
270 135.321
270 127.081
270 119.021
270 113.361
270 105.941
271 140.121
271 135.321
271 127.081
271 119.021
271 113.361
271 105.941
272 135.321
272 127.081
272 119.021
272 113.361
272 105.941
272 92.88499
273 135.321
273 127.081
273 119.021
273 113.361
273 105.941
273 92.88499
274 135.321
274 127.081
274 119.021
274 113.361
274 105.941
274 92.88499
275 127.081
275 119.021
275 113.361
275 105.941
275 92.88499
275 78.73102
276 127.081
276 119.021
276 113.361
276 105.941
276 92.88499
276 78.73102
277 119.021
277 113.361
277 105.941
277 92.88499
277 78.73102
277 65.34102
278 119.021
278 113.361
278 105.941
278 92.88499
278 78.73102
278 65.34102
279 113.361
279 105.941
279 92.88499
279 78.73102
279 65.34102
279 50.57938
280 113.361
280 105.941
280 92.88499
280 78.73102
280 65.34102
280 50.57938
281 105.941
281 92.88499
281 78.73102
281 65.34102
281 50.57938
281 33.37102
282 105.941
282 92.88499
282 78.73102
282 65.34102
282 50.57938
282 33.37102
283 105.941
283 92.88499
283 78.73102
283 65.34102
283 50.57938
283 33.37102
284 105.941
284 92.88499
284 78.73102
284 65.34102
284 50.57938
284 33.37102
285 92.88499
285 78.73102
285 65.34102
285 50.57938
285 33.37102
285 18.404
286 92.88499
286 78.73102
286 65.34102
286 50.57938
286 33.37102
286 18.404
287 92.88499
287 78.73102
287 65.34102
287 50.57938
287 33.37102
287 18.404
288 92.88499
288 78.73102
288 65.34102
288 50.57938
288 33.37102
288 18.404
289 78.73102
289 65.34102
289 50.57938
289 33.37102
289 18.404
289 4.339378
290 78.73102
290 65.34102
290 50.57938
290 33.37102
290 18.404
290 4.339378
291 78.73102
291 65.34102
291 50.57938
291 33.37102
291 18.404
291 4.339378
292 65.34102
292 50.57938
292 33.37102
292 18.404
292 4.339378
292 -17.42898
293 65.34102
293 50.57938
293 33.37102
293 18.404
293 4.339378
293 -17.42898
294 65.34102
294 50.57938
294 33.37102
294 18.404
294 4.339378
294 -17.42898
295 50.57938
295 33.37102
295 18.404
295 4.339378
295 -17.42898
295 -30.18062
296 50.57938
296 33.37102
296 18.404
296 4.339378
296 -17.42898
296 -30.18062
297 50.57938
297 33.37102
297 18.404
297 4.339378
297 -17.42898
297 -30.18062
298 50.57938
298 33.37102
298 18.404
298 4.339378
298 -17.42898
298 -30.18062
299 33.37102
299 18.404
299 4.339378
299 -17.42898
299 -30.18062
299 -42.84062
300 33.37102
300 18.404
300 4.339378
300 -17.42898
300 -30.18062
300 -42.84062
301 33.37102
301 18.404
301 4.339378
301 -17.42898
301 -30.18062
301 -42.84062
302 18.404
302 4.339378
302 -17.42898
302 -30.18062
302 -42.84062
302 -66.52898
303 18.404
303 4.339378
303 -17.42898
303 -30.18062
303 -42.84062
303 -66.52898
304 4.339378
304 -17.42898
304 -30.18062
304 -42.84062
304 -66.52898
304 -76.85062
305 4.339378
305 -17.42898
305 -30.18062
305 -42.84062
305 -66.52898
305 -76.85062
306 4.339378
306 -17.42898
306 -30.18062
306 -42.84062
306 -66.52898
306 -76.85062
307 4.339378
307 -17.42898
307 -30.18062
307 -42.84062
307 -66.52898
307 -76.85062
308 -17.42898
308 -30.18062
308 -42.84062
308 -66.52898
308 -76.85062
308 -90.64063
309 -17.42898
309 -30.18062
309 -42.84062
309 -66.52898
309 -76.85062
309 -90.64063
310 -17.42898
310 -30.18062
310 -42.84062
310 -66.52898
310 -76.85062
310 -90.64063
311 -30.18062
311 -42.84062
311 -66.52898
311 -76.85062
311 -90.64063
311 -100.3206
312 -30.18062
312 -42.84062
312 -66.52898
312 -76.85062
312 -90.64063
312 -100.3206
313 -30.18062
313 -42.84062
313 -66.52898
313 -76.85062
313 -90.64063
313 -100.3206
314 -42.84062
314 -66.52898
314 -76.85062
314 -90.64063
314 -100.3206
314 -115.129
315 -42.84062
315 -66.52898
315 -76.85062
315 -90.64063
315 -100.3206
315 -115.129
316 -42.84062
316 -66.52898
316 -76.85062
316 -90.64063
316 -100.3206
316 -115.129
317 -42.84062
317 -66.52898
317 -76.85062
317 -90.64063
317 -100.3206
317 -115.129
318 -42.84062
318 -66.52898
318 -76.85062
318 -90.64063
318 -100.3206
318 -115.129
319 -42.84062
319 -66.52898
319 -76.85062
319 -90.64063
319 -100.3206
319 -115.129
320 -66.52898
320 -76.85062
320 -90.64063
320 -100.3206
320 -115.129
320 -124.5206
321 -66.52898
321 -76.85062
321 -90.64063
321 -100.3206
321 -115.129
321 -124.5206
322 -76.85062
322 -90.64063
322 -100.3206
322 -115.129
322 -124.5206
322 -131.399
323 -76.85062
323 -90.64063
323 -100.3206
323 -115.129
323 -124.5206
323 -131.399
324 -76.85062
324 -90.64063
324 -100.3206
324 -115.129
324 -124.5206
324 -131.399
325 -90.64063
325 -100.3206
325 -115.129
325 -124.5206
325 -131.399
325 -141.329
326 -90.64063
326 -100.3206
326 -115.129
326 -124.5206
326 -131.399
326 -141.329
327 -90.64063
327 -100.3206
327 -115.129
327 -124.5206
327 -131.399
327 -141.329
328 -100.3206
328 -115.129
328 -124.5206
328 -131.399
328 -141.329
328 -147.489
329 -100.3206
329 -115.129
329 -124.5206
329 -131.399
329 -141.329
329 -147.489
330 -100.3206
330 -115.129
330 -124.5206
330 -131.399
330 -141.329
330 -147.489
331 -115.129
331 -124.5206
331 -131.399
331 -141.329
331 -147.489
331 -150.849
332 -115.129
332 -124.5206
332 -131.399
332 -141.329
332 -147.489
332 -150.849
333 -115.129
333 -124.5206
333 -131.399
333 -141.329
333 -147.489
333 -150.849
334 -124.5206
334 -131.399
334 -141.329
334 -147.489
334 -150.849
334 -155.499
335 -124.5206
335 -131.399
335 -141.329
335 -147.489
335 -150.849
335 -155.499
336 -131.399
336 -141.329
336 -147.489
336 -150.849
336 -155.499
336 -157.609
337 -131.399
337 -141.329
337 -147.489
337 -150.849
337 -155.499
337 -157.609
338 -131.399
338 -141.329
338 -147.489
338 -150.849
338 -155.499
338 -157.609
339 -131.399
339 -141.329
339 -147.489
339 -150.849
339 -155.499
339 -157.609
340 -141.329
340 -147.489
340 -150.849
340 -155.499
340 -157.609
340 -159.129
341 -141.329
341 -147.489
341 -150.849
341 -155.499
341 -157.609
341 -159.129
342 -141.329
342 -147.489
342 -150.849
342 -155.499
342 -157.609
342 -159.129
343 -147.489
343 -150.849
343 -155.499
343 -157.609
343 -159.129
343 -159.099
344 -147.489
344 -150.849
344 -155.499
344 -157.609
344 -159.129
344 -159.099
345 -150.849
345 -155.499
345 -157.609
345 -159.129
345 -159.099
345 -157.469
346 -150.849
346 -155.499
346 -157.609
346 -159.129
346 -159.099
346 -157.469
347 -150.849
347 -155.499
347 -157.609
347 -159.129
347 -159.099
347 -157.469
348 -150.849
348 -155.499
348 -157.609
348 -159.129
348 -159.099
348 -157.469
349 -155.499
349 -157.609
349 -159.129
349 -159.099
349 -157.469
349 -153.909
350 -155.499
350 -157.609
350 -159.129
350 -159.099
350 -157.469
350 -153.909
351 -155.499
351 -157.609
351 -159.129
351 -159.099
351 -157.469
351 -153.909
352 -157.609
352 -159.129
352 -159.099
352 -157.469
352 -153.909
352 -151.629
353 -157.609
353 -159.129
353 -159.099
353 -157.469
353 -153.909
353 -151.629
354 -157.609
354 -159.129
354 -159.099
354 -157.469
354 -153.909
354 -151.629
355 -157.609
355 -159.129
355 -159.099
355 -157.469
355 -153.909
355 -151.629
356 -159.129
356 -159.099
356 -157.469
356 -153.909
356 -151.629
356 -148.129
357 -159.129
357 -159.099
357 -157.469
357 -153.909
357 -151.629
357 -148.129
358 -159.129
358 -159.099
358 -157.469
358 -153.909
358 -151.629
358 -148.129
359 -159.129
359 -159.099
359 -157.469
359 -153.909
359 -151.629
359 -148.129
360 -159.129
360 -159.099
360 -157.469
360 -153.909
360 -151.629
360 -148.129
361 -159.129
361 -159.099
361 -157.469
361 -153.909
361 -151.629
361 -148.129
362 -159.099
362 -157.469
362 -153.909
362 -151.629
362 -148.129
362 -143.929
363 -159.099
363 -157.469
363 -153.909
363 -151.629
363 -148.129
363 -143.929
364 -159.099
364 -157.469
364 -153.909
364 -151.629
364 -148.129
364 -143.929
365 -157.469
365 -153.909
365 -151.629
365 -148.129
365 -143.929
365 -139.979
366 -157.469
366 -153.909
366 -151.629
366 -148.129
366 -143.929
366 -139.979
367 -157.469
367 -153.909
367 -151.629
367 -148.129
367 -143.929
367 -139.979
368 -157.469
368 -153.909
368 -151.629
368 -148.129
368 -143.929
368 -139.979
369 -157.469
369 -153.909
369 -151.629
369 -148.129
369 -143.929
369 -139.979
370 -153.909
370 -151.629
370 -148.129
370 -143.929
370 -139.979
370 -134.209
371 -153.909
371 -151.629
371 -148.129
371 -143.929
371 -139.979
371 -134.209
372 -153.909
372 -151.629
372 -148.129
372 -143.929
372 -139.979
372 -134.209
373 -151.629
373 -148.129
373 -143.929
373 -139.979
373 -134.209
373 -130.6506
374 -151.629
374 -148.129
374 -143.929
374 -139.979
374 -134.209
374 -130.6506
375 -151.629
375 -148.129
375 -143.929
375 -139.979
375 -134.209
375 -130.6506
376 -151.629
376 -148.129
376 -143.929
376 -139.979
376 -134.209
376 -130.6506
377 -148.129
377 -143.929
377 -139.979
377 -134.209
377 -130.6506
377 -123.779
378 -148.129
378 -143.929
378 -139.979
378 -134.209
378 -130.6506
378 -123.779
379 -148.129
379 -143.929
379 -139.979
379 -134.209
379 -130.6506
379 -123.779
380 -148.129
380 -143.929
380 -139.979
380 -134.209
380 -130.6506
380 -123.779
381 -148.129
381 -143.929
381 -139.979
381 -134.209
381 -130.6506
381 -123.779
382 -143.929
382 -139.979
382 -134.209
382 -130.6506
382 -123.779
382 -118.159
383 -143.929
383 -139.979
383 -134.209
383 -130.6506
383 -123.779
383 -118.159
384 -143.929
384 -139.979
384 -134.209
384 -130.6506
384 -123.779
384 -118.159
385 -139.979
385 -134.209
385 -130.6506
385 -123.779
385 -118.159
385 -108.669
386 -139.979
386 -134.209
386 -130.6506
386 -123.779
386 -118.159
386 -108.669
387 -139.979
387 -134.209
387 -130.6506
387 -123.779
387 -118.159
387 -108.669
388 -134.209
388 -130.6506
388 -123.779
388 -118.159
388 -108.669
388 -100.349
389 -130.6506
389 -123.779
389 -118.159
389 -108.669
389 -100.349
389 -89.95898
390 -130.6506
390 -123.779
390 -118.159
390 -108.669
390 -100.349
390 -89.95898
391 -130.6506
391 -123.779
391 -118.159
391 -108.669
391 -100.349
391 -89.95898
392 -123.779
392 -118.159
392 -108.669
392 -100.349
392 -89.95898
392 -79.97897
393 -123.779
393 -118.159
393 -108.669
393 -100.349
393 -89.95898
393 -79.97897
394 -118.159
394 -108.669
394 -100.349
394 -89.95898
394 -79.97897
394 -69.827
395 -118.159
395 -108.669
395 -100.349
395 -89.95898
395 -79.97897
395 -69.827
396 -118.159
396 -108.669
396 -100.349
396 -89.95898
396 -79.97897
396 -69.827
397 -118.159
397 -108.669
397 -100.349
397 -89.95898
397 -79.97897
397 -69.827
398 -108.669
398 -100.349
398 -89.95898
398 -79.97897
398 -69.827
398 -42.02898
399 -108.669
399 -100.349
399 -89.95898
399 -79.97897
399 -69.827
399 -42.02898
400 -108.669
400 -100.349
400 -89.95898
400 -79.97897
400 -69.827
400 -42.02898
401 -108.669
401 -100.349
401 -89.95898
401 -79.97897
401 -69.827
401 -42.02898
402 -100.349
402 -89.95898
402 -79.97897
402 -69.827
402 -42.02898
402 -20.72898
403 -100.349
403 -89.95898
403 -79.97897
403 -69.827
403 -42.02898
403 -20.72898
404 -100.349
404 -89.95898
404 -79.97897
404 -69.827
404 -42.02898
404 -20.72898
405 -100.349
405 -89.95898
405 -79.97897
405 -69.827
405 -42.02898
405 -20.72898
406 -89.95898
406 -79.97897
406 -69.827
406 -42.02898
406 -20.72898
406 -12.66062
407 -89.95898
407 -79.97897
407 -69.827
407 -42.02898
407 -20.72898
407 -12.66062
408 -89.95898
408 -79.97897
408 -69.827
408 -42.02898
408 -20.72898
408 -12.66062
409 -79.97897
409 -69.827
409 -42.02898
409 -20.72898
409 -12.66062
409 -7.878983
410 -79.97897
410 -69.827
410 -42.02898
410 -20.72898
410 -12.66062
410 -7.878983
411 -79.97897
411 -69.827
411 -42.02898
411 -20.72898
411 -12.66062
411 -7.878983
412 -79.97897
412 -69.827
412 -42.02898
412 -20.72898
412 -12.66062
412 -7.878983
413 -69.827
413 -42.02898
413 -20.72898
413 -12.66062
413 -7.878983
413 -1.338982
414 -69.827
414 -42.02898
414 -20.72898
414 -12.66062
414 -7.878983
414 -1.338982
415 -69.827
415 -42.02898
415 -20.72898
415 -12.66062
415 -7.878983
415 -1.338982
416 -69.827
416 -42.02898
416 -20.72898
416 -12.66062
416 -7.878983
416 -1.338982
417 -69.827
417 -42.02898
417 -20.72898
417 -12.66062
417 -7.878983
417 -1.338982
418 -69.827
418 -42.02898
418 -20.72898
418 -12.66062
418 -7.878983
418 -1.338982
419 -69.827
419 -42.02898
419 -20.72898
419 -12.66062
419 -7.878983
419 -1.338982
420 -69.827
420 -42.02898
420 -20.72898
420 -12.66062
420 -7.878983
420 -1.338982
421 -42.02898
421 -20.72898
421 -12.66062
421 -7.878983
421 -1.338982
421 5.75
422 -42.02898
422 -20.72898
422 -12.66062
422 -7.878983
422 -1.338982
422 5.75
423 -42.02898
423 -20.72898
423 -12.66062
423 -7.878983
423 -1.338982
423 5.75
424 -42.02898
424 -20.72898
424 -12.66062
424 -7.878983
424 -1.338982
424 5.75
425 -42.02898
425 -20.72898
425 -12.66062
425 -7.878983
425 -1.338982
425 5.75
426 -42.02898
426 -20.72898
426 -12.66062
426 -7.878983
426 -1.338982
426 5.75
427 -20.72898
427 -12.66062
427 -7.878983
427 -1.338982
427 5.75
427 12.86102
428 -20.72898
428 -12.66062
428 -7.878983
428 -1.338982
428 5.75
428 12.86102
429 -12.66062
429 -7.878983
429 -1.338982
429 5.75
429 12.86102
429 19.95102
430 -7.878983
430 -1.338982
430 5.75
430 12.86102
430 19.95102
430 25.33102
431 -7.878983
431 -1.338982
431 5.75
431 12.86102
431 19.95102
431 25.33102
432 -1.338982
432 5.75
432 12.86102
432 19.95102
432 25.33102
432 29.88102
433 -1.338982
433 5.75
433 12.86102
433 19.95102
433 25.33102
433 29.88102
434 5.75
434 12.86102
434 19.95102
434 25.33102
434 29.88102
434 38.04939
435 5.75
435 12.86102
435 19.95102
435 25.33102
435 29.88102
435 38.04939
436 5.75
436 12.86102
436 19.95102
436 25.33102
436 29.88102
436 38.04939
437 12.86102
437 19.95102
437 25.33102
437 29.88102
437 38.04939
437 45.58102
438 12.86102
438 19.95102
438 25.33102
438 29.88102
438 38.04939
438 45.58102
439 12.86102
439 19.95102
439 25.33102
439 29.88102
439 38.04939
439 45.58102
440 19.95102
440 25.33102
440 29.88102
440 38.04939
440 45.58102
440 59.27102
441 19.95102
441 25.33102
441 29.88102
441 38.04939
441 45.58102
441 59.27102
442 19.95102
442 25.33102
442 29.88102
442 38.04939
442 45.58102
442 59.27102
443 25.33102
443 29.88102
443 38.04939
443 45.58102
443 59.27102
443 65.83102
444 25.33102
444 29.88102
444 38.04939
444 45.58102
444 59.27102
444 65.83102
445 25.33102
445 29.88102
445 38.04939
445 45.58102
445 59.27102
445 65.83102
446 29.88102
446 38.04939
446 45.58102
446 59.27102
446 65.83102
446 71.59937
447 29.88102
447 38.04939
447 45.58102
447 59.27102
447 65.83102
447 71.59937
448 29.88102
448 38.04939
448 45.58102
448 59.27102
448 65.83102
448 71.59937
449 29.88102
449 38.04939
449 45.58102
449 59.27102
449 65.83102
449 71.59937
450 38.04939
450 45.58102
450 59.27102
450 65.83102
450 71.59937
450 79.57102
451 38.04939
451 45.58102
451 59.27102
451 65.83102
451 71.59937
451 79.57102
452 38.04939
452 45.58102
452 59.27102
452 65.83102
452 71.59937
452 79.57102
453 38.04939
453 45.58102
453 59.27102
453 65.83102
453 71.59937
453 79.57102
454 38.04939
454 45.58102
454 59.27102
454 65.83102
454 71.59937
454 79.57102
455 45.58102
455 59.27102
455 65.83102
455 71.59937
455 79.57102
455 84.19102
456 45.58102
456 59.27102
456 65.83102
456 71.59937
456 79.57102
456 84.19102
457 45.58102
457 59.27102
457 65.83102
457 71.59937
457 79.57102
457 84.19102
458 45.58102
458 59.27102
458 65.83102
458 71.59937
458 79.57102
458 84.19102
459 45.58102
459 59.27102
459 65.83102
459 71.59937
459 79.57102
459 84.19102
460 59.27102
460 65.83102
460 71.59937
460 79.57102
460 84.19102
460 90.79102
461 59.27102
461 65.83102
461 71.59937
461 79.57102
461 84.19102
461 90.79102
462 65.83102
462 71.59937
462 79.57102
462 84.19102
462 90.79102
462 98.67102
463 65.83102
463 71.59937
463 79.57102
463 84.19102
463 90.79102
463 98.67102
464 71.59937
464 79.57102
464 84.19102
464 90.79102
464 98.67102
464 106.031
465 71.59937
465 79.57102
465 84.19102
465 90.79102
465 98.67102
465 106.031
466 71.59937
466 79.57102
466 84.19102
466 90.79102
466 98.67102
466 106.031
467 79.57102
467 84.19102
467 90.79102
467 98.67102
467 106.031
467 117.181
468 79.57102
468 84.19102
468 90.79102
468 98.67102
468 106.031
468 117.181
469 84.19102
469 90.79102
469 98.67102
469 106.031
469 117.181
469 127.2894
470 84.19102
470 90.79102
470 98.67102
470 106.031
470 117.181
470 127.2894
471 90.79102
471 98.67102
471 106.031
471 117.181
471 127.2894
471 132.651
472 90.79102
472 98.67102
472 106.031
472 117.181
472 127.2894
472 132.651
473 98.67102
473 106.031
473 117.181
473 127.2894
473 132.651
473 140.601
474 98.67102
474 106.031
474 117.181
474 127.2894
474 132.651
474 140.601
475 98.67102
475 106.031
475 117.181
475 127.2894
475 132.651
475 140.601
476 106.031
476 117.181
476 127.2894
476 132.651
476 140.601
476 144.511
477 106.031
477 117.181
477 127.2894
477 132.651
477 140.601
477 144.511
478 106.031
478 117.181
478 127.2894
478 132.651
478 140.601
478 144.511
479 106.031
479 117.181
479 127.2894
479 132.651
479 140.601
479 144.511
480 117.181
480 127.2894
480 132.651
480 140.601
480 144.511
480 150.031
481 117.181
481 127.2894
481 132.651
481 140.601
481 144.511
481 150.031
482 117.181
482 127.2894
482 132.651
482 140.601
482 144.511
482 150.031
483 127.2894
483 132.651
483 140.601
483 144.511
483 150.031
483 152.971
484 132.651
484 140.601
484 144.511
484 150.031
484 152.971
484 156.621
485 132.651
485 140.601
485 144.511
485 150.031
485 152.971
485 156.621
486 132.651
486 140.601
486 144.511
486 150.031
486 152.971
486 156.621
487 140.601
487 144.511
487 150.031
487 152.971
487 156.621
487 158.4294
488 140.601
488 144.511
488 150.031
488 152.971
488 156.621
488 158.4294
489 144.511
489 150.031
489 152.971
489 156.621
489 158.4294
489 158.891
490 144.511
490 150.031
490 152.971
490 156.621
490 158.4294
490 158.891
491 144.511
491 150.031
491 152.971
491 156.621
491 158.4294
491 158.891
492 150.031
492 152.971
492 156.621
492 158.4294
492 158.891
492 158.731
493 152.971
493 156.621
493 158.4294
493 158.891
493 158.731
493 157.101
494 152.971
494 156.621
494 158.4294
494 158.891
494 158.731
494 157.101
495 152.971
495 156.621
495 158.4294
495 158.891
495 158.731
495 157.101
496 156.621
496 158.4294
496 158.891
496 158.731
496 157.101
496 155.4194
497 156.621
497 158.4294
497 158.891
497 158.731
497 157.101
497 155.4194
498 156.621
498 158.4294
498 158.891
498 158.731
498 157.101
498 155.4194
499 158.4294
499 158.891
499 158.731
499 157.101
499 155.4194
499 151.201
500 158.4294
500 158.891
500 158.731
500 157.101
500 155.4194
500 151.201
501 158.891
501 158.731
501 157.101
501 155.4194
501 151.201
501 148.141
502 158.731
502 157.101
502 155.4194
502 151.201
502 148.141
502 140.121
503 158.731
503 157.101
503 155.4194
503 151.201
503 148.141
503 140.121
504 158.731
504 157.101
504 155.4194
504 151.201
504 148.141
504 140.121
505 157.101
505 155.4194
505 151.201
505 148.141
505 140.121
505 135.321
506 157.101
506 155.4194
506 151.201
506 148.141
506 140.121
506 135.321
507 155.4194
507 151.201
507 148.141
507 140.121
507 135.321
507 127.081
508 155.4194
508 151.201
508 148.141
508 140.121
508 135.321
508 127.081
509 155.4194
509 151.201
509 148.141
509 140.121
509 135.321
509 127.081
510 151.201
510 148.141
510 140.121
510 135.321
510 127.081
510 119.021
511 151.201
511 148.141
511 140.121
511 135.321
511 127.081
511 119.021
512 148.141
512 140.121
512 135.321
512 127.081
512 119.021
512 113.361
513 148.141
513 140.121
513 135.321
513 127.081
513 119.021
513 113.361
514 148.141
514 140.121
514 135.321
514 127.081
514 119.021
514 113.361
515 140.121
515 135.321
515 127.081
515 119.021
515 113.361
515 105.941
516 135.321
516 127.081
516 119.021
516 113.361
516 105.941
516 92.88499
517 135.321
517 127.081
517 119.021
517 113.361
517 105.941
517 92.88499
518 135.321
518 127.081
518 119.021
518 113.361
518 105.941
518 92.88499
519 127.081
519 119.021
519 113.361
519 105.941
519 92.88499
519 78.73102
520 127.081
520 119.021
520 113.361
520 105.941
520 92.88499
520 78.73102
521 127.081
521 119.021
521 113.361
521 105.941
521 92.88499
521 78.73102
522 119.021
522 113.361
522 105.941
522 92.88499
522 78.73102
522 65.34102
523 119.021
523 113.361
523 105.941
523 92.88499
523 78.73102
523 65.34102
524 113.361
524 105.941
524 92.88499
524 78.73102
524 65.34102
524 50.57938
525 113.361
525 105.941
525 92.88499
525 78.73102
525 65.34102
525 50.57938
526 105.941
526 92.88499
526 78.73102
526 65.34102
526 50.57938
526 33.37102
527 105.941
527 92.88499
527 78.73102
527 65.34102
527 50.57938
527 33.37102
528 105.941
528 92.88499
528 78.73102
528 65.34102
528 50.57938
528 33.37102
529 105.941
529 92.88499
529 78.73102
529 65.34102
529 50.57938
529 33.37102
530 92.88499
530 78.73102
530 65.34102
530 50.57938
530 33.37102
530 18.404
531 92.88499
531 78.73102
531 65.34102
531 50.57938
531 33.37102
531 18.404
532 92.88499
532 78.73102
532 65.34102
532 50.57938
532 33.37102
532 18.404
533 78.73102
533 65.34102
533 50.57938
533 33.37102
533 18.404
533 4.339378
