0 0
1 0.744287
2 0.744227
3 0.739956
4 0.731107
5 0.710979
6 0.682711
7 0.630337
8 0.566957
9 0.466821
10 0.377231
11 0.300484
12 0.163563
13 0.0894692
14 0.0296989
15 -0.0111226
16 -0.0400882
17 -0.0578509
18 -0.0659466
19 -0.0663615
20 -0.0612059
21 -0.053031
22 -0.0411772
23 -0.0296589
24 -0.0146853
25 0.00420285
26 0.029795
27 0.0530989
28 0.0677335
29 0.077978
30 0.0816046
31 0.0804992
32 0.0757924
33 0.0224066
34 0.0200936
35 0.0169057
36 0.0143232
37 0.0123174
38 0.0120043
39 0.0253205
40 0.0282558
41 0.0336073
42 0.0418375
43 0.0500549
44 0.0598418
45 0.114949
46 0.149242
47 0.179797
48 0.195731
49 0.202844
50 0.105897
51 0.196456
52 0.263506
53 0.287819
54 0.304192
55 0.268213
56 0.225392
57 0.190764
58 0.170424
59 0.148592
60 0.139131
61 0.143448
62 0.161593
63 0.223183
64 0.339028
65 0.414138
66 0.499431
67 0.629017
68 0.581195
69 0.707889
70 0.711253
71 0.668637
72 0.6246
73 0.649744
74 0.643533
75 0.44177
76 0.566803
77 0.607595
78 0.617466
79 0.633442
80 0.751886
81 0.843511
82 0.840811
83 0.784035
84 0.736493
85 0.67741
86 0.724902
87 0.77739
88 0.867487
89 0.853093
90 0.834078
91 0.909928
92 0.997934
93 1.05811
94 1.08625
95 1.14083
96 1.16203
97 1.16865
98 1.12757
99 1.0075
100 1.04627
101 1.04505
102 1.00231
103 0.820316
104 0.788275
105 0.719207
106 0.595889
107 0.422997
108 0.289434
109 0.379472
110 0.274486
111 0.176111
112 0.141216
113 0.132004
114 0.154726
115 0.146319
116 0.365188
117 0.526905
118 0.56753
119 0.770346
120 0.880052
121 0.8844
122 0.838564
123 0.705259
124 0.678381
125 0.562139
126 0.209938
127 0.198883
128 0.105662
129 -0.0924694
130 -0.31124
131 -0.206436
132 -0.250755
133 -0.454687
134 -0.657688
135 -0.903919
136 -0.641412
137 -0.633591
138 -0.0499192
139 0.249894
140 -0.139211
141 -0.389208
142 -0.289988
143 -0.0172263
144 -0.0659189
145 -0.101399
146 0.198115
147 0.509459
148 0.581558
149 0.809303
150 1.03774
151 1.22515
152 1.42283
153 1.47585
154 1.49661
155 1.32457
156 1.34452
157 1.3079
158 1.23121
159 0.935248
160 0.829965
161 0.725338
162 0.601605
163 0.607255
164 0.242649
165 0.0298214
166 -0.211233
167 -0.461444
168 -0.580662
169 -0.556026
170 -0.449609
171 -0.251719
172 -0.0312879
173 0.25006
174 0.138091
175 -0.0317163
176 0.139471
177 0.495937
178 0.862461
179 0.872753
180 0.744963
181 0.47601
182 0.523777
183 0.438121
184 0.11813
185 -0.25375
186 -0.77906
187 -1.19378
188 -1.34774
189 -1.4937
190 -1.52722
191 -1.45363
192 -1.28177
193 -1.15315
194 -0.960765
195 -0.656063
196 -0.497017
197 -0.322236
198 -0.208972
199 -0.0547534
200 0.044823
201 0.112341
202 0.0646387
203 0.154915
204 0.182094
205 0.163654
206 0.114348
207 0.178949
208 0.24237
209 0.181072
210 0.0778002
211 -0.0809832
212 -0.239434
213 -0.00276593
214 -0.0691461
215 -0.0800247
216 -0.131036
217 -0.118164
218 -0.0281796
219 0.359377
220 0.602397
221 0.846555
222 1.12537
223 1.27691
224 1.23775
225 1.33104
226 1.31921
227 1.10866
228 1.09977
229 1.02246
230 0.863707
231 0.728538
232 0.485655
233 0.290325
234 0.109183
235 0.0771292
236 0.111881
237 0.182801
238 0.238256
239 0.297737
240 0.37829
241 0.516443
242 0.545325
243 0.567572
244 0.55343
245 0.601411
246 0.650869
247 0.655558
248 0.690837
249 0.740645
250 0.795304
251 0.827042
252 0.942544
253 1.02447
254 1.07265
255 1.09118
256 1.10828
257 1.10907
258 1.09532
259 1.07429
260 1.04282
261 0.988848
262 0.946436
263 0.891995
264 0.80965
265 0.726158
266 0.706859
267 0.658636
268 0.594037
269 0.491759
270 0.398859
271 0.384682
272 0.352911
273 0.346154
274 0.376369
275 0.410048
276 0.338995
277 0.439745
278 0.644193
279 0.59541
280 0.507653
281 0.520339
282 0.529662
283 0.536384
284 0.557361
285 0.593233
286 0.607936
287 0.604797
288 0.558994
289 0.554243
290 0.545437
291 0.547127
292 0.533941
293 0.526785
294 0.552234
295 0.597377
296 0.617204
297 0.624804
298 0.537005
299 0.669428
300 0.719305
301 0.750619
302 0.695079
303 0.663192
304 0.643156
305 0.635812
306 0.647125
307 0.616385
308 0.793909
309 0.903739
310 0.93045
311 1.10707
312 1.16802
313 1.11054
314 1.19062
315 1.17075
316 1.09147
317 0.998756
318 0.889499
319 0.868158
320 0.777378
321 0.63397
322 0.65768
323 0.639385
324 0.509719
325 0.629773
326 0.659056
327 0.710528
328 0.654902
329 0.605335
330 0.47477
331 0.575229
332 0.673509
333 0.80244
334 0.825144
335 0.836725
336 0.950407
337 1.06081
338 1.13381
339 1.17634
340 1.22443
341 1.24405
342 1.24421
343 1.20147
344 1.06131
345 1.09563
346 1.08389
347 1.03055
348 0.833205
349 0.805995
350 0.756982
351 0.646509
352 0.506077
353 0.35991
354 0.242254
355 0.344869
356 0.216893
357 0.157566
358 0.134216
359 0.136299
360 0.163902
361 0.158955
362 0.376101
363 0.506012
364 0.551518
365 0.765541
366 0.88714
367 0.90117
368 0.840187
369 0.723805
370 0.684537
371 0.575948
372 0.229789
373 0.220617
374 0.113333
375 -0.0915261
376 -0.299618
377 -0.205537
378 -0.29374
379 -0.495889
380 -0.729666
381 -0.735759
382 -0.598024
383 -0.646055
384 0.157071
385 0.283741
386 -0.140922
387 -0.159505
388 -0.00807722
389 0.154089
390 0.107265
391 0.421497
392 0.712957
393 0.791355
394 1.10585
395 1.33673
396 1.51995
397 1.67841
398 1.69563
399 1.68169
400 1.61102
401 1.40274
402 1.34967
403 1.24443
404 1.11918
405 0.776812
406 0.664726
407 0.537965
408 0.778456
409 0.36541
410 0.114273
411 -0.0927479
412 -0.207595
413 -0.42182
414 -0.534734
415 -0.54915
416 -0.475064
417 -0.309945
418 -0.111913
419 0.18799
420 0.48419
421 0.104247
422 0.105349
423 0.327234
424 0.602621
425 0.90709
426 0.907695
427 0.74216
428 0.661925
429 0.558347
430 0.681117
431 0.625825
432 0.331878
433 -0.0560757
434 -0.552324
435 -0.979647
436 -1.24651
437 -1.37722
438 -1.37713
439 -1.26137
440 -1.1861
441 -1.03993
442 -0.77953
443 -0.616403
444 -0.448949
445 -0.293061
446 -0.147241
447 -0.0312897
448 0.0420427
449 0.0256341
450 0.151105
451 0.191383
452 0.18614
453 0.146529
454 0.279378
455 0.312568
456 0.244267
457 0.0967403
458 -0.0896654
459 -0.149816
460 0.0621786
461 -0.0476685
462 -0.0904885
463 -0.224853
464 -0.270315
465 -0.291073
466 -0.185387
467 0.0249391
468 0.13189
469 0.344513
470 0.635068
471 0.832557
472 0.943324
473 1.1195
474 1.16652
475 1.11583
476 1.12488
477 1.06486
478 0.945366
479 0.767243
480 0.576505
481 0.393435
482 0.323735
483 0.323001
484 0.343578
485 0.356559
486 0.33894
487 0.408277
488 0.491348
489 0.497077
490 0.503519
491 0.500028
492 0.585676
493 0.586389
494 0.620486
495 0.697181
496 0.75652
497 0.842424
498 0.918426
499 1.06067
500 1.15671
501 1.19558
502 1.22539
503 1.22369
504 1.20049
505 1.17067
506 1.08859
507 1.05281
508 0.976064
509 0.884763
510 0.742093
511 0.687119
512 0.620515
513 0.528833
514 0.37419
515 0.318148
516 0.28197
517 0.263229
518 0.282612
519 0.318654
520 0.351476
521 0.34064
522 0.448664
523 0.580284
524 0.555131
525 0.501381
526 0.526101
527 0.546646
528 0.561376
529 0.603233
530 0.64209
531 0.653083
532 0.606838
533 0.605529
