0 0
1 0
2 -0.08443418
3 -0.1634202
4 -0.1634202
5 -0.1634202
6 -0.1634202
7 -0.1634202
8 -0.1634202
9 -0.1634202
10 -0.01183069
11 0.01507827
12 0.03238294
13 0.0332271
14 0.03008076
15 0.02099292
16 0.01347496
17 0.007476083
18 0.002507817
19 -0.001215082
20 -0.003917673
21 -0.005457404
22 -0.006806356
23 -0.007376594
24 -0.007843505
25 -0.007938172
26 -0.007936436
27 -0.008826689
28 -0.008118892
29 -0.007754188
30 -0.007277486
31 -0.006783536
32 -0.006447813
33 -0.006103551
34 -0.005937619
35 -0.005948444
36 -0.005947837
37 -0.006039393
38 -0.0061454
39 -0.006321417
40 -0.006551865
41 -0.006688455
42 -0.006688455
43 -0.0073255
44 -0.007433868
45 -0.007433868
46 -0.007884424
47 -0.008161693
48 -0.008120118
49 -0.008201393
50 -0.008256224
51 -0.008367117
52 -0.009221273
53 -0.008998267
54 -0.009248722
55 -0.009434023
56 -0.009580011
57 -0.01003337
58 -0.01060753
59 -0.01060753
60 -0.01217317
61 -0.01270573
62 -0.01352708
63 -0.01455957
64 -0.01522417
65 -0.01661406
66 -0.01661406
67 -0.01816534
68 -0.01963433
69 -0.0207208
70 -0.0207208
71 -0.02455076
72 -0.02536946
73 -0.02741633
74 -0.02891709
75 -0.03105172
76 -0.03221172
77 -0.03474679
78 -0.0358248
79 -0.03751823
80 -0.03907106
81 -0.04173131
82 -0.04303054
83 -0.04393796
84 -0.04434052
85 -0.04490981
86 -0.04521114
87 -0.0455304
88 -0.0449702
89 -0.0441611
90 -0.0423767
91 -0.04123962
92 -0.03981093
93 -0.03796937
94 -0.03508158
95 -0.03267143
96 -0.02970292
97 -0.02708668
98 -0.02442278
99 -0.02442278
100 -0.01870595
101 -0.01870595
102 -0.01568792
103 -0.01408044
104 -0.01225953
105 -0.01225953
106 -0.008997146
107 -0.008997146
108 -0.007377581
109 -0.007047954
110 -0.006619606
111 -0.006619606
112 -0.00589053
113 -0.006065809
114 -0.006065809
115 -0.005872217
116 -0.005724889
117 -0.006080893
118 -0.005105376
119 -0.004439481
120 -0.004173501
121 -0.002929728
122 -0.001882609
123 -0.001882609
124 -0.001039453
125 -0.000256166
126 0.0001292634
127 0.000242647
128 -0.0008017445
129 -0.0008992547
130 -0.001700099
131 -0.003099079
132 -0.00618066
133 -0.007218263
134 -0.009562554
135 -0.009562554
136 -0.01721908
137 -0.02268148
138 -0.02511422
139 -0.02996645
140 -0.04279796
141 -0.04797976
142 -0.05746911
143 -0.06878574
144 -0.07597907
145 -0.07597907
146 -0.099023
147 -0.099023
148 -0.1079922
149 -0.1132411
150 -0.1179083
151 -0.1193869
152 -0.1131373
153 -0.09973378
154 -0.08513114
155 -0.07144295
156 -0.06106589
157 -0.05076295
158 -0.04234812
159 -0.03193697
160 -0.03193697
161 -0.02078889
162 -0.02078889
163 -0.01395734
164 -0.0124749
165 -0.006752884
166 -0.006998129
167 -0.006138327
168 -0.002729272
169 -0.003929654
170 -0.0031465
171 -0.002425267
172 -0.0009966327
173 0.001482965
174 0.004197539
175 0.008433675
176 0.01789199
177 0.02191207
178 0.02959296
179 0.03763385
180 0.04631039
181 0.06575598
182 0.07941724
183 0.1036
184 0.1185037
185 0.1185037
186 0.14508
187 0.1443649
188 0.1338084
189 0.1050544
190 0.08191034
191 0.06326652
192 0.040936
193 0.040936
194 0.01699238
195 0.01495806
196 0.00671707
197 0.00671707
198 7.577085e-05
199 -0.0007772418
200 -0.002943015
201 -0.003989267
202 -0.004922431
203 -0.005969392
204 -0.007560928
205 -0.008232233
206 -0.009337476
207 -0.01087287
208 -0.01242785
209 -0.01655182
210 -0.01878695
211 -0.01878695
212 -0.02556459
213 -0.02864486
214 -0.03433826
215 -0.03433826
216 -0.06254811
217 -0.06485373
218 -0.07773543
219 -0.0839516
220 -0.09244464
221 -0.1002211
222 -0.1057764
223 -0.1087077
224 -0.100221
225 -0.08538404
226 -0.07415424
227 -0.06272853
228 -0.05322473
229 -0.04832996
230 -0.04060191
231 -0.03696939
232 -0.03246028
233 -0.03010946
234 -0.03010946
235 -0.02843989
236 -0.02880125
237 -0.03001474
238 -0.03020849
239 -0.03020849
240 -0.03030802
241 -0.03017277
242 -0.03038622
243 -0.03038622
244 -0.02962239
245 -0.02962239
246 -0.02933191
247 -0.02896649
248 -0.02798067
249 -0.0274084
250 -0.02643057
251 -0.02565025
252 -0.02439301
253 -0.02406463
254 -0.02242359
255 -0.02127777
256 -0.01978035
257 -0.01978035
258 -0.0168945
259 -0.0168945
260 -0.01440897
261 -0.01363793
262 -0.01248971
263 -0.01141838
264 -0.01141838
265 -0.009364673
266 -0.008974697
267 -0.008287115
268 -0.008287115
269 -0.007723034
270 -0.007723034
271 -0.007107146
272 -0.007107146
273 -0.00697403
274 -0.00697403
275 -0.006941244
276 -0.006992674
277 -0.006905482
278 -0.007150601
279 -0.006924088
280 -0.006530791
281 -0.00657185
282 -0.006597829
283 -0.006519948
284 -0.006488061
285 -0.006443717
286 -0.006443717
287 -0.006476603
288 -0.006456287
289 -0.006506557
290 -0.006617206
291 -0.006691217
292 -0.00683851
293 -0.006972747
294 -0.007219428
295 -0.007219428
296 -0.007865645
297 -0.007865645
298 -0.008357496
299 -0.008357496
300 -0.009515723
301 -0.009515723
302 -0.01034844
303 -0.01071519
304 -0.01176597
305 -0.01176597
306 -0.01371259
307 -0.01427551
308 -0.01520433
309 -0.01696957
310 -0.01748803
311 -0.01748803
312 -0.02068739
313 -0.02068739
314 -0.02239237
315 -0.02239237
316 -0.02510354
317 -0.0253867
318 -0.0253867
319 -0.02779256
320 -0.02852303
321 -0.03056393
322 -0.03191205
323 -0.03434431
324 -0.03568589
325 -0.03733794
326 -0.03733794
327 -0.04094276
328 -0.04090007
329 -0.04224372
330 -0.04299613
331 -0.04299613
332 -0.04542891
333 -0.0450846
334 -0.04477791
335 -0.04328534
336 -0.04192254
337 -0.04086075
338 -0.03848725
339 -0.03558726
340 -0.03295137
341 -0.02974015
342 -0.02746491
343 -0.0244622
344 -0.02185059
345 -0.01986374
346 -0.01794686
347 -0.01557668
348 -0.013957
349 -0.013957
350 -0.01066242
351 -0.00994849
352 -0.008893683
353 -0.007644534
354 -0.007347042
355 -0.006839326
356 -0.006632963
357 -0.00607269
358 -0.006154258
359 -0.006064404
360 -0.00603719
361 -0.005915518
362 -0.005915518
363 -0.00599038
364 -0.005134204
365 -0.004679354
366 -0.004278591
367 -0.003102447
368 -0.002034197
369 -0.001196821
370 -0.0004709073
371 -0.0004306747
372 0.0001849822
373 0.0001849822
374 -0.0007936418
375 -0.0008139936
376 -0.001713769
377 -0.003074013
378 -0.006164525
379 -0.007589011
380 -0.01038643
381 -0.01341087
382 -0.01730998
383 -0.02504394
384 -0.02720431
385 -0.03280731
386 -0.04445694
387 -0.05063497
388 -0.06012227
389 -0.0748041
390 -0.08685565
391 -0.09533028
392 -0.1042674
393 -0.1090846
394 -0.1146792
395 -0.1146792
396 -0.1191799
397 -0.1227503
398 -0.1094688
399 -0.09473547
400 -0.07791887
401 -0.06585411
402 -0.05198625
403 -0.05198625
404 -0.03319363
405 -0.03319363
406 -0.02091192
407 -0.01984865
408 -0.01591412
409 -0.01357522
410 -0.007370115
411 -0.007942575
412 -0.007242192
413 -0.007452229
414 -0.004119007
415 -0.004119007
416 -0.005985065
417 -0.005985065
418 -0.003827516
419 -0.003827516
420 0.0008669718
421 0.004532555
422 0.01554655
423 0.01829647
424 0.02578078
425 0.03200627
426 0.03835811
427 0.04615606
428 0.06524922
429 0.07286606
430 0.09529401
431 0.1032957
432 0.1152244
433 0.1245152
434 0.1357102
435 0.1341286
436 0.1150789
437 0.09213777
438 0.06481577
439 0.06481577
440 0.03027701
441 0.03027701
442 0.01569758
443 0.01569758
444 0.004895994
445 0.004895994
446 -0.000937381
447 -0.000937381
448 -0.005154603
449 -0.005154603
450 -0.00691355
451 -0.008619252
452 -0.008619252
453 -0.01104746
454 -0.01104746
455 -0.01426446
456 -0.01789499
457 -0.01952374
458 -0.02250036
459 -0.02623063
460 -0.03113759
461 -0.04344311
462 -0.04707109
463 -0.05577763
464 -0.06237457
465 -0.06998304
466 -0.07610377
467 -0.08377541
468 -0.09043096
469 -0.09610751
470 -0.0984237
471 -0.09504645
472 -0.08714665
473 -0.07916795
474 -0.06817195
475 -0.05964192
476 -0.05227793
477 -0.04697021
478 -0.04107423
479 -0.0377289
480 -0.03421908
481 -0.03144618
482 -0.03008823
483 -0.02849266
484 -0.02888467
485 -0.02856098
486 -0.02833897
487 -0.02820974
488 -0.02864945
489 -0.0284005
490 -0.02845756
491 -0.02852645
492 -0.02860606
493 -0.02860097
494 -0.02791712
495 -0.02784678
496 -0.02728491
497 -0.02655013
498 -0.02577963
499 -0.02447124
500 -0.02419838
501 -0.0222056
502 -0.0205722
503 -0.01907538
504 -0.0171594
505 -0.01572736
506 -0.01430111
507 -0.01311861
508 -0.0117867
509 -0.0108849
510 -0.009637053
511 -0.008832391
512 -0.007827727
513 -0.007827727
514 -0.007256595
515 -0.007272224
516 -0.006632818
517 -0.006632818
518 -0.006765154
519 -0.006723641
520 -0.006932278
521 -0.006878831
522 -0.00690632
523 -0.007138187
524 -0.007138187
525 -0.006588505
526 -0.006588505
527 -0.006819748
528 -0.006683634
529 -0.006683634
530 -0.006609361
531 -0.006670487
532 -0.006670487
533 -0.006548249
