0 0
1 0
2 3.942019
3 6.78585
4 1.882774
5 1.630539
6 2.825563
7 4.107753
8 5.8779
9 7.455532
10 9.482083
11 11.24765
12 12.63528
13 14.56835
14 16.34295
15 18.24887
16 19.87782
17 21.48129
18 23.05566
19 24.60244
20 25.93515
21 27.43489
22 28.72689
23 30.18064
24 31.43304
25 33.0167
26 34.39982
27 35.59131
28 36.93194
29 38.08688
30 39.38643
31 40.50599
32 41.76567
33 42.85084
34 44.07187
35 45.12373
36 46.30724
37 47.32681
38 48.47397
39 49.74187
40 50.71175
41 52.07298
42 53.27415
43 54.45296
44 55.35458
45 56.24319
46 57.24295
47 58.10418
48 59.1931
49 60.14401
50 61.07919
51 62.11277
52 63.01527
53 64.12223
54 65.09898
55 65.9519
56 66.68645
57 67.51288
58 68.2245
59 69.02529
60 69.8123
61 70.48997
62 71.34648
63 72.0013
64 72.73744
65 73.37119
66 73.99493
67 74.69604
68 75.27152
69 75.00617
70 71.5601
71 67.34888
72 63.16309
73 60.62386
74 60.96467
75 61.46769
76 61.46341
77 60.99818
78 60.29814
79 58.5909
80 53.39174
81 52.18028
82 52.74261
83 53.28966
84 53.45399
85 53.33005
86 53.31334
87 53.4871
88 53.87489
89 54.30948
90 54.79572
91 55.31115
92 55.89903
93 56.89452
94 57.86017
95 58.94354
96 59.88365
97 60.8177
98 61.72942
99 62.63221
100 63.51899
101 64.28091
102 65.14692
103 65.99
104 67.03638
105 67.8511
106 68.75763
107 69.44922
108 70.51799
109 71.56284
110 72.40048
111 73.04139
112 73.94138
113 74.5603
114 75.25679
115 76.02673
116 76.64325
117 77.42937
118 78.15786
119 78.79469
120 79.41712
121 80.10822
122 80.71123
123 81.15729
124 81.74358
125 82.24883
126 82.81741
127 83.37675
128 83.9269
129 84.40086
130 85.00021
131 85.52362
132 85.97443
133 86.41843
134 86.97971
135 87.14437
136 87.0114
137 83.55322
138 79.43259
139 74.44232
140 70.06893
141 65.79572
142 62.08591
143 58.45219
144 54.45351
145 50.98613
146 47.58427
147 44.67141
148 40.62792
149 37.48364
150 34.78929
151 34.11241
152 35.25851
153 36.58723
154 37.90491
155 39.03642
156 40.31737
157 41.41878
158 42.81609
159 43.88567
160 44.93909
161 46.12636
162 47.14795
163 48.29594
164 49.28601
165 50.53783
166 51.49588
167 52.97321
168 54.02682
169 55.19179
170 56.20905
171 57.08549
172 58.07175
173 58.92141
174 59.87752
175 60.81773
176 61.85602
177 62.87317
178 63.86994
179 63.05043
180 58.96346
181 53.69026
182 48.5763
183 43.61212
184 39.98361
185 36.06744
186 33.00557
187 32.34888
188 34.1533
189 35.83268
190 37.17218
191 38.81449
192 39.9452
193 41.21869
194 42.31679
195 43.55084
196 44.75938
197 45.80013
198 46.97268
199 48.12564
200 49.40004
201 50.51322
202 51.74342
203 52.68454
204 53.74336
205 54.65537
206 55.68148
207 56.56524
208 57.55927
209 58.77817
210 59.73412
211 60.55711
212 61.59607
213 62.72535
214 63.32456
215 62.42633
216 58.25261
217 53.83812
218 49.97508
219 46.6146
220 42.12769
221 38.17385
222 34.70167
223 34.33248
224 36.01878
225 37.49416
226 38.79653
227 40.08056
228 41.18834
229 42.43586
230 43.51028
231 44.86615
232 46.05012
233 47.21421
234 48.35863
235 49.90136
236 51.13626
237 52.3482
238 53.40565
239 54.31626
240 55.34077
241 56.59677
242 57.70437
243 58.55115
244 59.50359
245 60.32354
246 61.24576
247 62.15221
248 63.1534
249 64.13625
250 64.88794
251 65.73482
252 66.45904
253 67.2858
254 67.98956
255 68.78127
256 69.47101
257 70.15083
258 70.90547
259 71.56545
260 72.31066
261 72.9409
262 73.75125
263 74.46207
264 75.06359
265 75.75196
266 76.42833
267 77.25353
268 77.90392
269 78.54321
270 79.09423
271 80.02067
272 80.62582
273 81.29479
274 81.8066
275 82.38254
276 83.01914
277 83.57512
278 84.05411
279 84.52607
280 85.12296
281 85.70886
282 86.22044
283 86.72358
284 87.21841
285 87.64465
286 88.12425
287 88.65429
288 89.05971
289 89.51586
290 89.90878
291 90.35077
292 90.73145
293 91.21275
294 91.58086
295 91.94347
296 92.35136
297 92.70249
298 93.09739
299 93.351
300 93.60725
301 93.56624
302 93.13693
303 92.00383
304 90.77529
305 89.71428
306 88.42523
307 87.2187
308 85.90982
309 84.77847
310 81.15831
311 77.61629
312 73.65514
313 70.25819
314 66.93259
315 64.48604
316 64.40453
317 64.56809
318 64.51414
319 64.1966
320 63.67294
321 63.16302
322 57.14238
323 53.35037
324 52.15434
325 53.26736
326 54.30396
327 55.1945
328 55.55116
329 55.44064
330 54.88243
331 54.43293
332 54.20959
333 54.51947
334 54.85402
335 55.32042
336 55.65377
337 56.24096
338 57.11903
339 58.01328
340 59.09355
341 59.91245
342 60.84549
343 61.75613
344 62.54536
345 63.43626
346 64.30659
347 65.06432
348 65.91003
349 66.64629
350 67.46945
351 68.18023
352 69.07904
353 69.86473
354 70.82889
355 71.86709
356 72.51553
357 73.42609
358 74.14117
359 74.75726
360 75.45057
361 76.13242
362 76.65343
363 77.45448
364 78.00942
365 78.73705
366 79.35942
367 80.05167
368 80.65558
369 81.25
370 81.76221
371 82.33874
372 82.83544
373 83.39451
374 83.87612
375 84.41805
376 85.01711
377 85.54025
378 86.05466
379 86.56028
380 86.93491
381 87.45948
382 86.23695
383 82.70201
384 78.58273
385 74.60662
386 70.22513
387 65.94593
388 61.31474
389 56.80433
390 52.83944
391 48.96907
392 46.02761
393 42.7407
394 39.53304
395 36.01728
396 32.98226
397 32.34015
398 33.55869
399 34.92636
400 36.10379
401 37.43546
402 38.5825
403 39.71638
404 40.98893
405 42.08756
406 43.32165
407 44.38477
408 45.57905
409 46.60857
410 47.91023
411 48.9065
412 50.02706
413 51.26577
414 52.21329
415 53.14748
416 54.19836
417 55.10368
418 56.12246
419 57.00019
420 58.11023
421 59.19976
422 60.26874
423 61.31609
424 62.23012
425 62.75485
426 61.91833
427 57.86451
428 53.92979
429 49.22062
430 45.47218
431 41.80519
432 38.23482
433 34.00138
434 32.80385
435 34.61475
436 36.43871
437 38.39695
438 39.84882
439 40.96661
440 42.22263
441 43.30592
442 44.5211
443 45.56576
444 46.74235
445 47.89864
446 49.31771
447 50.43201
448 51.52806
449 52.4722
450 53.5346
451 54.70874
452 55.60674
453 56.61701
454 57.48705
455 58.58688
456 59.54649
457 60.48934
458 61.53046
459 62.66286
460 63.41888
461 63.18382
462 59.54018
463 55.54438
464 52.07288
465 48.67783
466 44.95142
467 41.71927
468 38.17431
469 36.98495
470 37.86064
471 39.28737
472 40.51342
473 41.89976
474 43.08646
475 44.29196
476 45.47734
477 46.65043
478 47.65752
479 48.79411
480 49.91105
481 51.00705
482 52.35435
483 53.9324
484 54.96344
485 55.97644
486 56.97275
487 57.95255
488 58.91561
489 59.86211
490 60.79287
491 61.70795
492 62.49509
493 63.42113
494 64.10083
495 64.86781
496 65.64175
497 66.35059
498 67.16795
499 67.87283
500 68.77523
501 69.64347
502 70.41465
503 71.26624
504 72.00416
505 72.74089
506 73.37209
507 74.16547
508 74.77917
509 75.55489
510 76.22858
511 77.14643
512 78.03619
513 78.6738
514 79.37788
515 80.22147
516 81.1203
517 81.63458
518 82.28498
519 82.78256
520 83.34245
521 83.82476
522 84.43468
523 84.96732
524 85.42609
525 85.94233
526 86.38712
527 86.88742
528 87.37942
529 87.80331
530 88.28013
531 88.80717
532 89.26738
533 89.71994
