0 0
1 0
2 1
3 1
4 1
5 1
6 1
7 1
8 1
9 1
10 1
11 1
12 1
13 1
14 1
15 1
16 1
17 1
18 1
19 1
20 1
21 1
22 1
23 1
24 1
25 1
26 1
27 1
28 1
29 1
30 1
31 1
32 1
33 1
34 1
35 1
36 1
37 1
38 1
39 1
40 1
41 1
42 1
43 1
44 1
45 1
46 1
47 1
48 1
49 1
50 1
51 1
52 1
53 1
54 1
55 1
56 1
57 1
58 1
59 1
60 1
61 1
62 1
63 1
64 1
65 1
66 1
67 0.9012424
68 0.4785978
69 0
70 0
71 0
72 0.310793
73 0.716634
74 0.8301749
75 0.5150118
76 0.2796314
77 0.159265
78 0
79 0
80 0.1240066
81 0.7241722
82 0.709969
83 0.5269881
84 0.4098637
85 0.4551372
86 0.5688892
87 0.6683743
88 0.6943943
89 0.7247403
90 0.7432296
91 0.8328368
92 0.9474328
93 0.9982548
94 1
95 1
96 1
97 1
98 1
99 1
100 1
101 1
102 1
103 1
104 1
105 1
106 1
107 1
108 1
109 1
110 1
111 1
112 1
113 1
114 1
115 1
116 1
117 1
118 1
119 1
120 1
121 1
122 1
123 1
124 1
125 1
126 1
127 1
128 1
129 1
130 1
131 1
132 1
133 1
134 1
135 1
136 0
137 0
138 0
139 0
140 0
141 0
142 0
143 0
144 0
145 0
146 0
147 0
148 0
149 0
150 0.4851165
151 0.8912878
152 1
153 1
154 1
155 1
156 1
157 1
158 1
159 1
160 1
161 1
162 1
163 1
164 1
165 1
166 1
167 1
168 1
169 1
170 1
171 1
172 1
173 1
174 1
175 1
176 1
177 1
178 0.1330122
179 0
180 0
181 0
182 0
183 0
184 0
185 0
186 0.4047706
187 0.9627699
188 1
189 1
190 1
191 1
192 1
193 1
194 1
195 1
196 1
197 1
198 1
199 1
200 1
201 1
202 1
203 1
204 1
205 1
206 1
207 1
208 1
209 1
210 1
211 1
212 1
213 0.7807312
214 0.1497253
215 0.1497253
216 0
217 0
218 0
219 0
220 0
221 0
222 0.570496
223 1
224 1
225 1
226 1
227 1
228 1
229 1
230 1
231 1
232 1
233 1
234 1
235 1
236 1
237 1
238 1
239 1
240 1
241 1
242 1
243 1
244 1
245 1
246 1
247 1
248 1
249 1
250 1
251 1
252 1
253 1
254 1
255 1
256 1
257 1
258 1
259 1
260 1
261 1
262 1
263 1
264 1
265 1
266 1
267 1
268 1
269 1
270 1
271 1
272 1
273 1
274 1
275 1
276 1
277 1
278 1
279 1
280 1
281 1
282 1
283 1
284 1
285 1
286 1
287 1
288 1
289 1
290 1
291 1
292 1
293 1
294 1
295 1
296 1
297 1
298 0.9688969
299 0.9688969
300 0.7692374
301 0.7692374
302 0.3139728
303 0.2164181
304 0.1399341
305 0.1399341
306 0.03733127
307 0.07325462
308 0.06674284
309 0
310 0
311 0
312 0
313 0
314 0.2683195
315 0.2683195
316 0.6444406
317 0.515277
318 0.515277
319 0.2770956
320 0.2846079
321 0
322 0
323 0.7422807
324 0.9678063
325 0.9999967
326 0.9999967
327 0.6386994
328 0.4286305
329 0.1841766
330 0.2448821
331 0.2448821
332 0.6044411
333 0.6487971
334 0.6713906
335 0.6783689
336 0.7925376
337 0.8951006
338 0.9617186
339 1
340 1
341 1
342 1
343 1
344 1
345 1
346 1
347 1
348 1
349 1
350 1
351 1
352 1
353 1
354 1
355 1
356 1
357 1
358 1
359 1
360 1
361 1
362 1
363 1
364 1
365 1
366 1
367 1
368 1
369 1
370 1
371 1
372 1
373 1
374 1
375 1
376 1
377 1
378 1
379 1
380 0.9324258
381 0.3363098
382 0
383 0
384 0
385 0
386 0
387 0
388 0
389 0
390 0
391 0
392 0
393 0
394 0
395 0
396 0
397 1
398 1
399 1
400 1
401 1
402 1
403 1
404 1
405 1
406 1
407 1
408 1
409 1
410 1
411 1
412 1
413 1
414 1
415 1
416 1
417 1
418 1
419 1
420 1
421 1
422 1
423 1
424 0.8359559
425 0.07088596
426 0
427 0
428 0
429 0
430 0
431 0
432 0
433 0.2173106
434 0.9190907
435 1
436 1
437 1
438 1
439 1
440 1
441 1
442 1
443 1
444 1
445 1
446 1
447 1
448 1
449 1
450 1
451 1
452 1
453 1
454 1
455 1
456 1
457 1
458 1
459 0.8837898
460 0.4184705
461 0
462 0
463 0
464 0
465 0
466 0
467 0
468 0.3160273
469 0.7282922
470 0.9283726
471 0.9119497
472 0.879593
473 0.9146332
474 1
475 1
476 1
477 1
478 1
479 1
480 1
481 1
482 1
483 1
484 1
485 1
486 1
487 1
488 1
489 1
490 1
491 1
492 0.9663224
493 0.949936
494 0.9526418
495 0.9634427
496 0.9890959
497 1
498 1
499 1
500 1
501 1
502 1
503 1
504 1
505 1
506 1
507 1
508 1
509 1
510 1
511 1
512 1
513 1
514 1
515 1
516 1
517 1
518 1
519 1
520 1
521 1
522 1
523 1
524 1
525 1
526 1
527 1
528 1
529 1
530 1
531 1
532 1
533 1
