0 0
1 4.12033
2 4.12033
3 4.120102
4 4.118245
5 4.11268
6 4.100829
7 4.086607
8 4.063529
9 4.039478
10 4.013306
11 4.005204
12 4.006654
13 4.015268
14 4.02986
15 4.044133
16 4.055701
17 4.06487
18 4.071313
19 4.075029
20 4.076194
21 4.075379
22 4.07321
23 4.069335
24 4.065027
25 4.058521
26 4.052089
27 4.046093
28 4.038607
29 4.031776
30 4.02391
31 4.017082
32 4.009463
33 4.002959
34 3.995706
35 3.989467
36 3.982348
37 3.976056
38 3.968732
39 3.960247
40 3.953394
41 3.943126
42 3.9334
43 3.923187
44 3.91482
45 3.906075
46 3.895632
47 3.886063
48 3.87316
49 3.861239
50 3.848943
51 3.834696
52 3.821678
53 3.804497
54 3.788342
55 3.773491
56 3.760123
57 3.744378
58 3.730084
59 3.712952
60 3.694921
61 3.678081
62 3.65484
63 3.635505
64 3.611836
65 3.589694
66 3.56599
67 3.537098
68 3.50219
69 3.469073
70 3.430614
71 3.392139
72 3.352858
73 3.318175
74 3.281387
75 3.246499
76 3.203567
77 3.158188
78 3.110432
79 3.061144
80 3.018866
81 2.959941
82 2.902959
83 2.842109
84 2.771292
85 2.698688
86 2.639724
87 2.587481
88 2.526846
89 2.465487
90 2.404088
91 2.343259
92 2.290614
93 2.223746
94 2.165612
95 2.10231
96 2.048319
97 1.997019
98 1.948812
99 1.903785
100 1.861745
101 1.828174
102 1.792468
103 1.759859
104 1.722999
105 1.696647
106 1.670243
107 1.651845
108 1.625765
109 1.602712
110 1.585464
111 1.572841
112 1.555946
113 1.544777
114 1.532348
115 1.51862
116 1.506715
117 1.493222
118 1.479922
119 1.468356
120 1.457457
121 1.446011
122 1.436922
123 1.431035
124 1.424589
125 1.420279
126 1.416663
127 1.414175
128 1.412558
129 1.411287
130 1.409481
131 1.407367
132 1.404545
133 1.399689
134 1.389986
135 1.381108
136 1.364368
137 1.346195
138 1.319494
139 1.278432
140 1.234879
141 1.180853
142 1.124229
143 1.059306
144 0.9753675
145 0.8933161
146 0.8048158
147 0.7215728
148 0.6000493
149 0.503223
150 0.4199681
151 0.3255934
152 0.2249816
153 0.1214498
154 0.02046742
155 6.221108
156 6.136076
157 6.069407
158 5.99443
159 5.943616
160 5.899771
161 5.857038
162 5.825959
163 5.795751
164 5.773372
165 5.749153
166 5.73434
167 5.715713
168 5.704369
169 5.694504
170 5.687262
171 5.681664
172 5.676197
173 5.672481
174 5.670246
175 5.670875
176 5.676699
177 5.692004
178 5.716884
179 5.751973
180 5.796608
181 5.870599
182 5.966242
183 6.080255
184 6.178142
185 0.01505443
186 0.1142448
187 0.2733618
188 0.4353428
189 0.5860763
190 0.698401
191 0.8190536
192 0.8908891
193 0.9567832
194 1.002907
195 1.041929
196 1.070276
197 1.088251
198 1.102582
199 1.111291
200 1.116348
201 1.11757
202 1.115983
203 1.113011
204 1.107888
205 1.101781
206 1.093057
207 1.083951
208 1.071599
209 1.052903
210 1.034108
211 1.014558
212 0.9847638
213 0.9444094
214 0.8966323
215 0.8410359
216 0.7747334
217 0.6939765
218 0.6136701
219 0.536651
220 0.4245241
221 0.3204385
222 0.2263418
223 0.1210658
224 0.005316774
225 6.181352
226 6.090369
227 6.005959
228 5.938883
229 5.870327
230 5.816086
231 5.754121
232 5.704597
233 5.659269
234 5.617428
235 5.562914
236 5.519563
237 5.476229
238 5.436644
239 5.401095
240 5.359519
241 5.30616
242 5.257087
243 5.218204
244 5.173128
245 5.133354
246 5.087502
247 5.041179
248 4.988721
249 4.936457
250 4.896112
251 4.850128
252 4.810455
253 4.765983
254 4.727747
255 4.68545
256 4.649529
257 4.614825
258 4.577116
259 4.545783
260 4.511707
261 4.48385
262 4.450251
263 4.422213
264 4.39932
265 4.374866
266 4.352653
267 4.327024
268 4.307822
269 4.289466
270 4.274077
271 4.248674
272 4.232403
273 4.214696
274 4.201185
275 4.185916
276 4.168973
277 4.153932
278 4.140745
279 4.127499
280 4.110414
281 4.093493
282 4.078634
283 4.063815
284 4.049003
285 4.036099
286 4.021381
287 4.004754
288 3.991809
289 3.976989
290 3.963943
291 3.948914
292 3.935638
293 3.918263
294 3.904515
295 3.890494
296 3.874035
297 3.859141
298 3.841566
299 3.827916
300 3.806642
301 3.789234
302 3.768474
303 3.741413
304 3.716161
305 3.695787
306 3.671475
307 3.649079
308 3.622244
309 3.597634
310 3.572158
311 3.546348
312 3.516722
313 3.49011
314 3.462762
315 3.431426
316 3.398404
317 3.36236
318 3.329245
319 3.290124
320 3.249311
321 3.207154
322 3.165395
323 3.125359
324 3.085328
325 3.036403
326 2.989216
327 2.93207
328 2.864493
329 2.801858
330 2.745319
331 2.688158
332 2.61556
333 2.54069
334 2.479447
335 2.402098
336 2.347831
337 2.286481
338 2.218124
339 2.158852
340 2.094347
341 2.046293
342 1.994176
343 1.945183
344 1.905176
345 1.86276
346 1.823904
347 1.792353
348 1.759522
349 1.733289
350 1.706085
351 1.685072
352 1.660728
353 1.641041
354 1.61891
355 1.596952
356 1.583906
357 1.566314
358 1.553001
359 1.541787
360 1.529261
361 1.516957
362 1.506183
363 1.492849
364 1.482582
365 1.469697
366 1.458809
367 1.44729
368 1.438128
369 1.430305
370 1.424694
371 1.419743
372 1.416437
373 1.413757
374 1.412169
375 1.41053
376 1.408622
377 1.406459
378 1.403136
379 1.397288
380 1.388458
381 1.377323
382 1.357588
383 1.338356
384 1.310014
385 1.275381
386 1.229023
387 1.171785
388 1.096157
389 1.009275
390 0.9196193
391 0.8189839
392 0.735217
393 0.6350058
394 0.5332774
395 0.4197785
396 0.323198
397 0.2179154
398 0.1312953
399 0.03210047
400 6.232781
401 6.147387
402 6.080705
403 6.022268
404 5.963996
405 5.920807
406 5.878962
407 5.848803
408 5.819383
409 5.797099
410 5.772607
411 5.757372
412 5.742991
413 5.729104
414 5.719231
415 5.710783
416 5.702061
417 5.694533
418 5.686275
419 5.679742
420 5.672882
421 5.669122
422 5.669703
423 5.679066
424 5.695262
425 5.716426
426 5.74903
427 5.794886
428 5.849364
429 5.933537
430 6.013996
431 6.107921
432 6.209069
433 0.05377154
434 0.1593868
435 0.3208512
436 0.4829442
437 0.6562653
438 0.7747791
439 0.8539741
440 0.9286234
441 0.9794312
442 1.0255
443 1.056165
444 1.082141
445 1.100112
446 1.114739
447 1.121272
448 1.123926
449 1.123309
450 1.120042
451 1.113594
452 1.106564
453 1.096478
454 1.085807
455 1.069618
456 1.052451
457 1.03151
458 1.003594
459 0.9667657
460 0.923191
461 0.8824794
462 0.834537
463 0.7739757
464 0.7139946
465 0.6491538
466 0.5711623
467 0.4990102
468 0.4155644
469 0.3401826
470 0.2462328
471 0.1318235
472 0.02427378
473 6.17702
474 6.074867
475 5.989623
476 5.911358
477 5.83962
478 5.782032
479 5.722124
480 5.667504
481 5.616998
482 5.558465
483 5.492445
484 5.45002
485 5.408022
486 5.366091
487 5.324037
488 5.281657
489 5.238695
490 5.195123
491 5.150898
492 5.111694
493 5.06052
494 5.020144
495 4.973823
496 4.927289
497 4.88645
498 4.839659
499 4.799217
500 4.748057
501 4.698178
502 4.655139
503 4.608584
504 4.56948
505 4.532603
506 4.502155
507 4.465984
508 4.439785
509 4.40853
510 4.38307
511 4.351434
512 4.32302
513 4.303982
514 4.283803
515 4.260654
516 4.236454
517 4.222876
518 4.205874
519 4.192812
520 4.178028
521 4.165093
522 4.148359
523 4.133408
524 4.120188
525 4.10493
526 4.091647
527 4.076564
528 4.061403
529 4.048095
530 4.032932
531 4.015868
532 4.000631
533 3.985417
