0 0
1 108.73
2 108.73
3 108.7294
4 108.6998
5 108.6397
6 108.5108
7 108.3466
8 108.0759
9 107.787
10 107.3182
11 106.8238
12 106.3351
13 105.7116
14 104.9316
15 104.0715
16 103.2406
17 102.3479
18 101.3932
19 100.3754
20 99.43214
21 98.29228
22 97.23972
23 95.97226
24 94.8058
25 93.22597
26 91.74501
27 90.38934
28 88.77049
29 87.29259
30 85.5332
31 83.93218
32 82.03238
33 80.30904
34 78.2702
35 76.42589
36 74.24931
37 72.28461
38 69.97034
39 67.27855
40 65.11996
41 61.93666
42 58.97039
43 55.90691
44 53.45607
45 50.94475
46 47.99967
47 45.35617
48 41.86463
49 38.67233
50 35.39563
51 31.6075
52 28.14898
53 23.70319
54 19.58372
55 15.82697
56 12.46582
57 8.539333
58 5.028481
59 0.9290037
60 -3.264635
61 -7.012728
62 -11.942
63 -15.86335
64 -20.4404
65 -24.5303
66 -28.70079
67 -33.56681
68 -39.16091
69 -44.20602
70 -49.79897
71 -55.15538
72 -60.2367
73 -64.52911
74 -68.81893
75 -72.62068
76 -77.00006
77 -81.37331
78 -85.70794
79 -89.94746
80 -93.41195
81 -98.05854
82 -102.1905
83 -106.3068
84 -110.8163
85 -115.2033
86 -118.6027
87 -121.4937
88 -124.702
89 -127.8
90 -130.7756
91 -133.6185
92 -135.9912
93 -138.8831
94 -141.2971
95 -143.8284
96 -145.9057
97 -147.8171
98 -149.5617
99 -151.1416
100 -152.5598
101 -153.6735
102 -154.8073
103 -155.7992
104 -156.8523
105 -157.5549
106 -158.2108
107 -158.631
108 -159.1443
109 -159.4912
110 -159.6603
111 -159.724
112 -159.7165
113 -159.645
114 -159.4981
115 -159.2504
116 -158.9577
117 -158.543
118 -158.0409
119 -157.5208
120 -156.9335
121 -156.1956
122 -155.4754
123 -154.8994
124 -154.0895
125 -153.3476
126 -152.4687
127 -151.5632
128 -150.6367
129 -149.8112
130 -148.73
131 -147.7491
132 -146.8718
133 -145.9692
134 -144.7539
135 -143.7634
136 -142.546
137 -141.4232
138 -140.0777
139 -138.2765
140 -136.5258
141 -134.6314
142 -132.8111
143 -130.8577
144 -128.5009
145 -126.2784
146 -123.9602
147 -121.8751
148 -118.861
149 -116.4741
150 -114.4411
151 -112.1531
152 -109.741
153 -107.1923
154 -104.5257
155 -102.1151
156 -99.29202
157 -96.77666
158 -93.49583
159 -90.91582
160 -88.31487
161 -85.31866
162 -82.67593
163 -79.63026
164 -76.94186
165 -73.45112
166 -70.70654
167 -66.3362
168 -63.11196
169 -59.4353
170 -56.1212
171 -53.1855
172 -49.78867
173 -46.77888
174 -43.29335
175 -39.75419
176 -35.69869
177 -31.54481
178 -27.2686
179 -22.91242
180 -18.645
181 -13.23264
182 -8.134703
183 -3.377264
184 -0.06670451
185 3.311133
186 5.756963
187 9.121485
188 12.14234
189 14.81199
190 16.85376
191 19.26569
192 20.85608
193 22.58583
194 24.03349
195 25.63248
196 27.19108
197 28.53572
198 30.06433
199 31.59732
200 33.34096
201 34.91769
202 36.73212
203 38.17891
204 39.87649
205 41.40559
206 43.20927
207 44.84164
208 46.77596
209 49.30948
210 51.44274
211 53.3987
212 56.05267
213 59.21278
214 62.61265
215 66.22339
216 69.92808
217 73.61854
218 76.91453
219 79.80121
220 83.65912
221 86.99709
222 89.81627
223 92.82803
224 95.97785
225 98.93353
226 101.6284
227 104.3651
228 106.7801
229 109.5524
230 111.9815
231 115.1016
232 117.8666
233 120.6185
234 123.3534
235 127.076
236 130.0784
237 133.0294
238 135.5973
239 137.7919
240 140.2293
241 143.1519
242 145.6454
243 147.4833
244 149.4634
245 151.0818
246 152.7907
247 154.3387
248 155.8743
249 157.1796
250 158.0288
251 158.815
252 159.3364
253 159.74
254 159.9228
255 159.938
256 159.7833
257 159.4735
258 158.934
259 158.305
260 157.4124
261 156.4852
262 155.1029
263 153.7019
264 152.3494
265 150.6669
266 148.8479
267 146.3966
268 144.3002
269 142.0883
270 140.061
271 136.3925
272 133.8148
273 130.7923
274 128.3535
275 125.4732
276 122.1152
277 119.0267
278 116.2444
279 113.3873
280 109.6041
281 105.6983
282 102.1244
283 98.45534
284 94.69145
285 91.32067
286 87.38055
287 82.8364
288 79.22063
289 75.00159
290 71.23424
291 66.8422
292 62.9236
293 57.78147
294 53.70083
295 49.54881
296 44.71552
297 40.40829
298 35.3953
299 31.5723
300 25.73919
301 21.12879
302 15.79638
303 9.075129
304 2.996694
305 -1.741871
306 -7.161723
307 -11.90264
308 -17.31754
309 -22.05333
310 -26.7046
311 -31.20852
312 -36.17268
313 -40.3532
314 -44.37961
315 -48.80469
316 -53.23104
317 -57.70625
318 -61.65679
319 -66.19003
320 -70.71934
321 -75.23306
322 -79.50535
323 -83.4299
324 -87.15666
325 -91.3893
326 -95.20969
327 -99.54948
328 -104.3599
329 -108.6176
330 -112.3012
331 -115.8662
332 -120.1565
333 -124.2738
334 -127.4388
335 -131.2148
336 -133.7261
337 -136.456
338 -139.346
339 -141.7479
340 -144.2576
341 -146.0627
342 -147.9666
343 -149.6996
344 -151.0782
345 -152.5007
346 -153.7661
347 -154.7498
348 -155.7401
349 -156.4966
350 -157.243
351 -157.8017
352 -158.403
353 -158.8342
354 -159.2465
355 -159.5491
356 -159.6637
357 -159.7267
358 -159.6949
359 -159.6088
360 -159.4448
361 -159.2111
362 -158.9502
363 -158.5328
364 -158.1483
365 -157.5766
366 -156.9971
367 -156.268
368 -155.5554
369 -154.788
370 -154.0772
371 -153.2271
372 -152.4556
373 -151.548
374 -150.7359
375 -149.7897
376 -148.7033
377 -147.7172
378 -146.7075
379 -145.6636
380 -144.5701
381 -143.4229
382 -142.0231
383 -140.8754
384 -139.498
385 -138.0295
386 -136.2504
387 -134.3145
388 -131.9584
389 -129.3882
390 -126.9034
391 -124.277
392 -122.1618
393 -119.7023
394 -117.2419
395 -114.5327
396 -112.2262
397 -109.7142
398 -107.6664
399 -105.2147
400 -102.9883
401 -100.3697
402 -98.02683
403 -95.64452
404 -92.88142
405 -90.43199
406 -87.59869
407 -85.08952
408 -82.18712
409 -79.61702
410 -76.26998
411 -73.63163
412 -70.57635
413 -67.08727
414 -64.33559
415 -61.55002
416 -58.32462
417 -55.46679
418 -52.16098
419 -49.2337
420 -45.42147
421 -41.55021
422 -37.61178
423 -33.58899
424 -29.92347
425 -26.64008
426 -22.8396
427 -18.65503
428 -14.64673
429 -9.982728
430 -6.368286
431 -2.95571
432 0.2266694
433 3.756366
434 6.383561
435 9.869001
436 13.03532
437 16.34842
438 18.67679
439 20.38512
440 22.23351
441 23.77418
442 25.46279
443 26.89129
444 28.48678
445 30.06023
446 32.01759
447 33.59064
448 35.18265
449 36.5999
450 38.2558
451 40.17465
452 41.71532
453 43.53558
454 45.18679
455 47.3997
456 49.4619
457 51.62742
458 54.20436
459 57.26654
460 60.55876
461 63.35015
462 66.19433
463 69.37934
464 72.19168
465 74.97484
466 78.05058
467 80.71174
468 83.59354
469 86.07425
470 88.97707
471 92.38258
472 95.59211
473 99.6423
474 103.0167
475 106.0402
476 109.0708
477 112.0932
478 114.7206
479 117.6959
480 120.6359
481 123.5347
482 127.0922
483 131.2483
484 133.94
485 136.5592
486 139.0966
487 141.5426
488 143.8871
489 146.1186
490 148.2258
491 150.1971
492 151.8011
493 153.6832
494 154.9964
495 156.326
496 157.4649
497 158.2987
498 159.0577
499 159.5475
500 159.9351
501 160.0472
502 159.9171
503 159.5147
504 158.9353
505 158.1556
506 157.3148
507 156.028
508 154.8755
509 153.2094
510 151.565
511 149.0714
512 146.3319
513 144.1957
514 141.6553
515 138.3617
516 134.5415
517 132.2067
518 129.0929
519 126.5853
520 123.6285
521 120.962
522 117.425
523 114.1782
524 111.2576
525 107.8282
526 104.7476
527 101.1362
528 97.42831
529 94.10471
530 90.21616
531 85.72729
532 81.63591
533 77.44963
