0 0
1 0.197698556271362
2 1.32350962269999
3 0.668401329487045
4 0.83670255475325
5 1.27002741893668
6 1.91778641789294
7 2.61429441578421
8 3.25864339692683
9 3.8893391805016
10 4.41657518635642
11 5.11888966387283
12 5.77305769806017
13 6.45368994215773
14 6.96692207766911
15 7.55165860099423
16 8.2020742268585
17 8.76094636680119
18 9.46748406913369
19 10.0063516800229
20 10.5371159421747
21 10.9857703346365
22 11.5754106315019
23 12.0111847976525
24 12.5839420950014
25 13.1473342825124
26 13.6312765123847
27 14.1778116879519
28 14.6487854638953
29 15.1132516968979
30 15.5710920837948
31 16.0224030213391
32 16.5300455124687
33 16.9672784371831
34 17.3369248346528
35 17.8220178277884
36 18.2399131554846
37 18.6515296633806
38 19.1144712635223
39 19.5694937524894
40 19.9612009387418
41 20.3472689299191
42 20.7812877768241
43 21.2078858714596
44 21.5751520696025
45 21.9369134421053
46 22.2933589226501
47 22.5925868606765
48 22.9401897596009
49 23.331105724796
50 23.7153405358948
51 24.0928779644125
52 24.4175949006865
53 24.7306552554046
54 25.09107039421
55 25.4004368082016
56 25.7049876968902
57 26.0039546162239
58 26.2992520825294
59 26.626339294538
60 26.9056997654087
61 27.2163853188015
62 27.4429201893395
63 27.7026635299557
64 27.9889788211379
65 28.2341082131421
66 28.4707297654258
67 28.7228450688644
68 28.9805564244816
69 29.224384696065
70 29.3898072204139
71 29.4685027044122
72 29.1558655245466
73 27.6193307807068
74 26.1474772812565
75 24.5298058017152
76 23.466948509855
77 23.5675066448813
78 23.8153986503984
79 23.8614859662915
80 21.8259732148962
81 20.5157816264069
82 19.8801887434001
83 20.1971978417972
84 20.5703683147671
85 20.7229695915009
86 20.4850425495208
87 18.9405337420416
88 17.7379729327462
89 17.5505633057683
90 17.9686120431825
91 18.4052746542699
92 18.9001911908928
93 19.359764050035
94 19.7990267406266
95 20.2858721632001
96 20.7294761941745
97 21.231244455394
98 21.6774610023121
99 22.1195862556831
100 22.6141491112144
101 22.9959721691232
102 23.4833026163112
103 23.9525825541188
104 24.3006712914073
105 24.7061327659103
106 25.0539053640884
107 25.4399305952213
108 25.7680776916998
109 26.1274716840549
110 26.4381661522951
111 26.7859695996718
112 27.0860131292886
113 27.4972688638581
114 27.9370571483253
115 28.6742608772455
116 29.1940474682281
117 29.4848964653653
118 29.7354673120292
119 30.0529684115089
120 30.3089826630303
121 30.560525360724
122 30.8708276641131
123 31.1012395400907
124 31.3981990094484
125 31.6883716585853
126 31.90832519194
127 32.154304976784
128 32.4248575082957
129 32.6317221064754
130 32.8644376038045
131 33.0925750363848
132 33.2889055005486
133 33.4802438971619
134 33.7158861202787
135 33.887239159966
136 34.0398302475824
137 34.1419345301341
138 34.2361808604233
139 34.1229609188388
140 33.4185997552104
141 31.7150013948681
142 29.9141444426485
143 27.5709332389631
144 25.889076295897
145 23.9411141875997
146 21.6940964781995
147 19.9711724070014
148 18.429961046439
149 17.0213529312257
150 15.9729273736835
151 14.8916411322866
152 13.761835849498
153 12.8014217817657
154 11.9049378460044
155 11.593246942863
156 12.3120397349782
157 12.923405413003
158 13.629491466793
159 14.2378112778026
160 14.9055406458766
161 15.4427955435958
162 16.0616670461551
163 16.5751371331062
164 17.1396846371942
165 17.5977015791788
166 18.114466516393
167 18.5505951983282
168 19.0607606151431
169 19.5254181308855
170 19.9237968355077
171 20.3687363204747
172 20.8175188837677
173 21.2981592479897
174 21.7717288772662
175 22.186680501356
176 22.5456276434581
177 22.9483860803731
178 23.2893432302513
179 23.6592609279876
180 23.8901955998524
181 24.24618585089
182 24.4419170403459
183 24.4702189755815
184 22.8960616360041
185 20.4749975228758
186 18.6468835027611
187 16.3773970159164
188 14.9686620144876
189 13.6408939531385
190 12.5484262630488
191 11.4299774542389
192 11.0103065370937
193 11.7053955800588
194 12.348785623183
195 13.1101913916829
196 14.0128217014553
197 14.7832810931959
198 15.5882600620102
199 16.1858856793162
200 16.8882507249406
201 17.4005879703675
202 17.8842776256456
203 18.3963408606998
204 18.8888161446098
205 19.3008786495864
206 19.7585948127455
207 20.1477773690047
208 20.5277585184706
209 20.9534545017965
210 21.3682592132375
211 21.7692871194273
212 22.1154539417732
213 22.4990160239001
214 22.8235400457388
215 23.150830236787
216 23.4525105909629
217 23.7702813841824
218 24.0587094055912
219 24.2934102504463
220 24.4540165789039
221 23.6990684602998
222 22.3499664671138
223 20.9896122832628
224 19.5927461499288
225 18.2397953790268
226 16.1563244290123
227 14.9868029883345
228 13.8525436457381
229 13.3481054910243
230 13.806811612765
231 14.3269972853629
232 14.880677571668
233 15.363655219966
234 15.8329766210895
235 16.470166897498
236 17.1206505785773
237 17.7113243662337
238 18.2719914412856
239 18.8648609656629
240 19.4347471619603
241 19.9010717011426
242 20.3510520143734
243 20.8676897609829
244 21.283724316106
245 21.6289661429028
246 22.0224800826458
247 22.309920198114
248 22.7204681427532
249 23.0874016638449
250 23.4450887189136
251 23.792829264768
252 24.0902980537286
253 24.4242207724888
254 24.7029053836078
255 24.99377965529
256 25.1589045184359
257 25.4377079901376
258 25.7419087078716
259 26.097929866086
260 26.3883287517996
261 26.7515166674316
262 27.0680603677899
263 27.4238121888238
264 27.733774228521
265 28.0853651174085
266 28.382210631202
267 28.7196471321369
268 29.0057785397657
269 29.3174910860987
270 29.5902500563766
271 29.8948120065018
272 30.1491796343739
273 30.4377205870788
274 30.813981544017
275 31.0802850328222
276 31.3414500136495
277 31.5945296799332
278 32.0035599883407
279 32.2451711330719
280 32.5107263910324
281 32.7141413907824
282 32.9680407131643
283 33.1924697087196
284 33.3857070277827
285 33.6259806523816
286 33.841560736985
287 34.0585169948119
288 34.2657691235576
289 34.4426558179715
290 34.6440708142063
291 34.8175091628952
292 35.0128227591428
293 35.1789968668588
294 35.3684690329859
295 35.5308980282493
296 35.7120235406099
297 35.8680316237518
298 36.0426174781129
299 36.2131885000394
300 36.3591483774358
301 36.5018766194963
302 36.6806656606337
303 36.8308846357809
304 36.9621010092535
305 37.1055980456672
306 37.2244856852116
307 37.2574410733934
308 37.1845535684639
309 36.8538474615478
310 36.3275533082725
311 34.4616164436362
312 32.8243840355061
313 31.7341066035662
314 31.8049263587023
315 31.9893843158767
316 32.0860541562093
317 31.9873098311734
318 31.7399746181397
319 30.3534878105832
320 28.7813727647713
321 27.4614807997998
322 26.1809966420137
323 25.0362423095759
324 25.0390466899147
325 25.2136139914108
326 25.1576129023711
327 24.882910347867
328 24.3952047348502
329 23.9383006310388
330 22.7270101416894
331 21.3743827611524
332 20.5861917291425
333 20.9240220452373
334 21.2165769230146
335 21.3863887770726
336 21.324493425063
337 20.1669535637547
338 19.0857313976397
339 18.3773000310204
340 18.7511043804753
341 19.0956544943355
342 19.4795040824249
343 19.9083192985862
344 20.2623432362122
345 20.5373066324358
346 20.809328801154
347 21.0453322733257
348 21.5727420600401
349 22.021995301065
350 22.4661482691445
351 22.8613984906892
352 23.3018241463483
353 23.7376433583192
354 24.1123239421396
355 24.5227982774744
356 24.8681565464297
357 25.2626945494212
358 25.6513985433185
359 26.024227057901
360 26.337012116845
361 26.692589248271
362 26.9947625658572
363 27.3353159016379
364 27.7015137878512
365 28.1441514905679
366 28.5605199480481
367 28.8652206407793
368 29.2325280052652
369 29.5207557208598
370 29.8045379127146
371 30.0844887060689
372 30.3184665199972
373 30.6246589968712
374 30.8252510058452
375 31.0994277542055
376 31.3281571806552
377 31.5894761330305
378 31.877728076825
379 32.1571440474994
380 32.3691969350181
381 32.5769898459747
382 32.8107216557055
383 33.0404307196921
384 33.2939627543426
385 33.4875476842967
386 33.7026913327849
387 33.8836642502672
388 34.057984799026
389 34.209356222413
390 34.3473211608566
391 34.4193294292495
392 34.3485338173003
393 33.6351772808595
394 32.1407554976967
395 30.3487423515632
396 28.4182953293454
397 26.7511883816297
398 25.2221010015789
399 23.5499173646468
400 21.7293101080752
401 20.2115674731693
402 18.686399987727
403 17.3465553115503
404 16.1639469617781
405 15.1745341364622
406 13.901353046244
407 12.9252331858071
408 12.1213226937864
409 11.7428100874979
410 12.2917719056568
411 13.0654259088799
412 13.6815669337089
413 14.3855946244582
414 14.9725296925095
415 15.6002924606783
416 16.2211776273351
417 16.7369081797744
418 17.231380264215
419 17.757701088153
420 18.2086712947284
421 18.7065391586576
422 19.153265682109
423 19.674197783725
424 20.1814238710306
425 20.634064865179
426 21.0646849092512
427 21.5937425325932
428 22.0619978640282
429 22.4732676524874
430 22.8278777156326
431 23.2712172527581
432 23.6878356812833
433 23.9604582750226
434 24.2520574842885
435 24.4591627741827
436 24.4649197296647
437 22.692536794503
438 20.6309539423309
439 18.6029220149457
440 16.8309108271239
441 15.0674402618318
442 13.4392928441648
443 12.2731951535257
444 11.0467955577552
445 11.0013949756874
446 11.7254566297021
447 12.4461854669476
448 13.2524758254892
449 14.0838862641895
450 14.8974736727452
451 15.6022086267909
452 16.2449216044308
453 16.8552566518243
454 17.353673243134
455 17.8852738806485
456 18.3296685117942
457 18.8156798921708
458 19.226816522839
459 19.7388993159774
460 20.1270052286016
461 20.5071229256649
462 20.8798927077884
463 21.2924715186396
464 21.7003338297066
465 22.0967569497684
466 22.4337883648715
467 22.8045540147034
468 23.0900890702126
469 23.3860508549551
470 23.7453425931184
471 23.9898518031744
472 24.2272009892168
473 24.3615492267243
474 23.3889714261226
475 21.8959248855569
476 20.358333787606
477 18.9671916657567
478 16.8044469643732
479 15.5628852537108
480 14.4282652206633
481 13.2305371587066
482 12.8733132451828
483 13.4048598179946
484 14.011660039483
485 14.7413267302815
486 15.3365763945173
487 16.00295709669
488 16.6013600869972
489 17.0871990550085
490 17.6587785470576
491 18.1317775179802
492 18.651674731292
493 19.1556548893425
494 19.6872001915998
495 20.1951512161086
496 20.71467063287
497 21.1326099515967
498 21.4824932669416
499 21.8799473358897
500 22.2211813069157
501 22.590468797757
502 22.9183541033794
503 23.2860707975129
504 23.5987309021607
505 23.9473287255566
506 24.2458448361872
507 24.5826038698694
508 24.8952785860126
509 25.149097065676
510 25.4072028738534
511 25.7911883762206
512 26.1003487582874
513 26.4314306195474
514 26.7438156567643
515 27.102361083847
516 27.4122024914482
517 27.7662922242357
518 28.0720564167383
519 28.4535610235586
520 28.7469766957769
521 29.0353001023371
522 29.3096501095897
523 29.5789161207494
524 29.8460808643482
525 30.1399866722723
526 30.3936960008845
527 30.8062683311907
528 31.0410169028533
529 31.2703211011812
530 31.4944864921785
531 31.713186673707
532 31.9673435054315
533 32.2698159261952
534 32.4769099542213
535 32.7389635668785
536 32.9681085725552
537 33.1621047162068
538 33.4115204259825
539 33.5973350462765
