0 0
1 0.000946993872146732
2 0.0610246410328914
3 0.0156494025828344
4 0.0244605269863444
5 0.0561995916815877
6 0.128176391829283
7 0.183007323294175
8 0.110585962156257
9 -0.013526959001516
10 -0.0922129044357894
11 -0.196241643353215
12 -0.224463388240479
13 -0.207711930040526
14 -0.194974027975317
15 -0.159850549935393
16 -0.115145717457377
17 -0.0623702951692052
18 -0.00288195488349663
19 0.0615459420377193
20 0.105092346504384
21 0.139167634919004
22 0.189025112674511
23 0.21561303094108
24 0.248841925051311
25 0.277851414176312
26 0.328911630276918
27 0.352391611962017
28 0.360627432014145
29 0.36630012051684
30 0.368474153583462
31 0.371838027056132
32 0.372389661185471
33 0.378230427536205
34 0.386427326173842
35 0.406367635767114
36 0.428197756680147
37 0.451751705902613
38 0.483027913088322
39 0.518113492764022
40 0.550817956870016
41 0.586428346033831
42 0.62712617568467
43 0.671412104817891
44 0.710161557031598
45 0.751826670562703
46 0.796275689742962
47 0.854889246075666
48 0.891660292545938
49 0.925146543766209
50 0.958203707593595
51 0.99743229207289
52 1.03588729051669
53 1.14296180691797
54 1.19445455186683
55 1.23050418546201
56 1.27652942098277
57 1.32966357827332
58 1.37732949222005
59 1.47015276028382
60 1.5749578241523
61 1.71077934487825
62 1.81995719940677
63 1.97784471978987
64 2.14617348900309
65 2.3253988025485
66 2.48630432248014
67 2.75808130998258
68 2.95941258903912
69 3.16674037781875
70 3.45857736479573
71 3.66701885936463
72 3.78654057478395
73 3.65892671823193
74 3.45710142874692
75 3.22547487581789
76 3.15153315618221
77 3.39888599342748
78 3.71363858343838
79 4.02594109760549
80 3.63834920891258
81 3.39495955530401
82 3.35806334390249
83 3.65056806168315
84 3.90112417667994
85 4.03426765774664
86 3.99139954664494
87 3.48898338380798
88 3.13491057948288
89 3.11600821406786
90 3.30033555250876
91 3.42031131567823
92 3.51138965908556
93 3.52182832284365
94 3.54995727739046
95 3.59113157920845
96 3.57085591258271
97 3.51209075238133
98 3.42222120183858
99 3.34993419134154
100 3.17078384032676
101 3.03755063354142
102 2.84752848257238
103 2.64978423603096
104 2.54092666492999
105 2.35736357649293
106 2.17532002500128
107 1.98763804548877
108 1.82490210786715
109 1.72060155025488
110 1.59964797590772
111 1.4783012531496
112 1.35383662835176
113 1.26914820988632
114 1.20825153278696
115 1.10072464161343
116 1.06112745256004
117 1.0470039614553
118 1.02966183301319
119 1.00193045988708
120 1.043743957478
121 0.95840352586499
122 0.838457892766307
123 0.813143144156336
124 0.611831810874301
125 0.409583943370668
126 0.256442741165337
127 0.116010443000804
128 0.0510530177879642
129 -0.0124034631448584
130 -0.0351268580546488
131 0.138002962483986
132 0.242094957437658
133 0.38633707207547
134 0.686644321575297
135 1.02127546547651
136 1.69883406193704
137 2.09800721482601
138 2.86084026636522
139 3.65424968507265
140 5.01389954595041
141 5.42631603127656
142 5.67689744991069
143 6.49036095805801
144 6.88711606292216
145 6.93839049334571
146 7.22482659457622
147 7.16097952607248
148 6.93683920534611
149 6.66384627534394
150 6.27122644086698
151 5.77583955888242
152 5.15360524581276
153 4.63143266029234
154 4.06350177213461
155 3.78766075856536
156 3.81714637803035
157 3.65207262115714
158 3.43491949460988
159 3.17722217665453
160 2.89133183899153
161 2.66656354934513
162 2.37911961665597
163 2.10146545976246
164 1.82567237483976
165 1.65009775658318
166 1.45778054689318
167 1.28985228787214
168 0.918848566715389
169 0.77364753509815
170 0.727914618463267
171 0.692468035685314
172 0.473820710529243
173 0.449135210217454
174 0.449446973563881
175 0.386682959820807
176 0.279629521260653
177 0.0483153561882745
178 -0.220825238865889
179 -0.691120183305311
180 -1.57059771826065
181 -2.41253659332863
182 -3.32482269344828
183 -4.29164260256853
184 -4.48688236675261
185 -5.15045409231188
186 -5.27052833750754
187 -5.27726000066566
188 -5.08975498569998
189 -4.69866387391926
190 -4.30098922541188
191 -3.89274413093602
192 -3.77768694731653
193 -4.18272486985445
194 -4.25618282635328
195 -4.15816721674597
196 -3.87747230635663
197 -3.55550596482128
198 -2.92725279256506
199 -2.52676002380622
200 -2.02226871506323
201 -1.60457114021629
202 -1.27337941715737
203 -0.869041331355213
204 -0.569556295204412
205 -0.307431369347576
206 -0.0486505077130431
207 0.161454637651917
208 0.329399053628497
209 0.547618874463814
210 0.733057093192972
211 0.971491731177714
212 1.14829923835465
213 1.35605651469793
214 1.57070364735437
215 1.98674114447717
216 2.25060099602006
217 2.55837983784396
218 2.95167673229992
219 3.40530110263729
220 4.03279148303021
221 5.04167324658733
222 5.25267580952019
223 5.24372651682076
224 5.13318303457147
225 4.9310365222468
226 4.51524397519775
227 4.26122258507585
228 3.92484940696635
229 3.8739260087194
230 4.22358406241357
231 4.40962336885017
232 4.42851475237795
233 4.29864151372287
234 4.08357465796104
235 3.81850598254619
236 3.60858930195883
237 3.3664104818914
238 3.13546214161373
239 2.93254271093968
240 2.75008752476243
241 2.67084623747455
242 2.64407652265043
243 2.73120434908015
244 2.78026212170488
245 2.85395773942028
246 2.93604004068388
247 2.99949418937076
248 3.14695005503401
249 3.25364738941669
250 3.35787949947616
251 3.47622593705533
252 3.58049500250664
253 3.69861024946797
254 3.78348919064898
255 3.80228759521796
256 3.81666663318414
257 3.81796771304482
258 3.81072276915449
259 3.7616253246438
260 3.75300237819447
261 3.66002175415859
262 3.52280778933481
263 3.36923306250852
264 3.21454211923868
265 3.02730583441062
266 2.8499760790553
267 2.65428482773488
268 2.4866756488436
269 2.32873155935234
270 2.17190809938921
271 2.00998043045786
272 1.87878966268256
273 1.74536984526727
274 1.6799834334437
275 1.59056438814626
276 1.56150892041435
277 1.55269143574712
278 1.49489839908609
279 1.50532443616336
280 1.51087347332261
281 1.53630337832723
282 1.58823379821166
283 1.61718147359518
284 1.6351286485121
285 1.69778213482836
286 1.70763330104225
287 1.65846708052377
288 1.66084443712424
289 1.68987783948441
290 1.69916389301491
291 1.70385715391438
292 1.70956105502477
293 1.73208491047879
294 1.7394620612879
295 1.7472603662841
296 1.77500553384682
297 1.80057672489233
298 1.83640752946713
299 1.88288151538849
300 1.93197069330132
301 1.989259189715
302 2.07340498451282
303 2.19382154462748
304 2.2715528270008
305 2.39315338649116
306 2.4954828374338
307 2.71139217585497
308 2.82727944339761
309 2.92344491710837
310 2.97540037266001
311 2.8626670697139
312 2.76125158617766
313 2.72463779147232
314 2.94452548188162
315 3.15557350172448
316 3.33564428499459
317 3.55891830715261
318 3.72724839397494
319 3.55134597851256
320 3.45750396191764
321 3.2647070688991
322 3.11112363786721
323 3.03484794356083
324 3.18776210689209
325 3.36671532113758
326 3.51072864363562
327 3.58524081630983
328 3.6331449521587
329 3.70404625201559
330 3.47542315378317
331 3.29354414595522
332 3.19281366789478
333 3.49715668350793
334 3.81630075925309
335 3.96870119339455
336 4.08434910516258
337 3.75047502356821
338 3.44362409794797
339 3.28067633624204
340 3.49529713416393
341 3.65098299234149
342 3.83437362269464
343 3.96989148049099
344 4.03183833554207
345 3.99663082231231
346 3.94436435961719
347 3.87847483500433
348 3.80306544221102
349 3.68333545569388
350 3.55830702120714
351 3.40567578824799
352 3.22299138897924
353 3.02218358218389
354 2.86323100128652
355 2.63005110994961
356 2.524313000115
357 2.30360849311139
358 2.09938690141935
359 1.90063252688986
360 1.79066708549325
361 1.6349167139122
362 1.5058308266256
363 1.35975536946263
364 1.26945469678439
365 1.12904118678685
366 1.17883775809611
367 1.09852466547321
368 1.10288535993524
369 1.11254913930937
370 1.11857007055528
371 1.11400240373247
372 1.19698283540853
373 1.13864039693717
374 1.04358729954279
375 0.924886553449387
376 0.891499382449638
377 0.697310268569257
378 0.481632477832951
379 0.272586286513441
380 0.128871561636461
381 0.0900837717146711
382 -0.0178620457275274
383 -0.0556845234499551
384 0.110013723244062
385 0.213052971931615
386 0.384845011642509
387 0.630861708978101
388 1.24235016369099
389 1.67299933089716
390 2.22753652982558
391 2.95032964065197
392 3.65984968809276
393 5.02066312686629
394 5.36386348386453
395 5.61412786710794
396 6.45802762059938
397 6.79931524561298
398 6.83993998112057
399 6.95648106353105
400 7.17845835243158
401 7.11262370835009
402 6.96631916116323
403 6.57764744894699
404 6.30079023815846
405 5.83971901463044
406 5.19330173541645
407 4.68320681251281
408 4.17556584705934
409 3.88114197940419
410 3.92840895284886
411 3.75403485435915
412 3.54224703490899
413 3.26644993625939
414 2.98212528807851
415 2.72244308242896
416 2.39789644683861
417 2.10950898261226
418 1.84860175436776
419 1.64299860387833
420 1.45467752897126
421 1.26773778811092
422 0.902196435711739
423 0.748888361012524
424 0.691701019252189
425 0.441411134486189
426 0.417734969801764
427 0.447108408825045
428 0.417657550564732
429 0.322182469516786
430 0.170158698739747
431 -0.178137761360131
432 -0.667199097578092
433 -1.66702720295449
434 -2.31582170338511
435 -3.43574492096002
436 -4.46096628864097
437 -4.7009091106889
438 -5.35423888819853
439 -5.43308439134255
440 -5.53975491092814
441 -5.24612899550687
442 -4.71939327520099
443 -4.39418802050326
444 -3.80246715684929
445 -3.89124755733643
446 -4.11816302336035
447 -4.08329929685372
448 -3.89109344073088
449 -3.64937542126543
450 -3.09412645834395
451 -2.67152792162438
452 -2.22454168567443
453 -1.77243563410998
454 -1.38127078178626
455 -1.02993951098794
456 -0.727172358091293
457 -0.436428261396852
458 -0.191038906540965
459 0.0621788646668816
460 0.24942127678799
461 0.410993346471872
462 0.56817602901795
463 0.794763070163831
464 0.972287073847311
465 1.1527371883591
466 1.33871944844558
467 1.5782607785915
468 1.96221334976075
469 2.19306469620367
470 2.61335409337463
471 2.94274969281543
472 3.42759310783813
473 4.04362719852593
474 5.2121667850666
475 5.31735256442054
476 5.31720170581398
477 5.20469504787795
478 4.83109853231971
479 4.5114826297316
480 4.30006173484172
481 3.80544281447758
482 3.77193812022118
483 3.99714236494694
484 4.06423064474943
485 4.02413103537368
486 3.90733238940065
487 3.76975565025119
488 3.57593614900681
489 3.4498184889259
490 3.26527363863005
491 3.10119740203704
492 2.96428466771266
493 2.82597156882318
494 2.78494328016549
495 2.74713823232274
496 2.8140601163727
497 2.85352971172864
498 2.92990230727406
499 2.98958162150638
500 3.05621850691863
501 3.16839356647206
502 3.24137930072954
503 3.32818092161191
504 3.41388900309073
505 3.51262332032046
506 3.60722733629675
507 3.7037481175812
508 3.73202197677524
509 3.76072345353602
510 3.78685808309471
511 3.78631312567058
512 3.76366139062525
513 3.7429940097343
514 3.67469065682539
515 3.5493906769191
516 3.40903121330116
517 3.2444843762677
518 3.08393359685935
519 2.87679230626661
520 2.69372821583703
521 2.55192095720823
522 2.36169391431739
523 2.2419420574578
524 2.09963376888283
525 1.95355957283194
526 1.84246158711616
527 1.71613389802573
528 1.66048977577213
529 1.61399392384167
530 1.60266691369007
531 1.60960251891677
532 1.53815778822648
533 1.53214188810608
534 1.54814916006881
535 1.56633881962176
536 1.57736378131372
537 1.62092311140373
538 1.64171986279297
539 1.69653352815271
