0 0
1 -0.374531566539359
2 -0.374531566539359
3 -0.374531566539359
4 -0.374531566539359
5 -0.374531566539359
6 -0.374531566539359
7 -0.246115836272235
8 -0.0474355570254204
9 0.0377086758736798
10 0.0996971782175258
11 0.0719088308655764
12 0.0597248622347624
13 0.0512347443992248
14 0.0355531523969203
15 0.0278572614737064
16 0.0139771083909915
17 0.00626568087745111
18 -0.00640631002714542
19 -0.00680552842076601
20 -0.0119968138264038
21 -0.0153525356515536
22 -0.0152942876205301
23 -0.0166544595765615
24 -0.0172560621400058
25 -0.0175419847806479
26 -0.0200388142948367
27 -0.0185217214310281
28 -0.0180982013018804
29 -0.0170610216026956
30 -0.0162137992286782
31 -0.0150562523044943
32 -0.0146634199045887
33 -0.0140622825733632
34 -0.0136049587511324
35 -0.0140293696579394
36 -0.0139423825243366
37 -0.0141723614795659
38 -0.014438285366492
39 -0.0148060600278879
40 -0.0152841434647448
41 -0.0154150868257049
42 -0.0159278816853057
43 -0.0163305370318502
44 -0.016862103600935
45 -0.017255035009758
46 -0.0174398873858534
47 -0.0186152024961987
48 -0.0182528627365031
49 -0.0183356697606999
50 -0.018540269810658
51 -0.0186730249067601
52 -0.0189142473101721
53 -0.0209140810294587
54 -0.0203770163069814
55 -0.020802464569368
56 -0.0209876002192111
57 -0.0214479098933763
58 -0.0216195517119834
59 -0.0228559859091964
60 -0.0238768996846319
61 -0.0255152856170491
62 -0.0272253491130813
63 -0.0281242631128745
64 -0.0307058408889828
65 -0.0317904731607068
66 -0.0341605689264726
67 -0.0367827948343813
68 -0.0383001132279963
69 -0.0404085738000364
70 -0.0439508101009701
71 -0.0455743675375494
72 -0.0483545792048032
73 -0.052353544914365
74 -0.0545085952643261
75 -0.058281206039475
76 -0.0620724952938289
77 -0.0661677719017314
78 -0.0705054119544693
79 -0.0760838915017939
80 -0.0822848175362024
81 -0.0859762167734906
82 -0.0907004002403033
83 -0.09707902247572
84 -0.0953291787543461
85 -0.0985958215448338
86 -0.0988053594828632
87 -0.102695289298557
88 -0.104933216163781
89 -0.106152939108682
90 -0.106782469472035
91 -0.104388154147846
92 -0.101425471987756
93 -0.0964041593503925
94 -0.0937271296856633
95 -0.0900456970465825
96 -0.0856168575678393
97 -0.0800294989650941
98 -0.075137556743705
99 -0.0685432477648765
100 -0.0643880309987168
101 -0.0594571747252546
102 -0.0529425808252621
103 -0.0476920505147013
104 -0.0453482474383798
105 -0.0395816210741765
106 -0.0361745450636479
107 -0.0316000130191164
108 -0.0287207498960891
109 -0.0265020180247711
110 -0.0238831705509284
111 -0.0215154583783864
112 -0.0192277433209112
113 -0.0176728190853481
114 -0.0163375318108392
115 -0.0136139118286261
116 -0.013451383267539
117 -0.0128727460408098
118 -0.0125151902546797
119 -0.0117985087585516
120 -0.0125901672202766
121 -0.0108066630443056
122 -0.00892518208562934
123 -0.00828929519931636
124 -0.00596838053077595
125 -0.00366505691312946
126 -0.00227386345381166
127 -0.000693629273811609
128 -0.00044489073010734
129 0.00041132609725048
130 0.000324504432295453
131 -0.00221323216463568
132 -0.00245358086394594
133 -0.00438752261440228
134 -0.00764225277693893
135 -0.0106538712470612
136 -0.0184831952382706
137 -0.0238468054408017
138 -0.0275137673860353
139 -0.0366772901228688
140 -0.0528057641702911
141 -0.0584526439186922
142 -0.0697119044282795
143 -0.100514719963892
144 -0.10366400816305
145 -0.12641593983818
146 -0.155863543891342
147 -0.173614822801874
148 -0.203240272234302
149 -0.212348681114463
150 -0.228831823801555
151 -0.242139380818244
152 -0.255667177437276
153 -0.267437171472771
154 -0.27375248188411
155 -0.268125616556925
156 -0.232812622807957
157 -0.207945822675558
158 -0.175631422092378
159 -0.152900380437767
160 -0.126350602085258
161 -0.112608075563792
162 -0.0901108965291118
163 -0.077203302516343
164 -0.0613169155129235
165 -0.0552478405103633
166 -0.0442213288128498
167 -0.0386149700543101
168 -0.0218187258254235
169 -0.0220923682139738
170 -0.0187909338511431
171 -0.0177648225983623
172 -0.00893671078870822
173 -0.0116529728732521
174 -0.00961974233513774
175 -0.0079887972373364
176 -0.00416116377486924
177 0.000578730775233091
178 0.00869593063640609
179 0.0157401823205703
180 0.0401837203585261
181 0.0459576870794892
182 0.0656208728074353
183 0.0796832140912478
184 0.0932750948392137
185 0.138465304475076
186 0.155256110045608
187 0.205203021695392
188 0.22052717955598
189 0.247481755829283
190 0.27639725749493
191 0.285436627978256
192 0.299147199939472
193 0.27943488421214
194 0.256503957587023
195 0.222488206462001
196 0.183048086685734
197 0.13705598480666
198 0.119663828168189
199 0.0928749470308103
200 0.0671881746850676
201 0.051905376161826
202 0.0309640469940107
203 0.0262541206795044
204 0.0128791409520235
205 0.00701323947462402
206 -0.00146252520414593
207 -0.0057424861720738
208 -0.0119854961944959
209 -0.0143110690021355
210 -0.0189599505316639
211 -0.0238344738277707
212 -0.0262102486711738
213 -0.0303452002875391
214 -0.0336706368958188
215 -0.0430002008670094
216 -0.0444264577324941
217 -0.0505102180187837
218 -0.0563043352382719
219 -0.0636251702015303
220 -0.0745023368673966
221 -0.10634684334672
222 -0.107263469010321
223 -0.126659064513946
224 -0.137391637083927
225 -0.152586569177972
226 -0.180290853200356
227 -0.190605896779872
228 -0.207363064218585
229 -0.216629380373838
230 -0.214845742554777
231 -0.205687208961798
232 -0.190831741717343
233 -0.175181840931232
234 -0.157762572433378
235 -0.136353725680212
236 -0.122069178938066
237 -0.106456705315608
238 -0.0944943525023286
239 -0.083190248233216
240 -0.0742246850278939
241 -0.0703979900502854
242 -0.0667196637127149
243 -0.0667223927866664
244 -0.0645939614721377
245 -0.065017720050325
246 -0.0640241686565673
247 -0.0640428576246279
248 -0.0650118994441126
249 -0.0645822332776512
250 -0.0647938600357008
251 -0.0650950895752499
252 -0.0654653707683449
253 -0.0655186113190733
254 -0.0654349575187122
255 -0.0637281292715263
256 -0.0628453307071659
257 -0.0621285137400008
258 -0.0601904674093869
259 -0.0576673961791766
260 -0.0568594386169438
261 -0.0530506292889853
262 -0.0502381120228417
263 -0.0465697904141905
264 -0.0437244311686299
265 -0.0398142367592524
266 -0.037051532737815
267 -0.0333832000266651
268 -0.0310510780246021
269 -0.0282961038897905
270 -0.026017067222697
271 -0.0234481472023662
272 -0.02180516722497
273 -0.0196813124217919
274 -0.0178355855257262
275 -0.0178318031995111
276 -0.016915144266977
277 -0.0168186183946068
278 -0.0153171262003074
279 -0.0151263466214969
280 -0.0156720802397931
281 -0.0154972609529962
282 -0.0159988893646779
283 -0.0158545488772841
284 -0.0159120495054046
285 -0.0164390603005104
286 -0.0160071722125894
287 -0.0152323735922758
288 -0.0153717019667982
289 -0.0154627278196553
290 -0.0152750871277332
291 -0.0152033474106198
292 -0.0150611633960566
293 -0.0152128870896779
294 -0.014990600261987
295 -0.0149956926720964
296 -0.0151175132999353
297 -0.0151820082077691
298 -0.0153758279554125
299 -0.015635678438048
300 -0.0159185618481224
301 -0.0162857367692891
302 -0.0168746984054324
303 -0.0178057192881267
304 -0.0185340969942427
305 -0.0189185362234085
306 -0.0199230418517904
307 -0.0216694691160259
308 -0.0222634643452347
309 -0.0236887492598489
310 -0.0253207213254401
311 -0.026303215496135
312 -0.0282561153326862
313 -0.0305403197477324
314 -0.0316727578389504
315 -0.0338224177600602
316 -0.0352036675045686
317 -0.0389233701870408
318 -0.0398523980388792
319 -0.0423299950319379
320 -0.0456836372961053
321 -0.0481820684853393
322 -0.0486263865341342
323 -0.0534015980955439
324 -0.0545355699959915
325 -0.0571862870492963
326 -0.0597020768544188
327 -0.0621806903496402
328 -0.0669919083699984
329 -0.0688497181655472
330 -0.073079258333344
331 -0.077574975424851
332 -0.0826421334570978
333 -0.0844787460914344
334 -0.0905619156277613
335 -0.0933372400025229
336 -0.0934025416884971
337 -0.0974220441187986
338 -0.0993751709098603
339 -0.103545546187725
340 -0.103515704365424
341 -0.104304936476324
342 -0.105330833421772
343 -0.102905524880113
344 -0.101109057377589
345 -0.0969794994033324
346 -0.0936482045191078
347 -0.0901334501567348
348 -0.0832100517550715
349 -0.0780495263400024
350 -0.0724333077720435
351 -0.0671624855843947
352 -0.0609438370813017
353 -0.0552402475828521
354 -0.0484576336094349
355 -0.0460526314657574
356 -0.0414780893181343
357 -0.0374978541012141
358 -0.0328330269566257
359 -0.0290280925812228
360 -0.0273226454436892
361 -0.0235698021112303
362 -0.0217663801979399
363 -0.0186889252481432
364 -0.0175482490941959
365 -0.0144149549314094
366 -0.0147337848060881
367 -0.0140832227117575
368 -0.0139558515615132
369 -0.0137921434596775
370 -0.0135910646553294
371 -0.0132312087128656
372 -0.0143855456211068
373 -0.0125631301318577
374 -0.0115944603979015
375 -0.00977373900594284
376 -0.00899579077173449
377 -0.00688678619975589
378 -0.00428225303194354
379 -0.00215722330318837
380 -0.00092739618729487
381 -0.000306942960783676
382 0.000423073081057375
383 0.000619602800860522
384 -0.00192450661065867
385 -0.00213385305509054
386 -0.00445168867412676
387 -0.00672345949002199
388 -0.0140559932601001
389 -0.0162001699132241
390 -0.0225031036469494
391 -0.028963938238155
392 -0.0385747602244975
393 -0.051075867620087
394 -0.0562761879934069
395 -0.0671316922721884
396 -0.0939675175355242
397 -0.0963720637999384
398 -0.113314144234507
399 -0.127507754162832
400 -0.153718987863306
401 -0.168441814718736
402 -0.191960011791492
403 -0.21611448757573
404 -0.221733713726876
405 -0.239692207629144
406 -0.252502104861812
407 -0.265600580889278
408 -0.276259094221254
409 -0.265364480744148
410 -0.238198288802013
411 -0.206231220116924
412 -0.181765612446343
413 -0.151131806471538
414 -0.131176966432006
415 -0.110196045881466
416 -0.0895908325995625
417 -0.0756040984979152
418 -0.0622683668544066
419 -0.0529034858134372
420 -0.0445017113289005
421 -0.0364667038852633
422 -0.0217600829396964
423 -0.0205917378572199
424 -0.0173434614302641
425 -0.00822742006257028
426 -0.0112149827652522
427 -0.0100112751553925
428 -0.00897283837165548
429 -0.00591100438746785
430 -0.000846064330558715
431 0.00577360554939478
432 0.0164546281195062
433 0.0387565045431572
434 0.0550899577393989
435 0.0637965281628941
436 0.0846833259713158
437 0.0988666752661503
438 0.139241979133881
439 0.16134522708686
440 0.199239822052755
441 0.226722613120659
442 0.26756817147979
443 0.275501815235545
444 0.303456820681905
445 0.300870246309615
446 0.27273680641231
447 0.242661954386566
448 0.205181719853723
449 0.156470887042494
450 0.137542670386047
451 0.104007025040559
452 0.0823385594833766
453 0.0591977891839809
454 0.0445957290842432
455 0.0299834922960507
456 0.0202249163172445
457 0.00997865897637362
458 0.00344103214112086
459 -0.00430848678446098
460 -0.00787098786109077
461 -0.011974899396998
462 -0.0152242886895517
463 -0.0208945799680659
464 -0.0231110416488404
465 -0.0267802941810187
466 -0.0297607134151391
467 -0.0342735163996778
468 -0.0422856491703694
469 -0.0474646998987421
470 -0.050672804219742
471 -0.0580276226465619
472 -0.0638358725768318
473 -0.0754394508264041
474 -0.108273062917075
475 -0.114281081029521
476 -0.135375368914391
477 -0.147780696364457
478 -0.178469743575768
479 -0.200084859766171
480 -0.202978766588739
481 -0.219305725369975
482 -0.22508612659563
483 -0.213802420616112
484 -0.198550454832445
485 -0.177105348804726
486 -0.16206246227189
487 -0.143542281102586
488 -0.12826961533229
489 -0.119194716397115
490 -0.104200498465719
491 -0.096280261634573
492 -0.0865518534828793
493 -0.0789667143495273
494 -0.0710608326764649
495 -0.0678747870265188
496 -0.0689593520651189
497 -0.0673522663895479
498 -0.0666590364538404
499 -0.06613787660978
500 -0.0652319513995405
501 -0.0661478723727661
502 -0.0655171256662764
503 -0.0648012482025349
504 -0.0646222031730929
505 -0.0649151179126796
506 -0.0650172451807592
507 -0.0646459374211807
508 -0.0629788556155733
509 -0.0628029635101478
510 -0.0615628241644423
511 -0.0595825005251982
512 -0.0570211994198478
513 -0.0566909526421593
514 -0.0534895988595894
515 -0.0503836999798288
516 -0.047369711432316
517 -0.0437752578167203
518 -0.0409637261194857
519 -0.0367198134752347
520 -0.0342016551653345
521 -0.0305237625270858
522 -0.0291903299474516
523 -0.0268787283953464
524 -0.0247467956620876
525 -0.0224990224770139
526 -0.0199948523918448
527 -0.019363191358431
528 -0.0179939182630287
529 -0.0178166218816576
530 -0.0172541893875768
531 -0.0170945367601609
532 -0.0159165345760615
533 -0.0159551613081161
534 -0.0158782114730712
535 -0.0157734074024886
536 -0.0157000111304143
537 -0.0160651305756981
538 -0.0158658407902012
539 -0.016485634943771
