0 0
1 1.0
2 1.0
3 1.0
4 1.0
5 1.0
6 1.0
7 1.0
8 1.0
9 1.0
10 1.0
11 1.0
12 1.0
13 1.0
14 1.0
15 1.0
16 1.0
17 1.0
18 1.0
19 1.0
20 1.0
21 1.0
22 1.0
23 1.0
24 1.0
25 1.0
26 1.0
27 1.0
28 1.0
29 1.0
30 1.0
31 1.0
32 1.0
33 1.0
34 1.0
35 1.0
36 1.0
37 1.0
38 1.0
39 1.0
40 1.0
41 1.0
42 1.0
43 1.0
44 1.0
45 1.0
46 1.0
47 1.0
48 1.0
49 1.0
50 1.0
51 1.0
52 1.0
53 1.0
54 1.0
55 1.0
56 1.0
57 1.0
58 1.0
59 1.0
60 1.0
61 1.0
62 1.0
63 1.0
64 1.0
65 1.0
66 1.0
67 1.0
68 1.0
69 0.883866409954086
70 0.292481141250866
71 -0.48711025925897
72 -0.919084954921232
73 -0.384851731119159
74 0.1791309284238
75 0.707706459260992
76 0.999999978881506
77 0.685280133400633
78 -0.0805295259103307
79 -0.674172743259392
80 0.491405371783493
81 1.0
82 1.0
83 0.725527226701169
84 0.138885885374986
85 -0.338077220945342
86 -0.239541915987407
87 0.885956586895329
88 1.0
89 1.0
90 1.0
91 1.0
92 1.0
93 1.0
94 1.0
95 1.0
96 1.0
97 1.0
98 1.0
99 1.0
100 1.0
101 1.0
102 1.0
103 1.0
104 1.0
105 1.0
106 1.0
107 1.0
108 1.0
109 1.0
110 1.0
111 1.0
112 1.0
113 1.0
114 1.0
115 1.0
116 1.0
117 1.0
118 1.0
119 1.0
120 1.0
121 1.0
122 1.0
123 1.0
124 1.0
125 1.0
126 1.0
127 1.0
128 1.0
129 1.0
130 1.0
131 1.0
132 1.0
133 1.0
134 1.0
135 1.0
136 1.0
137 0.937159865380773
138 0.252098042846213
139 -1.0
140 -1.0
141 -1.0
142 -1.0
143 -1.0
144 -1.0
145 -1.0
146 -1.0
147 -1.0
148 -1.0
149 -1.0
150 -1.0
151 -1.0
152 -1.0
153 0.131113459896868
154 1.0
155 1.0
156 1.0
157 1.0
158 1.0
159 1.0
160 1.0
161 1.0
162 1.0
163 1.0
164 1.0
165 1.0
166 1.0
167 1.0
168 1.0
169 1.0
170 1.0
171 1.0
172 1.0
173 1.0
174 1.0
175 1.0
176 1.0
177 1.0
178 1.0
179 1.0
180 1.0
181 1.0
182 -0.416763008474087
183 -1.0
184 -1.0
185 -1.0
186 -1.0
187 -1.0
188 -1.0
189 -1.0
190 0.150606383952868
191 1.0
192 1.0
193 1.0
194 1.0
195 1.0
196 1.0
197 1.0
198 1.0
199 1.0
200 1.0
201 1.0
202 1.0
203 1.0
204 1.0
205 1.0
206 1.0
207 1.0
208 1.0
209 1.0
210 1.0
211 1.0
212 1.0
213 1.0
214 1.0
215 1.0
216 1.0
217 1.0
218 0.942770957430511
219 0.236069355172094
220 -0.850374906974345
221 -1.0
222 -1.0
223 -1.0
224 -1.0
225 -1.0
226 -0.92834221925861
227 0.244151791407636
228 0.941832683903287
229 1.0
230 0.937717926463174
231 0.779778891866975
232 0.671670499298777
233 0.853143435683411
234 1.0
235 1.0
236 1.0
237 1.0
238 1.0
239 1.0
240 1.0
241 1.0
242 1.0
243 1.0
244 1.0
245 1.0
246 1.0
247 1.0
248 1.0
249 1.0
250 1.0
251 1.0
252 0.985186685172573
253 0.914131224090702
254 0.78385384634662
255 0.930653004014707
256 1.0
257 1.0
258 1.0
259 1.0
260 1.0
261 1.0
262 1.0
263 1.0
264 1.0
265 1.0
266 1.0
267 1.0
268 1.0
269 1.0
270 1.0
271 1.0
272 1.0
273 1.0
274 1.0
275 1.0
276 1.0
277 1.0
278 1.0
279 1.0
280 1.0
281 1.0
282 1.0
283 1.0
284 1.0
285 1.0
286 1.0
287 1.0
288 1.0
289 1.0
290 1.0
291 1.0
292 1.0
293 1.0
294 1.0
295 1.0
296 1.0
297 1.0
298 1.0
299 1.0
300 1.0
301 1.0
302 1.0
303 1.0
304 0.99999999836412
305 0.872768483253401
306 0.721342131900133
307 0.374772907786399
308 0.101792156279303
309 -0.117337192493478
310 -0.184476139464549
311 0.516481379842088
312 0.886697366081732
313 1.0
314 0.891268659488954
315 0.630782105084025
316 0.44441502082217
317 -0.285781244823034
318 -0.738686113811964
319 -0.29742843849827
320 -0.135796023796486
321 0.223854128356923
322 0.632811162822003
323 0.902256014413791
324 0.54309025596777
325 0.169228530161964
326 -0.00344631775791494
327 -0.000175402138600687
328 -0.258070335896102
329 -0.192264578572624
330 0.35845271947643
331 1.0
332 1.0
333 0.815495360687207
334 0.409828206507908
335 -0.145728879488161
336 -0.289245702254274
337 0.290806777764748
338 0.962196411822438
339 1.0
340 1.0
341 0.968545761418691
342 0.928395823988859
343 0.775604313832901
344 0.706761721971102
345 0.690002934316784
346 0.97513868951461
347 1.0
348 1.0
349 1.0
350 1.0
351 1.0
352 1.0
353 1.0
354 1.0
355 1.0
356 1.0
357 1.0
358 1.0
359 1.0
360 1.0
361 1.0
362 1.0
363 1.0
364 1.0
365 1.0
366 1.0
367 1.0
368 1.0
369 1.0
370 1.0
371 1.0
372 1.0
373 1.0
374 1.0
375 1.0
376 1.0
377 1.0
378 1.0
379 1.0
380 1.0
381 1.0
382 1.0
383 1.0
384 1.0
385 1.0
386 1.0
387 1.0
388 1.0
389 1.0
390 0.999999991272316
391 0.0229540062803395
392 -1.0
393 -1.0
394 -1.0
395 -1.0
396 -1.0
397 -1.0
398 -1.0
399 -1.0
400 -1.0
401 -1.0
402 -1.0
403 -1.0
404 -1.0
405 -1.0
406 -1.0
407 0.209446081305285
408 1.0
409 1.0
410 1.0
411 1.0
412 1.0
413 1.0
414 1.0
415 1.0
416 1.0
417 1.0
418 1.0
419 1.0
420 1.0
421 1.0
422 1.0
423 1.0
424 1.0
425 1.0
426 1.0
427 1.0
428 1.0
429 1.0
430 1.0
431 1.0
432 1.0
433 1.0
434 1.0
435 -0.344735844792813
436 -1.0
437 -1.0
438 -1.0
439 -1.0
440 -1.0
441 -1.0
442 -1.0
443 0.525041333959003
444 1.0
445 1.0
446 1.0
447 1.0
448 1.0
449 1.0
450 1.0
451 1.0
452 1.0
453 1.0
454 1.0
455 1.0
456 1.0
457 1.0
458 1.0
459 1.0
460 1.0
461 1.0
462 1.0
463 1.0
464 1.0
465 1.0
466 1.0
467 1.0
468 1.0
469 1.0
470 1.0
471 0.912515249547274
472 0.291577893455378
473 -0.780085992770245
474 -1.0
475 -1.0
476 -1.0
477 -1.0
478 -1.0
479 -0.87717315181535
480 0.2734617823455
481 1.0
482 1.0
483 1.0
484 1.0
485 1.0
486 1.0
487 1.0
488 1.0
489 1.0
490 1.0
491 1.0
492 1.0
493 1.0
494 1.0
495 1.0
496 1.0
497 1.0
498 1.0
499 1.0
500 1.0
501 1.0
502 1.0
503 1.0
504 1.0
505 1.0
506 0.999999950359488
507 0.861679575468717
508 0.940683320584338
509 0.999999974059222
510 1.0
511 1.0
512 1.0
513 1.0
514 1.0
515 1.0
516 1.0
517 1.0
518 1.0
519 1.0
520 1.0
521 1.0
522 1.0
523 1.0
524 1.0
525 1.0
526 1.0
527 1.0
528 1.0
529 1.0
530 1.0
531 1.0
532 1.0
533 1.0
534 1.0
535 1.0
536 1.0
537 1.0
538 1.0
539 1.0
