0 0
1 1.99829924916821
2 1.98669221735287
3 1.93509583365248
4 1.73858494642766
5 1.45246869036535
6 0.90459590492932
7 0.195251106883692
8 -0.608590025146613
9 -1.32571137254543
10 -1.62402080952082
11 -1.64045249356173
12 -1.26170520213656
13 -0.847529199855287
14 -0.557685898562894
15 -0.239512858246421
16 0.100779003747812
17 0.377281111109763
18 0.666017898473845
19 0.857409305219091
20 0.991249742008335
21 1.07840339675793
22 1.16163687256074
23 1.1986392000788
24 1.22849854768557
25 1.24242750460584
26 1.26940427863063
27 1.25143034638085
28 1.21971731153342
29 1.18008216973424
30 1.13823479399454
31 1.09817687722094
32 1.05840094349612
33 1.0326054262315
34 1.01739038648621
35 1.03662986403679
36 1.0425877325193
37 1.05450242799697
38 1.07425561089547
39 1.10002934578016
40 1.12656290682025
41 1.14936736549182
42 1.18170040283042
43 1.2163636945622
44 1.2480503780165
45 1.28099728440397
46 1.31375848095865
47 1.36888544846415
48 1.37852387093159
49 1.38292268373769
50 1.38613082606212
51 1.39377627073338
52 1.40563059584583
53 1.52396763071164
54 1.52528796771144
55 1.52415740552655
56 1.52575637166895
57 1.53554472624231
58 1.52945259003687
59 1.58393532154182
60 1.65684891244683
61 1.7667827316178
62 1.86291967459878
63 1.99327074670278
64 2.15997488713247
65 2.32237246263663
66 2.49240012552443
67 2.62341476116965
68 2.76047324104169
69 2.91014965820547
70 3.03112567331938
71 3.16137273781065
72 3.33652464595235
73 3.60219773474988
74 3.83555950889373
75 4.15658223624749
76 4.52565512791642
77 4.9195069166934
78 5.13494100684076
79 5.70541875004347
80 6.13480948527928
81 6.56288066821662
82 6.9944891280995
83 7.19360278211716
84 7.50789554496005
85 7.69454783518666
86 7.89556855035696
87 8.11972289943489
88 8.26515062224939
89 8.37322639781496
90 8.40184121920446
91 8.32501556855313
92 8.14621873586515
93 7.91390026686819
94 7.67380644872225
95 7.36353999667427
96 7.05095055618149
97 6.66298067074875
98 6.29051525593503
99 5.89764534007511
100 5.43484919087913
101 5.07938399038639
102 4.61436274419696
103 4.18307619860353
104 3.93108141424874
105 3.54263449031761
106 3.20962242485374
107 2.85037776801808
108 2.56224435459983
109 2.36774618706585
110 2.14467746837833
111 1.92266960356014
112 1.68342614688079
113 1.52562434971709
114 1.40969099085499
115 1.21151396721282
116 1.17902656029884
117 1.17534231880723
118 1.17890057991853
119 1.18426351792869
120 1.34468419162565
121 1.25997412291974
122 1.12946002202523
123 1.18602119841218
124 0.923916968461148
125 0.624150366067302
126 0.380518795806902
127 0.114931058069134
128 -0.056501962724632
129 -0.285463553920271
130 -0.503869243128745
131 -0.438854054731479
132 -0.561435369892485
133 -0.634602563803794
134 -0.628769301609681
135 -0.526679716239085
136 -0.341382972748932
137 -0.223322369146207
138 0.0843999828767585
139 0.664963890378601
140 1.31256538614007
141 2.20489478896459
142 3.43382381452484
143 4.3964290309018
144 6.93838076039334
145 10.363444593521
146 15.3664404700451
147 19.7186687318857
148 24.6633002375651
149 26.6324379064451
150 26.7653519524719
151 27.6989035664489
152 25.6755106198872
153 23.3067485666335
154 21.1972428498562
155 19.3922082013967
156 16.8604329802227
157 14.786219046111
158 12.600327890759
159 10.9018981679534
160 9.26070963739247
161 7.90010759248523
162 6.63763813345455
163 5.67108255308459
164 4.73110792526451
165 4.19614697083226
166 3.56679364415795
167 3.10064398504647
168 2.34810881839406
169 2.05347008473586
170 1.89477084542711
171 1.79089172129973
172 1.45082854923764
173 1.47043466373774
174 1.49439681965211
175 1.45885235673328
176 1.34326537418304
177 1.07978557276714
178 0.714062896425352
179 0.120841142604349
180 -0.447258527776242
181 -1.52561633936951
182 -3.13628024589913
183 -4.91464653631923
184 -7.02114551400352
185 -12.5005512955621
186 -17.963593758598
187 -30.5378962676895
188 -34.5409412716833
189 -35.4691526735633
190 -33.6497910152695
191 -30.9223512547849
192 -27.9324616534446
193 -23.1072823408966
194 -19.6458978077162
195 -16.4307368116732
196 -13.0791565805001
197 -10.705127306577
198 -8.33931609706446
199 -6.81179818567424
200 -5.01068874778353
201 -3.88449687122666
202 -2.92534409856844
203 -2.06658988689354
204 -1.34483871972531
205 -0.816505652557677
206 -0.282141146347566
207 0.0935887877092114
208 0.414219316287306
209 0.736876570928669
210 1.02383411408001
211 1.26683190768164
212 1.48086375000552
213 1.74038599364909
214 1.99858546642193
215 2.31759470376043
216 2.58969289476074
217 2.98046456373284
218 3.49100453282333
219 4.13840275976461
220 5.1444678113251
221 6.72919596895589
222 8.74519431402194
223 10.8720865953598
224 13.1663406621363
225 15.2100283941867
226 18.0236064527698
227 18.8956107772819
228 20.4446659041367
229 20.1845015664992
230 19.0332985951598
231 17.5725167361932
232 15.9476370861713
233 14.2537819367613
234 12.3987448048364
235 10.7963956268252
236 9.364955814988
237 8.32246898206471
238 7.44096088878637
239 6.66008683660394
240 6.14788013037603
241 5.77726143435947
242 5.51770948197082
243 5.2361773860452
244 5.13966502206617
245 5.06407908438864
246 5.04509757132984
247 5.04807425994926
248 5.0391695509713
249 5.06844921059815
250 5.09902737057234
251 5.16470862161483
252 5.22809594919538
253 5.30129965917034
254 5.34556570195835
255 5.4078665391731
256 5.41381560418413
257 5.39017685513433
258 5.34010630830309
259 5.2282111676636
260 5.05015377074697
261 4.841341017818
262 4.62914792858854
263 4.36924521104273
264 4.12388727077212
265 3.82805421758723
266 3.57246391633336
267 3.28383136494845
268 3.01614257082991
269 2.74185023833409
270 2.50609004048418
271 2.25419308436563
272 2.05746692935645
273 1.87320454503897
274 1.65306565830004
275 1.50101147752427
276 1.38577716484728
277 1.30572025521729
278 1.34189057100689
279 1.32657789067502
280 1.35115245438615
281 1.3869125407883
282 1.41783827461322
283 1.44850849135543
284 1.47376939019899
285 1.55417794743125
286 1.54708757347577
287 1.45616598121438
288 1.4496324657834
289 1.48029603570337
290 1.47859376898943
291 1.47551470399276
292 1.47016798239064
293 1.47833592241087
294 1.44530258770589
295 1.41563441441474
296 1.41305590591627
297 1.40462125296551
298 1.40157471457742
299 1.40853289657707
300 1.4160987535103
301 1.43797031443833
302 1.48108781425441
303 1.54592895853785
304 1.56626493162493
305 1.60015556376204
306 1.64078914336898
307 1.77862751636306
308 1.80639515215344
309 1.85049191390775
310 1.89558195898544
311 2.00894595054954
312 2.15058302289106
313 2.29368808173275
314 2.48043595767459
315 2.66814688065599
316 2.83637223333666
317 2.9273944629831
318 3.06743423551177
319 3.19315386338506
320 3.29872811943656
321 3.40129715885837
322 3.52777834377941
323 3.73664562112442
324 3.9163333560993
325 4.10937950804397
326 4.34404746709765
327 4.58514882400989
328 4.70580938843907
329 5.063409084536
330 5.40318338137005
331 5.73052954789568
332 6.12490057924066
333 6.55910327046698
334 6.78829074567466
335 7.08609933895909
336 7.41076722079465
337 7.5776493720505
338 7.82787129344445
339 8.1162066569436
340 8.33329154693201
341 8.43114722323101
342 8.4792498535101
343 8.42671643594763
344 8.29822670483426
345 8.10247066139203
346 7.81637586604572
347 7.4713439879193
348 7.02275420911675
349 6.60144327890452
350 6.15183706761789
351 5.7406830880469
352 5.2832925316259
353 4.8326738586665
354 4.44235964955434
355 4.0371459564131
356 3.76449708575933
357 3.36914312436531
358 2.98923903418805
359 2.63702386511495
360 2.44931942404327
361 2.15974690650801
362 1.94288493310699
363 1.65594648029927
364 1.49984657079235
365 1.37556221508037
366 1.30903584917859
367 1.19122247320287
368 1.19965263647072
369 1.22624357405584
370 1.26047447327846
371 1.29177342152567
372 1.50647248905152
373 1.4628256974529
374 1.38455690508382
375 1.25733189619686
376 1.30715938467575
377 1.06241658922966
378 0.747312431253377
379 0.413103447524932
380 0.159407949445525
381 0.0369492805588024
382 -0.25427541150891
383 -0.499019245202777
384 -0.478798902143961
385 -0.613704038585906
386 -0.702006404193517
387 -0.702531971434235
388 -0.449643650776378
389 -0.433043754719278
390 -0.290825434542216
391 0.0406427573896844
392 0.5845120320844
393 1.17949932826469
394 1.91444734997338
395 3.06623991067734
396 3.46022559014073
397 5.62191070643565
398 8.0531895106803
399 11.1600942711221
400 15.3331496811066
401 19.0885674526106
402 23.9431757578663
403 25.9155003214708
404 26.4474217936817
405 27.7086662156905
406 25.6775288533505
407 23.3785748412017
408 21.5744616326745
409 19.5233698664113
410 17.5496189729222
411 14.8894178235194
412 12.925210357704
413 10.9519475206778
414 9.46247301049591
415 7.87567568540955
416 6.57157212367706
417 5.58595684056432
418 4.74153575222781
419 4.09525053214999
420 3.53223046160531
421 2.99686819210788
422 2.29937900766204
423 1.97177850382562
424 1.79215672341569
425 1.38598999368577
426 1.39873258880221
427 1.46742846155677
428 1.48558247647814
429 1.40366079071972
430 1.2236228373129
431 0.806434117581841
432 0.151433524083428
433 -0.521028060938286
434 -1.54691090950611
435 -3.24590941436034
436 -5.27960485122119
437 -7.72357643732078
438 -12.7202045188344
439 -18.6864398625677
440 -29.629605678487
441 -35.656245200126
442 -35.0254591882686
443 -33.091631509941
444 -29.1507546972217
445 -25.8060735999638
446 -21.3037316884543
447 -17.8716237945253
448 -14.7778752609884
449 -11.8976624462877
450 -9.40124692154807
451 -7.54030212880647
452 -5.81600274298623
453 -4.42472432940816
454 -3.38167982646435
455 -2.4578584521134
456 -1.74756741413153
457 -1.08431440172215
458 -0.572705735503082
459 -0.0653483975522795
460 0.26218770408666
461 0.541430882161362
462 0.788251030102767
463 1.04798494404982
464 1.26610662070988
465 1.49359279039163
466 1.7173776814581
467 2.01607062748532
468 2.2851068558348
469 2.57643835405704
470 3.06429284714976
471 3.53625083752563
472 4.20539397926995
473 5.22961115067257
474 7.46043995923323
475 9.64738227519005
476 12.300755351958
477 14.6087238587473
478 17.90987773195
479 19.0455572362313
480 20.8387878207002
481 20.6078482419857
482 19.3337411722992
483 17.9373111729934
484 16.2693108477277
485 14.3276944983254
486 12.8457387487481
487 11.2622453182729
488 10.0761497145307
489 9.05948734954974
490 8.16017568106895
491 7.49959151853777
492 6.87972148137964
493 6.47692214855129
494 6.07166887983674
495 5.76325940292971
496 5.45847091794593
497 5.34924031035405
498 5.25779166044297
499 5.20881940745721
500 5.18410111768859
501 5.13617815247634
502 5.12654310862128
503 5.11387848822696
504 5.13645960904958
505 5.17498977792713
506 5.22410784911735
507 5.260976678938
508 5.31353080439062
509 5.32527647851059
510 5.3178627220177
511 5.26953329027815
512 5.18901132864949
513 5.00936481451192
514 4.8461127463699
515 4.61837362201403
516 4.40986007537883
517 4.14630375871529
518 3.89720211573323
519 3.58060496728313
520 3.33003782480146
521 3.06675008693441
522 2.82863227778279
523 2.59749176128077
524 2.38136012483532
525 2.15526495233732
526 1.98841197590217
527 1.73864899037884
528 1.60272907630008
529 1.49692180780194
530 1.41539846512502
531 1.35931639669744
532 1.41219507747904
533 1.41155367954911
534 1.40499625295734
535 1.43749410299291
536 1.47216796804208
537 1.47044721007525
538 1.49245283994828
539 1.56606225560799
