0 0
1 3.733651
2 3.734038
3 3.735732
4 3.742192
5 3.751574
6 3.769422
7 3.79232
8 3.817958
9 3.840477
10 3.849472
11 3.849221
12 3.837621
13 3.82425
14 3.815244
15 3.80583
16 3.796413
17 3.789411
18 3.783327
19 3.780229
20 3.779427
21 3.779935
22 3.782069
23 3.784741
24 3.78922
25 3.794502
26 3.79967
27 3.806085
28 3.812335
29 3.818931
30 3.825684
31 3.832469
32 3.840158
33 3.846734
34 3.852276
35 3.859555
36 3.865836
37 3.872162
38 3.879508
39 3.887021
40 3.89378
41 3.900766
42 3.909096
43 3.917775
44 3.925678
45 3.933875
46 3.942411
47 3.950025
48 3.959232
49 3.970319
50 3.981854
51 3.993715
52 4.004366
53 4.015267
54 4.028052
55 4.039755
56 4.051901
57 4.064424
58 4.077312
59 4.092468
60 4.106097
61 4.122286
62 4.134963
63 4.150434
64 4.169283
65 4.186779
66 4.205453
67 4.228171
68 4.252595
69 4.278973
70 4.303566
71 4.333536
72 4.365455
73 4.398011
74 4.430404
75 4.466808
76 4.502857
77 4.541314
78 4.578546
79 4.634394
80 4.679954
81 4.71989
82 4.765422
83 4.80952
84 4.863881
85 4.936756
86 4.991349
87 5.057534
88 5.107129
89 5.154797
90 5.205252
91 5.258398
92 5.320803
93 5.377715
94 5.435145
95 5.499399
96 5.555953
97 5.61886
98 5.673818
99 5.72708
100 5.78511
101 5.828263
102 5.881138
103 5.930823
104 5.967181
105 6.005823
106 6.037634
107 6.071433
108 6.098721
109 6.127061
110 6.149647
111 6.173298
112 6.192484
113 6.217548
114 6.242404
115 6.280148
116 0.02214658
117 0.03558809
118 0.04675845
119 0.06044137
120 0.07059933
121 0.08210766
122 0.09446858
123 0.1038392
124 0.1150608
125 0.1253079
126 0.1324221
127 0.1392713
128 0.1453224
129 0.1488389
130 0.1518255
131 0.1538604
132 0.1550619
133 0.156279
134 0.1581534
135 0.160121
136 0.1635951
137 0.1673706
138 0.1752142
139 0.1850218
140 0.2041767
141 0.2244752
142 0.2505418
143 0.2866877
144 0.3242259
145 0.3775903
146 0.4468952
147 0.5176668
148 0.5896755
149 0.6784904
150 0.7537192
151 0.8436857
152 0.9470268
153 1.038609
154 1.128177
155 1.204414
156 1.31004
157 1.39741
158 1.495277
159 1.576459
160 1.661396
161 1.728789
162 1.797444
163 1.851303
164 1.905455
165 1.946773
166 1.987341
167 2.0184
168 2.049304
169 2.076085
170 2.095212
171 2.113246
172 2.128497
173 2.143406
174 2.155217
175 2.164083
176 2.171015
177 2.178028
178 2.183036
179 2.186928
180 2.187816
181 2.183742
182 2.168051
183 2.147655
184 2.120202
185 2.072715
186 2.021303
187 1.941706
188 1.872012
189 1.790846
190 1.713335
191 1.623783
192 1.541176
193 1.399743
194 1.280715
195 1.157673
196 1.022592
197 0.91948
198 0.8130625
199 0.7417275
200 0.6635033
201 0.6120134
202 0.5688522
203 0.5286534
204 0.498473
205 0.4780042
206 0.4606442
207 0.4499491
208 0.4431529
209 0.4394036
210 0.4396457
211 0.443124
212 0.448633
213 0.4579327
214 0.4684165
215 0.4830832
216 0.498262
217 0.5193626
218 0.5440361
219 0.5723378
220 0.6132417
221 0.6597757
222 0.7002581
223 0.7409696
224 0.7922943
225 0.8484622
226 0.9463978
227 1.008561
228 1.073821
229 1.158625
230 1.255207
231 1.352288
232 1.455567
233 1.560647
234 1.674521
235 1.783388
236 1.877065
237 1.954604
238 2.02643
239 2.099937
240 2.166368
241 2.219891
242 2.269122
243 2.326273
244 2.36969
245 2.406801
246 2.448588
247 2.479758
248 2.526482
249 2.568308
250 2.610704
251 2.653721
252 2.691933
253 2.736237
254 2.775632
255 2.82136
256 2.861743
257 2.907936
258 2.948428
259 2.994983
260 3.035509
261 3.081213
262 3.120743
263 3.16456
264 3.201812
265 3.242811
266 3.276876
267 3.313829
268 3.344491
269 3.37708
270 3.403805
271 3.432411
272 3.455632
273 3.480228
274 3.510708
275 3.531062
276 3.550041
277 3.568008
278 3.595449
279 3.611699
280 3.629316
281 3.642529
282 3.6593
283 3.674085
284 3.687027
285 3.703777
286 3.71876
287 3.733904
288 3.74919
289 3.762509
290 3.777612
291 3.790841
292 3.805979
293 3.819177
294 3.834248
295 3.847478
296 3.862582
297 3.875797
298 3.890979
299 3.90624
300 3.919687
301 3.933304
302 3.951083
303 3.96718
304 3.981623
305 3.998619
306 4.014025
307 4.032269
308 4.048766
309 4.068409
310 4.088716
311 4.109247
312 4.129753
313 4.147439
314 4.168552
315 4.191686
316 4.213446
317 4.236507
318 4.267843
319 4.292991
320 4.32182
321 4.347182
322 4.372617
323 4.401746
324 4.435966
325 4.469105
326 4.504401
327 4.53659
328 4.569656
329 4.608331
330 4.642712
331 4.681334
332 4.719301
333 4.765128
334 4.809992
335 4.851793
336 4.902272
337 4.946571
338 4.98953
339 5.042882
340 5.098579
341 5.144728
342 5.199965
343 5.264575
344 5.323952
345 5.384172
346 5.459499
347 5.526487
348 5.599892
349 5.65825
350 5.714959
351 5.763025
352 5.815343
353 5.865151
354 5.906194
355 5.950282
356 5.986085
357 6.024053
358 6.059378
359 6.091884
360 6.118097
361 6.145349
362 6.166889
363 6.189328
364 6.212331
365 6.237518
366 6.260183
367 6.275237
368 0.009427058
369 0.02255977
370 0.03520446
371 0.0475566
372 0.05815824
373 0.07018229
374 0.08066116
375 0.09241781
376 0.102381
377 0.1131214
378 0.1242285
379 0.1340579
380 0.1405836
381 0.1459042
382 0.1505774
383 0.1539541
384 0.1564696
385 0.1577109
386 0.1590731
387 0.1604324
388 0.1626036
389 0.1654389
390 0.1711106
391 0.1796631
392 0.1881281
393 0.2043365
394 0.2219878
395 0.2478446
396 0.2749995
397 0.3111062
398 0.3500518
399 0.4016372
400 0.4602199
401 0.5249233
402 0.5970037
403 0.675286
404 0.758823
405 0.8367749
406 0.9505577
407 1.041535
408 1.11975
409 1.207187
410 1.289408
411 1.401781
412 1.488985
413 1.583042
414 1.659143
415 1.737425
416 1.807226
417 1.861466
418 1.909371
419 1.956824
420 1.992362
421 2.027494
422 2.054378
423 2.083897
424 2.106885
425 2.123543
426 2.137681
427 2.151057
428 2.160887
429 2.168696
430 2.174903
431 2.181748
432 2.186446
433 2.187956
434 2.184915
435 2.171537
436 2.147442
437 2.114519
438 2.073332
439 2.012993
440 1.952361
441 1.864735
442 1.763791
443 1.675731
444 1.571136
445 1.474802
446 1.337411
447 1.215311
448 1.092821
449 0.975355
450 0.8652438
451 0.7793832
452 0.7043858
453 0.6404652
454 0.5931756
455 0.5491247
456 0.5184725
457 0.4912457
458 0.4730283
459 0.4565259
460 0.4481876
461 0.4434319
462 0.4417628
463 0.4431026
464 0.4473985
465 0.4547414
466 0.4634375
467 0.4758826
468 0.4888907
469 0.5040796
470 0.5277703
471 0.5498361
472 0.5784706
473 0.6200423
474 0.6771716
475 0.7185516
476 0.7660257
477 0.8190644
478 0.9151927
479 0.9774563
480 1.043151
481 1.122318
482 1.239247
483 1.330061
484 1.429297
485 1.543584
486 1.634482
487 1.732919
488 1.816202
489 1.885197
490 1.958251
491 2.017798
492 2.081226
493 2.139626
494 2.200402
495 2.257094
496 2.315643
497 2.359886
498 2.397757
499 2.440669
500 2.477991
501 2.520637
502 2.558053
503 2.601172
504 2.639274
505 2.683221
506 2.721979
507 2.766713
508 2.80639
509 2.852201
510 2.892254
511 2.943937
512 2.984328
513 3.030447
514 3.070137
515 3.11511
516 3.153425
517 3.196007
518 3.232111
519 3.276065
520 3.308641
521 3.339589
522 3.368621
523 3.395718
524 3.421191
525 3.448387
526 3.47054
527 3.505146
528 3.523291
529 3.540234
530 3.556396
531 3.571924
532 3.588996
533 3.609676
534 3.623691
535 3.641192
536 3.656497
537 3.669766
538 3.686649
539 3.699808
