0 0
1 -32.16173
1 -43.49173
1 -61.09
1 -78.29172
1 -93.05002
1 -107.7717
2 -32.16173
2 -43.49173
2 -61.09
2 -78.29172
2 -93.05002
2 -107.7717
3 -32.16173
3 -43.49173
3 -61.09
3 -78.29172
3 -93.05002
3 -107.7717
4 -32.16173
4 -43.49173
4 -61.09
4 -78.29172
4 -93.05002
4 -107.7717
5 -32.16173
5 -43.49173
5 -61.09
5 -78.29172
5 -93.05002
5 -107.7717
6 -32.16173
6 -43.49173
6 -61.09
6 -78.29172
6 -93.05002
6 -107.7717
7 -32.16173
7 -43.49173
7 -61.09
7 -78.29172
7 -93.05002
7 -107.7717
8 -32.16173
8 -43.49173
8 -61.09
8 -78.29172
8 -93.05002
8 -107.7717
9 -32.16173
9 -43.49173
9 -61.09
9 -78.29172
9 -93.05002
9 -107.7717
10 -32.16173
10 -43.49173
10 -61.09
10 -78.29172
10 -93.05002
10 -107.7717
11 -32.16173
11 -43.49173
11 -61.09
11 -78.29172
11 -93.05002
11 -107.7717
12 -43.49173
12 -61.09
12 -78.29172
12 -93.05002
12 -107.7717
12 -123.3917
13 -43.49173
13 -61.09
13 -78.29172
13 -93.05002
13 -107.7717
13 -123.3917
14 -43.49173
14 -61.09
14 -78.29172
14 -93.05002
14 -107.7717
14 -123.3917
15 -43.49173
15 -61.09
15 -78.29172
15 -93.05002
15 -107.7717
15 -123.3917
16 -43.49173
16 -61.09
16 -78.29172
16 -93.05002
16 -107.7717
16 -123.3917
17 -43.49173
17 -61.09
17 -78.29172
17 -93.05002
17 -107.7717
17 -123.3917
18 -43.49173
18 -61.09
18 -78.29172
18 -93.05002
18 -107.7717
18 -123.3917
19 -43.49173
19 -61.09
19 -78.29172
19 -93.05002
19 -107.7717
19 -123.3917
20 -43.49173
20 -61.09
20 -78.29172
20 -93.05002
20 -107.7717
20 -123.3917
21 -43.49173
21 -61.09
21 -78.29172
21 -93.05002
21 -107.7717
21 -123.3917
22 -43.49173
22 -61.09
22 -78.29172
22 -93.05002
22 -107.7717
22 -123.3917
23 -43.49173
23 -61.09
23 -78.29172
23 -93.05002
23 -107.7717
23 -123.3917
24 -43.49173
24 -61.09
24 -78.29172
24 -93.05002
24 -107.7717
24 -123.3917
25 -43.49173
25 -61.09
25 -78.29172
25 -93.05002
25 -107.7717
25 -123.3917
26 -61.09
26 -78.29172
26 -93.05002
26 -107.7717
26 -123.3917
26 -134.97
27 -61.09
27 -78.29172
27 -93.05002
27 -107.7717
27 -123.3917
27 -134.97
28 -61.09
28 -78.29172
28 -93.05002
28 -107.7717
28 -123.3917
28 -134.97
29 -61.09
29 -78.29172
29 -93.05002
29 -107.7717
29 -123.3917
29 -134.97
30 -61.09
30 -78.29172
30 -93.05002
30 -107.7717
30 -123.3917
30 -134.97
31 -61.09
31 -78.29172
31 -93.05002
31 -107.7717
31 -123.3917
31 -134.97
32 -61.09
32 -78.29172
32 -93.05002
32 -107.7717
32 -123.3917
32 -134.97
33 -61.09
33 -78.29172
33 -93.05002
33 -107.7717
33 -123.3917
33 -134.97
34 -61.09
34 -78.29172
34 -93.05002
34 -107.7717
34 -123.3917
34 -134.97
35 -78.29172
35 -93.05002
35 -107.7717
35 -123.3917
35 -134.97
35 -145.1165
36 -78.29172
36 -93.05002
36 -107.7717
36 -123.3917
36 -134.97
36 -145.1165
37 -78.29172
37 -93.05002
37 -107.7717
37 -123.3917
37 -134.97
37 -145.1165
38 -78.29172
38 -93.05002
38 -107.7717
38 -123.3917
38 -134.97
38 -145.1165
39 -78.29172
39 -93.05002
39 -107.7717
39 -123.3917
39 -134.97
39 -145.1165
40 -78.29172
40 -93.05002
40 -107.7717
40 -123.3917
40 -134.97
40 -145.1165
41 -93.05002
41 -107.7717
41 -123.3917
41 -134.97
41 -145.1165
41 -158.3417
42 -93.05002
42 -107.7717
42 -123.3917
42 -134.97
42 -145.1165
42 -158.3417
43 -93.05002
43 -107.7717
43 -123.3917
43 -134.97
43 -145.1165
43 -158.3417
44 -93.05002
44 -107.7717
44 -123.3917
44 -134.97
44 -145.1165
44 -158.3417
45 -93.05002
45 -107.7717
45 -123.3917
45 -134.97
45 -145.1165
45 -158.3417
46 -93.05002
46 -107.7717
46 -123.3917
46 -134.97
46 -145.1165
46 -158.3417
47 -107.7717
47 -123.3917
47 -134.97
47 -145.1165
47 -158.3417
47 -164.3164
48 -107.7717
48 -123.3917
48 -134.97
48 -145.1165
48 -158.3417
48 -164.3164
49 -107.7717
49 -123.3917
49 -134.97
49 -145.1165
49 -158.3417
49 -164.3164
50 -107.7717
50 -123.3917
50 -134.97
50 -145.1165
50 -158.3417
50 -164.3164
51 -107.7717
51 -123.3917
51 -134.97
51 -145.1165
51 -158.3417
51 -164.3164
52 -107.7717
52 -123.3917
52 -134.97
52 -145.1165
52 -158.3417
52 -164.3164
53 -123.3917
53 -134.97
53 -145.1165
53 -158.3417
53 -164.3164
53 -169.3365
54 -123.3917
54 -134.97
54 -145.1165
54 -158.3417
54 -164.3164
54 -169.3365
55 -123.3917
55 -134.97
55 -145.1165
55 -158.3417
55 -164.3164
55 -169.3365
56 -123.3917
56 -134.97
56 -145.1165
56 -158.3417
56 -164.3164
56 -169.3365
57 -123.3917
57 -134.97
57 -145.1165
57 -158.3417
57 -164.3164
57 -169.3365
58 -134.97
58 -145.1165
58 -158.3417
58 -164.3164
58 -169.3365
58 -175.4917
59 -134.97
59 -145.1165
59 -158.3417
59 -164.3164
59 -169.3365
59 -175.4917
60 -134.97
60 -145.1165
60 -158.3417
60 -164.3164
60 -169.3365
60 -175.4917
61 -134.97
61 -145.1165
61 -158.3417
61 -164.3164
61 -169.3365
61 -175.4917
62 -145.1165
62 -158.3417
62 -164.3164
62 -169.3365
62 -175.4917
62 -176.9617
63 -145.1165
63 -158.3417
63 -164.3164
63 -169.3365
63 -175.4917
63 -176.9617
64 -145.1165
64 -158.3417
64 -164.3164
64 -169.3365
64 -175.4917
64 -176.9617
65 -145.1165
65 -158.3417
65 -164.3164
65 -169.3365
65 -175.4917
65 -176.9617
66 -145.1165
66 -158.3417
66 -164.3164
66 -169.3365
66 -175.4917
66 -176.9617
67 -158.3417
67 -164.3164
67 -169.3365
67 -175.4917
67 -176.9617
67 -176.8864
68 -158.3417
68 -164.3164
68 -169.3365
68 -175.4917
68 -176.9617
68 -176.8864
69 -158.3417
69 -164.3164
69 -169.3365
69 -175.4917
69 -176.9617
69 -176.8864
70 -164.3164
70 -169.3365
70 -175.4917
70 -176.9617
70 -176.8864
70 -175.0817
71 -164.3164
71 -169.3365
71 -175.4917
71 -176.9617
71 -176.8864
71 -175.0817
72 -164.3164
72 -169.3365
72 -175.4917
72 -176.9617
72 -176.8864
72 -175.0817
73 -169.3365
73 -175.4917
73 -176.9617
73 -176.8864
73 -175.0817
73 -170.3617
74 -169.3365
74 -175.4917
74 -176.9617
74 -176.8864
74 -175.0817
74 -170.3617
75 -169.3365
75 -175.4917
75 -176.9617
75 -176.8864
75 -175.0817
75 -170.3617
76 -169.3365
76 -175.4917
76 -176.9617
76 -176.8864
76 -175.0817
76 -170.3617
77 -169.3365
77 -175.4917
77 -176.9617
77 -176.8864
77 -175.0817
77 -170.3617
78 -175.4917
78 -176.9617
78 -176.8864
78 -175.0817
78 -170.3617
78 -164.4217
79 -175.4917
79 -176.9617
79 -176.8864
79 -175.0817
79 -170.3617
79 -164.4217
80 -176.9617
80 -176.8864
80 -175.0817
80 -170.3617
80 -164.4217
80 -158.9417
81 -176.9617
81 -176.8864
81 -175.0817
81 -170.3617
81 -164.4217
81 -158.9417
82 -176.9617
82 -176.8864
82 -175.0817
82 -170.3617
82 -164.4217
82 -158.9417
83 -176.8864
83 -175.0817
83 -170.3617
83 -164.4217
83 -158.9417
83 -146.6317
84 -176.8864
84 -175.0817
84 -170.3617
84 -164.4217
84 -158.9417
84 -146.6317
85 -175.0817
85 -170.3617
85 -164.4217
85 -158.9417
85 -146.6317
85 -134.6765
86 -175.0817
86 -170.3617
86 -164.4217
86 -158.9417
86 -146.6317
86 -134.6765
87 -175.0817
87 -170.3617
87 -164.4217
87 -158.9417
87 -146.6317
87 -134.6765
88 -175.0817
88 -170.3617
88 -164.4217
88 -158.9417
88 -146.6317
88 -134.6765
89 -175.0817
89 -170.3617
89 -164.4217
89 -158.9417
89 -146.6317
89 -134.6765
90 -170.3617
90 -164.4217
90 -158.9417
90 -146.6317
90 -134.6765
90 -126.4965
91 -170.3617
91 -164.4217
91 -158.9417
91 -146.6317
91 -134.6765
91 -126.4965
92 -170.3617
92 -164.4217
92 -158.9417
92 -146.6317
92 -134.6765
92 -126.4965
93 -164.4217
93 -158.9417
93 -146.6317
93 -134.6765
93 -126.4965
93 -108.5617
94 -164.4217
94 -158.9417
94 -146.6317
94 -134.6765
94 -126.4965
94 -108.5617
95 -158.9417
95 -146.6317
95 -134.6765
95 -126.4965
95 -108.5617
95 -95.20645
96 -158.9417
96 -146.6317
96 -134.6765
96 -126.4965
96 -108.5617
96 -95.20645
97 -158.9417
97 -146.6317
97 -134.6765
97 -126.4965
97 -108.5617
97 -95.20645
98 -158.9417
98 -146.6317
98 -134.6765
98 -126.4965
98 -108.5617
98 -95.20645
99 -146.6317
99 -134.6765
99 -126.4965
99 -108.5617
99 -95.20645
99 -73.86172
100 -146.6317
100 -134.6765
100 -126.4965
100 -108.5617
100 -95.20645
100 -73.86172
101 -146.6317
101 -134.6765
101 -126.4965
101 -108.5617
101 -95.20645
101 -73.86172
102 -134.6765
102 -126.4965
102 -108.5617
102 -95.20645
102 -73.86172
102 -42.38173
103 -134.6765
103 -126.4965
103 -108.5617
103 -95.20645
103 -73.86172
103 -42.38173
104 -126.4965
104 -108.5617
104 -95.20645
104 -73.86172
104 -42.38173
104 -24.50172
105 -126.4965
105 -108.5617
105 -95.20645
105 -73.86172
105 -42.38173
105 -24.50172
106 -126.4965
106 -108.5617
106 -95.20645
106 -73.86172
106 -42.38173
106 -24.50172
107 -126.4965
107 -108.5617
107 -95.20645
107 -73.86172
107 -42.38173
107 -24.50172
108 -126.4965
108 -108.5617
108 -95.20645
108 -73.86172
108 -42.38173
108 -24.50172
109 -108.5617
109 -95.20645
109 -73.86172
109 -42.38173
109 -24.50172
109 2.908264
110 -108.5617
110 -95.20645
110 -73.86172
110 -42.38173
110 -24.50172
110 2.908264
111 -108.5617
111 -95.20645
111 -73.86172
111 -42.38173
111 -24.50172
111 2.908264
112 -95.20645
112 -73.86172
112 -42.38173
112 -24.50172
112 2.908264
112 22.10828
113 -95.20645
113 -73.86172
113 -42.38173
113 -24.50172
113 2.908264
113 22.10828
114 -95.20645
114 -73.86172
114 -42.38173
114 -24.50172
114 2.908264
114 22.10828
115 -73.86172
115 -42.38173
115 -24.50172
115 2.908264
115 22.10828
115 47.20827
116 -73.86172
116 -42.38173
116 -24.50172
116 2.908264
116 22.10828
116 47.20827
117 -73.86172
117 -42.38173
117 -24.50172
117 2.908264
117 22.10828
117 47.20827
118 -73.86172
118 -42.38173
118 -24.50172
118 2.908264
118 22.10828
118 47.20827
119 -73.86172
119 -42.38173
119 -24.50172
119 2.908264
119 22.10828
119 47.20827
120 -42.38173
120 -24.50172
120 2.908264
120 22.10828
120 47.20827
120 75.06355
121 -42.38173
121 -24.50172
121 2.908264
121 22.10828
121 47.20827
121 75.06355
122 -42.38173
122 -24.50172
122 2.908264
122 22.10828
122 47.20827
122 75.06355
123 -24.50172
123 2.908264
123 22.10828
123 47.20827
123 75.06355
123 91.19354
124 -24.50172
124 2.908264
124 22.10828
124 47.20827
124 75.06355
124 91.19354
125 -24.50172
125 2.908264
125 22.10828
125 47.20827
125 75.06355
125 91.19354
126 -24.50172
126 2.908264
126 22.10828
126 47.20827
126 75.06355
126 91.19354
127 -24.50172
127 2.908264
127 22.10828
127 47.20827
127 75.06355
127 91.19354
128 2.908264
128 22.10828
128 47.20827
128 75.06355
128 91.19354
128 107.3083
129 2.908264
129 22.10828
129 47.20827
129 75.06355
129 91.19354
129 107.3083
130 2.908264
130 22.10828
130 47.20827
130 75.06355
130 91.19354
130 107.3083
131 22.10828
131 47.20827
131 75.06355
131 91.19354
131 107.3083
131 114.2635
132 22.10828
132 47.20827
132 75.06355
132 91.19354
132 107.3083
132 114.2635
133 22.10828
133 47.20827
133 75.06355
133 91.19354
133 107.3083
133 114.2635
134 22.10828
134 47.20827
134 75.06355
134 91.19354
134 107.3083
134 114.2635
135 22.10828
135 47.20827
135 75.06355
135 91.19354
135 107.3083
135 114.2635
136 47.20827
136 75.06355
136 91.19354
136 107.3083
136 114.2635
136 122.5583
137 47.20827
137 75.06355
137 91.19354
137 107.3083
137 114.2635
137 122.5583
138 47.20827
138 75.06355
138 91.19354
138 107.3083
138 114.2635
138 122.5583
139 47.20827
139 75.06355
139 91.19354
139 107.3083
139 114.2635
139 122.5583
140 75.06355
140 91.19354
140 107.3083
140 114.2635
140 122.5583
140 126.6183
141 75.06355
141 91.19354
141 107.3083
141 114.2635
141 122.5583
141 126.6183
142 75.06355
142 91.19354
142 107.3083
142 114.2635
142 122.5583
142 126.6183
143 91.19354
143 107.3083
143 114.2635
143 122.5583
143 126.6183
143 129.1083
144 91.19354
144 107.3083
144 114.2635
144 122.5583
144 126.6183
144 129.1083
145 91.19354
145 107.3083
145 114.2635
145 122.5583
145 126.6183
145 129.1083
146 107.3083
146 114.2635
146 122.5583
146 126.6183
146 129.1083
146 129.1283
147 107.3083
147 114.2635
147 122.5583
147 126.6183
147 129.1083
147 129.1283
148 114.2635
148 122.5583
148 126.6183
148 129.1083
148 129.1283
148 126.8983
149 114.2635
149 122.5583
149 126.6183
149 129.1083
149 129.1283
149 126.8983
150 114.2635
150 122.5583
150 126.6183
150 129.1083
150 129.1283
150 126.8983
151 122.5583
151 126.6183
151 129.1083
151 129.1283
151 126.8983
151 122.3383
152 122.5583
152 126.6183
152 129.1083
152 129.1283
152 126.8983
152 122.3383
153 126.6183
153 129.1083
153 129.1283
153 126.8983
153 122.3383
153 117.2083
154 126.6183
154 129.1083
154 129.1283
154 126.8983
154 122.3383
154 117.2083
155 126.6183
155 129.1083
155 129.1283
155 126.8983
155 122.3383
155 117.2083
156 126.6183
156 129.1083
156 129.1283
156 126.8983
156 122.3383
156 117.2083
157 129.1083
157 129.1283
157 126.8983
157 122.3383
157 117.2083
157 98.34827
158 129.1083
158 129.1283
158 126.8983
158 122.3383
158 117.2083
158 98.34827
159 129.1083
159 129.1283
159 126.8983
159 122.3383
159 117.2083
159 98.34827
160 129.1083
160 129.1283
160 126.8983
160 122.3383
160 117.2083
160 98.34827
161 129.1283
161 126.8983
161 122.3383
161 117.2083
161 98.34827
161 83.63827
162 129.1283
162 126.8983
162 122.3383
162 117.2083
162 98.34827
162 83.63827
163 129.1283
163 126.8983
163 122.3383
163 117.2083
163 98.34827
163 83.63827
164 129.1283
164 126.8983
164 122.3383
164 117.2083
164 98.34827
164 83.63827
165 126.8983
165 122.3383
165 117.2083
165 98.34827
165 83.63827
165 79.68355
166 126.8983
166 122.3383
166 117.2083
166 98.34827
166 83.63827
166 79.68355
167 126.8983
167 122.3383
167 117.2083
167 98.34827
167 83.63827
167 79.68355
168 122.3383
168 117.2083
168 98.34827
168 83.63827
168 79.68355
168 78.52827
169 122.3383
169 117.2083
169 98.34827
169 83.63827
169 79.68355
169 78.52827
170 122.3383
170 117.2083
170 98.34827
170 83.63827
170 79.68355
170 78.52827
171 122.3383
171 117.2083
171 98.34827
171 83.63827
171 79.68355
171 78.52827
172 117.2083
172 98.34827
172 83.63827
172 79.68355
172 78.52827
172 77.04827
173 117.2083
173 98.34827
173 83.63827
173 79.68355
173 78.52827
173 77.04827
174 117.2083
174 98.34827
174 83.63827
174 79.68355
174 78.52827
174 77.04827
175 117.2083
175 98.34827
175 83.63827
175 79.68355
175 78.52827
175 77.04827
176 117.2083
176 98.34827
176 83.63827
176 79.68355
176 78.52827
176 77.04827
177 117.2083
177 98.34827
177 83.63827
177 79.68355
177 78.52827
177 77.04827
178 117.2083
178 98.34827
178 83.63827
178 79.68355
178 78.52827
178 77.04827
179 117.2083
179 98.34827
179 83.63827
179 79.68355
179 78.52827
179 77.04827
180 98.34827
180 83.63827
180 79.68355
180 78.52827
180 77.04827
180 77.87827
181 98.34827
181 83.63827
181 79.68355
181 78.52827
181 77.04827
181 77.87827
182 98.34827
182 83.63827
182 79.68355
182 78.52827
182 77.04827
182 77.87827
183 98.34827
183 83.63827
183 79.68355
183 78.52827
183 77.04827
183 77.87827
184 98.34827
184 83.63827
184 79.68355
184 78.52827
184 77.04827
184 77.87827
185 83.63827
185 79.68355
185 78.52827
185 77.04827
185 77.87827
185 81.37827
186 83.63827
186 79.68355
186 78.52827
186 77.04827
186 77.87827
186 81.37827
187 79.68355
187 78.52827
187 77.04827
187 77.87827
187 81.37827
187 88.33827
188 79.68355
188 78.52827
188 77.04827
188 77.87827
188 81.37827
188 88.33827
189 78.52827
189 77.04827
189 77.87827
189 81.37827
189 88.33827
189 95.31827
190 78.52827
190 77.04827
190 77.87827
190 81.37827
190 88.33827
190 95.31827
191 77.04827
191 77.87827
191 81.37827
191 88.33827
191 95.31827
191 102.9283
192 77.04827
192 77.87827
192 81.37827
192 88.33827
192 95.31827
192 102.9283
193 77.87827
193 81.37827
193 88.33827
193 95.31827
193 102.9283
193 118.5435
194 77.87827
194 81.37827
194 88.33827
194 95.31827
194 102.9283
194 118.5435
195 77.87827
195 81.37827
195 88.33827
195 95.31827
195 102.9283
195 118.5435
196 81.37827
196 88.33827
196 95.31827
196 102.9283
196 118.5435
196 133.2435
197 81.37827
197 88.33827
197 95.31827
197 102.9283
197 118.5435
197 133.2435
198 81.37827
198 88.33827
198 95.31827
198 102.9283
198 118.5435
198 133.2435
199 81.37827
199 88.33827
199 95.31827
199 102.9283
199 118.5435
199 133.2435
200 88.33827
200 95.31827
200 102.9283
200 118.5435
200 133.2435
200 156.5083
201 88.33827
201 95.31827
201 102.9283
201 118.5435
201 133.2435
201 156.5083
202 88.33827
202 95.31827
202 102.9283
202 118.5435
202 133.2435
202 156.5083
203 95.31827
203 102.9283
203 118.5435
203 133.2435
203 156.5083
203 164.2383
204 95.31827
204 102.9283
204 118.5435
204 133.2435
204 156.5083
204 164.2383
205 95.31827
205 102.9283
205 118.5435
205 133.2435
205 156.5083
205 164.2383
206 102.9283
206 118.5435
206 133.2435
206 156.5083
206 164.2383
206 170.2883
207 102.9283
207 118.5435
207 133.2435
207 156.5083
207 164.2383
207 170.2883
208 102.9283
208 118.5435
208 133.2435
208 156.5083
208 164.2383
208 170.2883
209 102.9283
209 118.5435
209 133.2435
209 156.5083
209 164.2383
209 170.2883
210 102.9283
210 118.5435
210 133.2435
210 156.5083
210 164.2383
210 170.2883
211 118.5435
211 133.2435
211 156.5083
211 164.2383
211 170.2883
211 176.0983
212 118.5435
212 133.2435
212 156.5083
212 164.2383
212 170.2883
212 176.0983
213 118.5435
213 133.2435
213 156.5083
213 164.2383
213 170.2883
213 176.0983
214 118.5435
214 133.2435
214 156.5083
214 164.2383
214 170.2883
214 176.0983
215 133.2435
215 156.5083
215 164.2383
215 170.2883
215 176.0983
215 178.1583
216 133.2435
216 156.5083
216 164.2383
216 170.2883
216 176.0983
216 178.1583
217 133.2435
217 156.5083
217 164.2383
217 170.2883
217 176.0983
217 178.1583
218 133.2435
218 156.5083
218 164.2383
218 170.2883
218 176.0983
218 178.1583
219 133.2435
219 156.5083
219 164.2383
219 170.2883
219 176.0983
219 178.1583
220 133.2435
220 156.5083
220 164.2383
220 170.2883
220 176.0983
220 178.1583
221 156.5083
221 164.2383
221 170.2883
221 176.0983
221 178.1583
221 179.4383
222 156.5083
222 164.2383
222 170.2883
222 176.0983
222 178.1583
222 179.4383
223 164.2383
223 170.2883
223 176.0983
223 178.1583
223 179.4383
223 179.3083
224 164.2383
224 170.2883
224 176.0983
224 178.1583
224 179.4383
224 179.3083
225 164.2383
225 170.2883
225 176.0983
225 178.1583
225 179.4383
225 179.3083
226 170.2883
226 176.0983
226 178.1583
226 179.4383
226 179.3083
226 177.7183
227 170.2883
227 176.0983
227 178.1583
227 179.4383
227 179.3083
227 177.7183
228 176.0983
228 178.1583
228 179.4383
228 179.3083
228 177.7183
228 172.4083
229 176.0983
229 178.1583
229 179.4383
229 179.3083
229 177.7183
229 172.4083
230 178.1583
230 179.4383
230 179.3083
230 177.7183
230 172.4083
230 165.5735
231 178.1583
231 179.4383
231 179.3083
231 177.7183
231 172.4083
231 165.5735
232 179.4383
232 179.3083
232 177.7183
232 172.4083
232 165.5735
232 160.3583
233 179.4383
233 179.3083
233 177.7183
233 172.4083
233 165.5735
233 160.3583
234 179.3083
234 177.7183
234 172.4083
234 165.5735
234 160.3583
234 150.8283
235 179.3083
235 177.7183
235 172.4083
235 165.5735
235 160.3583
235 150.8283
236 177.7183
236 172.4083
236 165.5735
236 160.3583
236 150.8283
236 144.6183
237 177.7183
237 172.4083
237 165.5735
237 160.3583
237 150.8283
237 144.6183
238 177.7183
238 172.4083
238 165.5735
238 160.3583
238 150.8283
238 144.6183
239 177.7183
239 172.4083
239 165.5735
239 160.3583
239 150.8283
239 144.6183
240 172.4083
240 165.5735
240 160.3583
240 150.8283
240 144.6183
240 134.5383
241 172.4083
241 165.5735
241 160.3583
241 150.8283
241 144.6183
241 134.5383
242 172.4083
242 165.5735
242 160.3583
242 150.8283
242 144.6183
242 134.5383
243 165.5735
243 160.3583
243 150.8283
243 144.6183
243 134.5383
243 127.2283
244 165.5735
244 160.3583
244 150.8283
244 144.6183
244 134.5383
244 127.2283
245 160.3583
245 150.8283
245 144.6183
245 134.5383
245 127.2283
245 114.8083
246 160.3583
246 150.8283
246 144.6183
246 134.5383
246 127.2283
246 114.8083
247 160.3583
247 150.8283
247 144.6183
247 134.5383
247 127.2283
247 114.8083
248 150.8283
248 144.6183
248 134.5383
248 127.2283
248 114.8083
248 103.8935
249 150.8283
249 144.6183
249 134.5383
249 127.2283
249 114.8083
249 103.8935
250 144.6183
250 134.5383
250 127.2283
250 114.8083
250 103.8935
250 94.21827
251 144.6183
251 134.5383
251 127.2283
251 114.8083
251 103.8935
251 94.21827
252 144.6183
252 134.5383
252 127.2283
252 114.8083
252 103.8935
252 94.21827
253 134.5383
253 127.2283
253 114.8083
253 103.8935
253 94.21827
253 85.37355
254 134.5383
254 127.2283
254 114.8083
254 103.8935
254 94.21827
254 85.37355
255 127.2283
255 114.8083
255 103.8935
255 94.21827
255 85.37355
255 70.40827
256 127.2283
256 114.8083
256 103.8935
256 94.21827
256 85.37355
256 70.40827
257 127.2283
257 114.8083
257 103.8935
257 94.21827
257 85.37355
257 70.40827
258 114.8083
258 103.8935
258 94.21827
258 85.37355
258 70.40827
258 61.24355
259 114.8083
259 103.8935
259 94.21827
259 85.37355
259 70.40827
259 61.24355
260 103.8935
260 94.21827
260 85.37355
260 70.40827
260 61.24355
260 45.30827
261 103.8935
261 94.21827
261 85.37355
261 70.40827
261 61.24355
261 45.30827
262 94.21827
262 85.37355
262 70.40827
262 61.24355
262 45.30827
262 36.03354
263 94.21827
263 85.37355
263 70.40827
263 61.24355
263 45.30827
263 36.03354
264 85.37355
264 70.40827
264 61.24355
264 45.30827
264 36.03354
264 15.90826
265 85.37355
265 70.40827
265 61.24355
265 45.30827
265 36.03354
265 15.90826
266 85.37355
266 70.40827
266 61.24355
266 45.30827
266 36.03354
266 15.90826
267 85.37355
267 70.40827
267 61.24355
267 45.30827
267 36.03354
267 15.90826
268 70.40827
268 61.24355
268 45.30827
268 36.03354
268 15.90826
268 5.64827
269 61.24355
269 45.30827
269 36.03354
269 15.90826
269 5.64827
269 -9.99173
270 61.24355
270 45.30827
270 36.03354
270 15.90826
270 5.64827
270 -9.99173
271 61.24355
271 45.30827
271 36.03354
271 15.90826
271 5.64827
271 -9.99173
272 61.24355
272 45.30827
272 36.03354
272 15.90826
272 5.64827
272 -9.99173
273 45.30827
273 36.03354
273 15.90826
273 5.64827
273 -9.99173
273 -24.01645
274 36.03354
274 15.90826
274 5.64827
274 -9.99173
274 -24.01645
274 -32.16173
275 36.03354
275 15.90826
275 5.64827
275 -9.99173
275 -24.01645
275 -32.16173
276 36.03354
276 15.90826
276 5.64827
276 -9.99173
276 -24.01645
276 -32.16173
277 36.03354
277 15.90826
277 5.64827
277 -9.99173
277 -24.01645
277 -32.16173
278 15.90826
278 5.64827
278 -9.99173
278 -24.01645
278 -32.16173
278 -43.49173
279 5.64827
279 -9.99173
279 -24.01645
279 -32.16173
279 -43.49173
279 -61.09
280 5.64827
280 -9.99173
280 -24.01645
280 -32.16173
280 -43.49173
280 -61.09
281 5.64827
281 -9.99173
281 -24.01645
281 -32.16173
281 -43.49173
281 -61.09
282 -9.99173
282 -24.01645
282 -32.16173
282 -43.49173
282 -61.09
282 -78.29172
283 -9.99173
283 -24.01645
283 -32.16173
283 -43.49173
283 -61.09
283 -78.29172
284 -9.99173
284 -24.01645
284 -32.16173
284 -43.49173
284 -61.09
284 -78.29172
285 -24.01645
285 -32.16173
285 -43.49173
285 -61.09
285 -78.29172
285 -93.05002
286 -24.01645
286 -32.16173
286 -43.49173
286 -61.09
286 -78.29172
286 -93.05002
287 -32.16173
287 -43.49173
287 -61.09
287 -78.29172
287 -93.05002
287 -107.7717
288 -32.16173
288 -43.49173
288 -61.09
288 -78.29172
288 -93.05002
288 -107.7717
289 -43.49173
289 -61.09
289 -78.29172
289 -93.05002
289 -107.7717
289 -123.3917
290 -43.49173
290 -61.09
290 -78.29172
290 -93.05002
290 -107.7717
290 -123.3917
291 -43.49173
291 -61.09
291 -78.29172
291 -93.05002
291 -107.7717
291 -123.3917
292 -43.49173
292 -61.09
292 -78.29172
292 -93.05002
292 -107.7717
292 -123.3917
293 -61.09
293 -78.29172
293 -93.05002
293 -107.7717
293 -123.3917
293 -134.97
294 -61.09
294 -78.29172
294 -93.05002
294 -107.7717
294 -123.3917
294 -134.97
295 -61.09
295 -78.29172
295 -93.05002
295 -107.7717
295 -123.3917
295 -134.97
296 -78.29172
296 -93.05002
296 -107.7717
296 -123.3917
296 -134.97
296 -145.1165
297 -78.29172
297 -93.05002
297 -107.7717
297 -123.3917
297 -134.97
297 -145.1165
298 -78.29172
298 -93.05002
298 -107.7717
298 -123.3917
298 -134.97
298 -145.1165
299 -78.29172
299 -93.05002
299 -107.7717
299 -123.3917
299 -134.97
299 -145.1165
300 -93.05002
300 -107.7717
300 -123.3917
300 -134.97
300 -145.1165
300 -158.3417
301 -93.05002
301 -107.7717
301 -123.3917
301 -134.97
301 -145.1165
301 -158.3417
302 -93.05002
302 -107.7717
302 -123.3917
302 -134.97
302 -145.1165
302 -158.3417
303 -107.7717
303 -123.3917
303 -134.97
303 -145.1165
303 -158.3417
303 -164.3164
304 -107.7717
304 -123.3917
304 -134.97
304 -145.1165
304 -158.3417
304 -164.3164
305 -107.7717
305 -123.3917
305 -134.97
305 -145.1165
305 -158.3417
305 -164.3164
306 -107.7717
306 -123.3917
306 -134.97
306 -145.1165
306 -158.3417
306 -164.3164
307 -123.3917
307 -134.97
307 -145.1165
307 -158.3417
307 -164.3164
307 -169.3365
308 -123.3917
308 -134.97
308 -145.1165
308 -158.3417
308 -164.3164
308 -169.3365
309 -123.3917
309 -134.97
309 -145.1165
309 -158.3417
309 -164.3164
309 -169.3365
310 -134.97
310 -145.1165
310 -158.3417
310 -164.3164
310 -169.3365
310 -175.4917
311 -134.97
311 -145.1165
311 -158.3417
311 -164.3164
311 -169.3365
311 -175.4917
312 -134.97
312 -145.1165
312 -158.3417
312 -164.3164
312 -169.3365
312 -175.4917
313 -145.1165
313 -158.3417
313 -164.3164
313 -169.3365
313 -175.4917
313 -176.9617
314 -145.1165
314 -158.3417
314 -164.3164
314 -169.3365
314 -175.4917
314 -176.9617
315 -145.1165
315 -158.3417
315 -164.3164
315 -169.3365
315 -175.4917
315 -176.9617
316 -145.1165
316 -158.3417
316 -164.3164
316 -169.3365
316 -175.4917
316 -176.9617
317 -158.3417
317 -164.3164
317 -169.3365
317 -175.4917
317 -176.9617
317 -176.8864
318 -158.3417
318 -164.3164
318 -169.3365
318 -175.4917
318 -176.9617
318 -176.8864
319 -158.3417
319 -164.3164
319 -169.3365
319 -175.4917
319 -176.9617
319 -176.8864
320 -164.3164
320 -169.3365
320 -175.4917
320 -176.9617
320 -176.8864
320 -175.0817
321 -164.3164
321 -169.3365
321 -175.4917
321 -176.9617
321 -176.8864
321 -175.0817
322 -164.3164
322 -169.3365
322 -175.4917
322 -176.9617
322 -176.8864
322 -175.0817
323 -169.3365
323 -175.4917
323 -176.9617
323 -176.8864
323 -175.0817
323 -170.3617
324 -169.3365
324 -175.4917
324 -176.9617
324 -176.8864
324 -175.0817
324 -170.3617
325 -169.3365
325 -175.4917
325 -176.9617
325 -176.8864
325 -175.0817
325 -170.3617
326 -169.3365
326 -175.4917
326 -176.9617
326 -176.8864
326 -175.0817
326 -170.3617
327 -169.3365
327 -175.4917
327 -176.9617
327 -176.8864
327 -175.0817
327 -170.3617
328 -175.4917
328 -176.9617
328 -176.8864
328 -175.0817
328 -170.3617
328 -164.4217
329 -175.4917
329 -176.9617
329 -176.8864
329 -175.0817
329 -170.3617
329 -164.4217
330 -175.4917
330 -176.9617
330 -176.8864
330 -175.0817
330 -170.3617
330 -164.4217
331 -176.9617
331 -176.8864
331 -175.0817
331 -170.3617
331 -164.4217
331 -158.9417
332 -176.9617
332 -176.8864
332 -175.0817
332 -170.3617
332 -164.4217
332 -158.9417
333 -176.9617
333 -176.8864
333 -175.0817
333 -170.3617
333 -164.4217
333 -158.9417
334 -176.8864
334 -175.0817
334 -170.3617
334 -164.4217
334 -158.9417
334 -146.6317
335 -176.8864
335 -175.0817
335 -170.3617
335 -164.4217
335 -158.9417
335 -146.6317
336 -176.8864
336 -175.0817
336 -170.3617
336 -164.4217
336 -158.9417
336 -146.6317
337 -175.0817
337 -170.3617
337 -164.4217
337 -158.9417
337 -146.6317
337 -134.6765
338 -175.0817
338 -170.3617
338 -164.4217
338 -158.9417
338 -146.6317
338 -134.6765
339 -175.0817
339 -170.3617
339 -164.4217
339 -158.9417
339 -146.6317
339 -134.6765
340 -175.0817
340 -170.3617
340 -164.4217
340 -158.9417
340 -146.6317
340 -134.6765
341 -175.0817
341 -170.3617
341 -164.4217
341 -158.9417
341 -146.6317
341 -134.6765
342 -170.3617
342 -164.4217
342 -158.9417
342 -146.6317
342 -134.6765
342 -126.4965
343 -170.3617
343 -164.4217
343 -158.9417
343 -146.6317
343 -134.6765
343 -126.4965
344 -170.3617
344 -164.4217
344 -158.9417
344 -146.6317
344 -134.6765
344 -126.4965
345 -164.4217
345 -158.9417
345 -146.6317
345 -134.6765
345 -126.4965
345 -108.5617
346 -164.4217
346 -158.9417
346 -146.6317
346 -134.6765
346 -126.4965
346 -108.5617
347 -158.9417
347 -146.6317
347 -134.6765
347 -126.4965
347 -108.5617
347 -95.20645
348 -158.9417
348 -146.6317
348 -134.6765
348 -126.4965
348 -108.5617
348 -95.20645
349 -158.9417
349 -146.6317
349 -134.6765
349 -126.4965
349 -108.5617
349 -95.20645
350 -146.6317
350 -134.6765
350 -126.4965
350 -108.5617
350 -95.20645
350 -73.86172
351 -146.6317
351 -134.6765
351 -126.4965
351 -108.5617
351 -95.20645
351 -73.86172
352 -146.6317
352 -134.6765
352 -126.4965
352 -108.5617
352 -95.20645
352 -73.86172
353 -146.6317
353 -134.6765
353 -126.4965
353 -108.5617
353 -95.20645
353 -73.86172
354 -134.6765
354 -126.4965
354 -108.5617
354 -95.20645
354 -73.86172
354 -42.38173
355 -134.6765
355 -126.4965
355 -108.5617
355 -95.20645
355 -73.86172
355 -42.38173
356 -126.4965
356 -108.5617
356 -95.20645
356 -73.86172
356 -42.38173
356 -24.50172
357 -126.4965
357 -108.5617
357 -95.20645
357 -73.86172
357 -42.38173
357 -24.50172
358 -126.4965
358 -108.5617
358 -95.20645
358 -73.86172
358 -42.38173
358 -24.50172
359 -126.4965
359 -108.5617
359 -95.20645
359 -73.86172
359 -42.38173
359 -24.50172
360 -108.5617
360 -95.20645
360 -73.86172
360 -42.38173
360 -24.50172
360 2.908264
361 -108.5617
361 -95.20645
361 -73.86172
361 -42.38173
361 -24.50172
361 2.908264
362 -108.5617
362 -95.20645
362 -73.86172
362 -42.38173
362 -24.50172
362 2.908264
363 -95.20645
363 -73.86172
363 -42.38173
363 -24.50172
363 2.908264
363 22.10828
364 -95.20645
364 -73.86172
364 -42.38173
364 -24.50172
364 2.908264
364 22.10828
365 -95.20645
365 -73.86172
365 -42.38173
365 -24.50172
365 2.908264
365 22.10828
366 -95.20645
366 -73.86172
366 -42.38173
366 -24.50172
366 2.908264
366 22.10828
367 -73.86172
367 -42.38173
367 -24.50172
367 2.908264
367 22.10828
367 47.20827
368 -73.86172
368 -42.38173
368 -24.50172
368 2.908264
368 22.10828
368 47.20827
369 -73.86172
369 -42.38173
369 -24.50172
369 2.908264
369 22.10828
369 47.20827
370 -73.86172
370 -42.38173
370 -24.50172
370 2.908264
370 22.10828
370 47.20827
371 -73.86172
371 -42.38173
371 -24.50172
371 2.908264
371 22.10828
371 47.20827
372 -42.38173
372 -24.50172
372 2.908264
372 22.10828
372 47.20827
372 75.06355
373 -42.38173
373 -24.50172
373 2.908264
373 22.10828
373 47.20827
373 75.06355
374 -42.38173
374 -24.50172
374 2.908264
374 22.10828
374 47.20827
374 75.06355
375 -42.38173
375 -24.50172
375 2.908264
375 22.10828
375 47.20827
375 75.06355
376 -24.50172
376 2.908264
376 22.10828
376 47.20827
376 75.06355
376 91.19354
377 -24.50172
377 2.908264
377 22.10828
377 47.20827
377 75.06355
377 91.19354
378 -24.50172
378 2.908264
378 22.10828
378 47.20827
378 75.06355
378 91.19354
379 -24.50172
379 2.908264
379 22.10828
379 47.20827
379 75.06355
379 91.19354
380 -24.50172
380 2.908264
380 22.10828
380 47.20827
380 75.06355
380 91.19354
381 2.908264
381 22.10828
381 47.20827
381 75.06355
381 91.19354
381 107.3083
382 2.908264
382 22.10828
382 47.20827
382 75.06355
382 91.19354
382 107.3083
383 2.908264
383 22.10828
383 47.20827
383 75.06355
383 91.19354
383 107.3083
384 22.10828
384 47.20827
384 75.06355
384 91.19354
384 107.3083
384 114.2635
385 22.10828
385 47.20827
385 75.06355
385 91.19354
385 107.3083
385 114.2635
386 22.10828
386 47.20827
386 75.06355
386 91.19354
386 107.3083
386 114.2635
387 22.10828
387 47.20827
387 75.06355
387 91.19354
387 107.3083
387 114.2635
388 47.20827
388 75.06355
388 91.19354
388 107.3083
388 114.2635
388 122.5583
389 47.20827
389 75.06355
389 91.19354
389 107.3083
389 114.2635
389 122.5583
390 47.20827
390 75.06355
390 91.19354
390 107.3083
390 114.2635
390 122.5583
391 47.20827
391 75.06355
391 91.19354
391 107.3083
391 114.2635
391 122.5583
392 47.20827
392 75.06355
392 91.19354
392 107.3083
392 114.2635
392 122.5583
393 75.06355
393 91.19354
393 107.3083
393 114.2635
393 122.5583
393 126.6183
394 75.06355
394 91.19354
394 107.3083
394 114.2635
394 122.5583
394 126.6183
395 75.06355
395 91.19354
395 107.3083
395 114.2635
395 122.5583
395 126.6183
396 91.19354
396 107.3083
396 114.2635
396 122.5583
396 126.6183
396 129.1083
397 91.19354
397 107.3083
397 114.2635
397 122.5583
397 126.6183
397 129.1083
398 91.19354
398 107.3083
398 114.2635
398 122.5583
398 126.6183
398 129.1083
399 91.19354
399 107.3083
399 114.2635
399 122.5583
399 126.6183
399 129.1083
400 107.3083
400 114.2635
400 122.5583
400 126.6183
400 129.1083
400 129.1283
401 107.3083
401 114.2635
401 122.5583
401 126.6183
401 129.1083
401 129.1283
402 114.2635
402 122.5583
402 126.6183
402 129.1083
402 129.1283
402 126.8983
403 114.2635
403 122.5583
403 126.6183
403 129.1083
403 129.1283
403 126.8983
404 114.2635
404 122.5583
404 126.6183
404 129.1083
404 129.1283
404 126.8983
405 122.5583
405 126.6183
405 129.1083
405 129.1283
405 126.8983
405 122.3383
406 122.5583
406 126.6183
406 129.1083
406 129.1283
406 126.8983
406 122.3383
407 126.6183
407 129.1083
407 129.1283
407 126.8983
407 122.3383
407 117.2083
408 126.6183
408 129.1083
408 129.1283
408 126.8983
408 122.3383
408 117.2083
409 126.6183
409 129.1083
409 129.1283
409 126.8983
409 122.3383
409 117.2083
410 126.6183
410 129.1083
410 129.1283
410 126.8983
410 122.3383
410 117.2083
411 129.1083
411 129.1283
411 126.8983
411 122.3383
411 117.2083
411 98.34827
412 129.1083
412 129.1283
412 126.8983
412 122.3383
412 117.2083
412 98.34827
413 129.1083
413 129.1283
413 126.8983
413 122.3383
413 117.2083
413 98.34827
414 129.1083
414 129.1283
414 126.8983
414 122.3383
414 117.2083
414 98.34827
415 129.1283
415 126.8983
415 122.3383
415 117.2083
415 98.34827
415 83.63827
416 129.1283
416 126.8983
416 122.3383
416 117.2083
416 98.34827
416 83.63827
417 129.1283
417 126.8983
417 122.3383
417 117.2083
417 98.34827
417 83.63827
418 129.1283
418 126.8983
418 122.3383
418 117.2083
418 98.34827
418 83.63827
419 126.8983
419 122.3383
419 117.2083
419 98.34827
419 83.63827
419 79.68355
420 126.8983
420 122.3383
420 117.2083
420 98.34827
420 83.63827
420 79.68355
421 126.8983
421 122.3383
421 117.2083
421 98.34827
421 83.63827
421 79.68355
422 122.3383
422 117.2083
422 98.34827
422 83.63827
422 79.68355
422 78.52827
423 122.3383
423 117.2083
423 98.34827
423 83.63827
423 79.68355
423 78.52827
424 122.3383
424 117.2083
424 98.34827
424 83.63827
424 79.68355
424 78.52827
425 117.2083
425 98.34827
425 83.63827
425 79.68355
425 78.52827
425 77.04827
426 117.2083
426 98.34827
426 83.63827
426 79.68355
426 78.52827
426 77.04827
427 117.2083
427 98.34827
427 83.63827
427 79.68355
427 78.52827
427 77.04827
428 117.2083
428 98.34827
428 83.63827
428 79.68355
428 78.52827
428 77.04827
429 117.2083
429 98.34827
429 83.63827
429 79.68355
429 78.52827
429 77.04827
430 117.2083
430 98.34827
430 83.63827
430 79.68355
430 78.52827
430 77.04827
431 117.2083
431 98.34827
431 83.63827
431 79.68355
431 78.52827
431 77.04827
432 117.2083
432 98.34827
432 83.63827
432 79.68355
432 78.52827
432 77.04827
433 98.34827
433 83.63827
433 79.68355
433 78.52827
433 77.04827
433 77.87827
434 98.34827
434 83.63827
434 79.68355
434 78.52827
434 77.04827
434 77.87827
435 98.34827
435 83.63827
435 79.68355
435 78.52827
435 77.04827
435 77.87827
436 98.34827
436 83.63827
436 79.68355
436 78.52827
436 77.04827
436 77.87827
437 98.34827
437 83.63827
437 79.68355
437 78.52827
437 77.04827
437 77.87827
438 83.63827
438 79.68355
438 78.52827
438 77.04827
438 77.87827
438 81.37827
439 83.63827
439 79.68355
439 78.52827
439 77.04827
439 77.87827
439 81.37827
440 79.68355
440 78.52827
440 77.04827
440 77.87827
440 81.37827
440 88.33827
441 78.52827
441 77.04827
441 77.87827
441 81.37827
441 88.33827
441 95.31827
442 78.52827
442 77.04827
442 77.87827
442 81.37827
442 88.33827
442 95.31827
443 77.04827
443 77.87827
443 81.37827
443 88.33827
443 95.31827
443 102.9283
444 77.04827
444 77.87827
444 81.37827
444 88.33827
444 95.31827
444 102.9283
445 77.04827
445 77.87827
445 81.37827
445 88.33827
445 95.31827
445 102.9283
446 77.87827
446 81.37827
446 88.33827
446 95.31827
446 102.9283
446 118.5435
447 77.87827
447 81.37827
447 88.33827
447 95.31827
447 102.9283
447 118.5435
448 77.87827
448 81.37827
448 88.33827
448 95.31827
448 102.9283
448 118.5435
449 81.37827
449 88.33827
449 95.31827
449 102.9283
449 118.5435
449 133.2435
450 81.37827
450 88.33827
450 95.31827
450 102.9283
450 118.5435
450 133.2435
451 81.37827
451 88.33827
451 95.31827
451 102.9283
451 118.5435
451 133.2435
452 88.33827
452 95.31827
452 102.9283
452 118.5435
452 133.2435
452 156.5083
453 88.33827
453 95.31827
453 102.9283
453 118.5435
453 133.2435
453 156.5083
454 88.33827
454 95.31827
454 102.9283
454 118.5435
454 133.2435
454 156.5083
455 95.31827
455 102.9283
455 118.5435
455 133.2435
455 156.5083
455 164.2383
456 95.31827
456 102.9283
456 118.5435
456 133.2435
456 156.5083
456 164.2383
457 95.31827
457 102.9283
457 118.5435
457 133.2435
457 156.5083
457 164.2383
458 102.9283
458 118.5435
458 133.2435
458 156.5083
458 164.2383
458 170.2883
459 102.9283
459 118.5435
459 133.2435
459 156.5083
459 164.2383
459 170.2883
460 102.9283
460 118.5435
460 133.2435
460 156.5083
460 164.2383
460 170.2883
461 102.9283
461 118.5435
461 133.2435
461 156.5083
461 164.2383
461 170.2883
462 102.9283
462 118.5435
462 133.2435
462 156.5083
462 164.2383
462 170.2883
463 118.5435
463 133.2435
463 156.5083
463 164.2383
463 170.2883
463 176.0983
464 118.5435
464 133.2435
464 156.5083
464 164.2383
464 170.2883
464 176.0983
465 118.5435
465 133.2435
465 156.5083
465 164.2383
465 170.2883
465 176.0983
466 118.5435
466 133.2435
466 156.5083
466 164.2383
466 170.2883
466 176.0983
467 118.5435
467 133.2435
467 156.5083
467 164.2383
467 170.2883
467 176.0983
468 133.2435
468 156.5083
468 164.2383
468 170.2883
468 176.0983
468 178.1583
469 133.2435
469 156.5083
469 164.2383
469 170.2883
469 176.0983
469 178.1583
470 133.2435
470 156.5083
470 164.2383
470 170.2883
470 176.0983
470 178.1583
471 133.2435
471 156.5083
471 164.2383
471 170.2883
471 176.0983
471 178.1583
472 133.2435
472 156.5083
472 164.2383
472 170.2883
472 176.0983
472 178.1583
473 133.2435
473 156.5083
473 164.2383
473 170.2883
473 176.0983
473 178.1583
474 156.5083
474 164.2383
474 170.2883
474 176.0983
474 178.1583
474 179.4383
475 156.5083
475 164.2383
475 170.2883
475 176.0983
475 178.1583
475 179.4383
476 164.2383
476 170.2883
476 176.0983
476 178.1583
476 179.4383
476 179.3083
477 164.2383
477 170.2883
477 176.0983
477 178.1583
477 179.4383
477 179.3083
478 170.2883
478 176.0983
478 178.1583
478 179.4383
478 179.3083
478 177.7183
479 170.2883
479 176.0983
479 178.1583
479 179.4383
479 179.3083
479 177.7183
480 176.0983
480 178.1583
480 179.4383
480 179.3083
480 177.7183
480 172.4083
481 176.0983
481 178.1583
481 179.4383
481 179.3083
481 177.7183
481 172.4083
482 178.1583
482 179.4383
482 179.3083
482 177.7183
482 172.4083
482 165.5735
483 178.1583
483 179.4383
483 179.3083
483 177.7183
483 172.4083
483 165.5735
484 179.4383
484 179.3083
484 177.7183
484 172.4083
484 165.5735
484 160.3583
485 179.4383
485 179.3083
485 177.7183
485 172.4083
485 165.5735
485 160.3583
486 179.4383
486 179.3083
486 177.7183
486 172.4083
486 165.5735
486 160.3583
487 179.3083
487 177.7183
487 172.4083
487 165.5735
487 160.3583
487 150.8283
488 179.3083
488 177.7183
488 172.4083
488 165.5735
488 160.3583
488 150.8283
489 177.7183
489 172.4083
489 165.5735
489 160.3583
489 150.8283
489 144.6183
490 177.7183
490 172.4083
490 165.5735
490 160.3583
490 150.8283
490 144.6183
491 177.7183
491 172.4083
491 165.5735
491 160.3583
491 150.8283
491 144.6183
492 177.7183
492 172.4083
492 165.5735
492 160.3583
492 150.8283
492 144.6183
493 172.4083
493 165.5735
493 160.3583
493 150.8283
493 144.6183
493 134.5383
494 172.4083
494 165.5735
494 160.3583
494 150.8283
494 144.6183
494 134.5383
495 172.4083
495 165.5735
495 160.3583
495 150.8283
495 144.6183
495 134.5383
496 165.5735
496 160.3583
496 150.8283
496 144.6183
496 134.5383
496 127.2283
497 165.5735
497 160.3583
497 150.8283
497 144.6183
497 134.5383
497 127.2283
498 160.3583
498 150.8283
498 144.6183
498 134.5383
498 127.2283
498 114.8083
499 160.3583
499 150.8283
499 144.6183
499 134.5383
499 127.2283
499 114.8083
500 160.3583
500 150.8283
500 144.6183
500 134.5383
500 127.2283
500 114.8083
501 150.8283
501 144.6183
501 134.5383
501 127.2283
501 114.8083
501 103.8935
502 150.8283
502 144.6183
502 134.5383
502 127.2283
502 114.8083
502 103.8935
503 144.6183
503 134.5383
503 127.2283
503 114.8083
503 103.8935
503 94.21827
504 144.6183
504 134.5383
504 127.2283
504 114.8083
504 103.8935
504 94.21827
505 144.6183
505 134.5383
505 127.2283
505 114.8083
505 103.8935
505 94.21827
506 134.5383
506 127.2283
506 114.8083
506 103.8935
506 94.21827
506 85.37355
507 134.5383
507 127.2283
507 114.8083
507 103.8935
507 94.21827
507 85.37355
508 127.2283
508 114.8083
508 103.8935
508 94.21827
508 85.37355
508 70.40827
509 127.2283
509 114.8083
509 103.8935
509 94.21827
509 85.37355
509 70.40827
510 127.2283
510 114.8083
510 103.8935
510 94.21827
510 85.37355
510 70.40827
511 114.8083
511 103.8935
511 94.21827
511 85.37355
511 70.40827
511 61.24355
512 114.8083
512 103.8935
512 94.21827
512 85.37355
512 70.40827
512 61.24355
513 103.8935
513 94.21827
513 85.37355
513 70.40827
513 61.24355
513 45.30827
514 103.8935
514 94.21827
514 85.37355
514 70.40827
514 61.24355
514 45.30827
515 103.8935
515 94.21827
515 85.37355
515 70.40827
515 61.24355
515 45.30827
516 94.21827
516 85.37355
516 70.40827
516 61.24355
516 45.30827
516 36.03354
517 94.21827
517 85.37355
517 70.40827
517 61.24355
517 45.30827
517 36.03354
518 85.37355
518 70.40827
518 61.24355
518 45.30827
518 36.03354
518 15.90826
519 85.37355
519 70.40827
519 61.24355
519 45.30827
519 36.03354
519 15.90826
520 85.37355
520 70.40827
520 61.24355
520 45.30827
520 36.03354
520 15.90826
521 70.40827
521 61.24355
521 45.30827
521 36.03354
521 15.90826
521 5.64827
522 70.40827
522 61.24355
522 45.30827
522 36.03354
522 15.90826
522 5.64827
523 61.24355
523 45.30827
523 36.03354
523 15.90826
523 5.64827
523 -9.99173
524 61.24355
524 45.30827
524 36.03354
524 15.90826
524 5.64827
524 -9.99173
525 61.24355
525 45.30827
525 36.03354
525 15.90826
525 5.64827
525 -9.99173
526 45.30827
526 36.03354
526 15.90826
526 5.64827
526 -9.99173
526 -24.01645
527 36.03354
527 15.90826
527 5.64827
527 -9.99173
527 -24.01645
527 -32.16173
528 36.03354
528 15.90826
528 5.64827
528 -9.99173
528 -24.01645
528 -32.16173
529 36.03354
529 15.90826
529 5.64827
529 -9.99173
529 -24.01645
529 -32.16173
530 36.03354
530 15.90826
530 5.64827
530 -9.99173
530 -24.01645
530 -32.16173
531 36.03354
531 15.90826
531 5.64827
531 -9.99173
531 -24.01645
531 -32.16173
532 15.90826
532 5.64827
532 -9.99173
532 -24.01645
532 -32.16173
532 -43.49173
533 15.90826
533 5.64827
533 -9.99173
533 -24.01645
533 -32.16173
533 -43.49173
534 5.64827
534 -9.99173
534 -24.01645
534 -32.16173
534 -43.49173
534 -61.09
535 5.64827
535 -9.99173
535 -24.01645
535 -32.16173
535 -43.49173
535 -61.09
536 5.64827
536 -9.99173
536 -24.01645
536 -32.16173
536 -43.49173
536 -61.09
537 -9.99173
537 -24.01645
537 -32.16173
537 -43.49173
537 -61.09
537 -78.29172
538 -9.99173
538 -24.01645
538 -32.16173
538 -43.49173
538 -61.09
538 -78.29172
539 -24.01645
539 -32.16173
539 -43.49173
539 -61.09
539 -78.29172
539 -93.05002
