0 0
1 113.361
1 105.941
1 92.88499
1 78.73102
1 65.34102
1 50.57938
2 113.361
2 105.941
2 92.88499
2 78.73102
2 65.34102
2 50.57938
3 113.361
3 105.941
3 92.88499
3 78.73102
3 65.34102
3 50.57938
4 113.361
4 105.941
4 92.88499
4 78.73102
4 65.34102
4 50.57938
5 113.361
5 105.941
5 92.88499
5 78.73102
5 65.34102
5 50.57938
6 113.361
6 105.941
6 92.88499
6 78.73102
6 65.34102
6 50.57938
7 113.361
7 105.941
7 92.88499
7 78.73102
7 65.34102
7 50.57938
8 113.361
8 105.941
8 92.88499
8 78.73102
8 65.34102
8 50.57938
9 113.361
9 105.941
9 92.88499
9 78.73102
9 65.34102
9 50.57938
10 113.361
10 105.941
10 92.88499
10 78.73102
10 65.34102
10 50.57938
11 113.361
11 105.941
11 92.88499
11 78.73102
11 65.34102
11 50.57938
12 105.941
12 92.88499
12 78.73102
12 65.34102
12 50.57938
12 33.37102
13 105.941
13 92.88499
13 78.73102
13 65.34102
13 50.57938
13 33.37102
14 105.941
14 92.88499
14 78.73102
14 65.34102
14 50.57938
14 33.37102
15 105.941
15 92.88499
15 78.73102
15 65.34102
15 50.57938
15 33.37102
16 105.941
16 92.88499
16 78.73102
16 65.34102
16 50.57938
16 33.37102
17 105.941
17 92.88499
17 78.73102
17 65.34102
17 50.57938
17 33.37102
18 105.941
18 92.88499
18 78.73102
18 65.34102
18 50.57938
18 33.37102
19 105.941
19 92.88499
19 78.73102
19 65.34102
19 50.57938
19 33.37102
20 105.941
20 92.88499
20 78.73102
20 65.34102
20 50.57938
20 33.37102
21 105.941
21 92.88499
21 78.73102
21 65.34102
21 50.57938
21 33.37102
22 105.941
22 92.88499
22 78.73102
22 65.34102
22 50.57938
22 33.37102
23 105.941
23 92.88499
23 78.73102
23 65.34102
23 50.57938
23 33.37102
24 105.941
24 92.88499
24 78.73102
24 65.34102
24 50.57938
24 33.37102
25 105.941
25 92.88499
25 78.73102
25 65.34102
25 50.57938
25 33.37102
26 92.88499
26 78.73102
26 65.34102
26 50.57938
26 33.37102
26 18.404
27 92.88499
27 78.73102
27 65.34102
27 50.57938
27 33.37102
27 18.404
28 92.88499
28 78.73102
28 65.34102
28 50.57938
28 33.37102
28 18.404
29 92.88499
29 78.73102
29 65.34102
29 50.57938
29 33.37102
29 18.404
30 92.88499
30 78.73102
30 65.34102
30 50.57938
30 33.37102
30 18.404
31 92.88499
31 78.73102
31 65.34102
31 50.57938
31 33.37102
31 18.404
32 92.88499
32 78.73102
32 65.34102
32 50.57938
32 33.37102
32 18.404
33 92.88499
33 78.73102
33 65.34102
33 50.57938
33 33.37102
33 18.404
34 92.88499
34 78.73102
34 65.34102
34 50.57938
34 33.37102
34 18.404
35 78.73102
35 65.34102
35 50.57938
35 33.37102
35 18.404
35 4.339378
36 78.73102
36 65.34102
36 50.57938
36 33.37102
36 18.404
36 4.339378
37 78.73102
37 65.34102
37 50.57938
37 33.37102
37 18.404
37 4.339378
38 78.73102
38 65.34102
38 50.57938
38 33.37102
38 18.404
38 4.339378
39 78.73102
39 65.34102
39 50.57938
39 33.37102
39 18.404
39 4.339378
40 78.73102
40 65.34102
40 50.57938
40 33.37102
40 18.404
40 4.339378
41 65.34102
41 50.57938
41 33.37102
41 18.404
41 4.339378
41 -17.42898
42 65.34102
42 50.57938
42 33.37102
42 18.404
42 4.339378
42 -17.42898
43 65.34102
43 50.57938
43 33.37102
43 18.404
43 4.339378
43 -17.42898
44 65.34102
44 50.57938
44 33.37102
44 18.404
44 4.339378
44 -17.42898
45 65.34102
45 50.57938
45 33.37102
45 18.404
45 4.339378
45 -17.42898
46 65.34102
46 50.57938
46 33.37102
46 18.404
46 4.339378
46 -17.42898
47 50.57938
47 33.37102
47 18.404
47 4.339378
47 -17.42898
47 -30.18062
48 50.57938
48 33.37102
48 18.404
48 4.339378
48 -17.42898
48 -30.18062
49 50.57938
49 33.37102
49 18.404
49 4.339378
49 -17.42898
49 -30.18062
50 50.57938
50 33.37102
50 18.404
50 4.339378
50 -17.42898
50 -30.18062
51 50.57938
51 33.37102
51 18.404
51 4.339378
51 -17.42898
51 -30.18062
52 50.57938
52 33.37102
52 18.404
52 4.339378
52 -17.42898
52 -30.18062
53 33.37102
53 18.404
53 4.339378
53 -17.42898
53 -30.18062
53 -42.84062
54 33.37102
54 18.404
54 4.339378
54 -17.42898
54 -30.18062
54 -42.84062
55 33.37102
55 18.404
55 4.339378
55 -17.42898
55 -30.18062
55 -42.84062
56 33.37102
56 18.404
56 4.339378
56 -17.42898
56 -30.18062
56 -42.84062
57 33.37102
57 18.404
57 4.339378
57 -17.42898
57 -30.18062
57 -42.84062
58 18.404
58 4.339378
58 -17.42898
58 -30.18062
58 -42.84062
58 -66.52898
59 18.404
59 4.339378
59 -17.42898
59 -30.18062
59 -42.84062
59 -66.52898
60 18.404
60 4.339378
60 -17.42898
60 -30.18062
60 -42.84062
60 -66.52898
61 18.404
61 4.339378
61 -17.42898
61 -30.18062
61 -42.84062
61 -66.52898
62 4.339378
62 -17.42898
62 -30.18062
62 -42.84062
62 -66.52898
62 -76.85062
63 4.339378
63 -17.42898
63 -30.18062
63 -42.84062
63 -66.52898
63 -76.85062
64 4.339378
64 -17.42898
64 -30.18062
64 -42.84062
64 -66.52898
64 -76.85062
65 4.339378
65 -17.42898
65 -30.18062
65 -42.84062
65 -66.52898
65 -76.85062
66 4.339378
66 -17.42898
66 -30.18062
66 -42.84062
66 -66.52898
66 -76.85062
67 -17.42898
67 -30.18062
67 -42.84062
67 -66.52898
67 -76.85062
67 -90.64063
68 -17.42898
68 -30.18062
68 -42.84062
68 -66.52898
68 -76.85062
68 -90.64063
69 -17.42898
69 -30.18062
69 -42.84062
69 -66.52898
69 -76.85062
69 -90.64063
70 -30.18062
70 -42.84062
70 -66.52898
70 -76.85062
70 -90.64063
70 -100.3206
71 -30.18062
71 -42.84062
71 -66.52898
71 -76.85062
71 -90.64063
71 -100.3206
72 -30.18062
72 -42.84062
72 -66.52898
72 -76.85062
72 -90.64063
72 -100.3206
73 -42.84062
73 -66.52898
73 -76.85062
73 -90.64063
73 -100.3206
73 -115.129
74 -42.84062
74 -66.52898
74 -76.85062
74 -90.64063
74 -100.3206
74 -115.129
75 -42.84062
75 -66.52898
75 -76.85062
75 -90.64063
75 -100.3206
75 -115.129
76 -42.84062
76 -66.52898
76 -76.85062
76 -90.64063
76 -100.3206
76 -115.129
77 -42.84062
77 -66.52898
77 -76.85062
77 -90.64063
77 -100.3206
77 -115.129
78 -66.52898
78 -76.85062
78 -90.64063
78 -100.3206
78 -115.129
78 -124.5206
79 -66.52898
79 -76.85062
79 -90.64063
79 -100.3206
79 -115.129
79 -124.5206
80 -76.85062
80 -90.64063
80 -100.3206
80 -115.129
80 -124.5206
80 -131.399
81 -76.85062
81 -90.64063
81 -100.3206
81 -115.129
81 -124.5206
81 -131.399
82 -76.85062
82 -90.64063
82 -100.3206
82 -115.129
82 -124.5206
82 -131.399
83 -90.64063
83 -100.3206
83 -115.129
83 -124.5206
83 -131.399
83 -141.329
84 -90.64063
84 -100.3206
84 -115.129
84 -124.5206
84 -131.399
84 -141.329
85 -100.3206
85 -115.129
85 -124.5206
85 -131.399
85 -141.329
85 -147.489
86 -100.3206
86 -115.129
86 -124.5206
86 -131.399
86 -141.329
86 -147.489
87 -100.3206
87 -115.129
87 -124.5206
87 -131.399
87 -141.329
87 -147.489
88 -100.3206
88 -115.129
88 -124.5206
88 -131.399
88 -141.329
88 -147.489
89 -100.3206
89 -115.129
89 -124.5206
89 -131.399
89 -141.329
89 -147.489
90 -115.129
90 -124.5206
90 -131.399
90 -141.329
90 -147.489
90 -150.849
91 -115.129
91 -124.5206
91 -131.399
91 -141.329
91 -147.489
91 -150.849
92 -115.129
92 -124.5206
92 -131.399
92 -141.329
92 -147.489
92 -150.849
93 -124.5206
93 -131.399
93 -141.329
93 -147.489
93 -150.849
93 -155.499
94 -124.5206
94 -131.399
94 -141.329
94 -147.489
94 -150.849
94 -155.499
95 -131.399
95 -141.329
95 -147.489
95 -150.849
95 -155.499
95 -157.609
96 -131.399
96 -141.329
96 -147.489
96 -150.849
96 -155.499
96 -157.609
97 -131.399
97 -141.329
97 -147.489
97 -150.849
97 -155.499
97 -157.609
98 -131.399
98 -141.329
98 -147.489
98 -150.849
98 -155.499
98 -157.609
99 -141.329
99 -147.489
99 -150.849
99 -155.499
99 -157.609
99 -159.129
100 -141.329
100 -147.489
100 -150.849
100 -155.499
100 -157.609
100 -159.129
101 -141.329
101 -147.489
101 -150.849
101 -155.499
101 -157.609
101 -159.129
102 -147.489
102 -150.849
102 -155.499
102 -157.609
102 -159.129
102 -159.099
103 -147.489
103 -150.849
103 -155.499
103 -157.609
103 -159.129
103 -159.099
104 -150.849
104 -155.499
104 -157.609
104 -159.129
104 -159.099
104 -157.469
105 -150.849
105 -155.499
105 -157.609
105 -159.129
105 -159.099
105 -157.469
106 -150.849
106 -155.499
106 -157.609
106 -159.129
106 -159.099
106 -157.469
107 -150.849
107 -155.499
107 -157.609
107 -159.129
107 -159.099
107 -157.469
108 -150.849
108 -155.499
108 -157.609
108 -159.129
108 -159.099
108 -157.469
109 -155.499
109 -157.609
109 -159.129
109 -159.099
109 -157.469
109 -153.909
110 -155.499
110 -157.609
110 -159.129
110 -159.099
110 -157.469
110 -153.909
111 -155.499
111 -157.609
111 -159.129
111 -159.099
111 -157.469
111 -153.909
112 -157.609
112 -159.129
112 -159.099
112 -157.469
112 -153.909
112 -151.629
113 -157.609
113 -159.129
113 -159.099
113 -157.469
113 -153.909
113 -151.629
114 -157.609
114 -159.129
114 -159.099
114 -157.469
114 -153.909
114 -151.629
115 -159.129
115 -159.099
115 -157.469
115 -153.909
115 -151.629
115 -148.129
116 -159.129
116 -159.099
116 -157.469
116 -153.909
116 -151.629
116 -148.129
117 -159.129
117 -159.099
117 -157.469
117 -153.909
117 -151.629
117 -148.129
118 -159.129
118 -159.099
118 -157.469
118 -153.909
118 -151.629
118 -148.129
119 -159.129
119 -159.099
119 -157.469
119 -153.909
119 -151.629
119 -148.129
120 -159.099
120 -157.469
120 -153.909
120 -151.629
120 -148.129
120 -143.929
121 -159.099
121 -157.469
121 -153.909
121 -151.629
121 -148.129
121 -143.929
122 -159.099
122 -157.469
122 -153.909
122 -151.629
122 -148.129
122 -143.929
123 -157.469
123 -153.909
123 -151.629
123 -148.129
123 -143.929
123 -139.979
124 -157.469
124 -153.909
124 -151.629
124 -148.129
124 -143.929
124 -139.979
125 -157.469
125 -153.909
125 -151.629
125 -148.129
125 -143.929
125 -139.979
126 -157.469
126 -153.909
126 -151.629
126 -148.129
126 -143.929
126 -139.979
127 -157.469
127 -153.909
127 -151.629
127 -148.129
127 -143.929
127 -139.979
128 -153.909
128 -151.629
128 -148.129
128 -143.929
128 -139.979
128 -134.209
129 -153.909
129 -151.629
129 -148.129
129 -143.929
129 -139.979
129 -134.209
130 -153.909
130 -151.629
130 -148.129
130 -143.929
130 -139.979
130 -134.209
131 -151.629
131 -148.129
131 -143.929
131 -139.979
131 -134.209
131 -130.6506
132 -151.629
132 -148.129
132 -143.929
132 -139.979
132 -134.209
132 -130.6506
133 -151.629
133 -148.129
133 -143.929
133 -139.979
133 -134.209
133 -130.6506
134 -151.629
134 -148.129
134 -143.929
134 -139.979
134 -134.209
134 -130.6506
135 -151.629
135 -148.129
135 -143.929
135 -139.979
135 -134.209
135 -130.6506
136 -148.129
136 -143.929
136 -139.979
136 -134.209
136 -130.6506
136 -123.779
137 -148.129
137 -143.929
137 -139.979
137 -134.209
137 -130.6506
137 -123.779
138 -148.129
138 -143.929
138 -139.979
138 -134.209
138 -130.6506
138 -123.779
139 -148.129
139 -143.929
139 -139.979
139 -134.209
139 -130.6506
139 -123.779
140 -143.929
140 -139.979
140 -134.209
140 -130.6506
140 -123.779
140 -118.159
141 -143.929
141 -139.979
141 -134.209
141 -130.6506
141 -123.779
141 -118.159
142 -143.929
142 -139.979
142 -134.209
142 -130.6506
142 -123.779
142 -118.159
143 -139.979
143 -134.209
143 -130.6506
143 -123.779
143 -118.159
143 -108.669
144 -139.979
144 -134.209
144 -130.6506
144 -123.779
144 -118.159
144 -108.669
145 -139.979
145 -134.209
145 -130.6506
145 -123.779
145 -118.159
145 -108.669
146 -134.209
146 -130.6506
146 -123.779
146 -118.159
146 -108.669
146 -100.349
147 -134.209
147 -130.6506
147 -123.779
147 -118.159
147 -108.669
147 -100.349
148 -130.6506
148 -123.779
148 -118.159
148 -108.669
148 -100.349
148 -89.95898
149 -130.6506
149 -123.779
149 -118.159
149 -108.669
149 -100.349
149 -89.95898
150 -130.6506
150 -123.779
150 -118.159
150 -108.669
150 -100.349
150 -89.95898
151 -123.779
151 -118.159
151 -108.669
151 -100.349
151 -89.95898
151 -79.97897
152 -123.779
152 -118.159
152 -108.669
152 -100.349
152 -89.95898
152 -79.97897
153 -118.159
153 -108.669
153 -100.349
153 -89.95898
153 -79.97897
153 -69.827
154 -118.159
154 -108.669
154 -100.349
154 -89.95898
154 -79.97897
154 -69.827
155 -118.159
155 -108.669
155 -100.349
155 -89.95898
155 -79.97897
155 -69.827
156 -118.159
156 -108.669
156 -100.349
156 -89.95898
156 -79.97897
156 -69.827
157 -108.669
157 -100.349
157 -89.95898
157 -79.97897
157 -69.827
157 -42.02898
158 -108.669
158 -100.349
158 -89.95898
158 -79.97897
158 -69.827
158 -42.02898
159 -108.669
159 -100.349
159 -89.95898
159 -79.97897
159 -69.827
159 -42.02898
160 -108.669
160 -100.349
160 -89.95898
160 -79.97897
160 -69.827
160 -42.02898
161 -100.349
161 -89.95898
161 -79.97897
161 -69.827
161 -42.02898
161 -20.72898
162 -100.349
162 -89.95898
162 -79.97897
162 -69.827
162 -42.02898
162 -20.72898
163 -100.349
163 -89.95898
163 -79.97897
163 -69.827
163 -42.02898
163 -20.72898
164 -100.349
164 -89.95898
164 -79.97897
164 -69.827
164 -42.02898
164 -20.72898
165 -89.95898
165 -79.97897
165 -69.827
165 -42.02898
165 -20.72898
165 -12.66062
166 -89.95898
166 -79.97897
166 -69.827
166 -42.02898
166 -20.72898
166 -12.66062
167 -89.95898
167 -79.97897
167 -69.827
167 -42.02898
167 -20.72898
167 -12.66062
168 -79.97897
168 -69.827
168 -42.02898
168 -20.72898
168 -12.66062
168 -7.878983
169 -79.97897
169 -69.827
169 -42.02898
169 -20.72898
169 -12.66062
169 -7.878983
170 -79.97897
170 -69.827
170 -42.02898
170 -20.72898
170 -12.66062
170 -7.878983
171 -79.97897
171 -69.827
171 -42.02898
171 -20.72898
171 -12.66062
171 -7.878983
172 -69.827
172 -42.02898
172 -20.72898
172 -12.66062
172 -7.878983
172 -1.338982
173 -69.827
173 -42.02898
173 -20.72898
173 -12.66062
173 -7.878983
173 -1.338982
174 -69.827
174 -42.02898
174 -20.72898
174 -12.66062
174 -7.878983
174 -1.338982
175 -69.827
175 -42.02898
175 -20.72898
175 -12.66062
175 -7.878983
175 -1.338982
176 -69.827
176 -42.02898
176 -20.72898
176 -12.66062
176 -7.878983
176 -1.338982
177 -69.827
177 -42.02898
177 -20.72898
177 -12.66062
177 -7.878983
177 -1.338982
178 -69.827
178 -42.02898
178 -20.72898
178 -12.66062
178 -7.878983
178 -1.338982
179 -69.827
179 -42.02898
179 -20.72898
179 -12.66062
179 -7.878983
179 -1.338982
180 -42.02898
180 -20.72898
180 -12.66062
180 -7.878983
180 -1.338982
180 5.75
181 -42.02898
181 -20.72898
181 -12.66062
181 -7.878983
181 -1.338982
181 5.75
182 -42.02898
182 -20.72898
182 -12.66062
182 -7.878983
182 -1.338982
182 5.75
183 -42.02898
183 -20.72898
183 -12.66062
183 -7.878983
183 -1.338982
183 5.75
184 -42.02898
184 -20.72898
184 -12.66062
184 -7.878983
184 -1.338982
184 5.75
185 -20.72898
185 -12.66062
185 -7.878983
185 -1.338982
185 5.75
185 12.86102
186 -20.72898
186 -12.66062
186 -7.878983
186 -1.338982
186 5.75
186 12.86102
187 -12.66062
187 -7.878983
187 -1.338982
187 5.75
187 12.86102
187 19.95102
188 -12.66062
188 -7.878983
188 -1.338982
188 5.75
188 12.86102
188 19.95102
189 -7.878983
189 -1.338982
189 5.75
189 12.86102
189 19.95102
189 25.33102
190 -7.878983
190 -1.338982
190 5.75
190 12.86102
190 19.95102
190 25.33102
191 -1.338982
191 5.75
191 12.86102
191 19.95102
191 25.33102
191 29.88102
192 -1.338982
192 5.75
192 12.86102
192 19.95102
192 25.33102
192 29.88102
193 5.75
193 12.86102
193 19.95102
193 25.33102
193 29.88102
193 38.04939
194 5.75
194 12.86102
194 19.95102
194 25.33102
194 29.88102
194 38.04939
195 5.75
195 12.86102
195 19.95102
195 25.33102
195 29.88102
195 38.04939
196 12.86102
196 19.95102
196 25.33102
196 29.88102
196 38.04939
196 45.58102
197 12.86102
197 19.95102
197 25.33102
197 29.88102
197 38.04939
197 45.58102
198 12.86102
198 19.95102
198 25.33102
198 29.88102
198 38.04939
198 45.58102
199 12.86102
199 19.95102
199 25.33102
199 29.88102
199 38.04939
199 45.58102
200 19.95102
200 25.33102
200 29.88102
200 38.04939
200 45.58102
200 59.27102
201 19.95102
201 25.33102
201 29.88102
201 38.04939
201 45.58102
201 59.27102
202 19.95102
202 25.33102
202 29.88102
202 38.04939
202 45.58102
202 59.27102
203 25.33102
203 29.88102
203 38.04939
203 45.58102
203 59.27102
203 65.83102
204 25.33102
204 29.88102
204 38.04939
204 45.58102
204 59.27102
204 65.83102
205 25.33102
205 29.88102
205 38.04939
205 45.58102
205 59.27102
205 65.83102
206 29.88102
206 38.04939
206 45.58102
206 59.27102
206 65.83102
206 71.59937
207 29.88102
207 38.04939
207 45.58102
207 59.27102
207 65.83102
207 71.59937
208 29.88102
208 38.04939
208 45.58102
208 59.27102
208 65.83102
208 71.59937
209 29.88102
209 38.04939
209 45.58102
209 59.27102
209 65.83102
209 71.59937
210 29.88102
210 38.04939
210 45.58102
210 59.27102
210 65.83102
210 71.59937
211 38.04939
211 45.58102
211 59.27102
211 65.83102
211 71.59937
211 79.57102
212 38.04939
212 45.58102
212 59.27102
212 65.83102
212 71.59937
212 79.57102
213 38.04939
213 45.58102
213 59.27102
213 65.83102
213 71.59937
213 79.57102
214 38.04939
214 45.58102
214 59.27102
214 65.83102
214 71.59937
214 79.57102
215 45.58102
215 59.27102
215 65.83102
215 71.59937
215 79.57102
215 84.19102
216 45.58102
216 59.27102
216 65.83102
216 71.59937
216 79.57102
216 84.19102
217 45.58102
217 59.27102
217 65.83102
217 71.59937
217 79.57102
217 84.19102
218 45.58102
218 59.27102
218 65.83102
218 71.59937
218 79.57102
218 84.19102
219 45.58102
219 59.27102
219 65.83102
219 71.59937
219 79.57102
219 84.19102
220 45.58102
220 59.27102
220 65.83102
220 71.59937
220 79.57102
220 84.19102
221 59.27102
221 65.83102
221 71.59937
221 79.57102
221 84.19102
221 90.79102
222 59.27102
222 65.83102
222 71.59937
222 79.57102
222 84.19102
222 90.79102
223 65.83102
223 71.59937
223 79.57102
223 84.19102
223 90.79102
223 98.67102
224 65.83102
224 71.59937
224 79.57102
224 84.19102
224 90.79102
224 98.67102
225 65.83102
225 71.59937
225 79.57102
225 84.19102
225 90.79102
225 98.67102
226 71.59937
226 79.57102
226 84.19102
226 90.79102
226 98.67102
226 106.031
227 71.59937
227 79.57102
227 84.19102
227 90.79102
227 98.67102
227 106.031
228 79.57102
228 84.19102
228 90.79102
228 98.67102
228 106.031
228 117.181
229 79.57102
229 84.19102
229 90.79102
229 98.67102
229 106.031
229 117.181
230 84.19102
230 90.79102
230 98.67102
230 106.031
230 117.181
230 127.2894
231 84.19102
231 90.79102
231 98.67102
231 106.031
231 117.181
231 127.2894
232 90.79102
232 98.67102
232 106.031
232 117.181
232 127.2894
232 132.651
233 90.79102
233 98.67102
233 106.031
233 117.181
233 127.2894
233 132.651
234 98.67102
234 106.031
234 117.181
234 127.2894
234 132.651
234 140.601
235 98.67102
235 106.031
235 117.181
235 127.2894
235 132.651
235 140.601
236 106.031
236 117.181
236 127.2894
236 132.651
236 140.601
236 144.511
237 106.031
237 117.181
237 127.2894
237 132.651
237 140.601
237 144.511
238 106.031
238 117.181
238 127.2894
238 132.651
238 140.601
238 144.511
239 106.031
239 117.181
239 127.2894
239 132.651
239 140.601
239 144.511
240 117.181
240 127.2894
240 132.651
240 140.601
240 144.511
240 150.031
241 117.181
241 127.2894
241 132.651
241 140.601
241 144.511
241 150.031
242 117.181
242 127.2894
242 132.651
242 140.601
242 144.511
242 150.031
243 127.2894
243 132.651
243 140.601
243 144.511
243 150.031
243 152.971
244 127.2894
244 132.651
244 140.601
244 144.511
244 150.031
244 152.971
245 132.651
245 140.601
245 144.511
245 150.031
245 152.971
245 156.621
246 132.651
246 140.601
246 144.511
246 150.031
246 152.971
246 156.621
247 132.651
247 140.601
247 144.511
247 150.031
247 152.971
247 156.621
248 140.601
248 144.511
248 150.031
248 152.971
248 156.621
248 158.4294
249 140.601
249 144.511
249 150.031
249 152.971
249 156.621
249 158.4294
250 144.511
250 150.031
250 152.971
250 156.621
250 158.4294
250 158.891
251 144.511
251 150.031
251 152.971
251 156.621
251 158.4294
251 158.891
252 144.511
252 150.031
252 152.971
252 156.621
252 158.4294
252 158.891
253 150.031
253 152.971
253 156.621
253 158.4294
253 158.891
253 158.731
254 150.031
254 152.971
254 156.621
254 158.4294
254 158.891
254 158.731
255 152.971
255 156.621
255 158.4294
255 158.891
255 158.731
255 157.101
256 152.971
256 156.621
256 158.4294
256 158.891
256 158.731
256 157.101
257 152.971
257 156.621
257 158.4294
257 158.891
257 158.731
257 157.101
258 156.621
258 158.4294
258 158.891
258 158.731
258 157.101
258 155.4194
259 156.621
259 158.4294
259 158.891
259 158.731
259 157.101
259 155.4194
260 158.4294
260 158.891
260 158.731
260 157.101
260 155.4194
260 151.201
261 158.4294
261 158.891
261 158.731
261 157.101
261 155.4194
261 151.201
262 158.891
262 158.731
262 157.101
262 155.4194
262 151.201
262 148.141
263 158.891
263 158.731
263 157.101
263 155.4194
263 151.201
263 148.141
264 158.731
264 157.101
264 155.4194
264 151.201
264 148.141
264 140.121
265 158.731
265 157.101
265 155.4194
265 151.201
265 148.141
265 140.121
266 158.731
266 157.101
266 155.4194
266 151.201
266 148.141
266 140.121
267 158.731
267 157.101
267 155.4194
267 151.201
267 148.141
267 140.121
268 157.101
268 155.4194
268 151.201
268 148.141
268 140.121
268 135.321
269 155.4194
269 151.201
269 148.141
269 140.121
269 135.321
269 127.081
270 155.4194
270 151.201
270 148.141
270 140.121
270 135.321
270 127.081
271 155.4194
271 151.201
271 148.141
271 140.121
271 135.321
271 127.081
272 155.4194
272 151.201
272 148.141
272 140.121
272 135.321
272 127.081
273 151.201
273 148.141
273 140.121
273 135.321
273 127.081
273 119.021
274 148.141
274 140.121
274 135.321
274 127.081
274 119.021
274 113.361
275 148.141
275 140.121
275 135.321
275 127.081
275 119.021
275 113.361
276 148.141
276 140.121
276 135.321
276 127.081
276 119.021
276 113.361
277 148.141
277 140.121
277 135.321
277 127.081
277 119.021
277 113.361
278 140.121
278 135.321
278 127.081
278 119.021
278 113.361
278 105.941
279 135.321
279 127.081
279 119.021
279 113.361
279 105.941
279 92.88499
280 135.321
280 127.081
280 119.021
280 113.361
280 105.941
280 92.88499
281 135.321
281 127.081
281 119.021
281 113.361
281 105.941
281 92.88499
282 127.081
282 119.021
282 113.361
282 105.941
282 92.88499
282 78.73102
283 127.081
283 119.021
283 113.361
283 105.941
283 92.88499
283 78.73102
284 127.081
284 119.021
284 113.361
284 105.941
284 92.88499
284 78.73102
285 119.021
285 113.361
285 105.941
285 92.88499
285 78.73102
285 65.34102
286 119.021
286 113.361
286 105.941
286 92.88499
286 78.73102
286 65.34102
287 113.361
287 105.941
287 92.88499
287 78.73102
287 65.34102
287 50.57938
288 113.361
288 105.941
288 92.88499
288 78.73102
288 65.34102
288 50.57938
289 105.941
289 92.88499
289 78.73102
289 65.34102
289 50.57938
289 33.37102
290 105.941
290 92.88499
290 78.73102
290 65.34102
290 50.57938
290 33.37102
291 105.941
291 92.88499
291 78.73102
291 65.34102
291 50.57938
291 33.37102
292 105.941
292 92.88499
292 78.73102
292 65.34102
292 50.57938
292 33.37102
293 92.88499
293 78.73102
293 65.34102
293 50.57938
293 33.37102
293 18.404
294 92.88499
294 78.73102
294 65.34102
294 50.57938
294 33.37102
294 18.404
295 92.88499
295 78.73102
295 65.34102
295 50.57938
295 33.37102
295 18.404
296 78.73102
296 65.34102
296 50.57938
296 33.37102
296 18.404
296 4.339378
297 78.73102
297 65.34102
297 50.57938
297 33.37102
297 18.404
297 4.339378
298 78.73102
298 65.34102
298 50.57938
298 33.37102
298 18.404
298 4.339378
299 78.73102
299 65.34102
299 50.57938
299 33.37102
299 18.404
299 4.339378
300 65.34102
300 50.57938
300 33.37102
300 18.404
300 4.339378
300 -17.42898
301 65.34102
301 50.57938
301 33.37102
301 18.404
301 4.339378
301 -17.42898
302 65.34102
302 50.57938
302 33.37102
302 18.404
302 4.339378
302 -17.42898
303 50.57938
303 33.37102
303 18.404
303 4.339378
303 -17.42898
303 -30.18062
304 50.57938
304 33.37102
304 18.404
304 4.339378
304 -17.42898
304 -30.18062
305 50.57938
305 33.37102
305 18.404
305 4.339378
305 -17.42898
305 -30.18062
306 50.57938
306 33.37102
306 18.404
306 4.339378
306 -17.42898
306 -30.18062
307 33.37102
307 18.404
307 4.339378
307 -17.42898
307 -30.18062
307 -42.84062
308 33.37102
308 18.404
308 4.339378
308 -17.42898
308 -30.18062
308 -42.84062
309 33.37102
309 18.404
309 4.339378
309 -17.42898
309 -30.18062
309 -42.84062
310 18.404
310 4.339378
310 -17.42898
310 -30.18062
310 -42.84062
310 -66.52898
311 18.404
311 4.339378
311 -17.42898
311 -30.18062
311 -42.84062
311 -66.52898
312 18.404
312 4.339378
312 -17.42898
312 -30.18062
312 -42.84062
312 -66.52898
313 4.339378
313 -17.42898
313 -30.18062
313 -42.84062
313 -66.52898
313 -76.85062
314 4.339378
314 -17.42898
314 -30.18062
314 -42.84062
314 -66.52898
314 -76.85062
315 4.339378
315 -17.42898
315 -30.18062
315 -42.84062
315 -66.52898
315 -76.85062
316 4.339378
316 -17.42898
316 -30.18062
316 -42.84062
316 -66.52898
316 -76.85062
317 -17.42898
317 -30.18062
317 -42.84062
317 -66.52898
317 -76.85062
317 -90.64063
318 -17.42898
318 -30.18062
318 -42.84062
318 -66.52898
318 -76.85062
318 -90.64063
319 -17.42898
319 -30.18062
319 -42.84062
319 -66.52898
319 -76.85062
319 -90.64063
320 -30.18062
320 -42.84062
320 -66.52898
320 -76.85062
320 -90.64063
320 -100.3206
321 -30.18062
321 -42.84062
321 -66.52898
321 -76.85062
321 -90.64063
321 -100.3206
322 -30.18062
322 -42.84062
322 -66.52898
322 -76.85062
322 -90.64063
322 -100.3206
323 -42.84062
323 -66.52898
323 -76.85062
323 -90.64063
323 -100.3206
323 -115.129
324 -42.84062
324 -66.52898
324 -76.85062
324 -90.64063
324 -100.3206
324 -115.129
325 -42.84062
325 -66.52898
325 -76.85062
325 -90.64063
325 -100.3206
325 -115.129
326 -42.84062
326 -66.52898
326 -76.85062
326 -90.64063
326 -100.3206
326 -115.129
327 -42.84062
327 -66.52898
327 -76.85062
327 -90.64063
327 -100.3206
327 -115.129
328 -66.52898
328 -76.85062
328 -90.64063
328 -100.3206
328 -115.129
328 -124.5206
329 -66.52898
329 -76.85062
329 -90.64063
329 -100.3206
329 -115.129
329 -124.5206
330 -66.52898
330 -76.85062
330 -90.64063
330 -100.3206
330 -115.129
330 -124.5206
331 -76.85062
331 -90.64063
331 -100.3206
331 -115.129
331 -124.5206
331 -131.399
332 -76.85062
332 -90.64063
332 -100.3206
332 -115.129
332 -124.5206
332 -131.399
333 -76.85062
333 -90.64063
333 -100.3206
333 -115.129
333 -124.5206
333 -131.399
334 -90.64063
334 -100.3206
334 -115.129
334 -124.5206
334 -131.399
334 -141.329
335 -90.64063
335 -100.3206
335 -115.129
335 -124.5206
335 -131.399
335 -141.329
336 -90.64063
336 -100.3206
336 -115.129
336 -124.5206
336 -131.399
336 -141.329
337 -100.3206
337 -115.129
337 -124.5206
337 -131.399
337 -141.329
337 -147.489
338 -100.3206
338 -115.129
338 -124.5206
338 -131.399
338 -141.329
338 -147.489
339 -100.3206
339 -115.129
339 -124.5206
339 -131.399
339 -141.329
339 -147.489
340 -100.3206
340 -115.129
340 -124.5206
340 -131.399
340 -141.329
340 -147.489
341 -100.3206
341 -115.129
341 -124.5206
341 -131.399
341 -141.329
341 -147.489
342 -115.129
342 -124.5206
342 -131.399
342 -141.329
342 -147.489
342 -150.849
343 -115.129
343 -124.5206
343 -131.399
343 -141.329
343 -147.489
343 -150.849
344 -115.129
344 -124.5206
344 -131.399
344 -141.329
344 -147.489
344 -150.849
345 -124.5206
345 -131.399
345 -141.329
345 -147.489
345 -150.849
345 -155.499
346 -124.5206
346 -131.399
346 -141.329
346 -147.489
346 -150.849
346 -155.499
347 -131.399
347 -141.329
347 -147.489
347 -150.849
347 -155.499
347 -157.609
348 -131.399
348 -141.329
348 -147.489
348 -150.849
348 -155.499
348 -157.609
349 -131.399
349 -141.329
349 -147.489
349 -150.849
349 -155.499
349 -157.609
350 -141.329
350 -147.489
350 -150.849
350 -155.499
350 -157.609
350 -159.129
351 -141.329
351 -147.489
351 -150.849
351 -155.499
351 -157.609
351 -159.129
352 -141.329
352 -147.489
352 -150.849
352 -155.499
352 -157.609
352 -159.129
353 -141.329
353 -147.489
353 -150.849
353 -155.499
353 -157.609
353 -159.129
354 -147.489
354 -150.849
354 -155.499
354 -157.609
354 -159.129
354 -159.099
355 -147.489
355 -150.849
355 -155.499
355 -157.609
355 -159.129
355 -159.099
356 -150.849
356 -155.499
356 -157.609
356 -159.129
356 -159.099
356 -157.469
357 -150.849
357 -155.499
357 -157.609
357 -159.129
357 -159.099
357 -157.469
358 -150.849
358 -155.499
358 -157.609
358 -159.129
358 -159.099
358 -157.469
359 -150.849
359 -155.499
359 -157.609
359 -159.129
359 -159.099
359 -157.469
360 -155.499
360 -157.609
360 -159.129
360 -159.099
360 -157.469
360 -153.909
361 -155.499
361 -157.609
361 -159.129
361 -159.099
361 -157.469
361 -153.909
362 -155.499
362 -157.609
362 -159.129
362 -159.099
362 -157.469
362 -153.909
363 -157.609
363 -159.129
363 -159.099
363 -157.469
363 -153.909
363 -151.629
364 -157.609
364 -159.129
364 -159.099
364 -157.469
364 -153.909
364 -151.629
365 -157.609
365 -159.129
365 -159.099
365 -157.469
365 -153.909
365 -151.629
366 -157.609
366 -159.129
366 -159.099
366 -157.469
366 -153.909
366 -151.629
367 -159.129
367 -159.099
367 -157.469
367 -153.909
367 -151.629
367 -148.129
368 -159.129
368 -159.099
368 -157.469
368 -153.909
368 -151.629
368 -148.129
369 -159.129
369 -159.099
369 -157.469
369 -153.909
369 -151.629
369 -148.129
370 -159.129
370 -159.099
370 -157.469
370 -153.909
370 -151.629
370 -148.129
371 -159.129
371 -159.099
371 -157.469
371 -153.909
371 -151.629
371 -148.129
372 -159.099
372 -157.469
372 -153.909
372 -151.629
372 -148.129
372 -143.929
373 -159.099
373 -157.469
373 -153.909
373 -151.629
373 -148.129
373 -143.929
374 -159.099
374 -157.469
374 -153.909
374 -151.629
374 -148.129
374 -143.929
375 -159.099
375 -157.469
375 -153.909
375 -151.629
375 -148.129
375 -143.929
376 -157.469
376 -153.909
376 -151.629
376 -148.129
376 -143.929
376 -139.979
377 -157.469
377 -153.909
377 -151.629
377 -148.129
377 -143.929
377 -139.979
378 -157.469
378 -153.909
378 -151.629
378 -148.129
378 -143.929
378 -139.979
379 -157.469
379 -153.909
379 -151.629
379 -148.129
379 -143.929
379 -139.979
380 -157.469
380 -153.909
380 -151.629
380 -148.129
380 -143.929
380 -139.979
381 -153.909
381 -151.629
381 -148.129
381 -143.929
381 -139.979
381 -134.209
382 -153.909
382 -151.629
382 -148.129
382 -143.929
382 -139.979
382 -134.209
383 -153.909
383 -151.629
383 -148.129
383 -143.929
383 -139.979
383 -134.209
384 -151.629
384 -148.129
384 -143.929
384 -139.979
384 -134.209
384 -130.6506
385 -151.629
385 -148.129
385 -143.929
385 -139.979
385 -134.209
385 -130.6506
386 -151.629
386 -148.129
386 -143.929
386 -139.979
386 -134.209
386 -130.6506
387 -151.629
387 -148.129
387 -143.929
387 -139.979
387 -134.209
387 -130.6506
388 -148.129
388 -143.929
388 -139.979
388 -134.209
388 -130.6506
388 -123.779
389 -148.129
389 -143.929
389 -139.979
389 -134.209
389 -130.6506
389 -123.779
390 -148.129
390 -143.929
390 -139.979
390 -134.209
390 -130.6506
390 -123.779
391 -148.129
391 -143.929
391 -139.979
391 -134.209
391 -130.6506
391 -123.779
392 -148.129
392 -143.929
392 -139.979
392 -134.209
392 -130.6506
392 -123.779
393 -143.929
393 -139.979
393 -134.209
393 -130.6506
393 -123.779
393 -118.159
394 -143.929
394 -139.979
394 -134.209
394 -130.6506
394 -123.779
394 -118.159
395 -143.929
395 -139.979
395 -134.209
395 -130.6506
395 -123.779
395 -118.159
396 -139.979
396 -134.209
396 -130.6506
396 -123.779
396 -118.159
396 -108.669
397 -139.979
397 -134.209
397 -130.6506
397 -123.779
397 -118.159
397 -108.669
398 -139.979
398 -134.209
398 -130.6506
398 -123.779
398 -118.159
398 -108.669
399 -139.979
399 -134.209
399 -130.6506
399 -123.779
399 -118.159
399 -108.669
400 -134.209
400 -130.6506
400 -123.779
400 -118.159
400 -108.669
400 -100.349
401 -134.209
401 -130.6506
401 -123.779
401 -118.159
401 -108.669
401 -100.349
402 -130.6506
402 -123.779
402 -118.159
402 -108.669
402 -100.349
402 -89.95898
403 -130.6506
403 -123.779
403 -118.159
403 -108.669
403 -100.349
403 -89.95898
404 -130.6506
404 -123.779
404 -118.159
404 -108.669
404 -100.349
404 -89.95898
405 -123.779
405 -118.159
405 -108.669
405 -100.349
405 -89.95898
405 -79.97897
406 -123.779
406 -118.159
406 -108.669
406 -100.349
406 -89.95898
406 -79.97897
407 -118.159
407 -108.669
407 -100.349
407 -89.95898
407 -79.97897
407 -69.827
408 -118.159
408 -108.669
408 -100.349
408 -89.95898
408 -79.97897
408 -69.827
409 -118.159
409 -108.669
409 -100.349
409 -89.95898
409 -79.97897
409 -69.827
410 -118.159
410 -108.669
410 -100.349
410 -89.95898
410 -79.97897
410 -69.827
411 -108.669
411 -100.349
411 -89.95898
411 -79.97897
411 -69.827
411 -42.02898
412 -108.669
412 -100.349
412 -89.95898
412 -79.97897
412 -69.827
412 -42.02898
413 -108.669
413 -100.349
413 -89.95898
413 -79.97897
413 -69.827
413 -42.02898
414 -108.669
414 -100.349
414 -89.95898
414 -79.97897
414 -69.827
414 -42.02898
415 -100.349
415 -89.95898
415 -79.97897
415 -69.827
415 -42.02898
415 -20.72898
416 -100.349
416 -89.95898
416 -79.97897
416 -69.827
416 -42.02898
416 -20.72898
417 -100.349
417 -89.95898
417 -79.97897
417 -69.827
417 -42.02898
417 -20.72898
418 -100.349
418 -89.95898
418 -79.97897
418 -69.827
418 -42.02898
418 -20.72898
419 -89.95898
419 -79.97897
419 -69.827
419 -42.02898
419 -20.72898
419 -12.66062
420 -89.95898
420 -79.97897
420 -69.827
420 -42.02898
420 -20.72898
420 -12.66062
421 -89.95898
421 -79.97897
421 -69.827
421 -42.02898
421 -20.72898
421 -12.66062
422 -79.97897
422 -69.827
422 -42.02898
422 -20.72898
422 -12.66062
422 -7.878983
423 -79.97897
423 -69.827
423 -42.02898
423 -20.72898
423 -12.66062
423 -7.878983
424 -79.97897
424 -69.827
424 -42.02898
424 -20.72898
424 -12.66062
424 -7.878983
425 -69.827
425 -42.02898
425 -20.72898
425 -12.66062
425 -7.878983
425 -1.338982
426 -69.827
426 -42.02898
426 -20.72898
426 -12.66062
426 -7.878983
426 -1.338982
427 -69.827
427 -42.02898
427 -20.72898
427 -12.66062
427 -7.878983
427 -1.338982
428 -69.827
428 -42.02898
428 -20.72898
428 -12.66062
428 -7.878983
428 -1.338982
429 -69.827
429 -42.02898
429 -20.72898
429 -12.66062
429 -7.878983
429 -1.338982
430 -69.827
430 -42.02898
430 -20.72898
430 -12.66062
430 -7.878983
430 -1.338982
431 -69.827
431 -42.02898
431 -20.72898
431 -12.66062
431 -7.878983
431 -1.338982
432 -69.827
432 -42.02898
432 -20.72898
432 -12.66062
432 -7.878983
432 -1.338982
433 -42.02898
433 -20.72898
433 -12.66062
433 -7.878983
433 -1.338982
433 5.75
434 -42.02898
434 -20.72898
434 -12.66062
434 -7.878983
434 -1.338982
434 5.75
435 -42.02898
435 -20.72898
435 -12.66062
435 -7.878983
435 -1.338982
435 5.75
436 -42.02898
436 -20.72898
436 -12.66062
436 -7.878983
436 -1.338982
436 5.75
437 -42.02898
437 -20.72898
437 -12.66062
437 -7.878983
437 -1.338982
437 5.75
438 -20.72898
438 -12.66062
438 -7.878983
438 -1.338982
438 5.75
438 12.86102
439 -20.72898
439 -12.66062
439 -7.878983
439 -1.338982
439 5.75
439 12.86102
440 -12.66062
440 -7.878983
440 -1.338982
440 5.75
440 12.86102
440 19.95102
441 -7.878983
441 -1.338982
441 5.75
441 12.86102
441 19.95102
441 25.33102
442 -7.878983
442 -1.338982
442 5.75
442 12.86102
442 19.95102
442 25.33102
443 -1.338982
443 5.75
443 12.86102
443 19.95102
443 25.33102
443 29.88102
444 -1.338982
444 5.75
444 12.86102
444 19.95102
444 25.33102
444 29.88102
445 -1.338982
445 5.75
445 12.86102
445 19.95102
445 25.33102
445 29.88102
446 5.75
446 12.86102
446 19.95102
446 25.33102
446 29.88102
446 38.04939
447 5.75
447 12.86102
447 19.95102
447 25.33102
447 29.88102
447 38.04939
448 5.75
448 12.86102
448 19.95102
448 25.33102
448 29.88102
448 38.04939
449 12.86102
449 19.95102
449 25.33102
449 29.88102
449 38.04939
449 45.58102
450 12.86102
450 19.95102
450 25.33102
450 29.88102
450 38.04939
450 45.58102
451 12.86102
451 19.95102
451 25.33102
451 29.88102
451 38.04939
451 45.58102
452 19.95102
452 25.33102
452 29.88102
452 38.04939
452 45.58102
452 59.27102
453 19.95102
453 25.33102
453 29.88102
453 38.04939
453 45.58102
453 59.27102
454 19.95102
454 25.33102
454 29.88102
454 38.04939
454 45.58102
454 59.27102
455 25.33102
455 29.88102
455 38.04939
455 45.58102
455 59.27102
455 65.83102
456 25.33102
456 29.88102
456 38.04939
456 45.58102
456 59.27102
456 65.83102
457 25.33102
457 29.88102
457 38.04939
457 45.58102
457 59.27102
457 65.83102
458 29.88102
458 38.04939
458 45.58102
458 59.27102
458 65.83102
458 71.59937
459 29.88102
459 38.04939
459 45.58102
459 59.27102
459 65.83102
459 71.59937
460 29.88102
460 38.04939
460 45.58102
460 59.27102
460 65.83102
460 71.59937
461 29.88102
461 38.04939
461 45.58102
461 59.27102
461 65.83102
461 71.59937
462 29.88102
462 38.04939
462 45.58102
462 59.27102
462 65.83102
462 71.59937
463 38.04939
463 45.58102
463 59.27102
463 65.83102
463 71.59937
463 79.57102
464 38.04939
464 45.58102
464 59.27102
464 65.83102
464 71.59937
464 79.57102
465 38.04939
465 45.58102
465 59.27102
465 65.83102
465 71.59937
465 79.57102
466 38.04939
466 45.58102
466 59.27102
466 65.83102
466 71.59937
466 79.57102
467 38.04939
467 45.58102
467 59.27102
467 65.83102
467 71.59937
467 79.57102
468 45.58102
468 59.27102
468 65.83102
468 71.59937
468 79.57102
468 84.19102
469 45.58102
469 59.27102
469 65.83102
469 71.59937
469 79.57102
469 84.19102
470 45.58102
470 59.27102
470 65.83102
470 71.59937
470 79.57102
470 84.19102
471 45.58102
471 59.27102
471 65.83102
471 71.59937
471 79.57102
471 84.19102
472 45.58102
472 59.27102
472 65.83102
472 71.59937
472 79.57102
472 84.19102
473 45.58102
473 59.27102
473 65.83102
473 71.59937
473 79.57102
473 84.19102
474 59.27102
474 65.83102
474 71.59937
474 79.57102
474 84.19102
474 90.79102
475 59.27102
475 65.83102
475 71.59937
475 79.57102
475 84.19102
475 90.79102
476 65.83102
476 71.59937
476 79.57102
476 84.19102
476 90.79102
476 98.67102
477 65.83102
477 71.59937
477 79.57102
477 84.19102
477 90.79102
477 98.67102
478 71.59937
478 79.57102
478 84.19102
478 90.79102
478 98.67102
478 106.031
479 71.59937
479 79.57102
479 84.19102
479 90.79102
479 98.67102
479 106.031
480 79.57102
480 84.19102
480 90.79102
480 98.67102
480 106.031
480 117.181
481 79.57102
481 84.19102
481 90.79102
481 98.67102
481 106.031
481 117.181
482 84.19102
482 90.79102
482 98.67102
482 106.031
482 117.181
482 127.2894
483 84.19102
483 90.79102
483 98.67102
483 106.031
483 117.181
483 127.2894
484 90.79102
484 98.67102
484 106.031
484 117.181
484 127.2894
484 132.651
485 90.79102
485 98.67102
485 106.031
485 117.181
485 127.2894
485 132.651
486 90.79102
486 98.67102
486 106.031
486 117.181
486 127.2894
486 132.651
487 98.67102
487 106.031
487 117.181
487 127.2894
487 132.651
487 140.601
488 98.67102
488 106.031
488 117.181
488 127.2894
488 132.651
488 140.601
489 106.031
489 117.181
489 127.2894
489 132.651
489 140.601
489 144.511
490 106.031
490 117.181
490 127.2894
490 132.651
490 140.601
490 144.511
491 106.031
491 117.181
491 127.2894
491 132.651
491 140.601
491 144.511
492 106.031
492 117.181
492 127.2894
492 132.651
492 140.601
492 144.511
493 117.181
493 127.2894
493 132.651
493 140.601
493 144.511
493 150.031
494 117.181
494 127.2894
494 132.651
494 140.601
494 144.511
494 150.031
495 117.181
495 127.2894
495 132.651
495 140.601
495 144.511
495 150.031
496 127.2894
496 132.651
496 140.601
496 144.511
496 150.031
496 152.971
497 127.2894
497 132.651
497 140.601
497 144.511
497 150.031
497 152.971
498 132.651
498 140.601
498 144.511
498 150.031
498 152.971
498 156.621
499 132.651
499 140.601
499 144.511
499 150.031
499 152.971
499 156.621
500 132.651
500 140.601
500 144.511
500 150.031
500 152.971
500 156.621
501 140.601
501 144.511
501 150.031
501 152.971
501 156.621
501 158.4294
502 140.601
502 144.511
502 150.031
502 152.971
502 156.621
502 158.4294
503 144.511
503 150.031
503 152.971
503 156.621
503 158.4294
503 158.891
504 144.511
504 150.031
504 152.971
504 156.621
504 158.4294
504 158.891
505 144.511
505 150.031
505 152.971
505 156.621
505 158.4294
505 158.891
506 150.031
506 152.971
506 156.621
506 158.4294
506 158.891
506 158.731
507 150.031
507 152.971
507 156.621
507 158.4294
507 158.891
507 158.731
508 152.971
508 156.621
508 158.4294
508 158.891
508 158.731
508 157.101
509 152.971
509 156.621
509 158.4294
509 158.891
509 158.731
509 157.101
510 152.971
510 156.621
510 158.4294
510 158.891
510 158.731
510 157.101
511 156.621
511 158.4294
511 158.891
511 158.731
511 157.101
511 155.4194
512 156.621
512 158.4294
512 158.891
512 158.731
512 157.101
512 155.4194
513 158.4294
513 158.891
513 158.731
513 157.101
513 155.4194
513 151.201
514 158.4294
514 158.891
514 158.731
514 157.101
514 155.4194
514 151.201
515 158.4294
515 158.891
515 158.731
515 157.101
515 155.4194
515 151.201
516 158.891
516 158.731
516 157.101
516 155.4194
516 151.201
516 148.141
517 158.891
517 158.731
517 157.101
517 155.4194
517 151.201
517 148.141
518 158.731
518 157.101
518 155.4194
518 151.201
518 148.141
518 140.121
519 158.731
519 157.101
519 155.4194
519 151.201
519 148.141
519 140.121
520 158.731
520 157.101
520 155.4194
520 151.201
520 148.141
520 140.121
521 157.101
521 155.4194
521 151.201
521 148.141
521 140.121
521 135.321
522 157.101
522 155.4194
522 151.201
522 148.141
522 140.121
522 135.321
523 155.4194
523 151.201
523 148.141
523 140.121
523 135.321
523 127.081
524 155.4194
524 151.201
524 148.141
524 140.121
524 135.321
524 127.081
525 155.4194
525 151.201
525 148.141
525 140.121
525 135.321
525 127.081
526 151.201
526 148.141
526 140.121
526 135.321
526 127.081
526 119.021
527 148.141
527 140.121
527 135.321
527 127.081
527 119.021
527 113.361
528 148.141
528 140.121
528 135.321
528 127.081
528 119.021
528 113.361
529 148.141
529 140.121
529 135.321
529 127.081
529 119.021
529 113.361
530 148.141
530 140.121
530 135.321
530 127.081
530 119.021
530 113.361
531 148.141
531 140.121
531 135.321
531 127.081
531 119.021
531 113.361
532 140.121
532 135.321
532 127.081
532 119.021
532 113.361
532 105.941
533 140.121
533 135.321
533 127.081
533 119.021
533 113.361
533 105.941
534 135.321
534 127.081
534 119.021
534 113.361
534 105.941
534 92.88499
535 135.321
535 127.081
535 119.021
535 113.361
535 105.941
535 92.88499
536 135.321
536 127.081
536 119.021
536 113.361
536 105.941
536 92.88499
537 127.081
537 119.021
537 113.361
537 105.941
537 92.88499
537 78.73102
538 127.081
538 119.021
538 113.361
538 105.941
538 92.88499
538 78.73102
539 119.021
539 113.361
539 105.941
539 92.88499
539 78.73102
539 65.34102
