0 0
1 0
2 -0.1634202
3 -0.1634202
4 -0.1634202
5 -0.1634202
6 -0.1634202
7 -0.1634202
8 -0.1073883
9 -0.02069767
10 -0.02069767
11 0.0435011
12 0.0435011
13 0.02605989
14 0.02605989
15 0.01551299
16 0.01215502
17 0.006098665
18 0.006098665
19 -0.00279528
20 -0.002969472
21 -0.002969472
22 -0.006698809
23 -0.006698809
24 -0.007266879
25 -0.007529377
26 -0.007654133
27 -0.008743585
28 -0.008081625
29 -0.007896829
30 -0.007444274
31 -0.007444274
32 -0.006569528
33 -0.006398124
34 -0.006398124
35 -0.005936284
36 -0.006121467
37 -0.006083511
38 -0.006183859
39 -0.006299893
40 -0.006299893
41 -0.006668964
42 -0.006726102
43 -0.006949848
44 -0.006949848
45 -0.007125542
46 -0.007528928
47 -0.007528928
48 -0.008122412
49 -0.008122412
50 -0.008000446
51 -0.008089719
52 -0.008147647
53 -0.008252898
54 -0.009125489
55 -0.008891151
56 -0.009076785
57 -0.009157568
58 -0.009358415
59 -0.009433309
60 -0.009972807
61 -0.01041826
62 -0.01041826
63 -0.0118793
64 -0.0118793
65 -0.01339795
66 -0.01339795
67 -0.01490536
68 -0.01604952
69 -0.01671158
70 -0.01763156
71 -0.01917716
72 -0.01988557
73 -0.02109867
74 -0.02284355
75 -0.02378386
76 -0.02542997
77 -0.02708424
78 -0.02887114
79 -0.03076379
80 -0.03319786
81 -0.03590353
82 -0.0375142
83 -0.0375142
84 -0.04235871
85 -0.0415952
86 -0.04302054
87 -0.04311197
88 -0.04480928
89 -0.04578575
90 -0.04631794
91 -0.04659266
92 -0.04554794
93 -0.04425522
94 -0.04206425
95 -0.04089618
96 -0.03928985
97 -0.0373574
98 -0.03491946
99 -0.03491946
100 -0.02990763
101 -0.02809458
102 -0.02594309
103 -0.02310056
104 -0.02080958
105 -0.01978691
106 -0.01727074
107 -0.01578412
108 -0.01378811
109 -0.01253179
110 -0.01156369
111 -0.010421
112 -0.009387891
113 -0.008389684
114 -0.007711222
115 -0.007128593
116 -0.005940189
117 -0.005869272
118 -0.005616797
119 -0.005460782
120 -0.005148071
121 -0.005148071
122 -0.004715295
123 -0.004715295
124 -0.003616887
125 -0.002604197
126 -0.001599183
127 -0.0009921598
128 -0.0003026529
129 -0.0001941202
130 0.0001794749
131 0.0001415918
132 -0.0009657046
133 -0.001070577
134 -0.001914418
135 -0.003334562
136 -0.004648628
137 -0.004648628
138 -0.01040513
139 -0.01200515
140 -0.01600349
141 -0.02304086
142 -0.02550478
143 -0.02550478
144 -0.04385781
145 -0.04523196
146 -0.05515934
147 -0.06800828
148 -0.06800828
149 -0.08868031
150 -0.0926546
151 -0.09984671
152 -0.1056532
153 -0.1115559
154 -0.1166915
155 -0.1194471
156 -0.1169919
157 -0.1015837
158 -0.09073347
159 -0.07663365
160 -0.06671538
161 -0.05513085
162 -0.04913455
163 -0.03931829
164 -0.0336863
165 -0.02675455
166 -0.02410642
167 -0.0192952
168 -0.01684896
169 -0.009520216
170 -0.009639615
171 -0.00819909
172 -0.007751365
173 -0.003899375
174 -0.005084567
175 -0.004197405
176 -0.004197405
177 -0.00181565
178 -0.00181565
179 0.003794315
180 0.003794315
181 0.01753346
182 0.02005282
183 0.02863251
184 0.03476836
185 0.04069893
186 0.06041688
187 0.06774326
188 0.0895367
189 0.09622315
190 0.09622315
191 0.1206011
192 0.1245452
193 0.1305276
194 0.1219265
195 0.111921
196 0.09707879
197 0.09707879
198 0.05980195
199 0.05221318
200 0.04052434
201 0.02931637
202 0.02931637
203 0.01351062
204 0.01145552
205 0.005619585
206 0.003060103
207 -0.0006381469
208 -0.0006381469
209 -0.005229661
210 -0.006244382
211 -0.008272839
212 -0.01039975
213 -0.01143638
214 -0.01324059
215 -0.01469159
216 -0.01876238
217 -0.0193847
218 -0.02203924
219 -0.0245674
220 -0.02776172
221 -0.02776172
222 -0.04640254
223 -0.04640254
224 -0.05526546
225 -0.05994839
226 -0.06657846
227 -0.0786667
228 -0.08316751
229 -0.09047922
230 -0.09452241
231 -0.09374412
232 -0.08974797
233 -0.08326603
234 -0.07643748
235 -0.06883692
236 -0.05949553
237 -0.05326274
238 -0.0464505
239 -0.04123094
240 -0.0362986
241 -0.03238663
242 -0.03071692
243 -0.02911195
244 -0.02911314
245 -0.02818443
246 -0.02836933
247 -0.02793581
248 -0.02794397
249 -0.02836679
250 -0.02817932
251 -0.02827166
252 -0.02827166
253 -0.02856466
254 -0.02858789
255 -0.02855139
256 -0.02855139
257 -0.02742145
258 -0.02710868
259 -0.02626305
260 -0.02516215
261 -0.02480961
262 -0.0231477
263 -0.02192051
264 -0.02031991
265 -0.01907838
266 -0.01737224
267 -0.01616678
268 -0.01456617
269 -0.01354859
270 -0.0123465
271 -0.01135209
272 -0.01023119
273 -0.009514301
274 -0.009514301
275 -0.007782244
276 -0.007780591
277 -0.007380622
278 -0.007338507
279 -0.007338507
280 -0.006600115
281 -0.006838235
282 -0.006761955
283 -0.006980833
284 -0.006917853
285 -0.006942941
286 -0.007172893
287 -0.006984446
288 -0.006646375
289 -0.006707169
290 -0.006746889
291 -0.006665015
292 -0.006633713
293 -0.006571671
294 -0.006637875
295 -0.006540883
296 -0.006543105
297 -0.006596258
298 -0.006624402
299 -0.006708971
300 -0.006822352
301 -0.006945782
302 -0.007105995
303 -0.007362977
304 -0.007362977
305 -0.008087027
306 -0.008087027
307 -0.008693066
308 -0.009455089
309 -0.009714267
310 -0.009714267
311 -0.01104825
312 -0.01147694
313 -0.01147694
314 -0.01332573
315 -0.01381985
316 -0.01475782
317 -0.01475782
318 -0.01698352
319 -0.01698352
320 -0.01846995
321 -0.01846995
322 -0.02102339
323 -0.02102339
324 -0.02330084
325 -0.02379563
326 -0.02495223
327 -0.02604995
328 -0.02604995
329 -0.02923073
330 -0.02923073
331 -0.03188684
332 -0.03188684
333 -0.03605943
334 -0.03686081
335 -0.03686081
336 -0.04072605
337 -0.04075455
338 -0.04250838
339 -0.04250838
340 -0.04518025
341 -0.04516724
342 -0.04516724
343 -0.04595923
344 -0.04490099
345 -0.04411717
346 -0.04231529
347 -0.04086174
348 -0.03932814
349 -0.03630723
350 -0.03405553
351 -0.03160499
352 -0.02930516
353 -0.02659176
354 -0.02659176
355 -0.02114363
356 -0.02114363
357 -0.01809823
358 -0.01636153
359 -0.01432611
360 -0.01266589
361 -0.01192176
362 -0.01028427
363 -0.009497374
364 -0.00815458
365 -0.007656869
366 -0.007656869
367 -0.006428825
368 -0.006144964
369 -0.006089388
370 -0.006017956
371 -0.005930223
372 -0.005930223
373 -0.00627688
374 -0.005481699
375 -0.005059037
376 -0.005059037
377 -0.003925154
378 -0.003004927
379 -0.001868485
380 -0.0009412661
381 -0.0009412661
382 -0.0001339291
383 0.0001846005
384 0.0002703527
385 -0.0008397246
386 -0.000931069
387 -0.001942416
388 -0.002933662
389 -0.006133083
390 -0.007068658
391 -0.00981883
392 -0.00981883
393 -0.01683141
394 -0.02228605
395 -0.02455512
396 -0.02455512
397 -0.04100107
398 -0.04100107
399 -0.0494426
400 -0.05563577
401 -0.06707256
402 -0.0734966
403 -0.0734966
404 -0.09429774
405 -0.09429774
406 -0.1045854
407 -0.1101748
408 -0.1101748
409 -0.1205408
410 -0.1205408
411 -0.1039336
412 -0.08998534
413 -0.0793102
414 -0.06594368
415 -0.05723676
416 -0.04808208
417 -0.03909137
418 -0.03298851
419 -0.0271697
420 -0.0230835
421 -0.01941753
422 -0.0159116
423 -0.009494626
424 -0.008984841
425 -0.007567511
426 -0.003589889
427 -0.004893458
428 -0.004368245
429 -0.00391514
430 -0.00391514
431 -0.0003691652
432 0.002519211
433 0.007179687
434 0.007179687
435 0.02403753
436 0.02783649
437 0.03695007
438 0.04313873
439 0.06075578
440 0.07040012
441 0.08693477
442 0.08693477
443 0.1167487
444 0.1202103
445 0.132408
446 0.1312794
447 0.1190039
448 0.1058813
449 0.1058813
450 0.06827331
451 0.06001432
452 0.04538161
453 0.03592697
454 0.02582991
455 0.01945856
456 0.01308277
457 0.008824786
458 0.004354011
459 0.001501434
460 -0.001879932
461 -0.003434367
462 -0.005225036
463 -0.00664285
464 -0.00911698
465 -0.01008409
466 -0.01168511
467 -0.01298556
468 -0.01495464
469 -0.01495464
470 -0.02071038
471 -0.02071038
472 -0.02531932
473 -0.02785365
474 -0.03291667
475 -0.04724305
476 -0.04986454
477 -0.05906866
478 -0.0644815
479 -0.0644815
480 -0.0873035
481 -0.08856621
482 -0.09569015
483 -0.09821234
484 -0.09328889
485 -0.08663395
486 -0.0772768
487 -0.0707131
488 -0.06263214
489 -0.05596817
490 -0.0520085
491 -0.04546604
492 -0.04201019
493 -0.03776537
494 -0.03776537
495 -0.03445573
496 -0.03100614
497 -0.0300892
498 -0.0300892
499 -0.02908549
500 -0.02908549
501 -0.02846281
502 -0.02846281
503 -0.02858724
504 -0.02858724
505 -0.02819675
506 -0.02819675
507 -0.02836913
508 -0.02836913
509 -0.02747971
510 -0.02747971
511 -0.02686185
512 -0.02686185
513 -0.02488019
514 -0.02473609
515 -0.02333924
516 -0.02198404
517 -0.02066894
518 -0.01910056
519 -0.0178738
520 -0.01602204
521 -0.01602204
522 -0.0133185
523 -0.01273668
524 -0.01172806
525 -0.01079783
526 -0.01079783
527 -0.008724399
528 -0.008724399
529 -0.007851329
530 -0.007851329
531 -0.007773967
532 -0.0074589
533 -0.006944896
534 -0.006961752
535 -0.006961752
536 -0.006882448
537 -0.006882448
538 -0.007009735
539 -0.006922779
