0 0
1 0.4380091
2 3.184191
3 1.540608
4 1.962185
5 3.049707
6 4.683617
7 6.432537
8 8.022067
9 9.5927
10 10.91876
11 12.68283
12 14.32021
13 16.01852
14 17.29781
15 18.75562
16 20.3773
17 21.77202
18 23.53768
19 24.88555
20 26.21434
21 27.33807
22 28.81469
23 29.90617
24 31.34052
25 32.75125
26 33.96654
27 35.334
28 36.51196
29 37.67297
30 38.81723
31 39.94498
32 41.21393
33 42.30705
34 43.23146
35 44.44622
36 45.49268
37 46.52398
38 47.6844
39 48.82565
40 49.80874
41 50.77765
42 51.8678
43 52.93986
44 53.86352
45 54.77372
46 55.67072
47 56.42925
48 57.30227
49 58.2845
50 59.25046
51 60.20044
52 61.01875
53 61.8251
54 62.73251
55 63.51388
56 64.28403
57 65.04296
58 65.79073
59 66.63215
60 67.35683
61 68.17201
62 68.77431
63 69.46749
64 70.24702
65 70.91823
66 71.57959
67 72.323
68 73.05358
69 73.7714
70 74.38903
71 74.78461
72 74.14143
73 70.25739
74 66.46886
75 62.30663
76 59.59011
77 60.00117
78 60.90553
79 61.35571
80 56.0222
81 52.56118
82 50.94994
83 52.0068
84 53.1396
85 53.72319
86 53.10186
87 48.86162
88 45.56186
89 45.07998
90 46.25125
91 47.40466
92 48.68012
93 49.79392
94 50.88947
95 52.10089
96 53.15747
97 54.32556
98 55.34569
99 56.34944
100 57.46023
101 58.30836
102 59.38801
103 60.44042
104 61.25314
105 62.1602
106 62.94959
107 63.83189
108 64.59383
109 65.45558
110 66.19209
111 67.02579
112 67.74286
113 68.75044
114 69.83511
115 71.65229
116 72.94645
117 73.66965
118 74.29272
119 75.08058
120 75.72885
121 76.34109
122 77.09848
123 77.67025
124 78.39103
125 79.10118
126 79.64405
127 80.25531
128 80.93107
129 81.4481
130 82.02993
131 82.60226
132 83.09534
133 83.58132
134 84.19582
135 84.6659
136 85.19472
137 85.58556
138 86.09858
139 86.34374
140 85.55337
141 81.63048
142 77.53708
143 73.09423
144 69.23231
145 64.98063
146 60.387
147 56.35146
148 52.84583
149 48.99271
150 46.05742
151 42.78305
152 39.19314
153 36.0872
154 33.05883
155 31.82066
156 33.41124
157 34.60178
158 35.95111
159 37.11961
160 38.4282
161 39.55698
162 40.83163
163 41.92707
164 43.16364
165 44.22722
166 45.42427
167 46.45498
168 47.61518
169 48.75622
170 49.7401
171 50.84657
172 51.93503
173 53.13816
174 54.31952
175 55.35105
176 56.23984
177 57.23991
178 58.10159
179 59.07116
180 59.90639
181 61.07788
182 62.22323
183 63.12156
184 59.4888
185 54.63912
186 50.36363
187 45.37144
188 41.73351
189 38.17853
190 35.10753
191 31.72768
192 30.55289
193 32.68079
194 34.20937
195 35.72226
196 37.37561
197 38.67775
198 40.12455
199 41.23269
200 42.63334
201 43.70736
202 44.7651
203 45.95502
204 47.12641
205 48.13132
206 49.26554
207 50.24204
208 51.20475
209 52.28806
210 53.35335
211 54.40113
212 55.30362
213 56.31883
214 57.19323
215 58.17662
216 59.02324
217 59.97467
218 60.90997
219 61.82854
220 62.8221
221 62.15342
222 58.91621
223 55.81353
224 52.3437
225 48.95003
226 43.6042
227 40.41209
228 37.28962
229 35.97851
230 37.4978
231 38.9439
232 40.23038
233 41.15491
234 41.94155
235 43.10943
236 44.45849
237 45.64286
238 46.81135
239 48.09883
240 49.36988
241 50.47451
242 51.56384
243 52.89823
244 53.94619
245 54.84869
246 55.86399
247 56.61418
248 57.72229
249 58.68937
250 59.63985
251 60.57454
252 61.3791
253 62.28383
254 63.03946
255 63.75818
256 64.16429
257 64.83919
258 65.57253
259 66.40707
260 67.12067
261 67.93552
262 68.63
263 69.40895
264 70.08826
265 70.85233
266 71.50281
267 72.24557
268 72.8886
269 73.59913
270 74.2214
271 74.92406
272 75.51925
273 76.19884
274 77.11507
275 77.76534
276 78.40757
277 79.03849
278 80.04247
279 80.64712
280 81.31577
281 81.82733
282 82.47419
283 83.03919
284 83.52589
285 84.14138
286 84.67889
287 85.20742
288 85.72727
289 86.17517
290 86.67899
291 87.113
292 87.60131
293 88.02191
294 88.49519
295 88.9028
296 89.36149
297 89.75656
298 90.20107
299 90.63815
300 91.0146
301 91.38558
302 91.85455
303 92.26394
304 92.61647
305 93.01299
306 93.35434
307 93.55174
308 93.44812
309 92.69928
310 91.42418
311 86.70203
312 82.53972
313 79.82063
314 80.04829
315 80.63072
316 80.98474
317 80.91873
318 80.45148
319 76.91898
320 72.97755
321 69.601
322 66.29191
323 63.42749
324 63.48084
325 64.07731
326 64.07244
327 63.46244
328 62.33791
329 61.24566
330 58.1008
331 54.58969
332 52.60495
333 53.60293
334 54.63509
335 55.22562
336 55.21378
337 52.09654
338 49.1405
339 47.29314
340 48.31487
341 49.29294
342 50.39559
343 51.55461
344 52.48299
345 53.10812
346 53.70356
347 54.19089
348 55.3875
349 56.38685
350 57.36955
351 58.22418
352 59.17458
353 60.12003
354 60.92916
355 61.84742
356 62.63602
357 63.52047
358 64.39942
359 65.25489
360 66.0006
361 66.83389
362 67.55448
363 68.36472
364 69.26071
365 70.33374
366 71.38295
367 72.13147
368 73.05001
369 73.77129
370 74.48081
371 75.17869
372 75.77996
373 76.52945
374 77.0155
375 77.6812
376 78.24704
377 78.87747
378 79.57892
379 80.26643
380 80.79278
381 81.31166
382 81.89561
383 82.47007
384 83.10512
385 83.59095
386 84.13756
387 84.60852
388 85.13837
389 85.59477
390 86.10796
391 86.61261
392 86.89452
393 86.0566
394 82.61066
395 78.52635
396 75.02728
397 71.12879
398 67.77518
399 64.02596
400 60.35713
401 56.76732
402 53.25036
403 49.81572
404 46.44967
405 43.56786
406 39.56413
407 36.44909
408 33.78764
409 32.28989
410 33.52408
411 35.04865
412 36.22086
413 37.54805
414 38.68685
415 39.97105
416 41.23793
417 42.32823
418 43.40524
419 44.61644
420 45.66007
421 46.83335
422 47.84364
423 49.12204
424 50.37734
425 51.47337
426 52.55164
427 53.87486
428 55.04234
429 56.0621
430 56.94061
431 58.0517
432 59.14227
433 60.09466
434 61.14709
435 62.29087
436 63.29771
437 59.21506
438 55.23928
439 50.52341
440 46.75482
441 42.276
442 37.93874
443 34.47767
444 30.74706
445 30.68474
446 32.59231
447 34.12884
448 35.65104
449 37.1445
450 38.61697
451 39.91106
452 41.17856
453 42.42507
454 43.50212
455 44.71318
456 45.75681
457 46.92897
458 47.93948
459 49.21722
460 50.19458
461 51.15804
462 52.10749
463 53.17587
464 54.22655
465 55.25968
466 56.14958
467 57.15055
468 58.01249
469 58.86164
470 59.93364
471 60.75325
472 61.67435
473 62.6011
474 61.54797
475 57.94972
476 54.43012
477 50.99066
478 45.56416
479 42.32921
480 39.15725
481 35.68204
482 34.7302
483 36.22025
484 37.69205
485 39.30239
486 40.56173
487 41.95887
488 43.1822
489 44.23738
490 45.42789
491 46.45364
492 47.6065
493 48.74201
494 49.99604
495 51.22767
496 52.56968
497 53.62302
498 54.52989
499 55.55012
500 56.42881
501 57.41759
502 58.26905
503 59.22626
504 60.05092
505 60.97847
506 61.77687
507 62.67488
508 63.44814
509 64.09892
510 64.74346
511 65.67567
512 66.40519
513 67.22173
514 67.92899
515 68.72964
516 69.40665
517 70.18207
518 70.85312
519 71.68688
520 72.33478
521 72.9763
522 73.59664
523 74.21805
524 74.83338
525 75.51748
526 76.11006
527 77.11297
528 77.68043
529 78.24462
530 78.79954
531 79.34665
532 79.96261
533 80.71844
534 81.23845
535 81.89608
536 82.47047
537 82.9654
538 83.59119
539 84.06988
