0 0
1 4.12033
2 4.119944
3 4.11825
4 4.11179
5 4.102408
6 4.08456
7 4.061662
8 4.036024
9 4.013505
10 4.004509
11 4.00476
12 4.016361
13 4.029732
14 4.038737
15 4.048152
16 4.057569
17 4.064571
18 4.070654
19 4.073753
20 4.074554
21 4.074047
22 4.071913
23 4.069241
24 4.064762
25 4.059479
26 4.054311
27 4.047897
28 4.041646
29 4.03505
30 4.028297
31 4.021513
32 4.013824
33 4.007247
34 4.001705
35 3.994426
36 3.988145
37 3.98182
38 3.974473
39 3.96696
40 3.960201
41 3.953215
42 3.944885
43 3.936206
44 3.928304
45 3.920107
46 3.91157
47 3.903956
48 3.89475
49 3.883662
50 3.872127
51 3.860266
52 3.849616
53 3.838714
54 3.82593
55 3.814226
56 3.802081
57 3.789558
58 3.776669
59 3.761514
60 3.747885
61 3.731696
62 3.719019
63 3.703548
64 3.684698
65 3.667202
66 3.648529
67 3.62581
68 3.601386
69 3.575009
70 3.550415
71 3.520446
72 3.488527
73 3.455971
74 3.423578
75 3.387174
76 3.351125
77 3.312668
78 3.275436
79 3.219588
80 3.174028
81 3.134092
82 3.08856
83 3.044462
84 2.9901
85 2.917226
86 2.862633
87 2.796448
88 2.746853
89 2.699185
90 2.64873
91 2.595584
92 2.533179
93 2.476267
94 2.418836
95 2.354582
96 2.298028
97 2.235121
98 2.180163
99 2.126901
100 2.068871
101 2.025718
102 1.972843
103 1.923158
104 1.886801
105 1.848159
106 1.816347
107 1.782549
108 1.755261
109 1.726921
110 1.704334
111 1.680684
112 1.661497
113 1.636433
114 1.611578
115 1.573834
116 1.54865
117 1.535208
118 1.524038
119 1.510355
120 1.500197
121 1.488689
122 1.476328
123 1.466957
124 1.455736
125 1.445488
126 1.438374
127 1.431525
128 1.425474
129 1.421957
130 1.418971
131 1.416936
132 1.415734
133 1.414517
134 1.412643
135 1.410675
136 1.407201
137 1.403426
138 1.395582
139 1.385774
140 1.36662
141 1.346321
142 1.320255
143 1.284109
144 1.24657
145 1.193206
146 1.123901
147 1.05313
148 0.9811208
149 0.8923059
150 0.8170772
151 0.7271106
152 0.6237695
153 0.5321874
154 0.4426194
155 0.3663823
156 0.2607562
157 0.1733864
158 0.07551967
159 6.277523
160 6.192585
161 6.125192
162 6.056538
163 6.002678
164 5.948527
165 5.907208
166 5.86664
167 5.835582
168 5.804678
169 5.777897
170 5.75877
171 5.740735
172 5.725484
173 5.710575
174 5.698764
175 5.689899
176 5.682967
177 5.675953
178 5.670946
179 5.667053
180 5.666166
181 5.67024
182 5.68593
183 5.706327
184 5.73378
185 5.781267
186 5.832678
187 5.912276
188 5.981969
189 6.063135
190 6.140647
191 6.230198
192 0.02962061
193 0.171053
194 0.2900814
195 0.4131231
196 0.5482039
197 0.6513163
198 0.7577338
199 0.8290688
200 0.907293
201 0.9587829
202 1.001944
203 1.042143
204 1.072323
205 1.092792
206 1.110152
207 1.120847
208 1.127643
209 1.131393
210 1.131151
211 1.127672
212 1.122163
213 1.112864
214 1.10238
215 1.087713
216 1.072534
217 1.051434
218 1.02676
219 0.9984585
220 0.9575546
221 0.9110206
222 0.8705382
223 0.8298267
224 0.778502
225 0.7223341
226 0.6243985
227 0.5622354
228 0.4969749
229 0.4121707
230 0.3155897
231 0.218508
232 0.1152297
233 0.01014878
234 6.179461
235 6.070594
236 5.976917
237 5.899377
238 5.827552
239 5.754045
240 5.687614
241 5.634091
242 5.584859
243 5.527708
244 5.484292
245 5.44718
246 5.405394
247 5.374223
248 5.3275
249 5.285674
250 5.243278
251 5.20026
252 5.162049
253 5.117744
254 5.07835
255 5.032622
256 4.992239
257 4.946046
258 4.905554
259 4.858998
260 4.818472
261 4.772768
262 4.733238
263 4.689422
264 4.65217
265 4.611171
266 4.577105
267 4.540152
268 4.50949
269 4.476902
270 4.450176
271 4.421571
272 4.39835
273 4.373754
274 4.343273
275 4.32292
276 4.30394
277 4.285974
278 4.258532
279 4.242282
280 4.224665
281 4.211452
282 4.194681
283 4.179896
284 4.166955
285 4.150205
286 4.135222
287 4.120077
288 4.104792
289 4.091473
290 4.07637
291 4.063141
292 4.048002
293 4.034804
294 4.019734
295 4.006503
296 3.9914
297 3.978185
298 3.963002
299 3.947742
300 3.934294
301 3.920677
302 3.902899
303 3.886802
304 3.872359
305 3.855363
306 3.839956
307 3.821713
308 3.805216
309 3.785573
310 3.765266
311 3.744735
312 3.724229
313 3.706542
314 3.68543
315 3.662296
316 3.640535
317 3.617474
318 3.586138
319 3.560991
320 3.532162
321 3.506799
322 3.481365
323 3.452236
324 3.418016
325 3.384876
326 3.349581
327 3.317392
328 3.284325
329 3.24565
330 3.211269
331 3.172648
332 3.13468
333 3.088853
334 3.043989
335 3.002188
336 2.95171
337 2.907411
338 2.864451
339 2.8111
340 2.755402
341 2.709254
342 2.654016
343 2.589407
344 2.53003
345 2.469809
346 2.394483
347 2.327494
348 2.25409
349 2.195731
350 2.139023
351 2.090957
352 2.038638
353 1.98883
354 1.947788
355 1.9037
356 1.867897
357 1.829928
358 1.794604
359 1.762098
360 1.735885
361 1.708633
362 1.687093
363 1.664653
364 1.64165
365 1.616463
366 1.593799
367 1.578745
368 1.561369
369 1.548236
370 1.535592
371 1.52324
372 1.512638
373 1.500614
374 1.490135
375 1.478379
376 1.468415
377 1.457675
378 1.446568
379 1.436738
380 1.430213
381 1.424892
382 1.420219
383 1.416842
384 1.414327
385 1.413085
386 1.411723
387 1.410364
388 1.408193
389 1.405357
390 1.399686
391 1.391133
392 1.382668
393 1.36646
394 1.348809
395 1.322952
396 1.295797
397 1.25969
398 1.220745
399 1.169159
400 1.110576
401 1.045873
402 0.9737926
403 0.8955104
404 0.8119733
405 0.7340214
406 0.6202386
407 0.5292608
408 0.4510462
409 0.3636095
410 0.2813881
411 0.1690151
412 0.08181158
413 6.27094
414 6.194839
415 6.116557
416 6.046755
417 5.992516
418 5.944611
419 5.897158
420 5.861619
421 5.826487
422 5.799603
423 5.770085
424 5.747097
425 5.730439
426 5.7163
427 5.702925
428 5.693094
429 5.685286
430 5.679079
431 5.672234
432 5.667536
433 5.666025
434 5.669067
435 5.682444
436 5.70654
437 5.739462
438 5.78065
439 5.840988
440 5.90162
441 5.989247
442 6.09019
443 6.17825
444 6.282846
445 0.09599423
446 0.2333853
447 0.3554854
448 0.4779754
449 0.5954413
450 0.7055525
451 0.7914131
452 0.8664105
453 0.9303311
454 0.9776207
455 1.021672
456 1.052324
457 1.079551
458 1.097768
459 1.11427
460 1.122609
461 1.127364
462 1.129034
463 1.127694
464 1.123398
465 1.116055
466 1.107359
467 1.094914
468 1.081906
469 1.066717
470 1.043026
471 1.02096
472 0.9923257
473 0.950754
474 0.8936247
475 0.8522448
476 0.8047706
477 0.7517319
478 0.6556036
479 0.59334
480 0.5276448
481 0.4484782
482 0.3315489
483 0.2407349
484 0.1414993
485 0.02721289
486 6.2195
487 6.121062
488 6.037779
489 5.968785
490 5.895731
491 5.836183
492 5.772756
493 5.714355
494 5.65358
495 5.596888
496 5.538339
497 5.494096
498 5.456225
499 5.413313
500 5.37599
501 5.333345
502 5.295928
503 5.25281
504 5.214708
505 5.170761
506 5.132002
507 5.087268
508 5.047591
509 5.001781
510 4.961728
511 4.910045
512 4.869653
513 4.823534
514 4.783844
515 4.738872
516 4.700557
517 4.657975
518 4.621871
519 4.577916
520 4.545341
521 4.514392
522 4.48536
523 4.458264
524 4.432791
525 4.405595
526 4.383441
527 4.348835
528 4.33069
529 4.313747
530 4.297585
531 4.282057
532 4.264986
533 4.244306
534 4.23029
535 4.21279
536 4.197484
537 4.184216
538 4.167333
539 4.154173
