0 0
1 -40.62
2 -40.61998
3 -40.65144
4 -40.74221
5 -40.86489
6 -41.10458
7 -41.40598
8 -41.74193
9 -42.15036
10 -42.56527
11 -43.21014
12 -43.96223
13 -44.81901
14 -45.52786
15 -46.42643
16 -47.54575
17 -48.60486
18 -50.07272
19 -51.29486
20 -52.58425
21 -53.74149
22 -55.35678
23 -56.62049
24 -58.3727
25 -60.1991
26 -61.85575
27 -63.81341
28 -65.58019
29 -67.39515
30 -69.2566
31 -71.16294
32 -73.39475
33 -75.39265
34 -77.13763
35 -79.50951
36 -81.62599
37 -83.7794
38 -86.28371
39 -88.83202
40 -91.09594
41 -93.38993
42 -96.04605
43 -98.73616
44 -101.1155
45 -103.5166
46 -105.9372
47 -108.0259
48 -110.4767
49 -113.2931
50 -116.1224
51 -118.9612
52 -121.4503
53 -123.9417
54 -126.789
55 -129.2769
56 -131.7587
57 -134.2313
58 -136.6919
59 -139.4855
60 -141.9106
61 -144.6553
62 -146.6919
63 -149.0401
64 -151.6809
65 -153.9479
66 -156.1678
67 -158.6385
68 -161.0282
69 -163.3247
70 -165.2474
71 -167.3302
72 -169.2573
73 -170.9685
74 -172.4406
75 -173.8286
76 -174.9573
77 -175.8955
78 -176.5739
79 -177.2397
80 -177.5228
81 -177.5904
82 -177.4794
83 -177.2077
84 -176.6852
85 -175.7063
86 -174.7609
87 -173.3768
88 -172.166
89 -170.8624
90 -169.3798
91 -167.7048
92 -165.5822
93 -163.4784
94 -161.1685
95 -158.3253
96 -155.5845
97 -152.2672
98 -149.1174
99 -145.7866
100 -141.8352
101 -138.6211
102 -134.3201
103 -129.8439
104 -126.2508
105 -122.0344
106 -118.2558
107 -113.8426
108 -109.9045
109 -105.3223
110 -101.2466
111 -96.51772
112 -92.3213
113 -86.23676
114 -79.42896
115 -67.40739
116 -58.35173
117 -53.10651
118 -48.4766
119 -42.4704
120 -37.75909
121 -32.33072
122 -26.17653
123 -21.3527
124 -15.10569
125 -8.808989
126 -3.877945
127 1.793214
128 8.218654
129 13.24951
130 19.03483
131 24.85837
132 29.98532
133 35.14125
134 41.81207
135 47.03216
136 53.0305
137 57.55082
138 63.60406
139 69.6707
140 76.46024
141 82.28963
142 87.80973
143 93.64108
144 98.48817
145 103.5523
146 108.682
147 112.8393
148 116.1546
149 119.4438
150 121.6721
151 123.8633
152 125.8861
153 127.3113
154 128.4141
155 129.1498
156 129.8771
157 130.2641
158 130.4997
159 130.5194
160 130.3467
161 130.0097
162 129.427
163 128.7543
164 127.8128
165 126.8493
166 125.6031
167 124.3955
168 122.8915
169 121.2648
170 119.7505
171 117.9264
172 116.0101
173 113.7512
174 111.3924
175 109.2185
176 107.2596
177 104.959
178 102.8951
179 100.4837
180 98.33458
181 95.21852
182 92.08862
183 89.60959
184 87.28068
185 84.47389
186 82.32845
187 80.29138
188 79.15781
189 78.36645
190 77.9388
191 77.7384
192 77.77835
193 78.23553
194 78.95237
195 80.01869
196 81.62293
197 83.21834
198 85.32416
199 87.16656
200 89.76695
201 91.95039
202 94.25859
203 97.03293
204 99.93533
205 102.5686
206 105.6752
207 108.4713
208 111.3337
209 114.6798
210 118.0984
211 121.5828
212 124.6807
213 128.2708
214 131.4503
215 135.1208
216 138.3586
217 142.0795
218 145.8113
219 149.5415
220 154.1743
221 158.6776
222 162.0534
223 164.7487
224 167.5301
225 169.9926
226 173.3256
227 174.9839
228 176.3569
229 177.7307
230 178.8395
231 179.5875
232 180.0512
233 180.1953
234 179.9818
235 179.3425
236 178.4051
237 177.2913
238 175.9265
239 174.1078
240 172.0096
241 169.9267
242 167.6519
243 164.5533
244 161.8787
245 159.4002
246 156.4133
247 154.067
248 150.3801
249 146.937
250 143.3408
251 139.5945
252 136.1963
253 132.1792
254 128.552
255 124.2892
256 120.472
257 116.0177
258 112.0338
259 107.3855
260 103.2421
261 98.42937
262 94.1582
263 89.21863
264 84.85275
265 79.82166
266 75.39043
267 70.29947
268 65.82652
269 60.69921
270 56.20255
271 51.05491
272 46.54578
273 41.38852
274 34.29163
275 29.12724
276 23.96096
277 18.79376
278 10.39775
279 5.23331
280 -0.5725521
281 -5.084433
282 -10.87887
283 -16.02129
284 -20.51297
285 -26.27446
286 -31.3804
287 -36.46915
288 -41.538
289 -45.95508
290 -50.98065
291 -55.3567
292 -60.33146
293 -64.65956
294 -69.57581
295 -73.84943
296 -78.69937
297 -82.91162
298 -87.68758
299 -92.42056
300 -96.5247
301 -100.5921
302 -105.7643
303 -110.3042
304 -114.229
305 -118.656
306 -122.4748
307 -126.7676
308 -130.4471
309 -134.5392
310 -138.4823
311 -142.1841
312 -145.6024
313 -148.3756
314 -151.4257
315 -154.3834
316 -156.8881
317 -159.2982
318 -162.2323
319 -164.3283
320 -166.4806
321 -168.1606
322 -169.66
323 -171.1644
324 -172.6752
325 -173.8757
326 -174.9277
327 -175.7122
328 -176.36
329 -176.9306
330 -177.2766
331 -177.5023
332 -177.5656
333 -177.4505
334 -177.1664
335 -176.7654
336 -176.1257
337 -175.4309
338 -174.641
339 -173.4992
340 -172.1479
341 -170.9258
342 -169.3358
343 -167.2917
344 -165.2439
345 -162.984
346 -159.8782
347 -156.8303
348 -153.1546
349 -149.9882
350 -146.629
351 -143.5404
352 -139.8511
353 -136.0039
354 -132.5175
355 -128.4073
356 -124.709
357 -120.376
358 -115.9382
359 -111.4041
360 -107.3638
361 -102.6689
362 -98.49799
363 -93.66378
364 -88.14452
365 -81.28951
366 -74.3216
367 -69.18684
368 -62.69255
369 -57.43881
370 -52.13516
371 -46.78331
372 -42.0622
373 -36.62389
374 -31.8291
375 -26.31307
376 -21.45225
377 -15.86048
378 -9.524022
379 -3.140276
380 1.857102
381 6.882654
382 12.66077
383 18.47604
384 25.06285
385 30.21869
386 36.14592
387 41.36221
388 47.35706
389 52.63068
390 58.68756
391 64.77302
392 70.10915
393 76.18401
394 81.32957
395 86.92224
396 91.55434
397 96.55048
398 100.656
399 105.0359
400 109.0742
401 112.7622
402 116.089
403 119.0452
404 121.6257
405 123.5721
406 125.8595
407 127.2932
408 128.281
409 129.1447
410 129.7345
411 130.2604
412 130.4719
413 130.498
414 130.3407
415 129.9436
416 129.3296
417 128.6264
418 127.7797
419 126.6508
420 125.5339
421 124.1236
422 122.7808
423 120.9175
424 118.9173
425 117.0362
426 115.0659
427 112.4906
428 110.0757
429 107.8557
430 105.859
431 103.2211
432 100.5107
433 98.04904
434 95.23651
435 92.09149
436 89.29081
437 86.68502
438 84.39314
439 82.0342
440 80.47861
441 79.05148
442 78.14359
443 77.76187
444 77.68478
445 77.87504
446 78.50654
447 79.39011
448 80.62135
449 82.19713
450 84.10553
451 86.05653
452 88.22308
453 90.58237
454 92.78764
455 95.45081
456 97.89258
457 100.7965
458 103.4276
459 106.9222
460 109.7197
461 112.5808
462 115.5005
463 118.9033
464 122.3704
465 125.8954
466 129.0221
467 132.6377
468 135.8329
469 139.0519
470 143.2146
471 146.4608
472 150.1675
473 154.766
474 160.1014
475 163.3748
476 166.3342
477 168.9753
478 172.5896
479 174.4089
480 175.9315
481 177.3005
482 178.7578
483 179.4989
484 179.9923
485 180.2045
486 180.1087
487 179.6929
488 179.0437
489 178.264
490 177.1397
491 175.9604
492 174.3994
493 172.6217
494 170.3775
495 167.8869
496 164.8457
497 162.2145
498 159.7722
499 156.8238
500 154.1089
501 150.8548
502 147.8772
503 144.3282
504 141.0978
505 137.2666
506 133.796
507 129.6992
508 126.0049
509 121.6706
510 117.7901
511 112.6801
512 108.6153
513 103.8817
514 99.67084
515 94.78835
516 90.46355
517 85.46961
518 81.06206
519 75.35412
520 70.8891
521 66.40668
522 61.91122
523 57.40571
524 52.89243
525 47.72793
526 43.2054
527 35.44706
528 30.91901
529 26.38951
530 21.85889
531 17.32803
532 12.15063
533 5.682014
534 1.157468
535 -4.654088
536 -9.812873
537 -14.31988
538 -20.10305
539 -24.59035
