0 0
1 108.73
2 108.7301
3 108.7044
4 108.6298
5 108.5274
6 108.3218
7 108.0529
8 107.7394
9 107.3585
10 106.9882
11 106.436
12 105.8213
13 105.1392
14 104.5838
15 103.8903
16 103.0381
17 102.2414
18 101.1467
19 100.2405
20 99.28461
21 98.42513
22 97.22063
23 96.27229
24 94.94706
25 93.55148
26 92.27185
27 90.74181
28 89.34279
29 87.88691
30 86.37389
31 84.8036
32 82.93889
33 81.24616
34 79.75008
35 77.69066
36 75.82832
37 73.9097
38 71.64795
39 69.31233
40 67.20781
41 65.04613
42 62.50503
43 59.88788
44 57.53486
45 55.1224
46 52.64986
47 50.48215
48 47.89607
49 44.86412
50 41.74949
51 38.55141
52 35.68407
53 32.75182
54 29.3206
55 26.24731
56 23.1069
57 19.89878
58 16.62233
59 12.79348
60 9.368995
61 5.369649
62 2.30946
63 -1.32742
64 -5.573333
65 -9.368186
66 -13.23891
67 -17.75723
68 -22.37822
69 -27.10384
70 -31.32571
71 -36.24265
72 -41.20532
73 -46.05851
74 -50.7029
75 -55.67426
76 -60.38907
77 -65.10954
78 -69.38327
79 -75.36086
80 -80.02341
81 -83.88998
82 -88.00179
83 -91.67778
84 -95.88254
85 -101.0527
86 -104.7511
87 -109.0723
88 -112.208
89 -115.133
90 -118.0489
91 -120.9551
92 -124.1924
93 -127.0225
94 -129.7906
95 -132.8117
96 -135.3985
97 -138.1799
98 -140.5241
99 -142.7369
100 -145.0596
101 -146.7386
102 -148.7304
103 -150.5327
104 -151.8048
105 -153.1227
106 -154.1601
107 -155.2171
108 -156.0345
109 -156.8533
110 -157.475
111 -158.0848
112 -158.5348
113 -159.0498
114 -159.4533
115 -159.7792
116 -159.7386
117 -159.613
118 -159.4447
119 -159.1505
120 -158.863
121 -158.4695
122 -157.949
123 -157.4875
124 -156.8244
125 -156.0871
126 -155.4657
127 -154.71
128 -153.8098
129 -153.0791
130 -152.2173
131 -151.3324
132 -150.5429
133 -149.7406
134 -148.6896
135 -147.8556
136 -146.88
137 -146.1276
138 -145.0855
139 -143.9932
140 -142.6662
141 -141.4161
142 -140.105
143 -138.5341
144 -137.0402
145 -135.2256
146 -133.0246
147 -130.8817
148 -128.8502
149 -126.4396
150 -124.4909
151 -122.2126
152 -119.6308
153 -117.3649
154 -115.1682
155 -113.3044
156 -110.7747
157 -108.6771
158 -106.1596
159 -103.8683
160 -101.1669
161 -98.74519
162 -95.92452
163 -93.41883
164 -90.51944
165 -87.95514
166 -84.99524
167 -82.38092
168 -79.36578
169 -76.32148
170 -73.63181
171 -70.52545
172 -67.38294
173 -63.8031
174 -60.17339
175 -56.90314
176 -54.00748
177 -50.65863
178 -47.6928
179 -44.2603
180 -41.21542
181 -36.78817
182 -32.24458
183 -28.50484
184 -24.80936
185 -19.97637
186 -15.82457
187 -11.13806
188 -7.840187
189 -4.742011
190 -2.171215
191 0.4934217
192 2.690387
193 6.061096
194 8.660645
195 11.27009
196 14.12315
197 16.33213
198 18.70934
199 20.47308
200 22.63229
201 24.23153
202 25.76863
203 27.46068
204 29.1015
205 30.50798
206 32.09475
207 33.4753
208 34.85798
209 36.45163
210 38.07144
211 39.72857
212 41.21736
213 42.9735
214 44.56619
215 46.46039
216 48.19098
217 50.2653
218 52.45632
219 54.7778
220 57.88215
221 61.18668
222 63.89308
223 66.2428
224 68.90724
225 71.54206
226 75.72774
227 78.21515
228 80.61382
229 83.53772
230 86.63664
231 89.62546
232 92.78155
233 96.05557
234 99.76402
235 103.5155
236 106.9168
237 109.9454
238 112.9622
239 116.3258
240 119.6449
241 122.551
242 125.4104
243 128.9116
244 131.6468
245 133.9865
246 136.5923
247 138.494
248 141.2529
249 143.6008
250 145.839
251 147.9563
252 149.7006
253 151.5595
254 153.0591
255 154.6148
256 155.8266
257 157.0334
258 157.9313
259 158.7701
260 159.3331
261 159.7779
262 159.9903
263 160.0312
264 159.8917
265 159.5341
266 159.0523
267 158.3154
268 157.5127
269 156.423
270 155.3266
271 153.9179
272 152.5556
273 150.86
274 148.3038
275 146.2936
276 144.1637
277 141.9193
278 138.0386
279 135.5117
280 132.5463
281 130.1527
282 126.9651
283 124.0286
284 121.3799
285 117.8658
286 114.6393
287 111.3155
288 107.8941
289 104.8204
290 101.2167
291 97.98443
292 94.20016
293 90.81028
294 86.84686
295 83.30101
296 79.15993
297 75.45943
298 71.1425
299 66.73215
300 62.79673
301 58.79001
302 53.53344
303 48.76153
304 44.50887
305 39.55947
306 35.14971
307 30.02315
308 25.47283
309 20.22415
310 14.95615
311 9.799231
312 4.827592
313 0.6223024
314 -4.209857
315 -9.139034
316 -13.5348
317 -17.99181
318 -23.78326
319 -28.22153
320 -33.11124
321 -37.22773
322 -41.19079
323 -45.53224
324 -50.40487
325 -54.80994
326 -59.27064
327 -63.1815
328 -67.05987
329 -71.43609
330 -75.1401
331 -79.14748
332 -82.93678
333 -87.20629
334 -91.07118
335 -94.4883
336 -98.38888
337 -101.6569
338 -104.7106
339 -108.3679
340 -111.9673
341 -114.7711
342 -117.9672
343 -121.5292
344 -124.6401
345 -127.6687
346 -131.2979
347 -134.3909
348 -137.635
349 -140.0814
350 -142.3833
351 -144.2729
352 -146.2852
353 -148.1385
354 -149.6287
355 -151.1838
356 -152.418
357 -153.6887
358 -154.8154
359 -155.8036
360 -156.5607
361 -157.31
362 -157.8713
363 -158.4137
364 -158.9057
365 -159.3484
366 -159.6291
367 -159.7378
368 -159.7678
369 -159.7106
370 -159.5831
371 -159.3866
372 -159.1582
373 -158.8333
374 -158.4897
375 -158.0329
376 -157.5772
377 -156.9943
378 -156.2635
379 -155.4586
380 -154.7865
381 -154.0794
382 -153.2351
383 -152.3592
384 -151.3439
385 -150.537
386 -149.599
387 -148.7641
388 -147.7923
389 -146.923
390 -145.8981
391 -144.8251
392 -143.8434
393 -142.6465
394 -141.5475
395 -140.2332
396 -139.0188
397 -137.5451
398 -136.1657
399 -134.4721
400 -132.649
401 -130.6995
402 -128.6309
403 -126.4575
404 -124.2038
405 -122.1869
406 -119.2846
407 -116.9931
408 -115.044
409 -112.8825
410 -110.9029
411 -108.1889
412 -105.9641
413 -103.3206
414 -100.9356
415 -98.14548
416 -95.30147
417 -92.7779
418 -90.2272
419 -87.28303
420 -84.68309
421 -81.68524
422 -79.03922
423 -75.60514
424 -72.13094
425 -69.00591
426 -65.84448
427 -61.8368
428 -58.17377
429 -54.87274
430 -51.9494
431 -48.1423
432 -44.27795
433 -40.79058
434 -36.79914
435 -32.25854
436 -28.04744
437 -23.88599
438 -19.91341
439 -15.30445
440 -11.73302
441 -7.617685
442 -3.802396
443 -0.93111
444 1.964387
445 4.390902
446 7.444169
447 9.984713
448 12.51379
449 14.98903
450 17.37288
451 19.40023
452 21.33563
453 23.18081
454 24.72756
455 26.4289
456 27.87079
457 29.48006
458 30.86493
459 32.62937
460 34.00013
461 35.37888
462 36.77376
463 38.3971
464 40.06126
465 41.77671
466 43.32793
467 45.16723
468 46.84237
469 48.58655
470 50.94485
471 52.88223
472 55.22025
473 58.34519
474 62.35837
475 65.07946
476 67.77424
477 70.44185
478 74.69661
479 77.24106
480 79.708
481 82.3706
482 86.1201
483 88.88256
484 91.82069
485 95.26176
486 98.12141
487 101.4205
488 104.4003
489 107.0269
490 110.0352
491 112.6621
492 115.6472
493 118.6045
494 121.8887
495 125.1176
496 128.6295
497 131.3744
498 133.7229
499 136.3383
500 138.5598
501 141.0137
502 143.0791
503 145.3366
504 147.2134
505 149.2359
506 150.8904
507 152.6396
508 154.0376
509 155.4715
510 156.5751
511 157.7805
512 158.5457
513 159.2269
514 159.6505
515 159.9343
516 160.0062
517 159.8886
518 159.6121
519 159.0241
520 158.3916
521 157.6107
522 156.6871
523 155.6286
524 154.4412
525 152.9334
526 151.4897
527 148.7619
528 147.0343
529 145.2134
530 143.3032
531 141.3066
532 138.922
533 135.7912
534 133.5027
535 130.4459
536 127.6226
537 125.071
538 121.6801
539 118.9574
