0 0
1 0.0225000002244268
2 1.79971519681912
3 2.00395528368787
4 0.855792645773853
5 0.801888272578258
6 1.27427363626323
7 1.79113961612984
8 2.4227620914473
9 3.15315321134249
10 3.78348899598709
11 4.57230527495705
12 5.38579444616396
13 6.06143842227059
14 6.90953600371939
15 7.56728919022868
16 8.20896993601945
17 8.83770412091512
18 9.45586637430614
19 10.0679452642571
20 10.7469943064023
21 11.4137758908408
22 12.0682867768702
23 12.7109640262345
24 13.2724341506361
25 13.8233584902138
26 14.434438268254
27 14.9683352852917
28 15.4284834998877
29 15.9462386102786
30 16.4553487785677
31 16.8938414587129
32 17.4479593602551
33 17.8712553482463
34 18.3474898406186
35 18.7574939901476
36 19.275615178456
37 19.7278179677961
38 20.1722283912525
39 20.6091803693405
40 21.0385624979322
41 21.4605343497627
42 21.926750680724
43 22.2831041104799
44 22.6322362217273
45 23.0283028813919
46 23.3692849410966
47 23.7528282935142
48 24.0829209061686
49 24.4538877301273
50 24.7664968658497
51 25.1264136315782
52 25.4352823422678
53 25.7823090588349
54 26.0798682944478
55 26.4148755369656
56 26.6587147647495
57 26.9767154626822
58 27.2852018428695
59 27.5835941648187
60 27.7957484008282
61 28.0263871541297
62 28.1663890076831
63 28.3006919132852
64 28.3579190111974
65 28.3990532937797
66 28.3138032487515
67 28.1449901534463
68 27.8922445328791
69 27.5673802047309
70 27.0933416603565
71 26.0126163184795
72 24.5552573433988
73 23.4584427257357
74 23.2013638230277
75 23.0530814347977
76 22.857855167763
77 22.6807951662371
78 22.3663787767119
79 22.0240199046111
80 21.6769798843657
81 21.3362812024497
82 20.9591181961851
83 20.6287976051674
84 20.2242454062928
85 19.5602552754243
86 18.6866651736887
87 18.4225228003772
88 18.3450340765828
89 18.3575980775265
90 18.4673547895228
91 18.6041784538505
92 18.7230363599051
93 18.8231923101535
94 19.0256832284416
95 19.2472233598777
96 19.5834427699904
97 19.9555062683337
98 20.3094847621048
99 20.7005576038022
100 21.1312486255489
101 21.5750555830216
102 21.963695317724
103 22.3976473677631
104 22.7565484753047
105 23.1768063556131
106 23.5854216252864
107 23.9363835657605
108 24.3775124087055
109 24.7528449459839
110 25.1284200499608
111 25.4496140552468
112 25.7687638968138
113 26.0758241285736
114 26.4202556158373
115 26.71551700093
116 27.0471829544865
117 27.3777648111647
118 27.6576632048102
119 27.9727797614414
120 28.2825326170069
121 28.6634163389023
122 28.9634084242851
123 29.2651482806201
124 29.6152459732365
125 29.8678768162665
126 30.1507947149265
127 30.4317180061616
128 30.7072361527786
129 30.9424072733458
130 31.1724884951677
131 31.4295849687229
132 31.6510522635235
133 31.8688287558521
134 32.0836017690279
135 32.2956671507355
136 32.5336919203411
137 32.7368732054172
138 32.9610604080432
139 33.1340234125561
140 33.2695405954032
141 33.3526886785235
142 33.2448791094291
143 32.9191637205685
144 32.5946604447867
145 31.6057613236928
146 31.3977182735016
147 29.7033645444285
148 27.2746585867213
149 25.9518937685264
150 24.3611571786684
151 22.3029863931184
152 20.955707704985
153 19.1344531267936
154 17.8583186603323
155 16.6512700487497
156 15.5995690170959
157 14.4853620761737
158 13.712126908207
159 12.8676690975772
160 11.9312426476806
161 11.6114413943279
162 11.9916692204982
163 12.4630423828062
164 13.2650510444581
165 13.8545228937836
166 14.501503090171
167 15.0457085330828
168 15.6257282832852
169 16.1063815196703
170 16.7009555449237
171 17.1482977970018
172 17.6474409658741
173 18.1496081724468
174 18.6219866975493
175 19.0847638152246
176 19.550414246224
177 19.9953794812786
178 20.4872711013841
179 20.9712959430083
180 21.3984366208399
181 21.8232273978069
182 22.2432191119669
183 22.6014391682822
184 22.9903996109616
185 23.2540808168991
186 23.5594828545095
187 23.8547125344549
188 23.8138313816458
189 23.1174792384721
190 21.4817384470097
191 18.7806017584091
192 16.7765944887632
193 14.8042330099428
194 13.2288353175173
195 11.9404035625086
196 10.9953779752592
197 10.5219672234285
198 10.8718541616037
199 11.4926636187851
200 12.3648143594536
201 13.4140561127024
202 14.1383405330899
203 14.7379615100246
204 15.4257328891206
205 16.0044914161767
206 16.5489032183155
207 17.1319516332677
208 17.5719275424746
209 18.0613084653565
210 18.5389740949515
211 18.9481893545305
212 19.4070186641915
213 19.8011540242857
214 20.2430258265903
215 20.6726342732159
216 21.0423102369318
217 21.4561331732125
218 21.8067826522516
219 22.2419909455246
220 22.6323152029159
221 22.9776847276549
222 23.2865125866755
223 23.4735282341287
224 23.4355267470407
225 23.1602954341251
226 21.306897504423
227 19.2201931660787
228 17.6877569823136
229 16.2541606977952
230 14.5919604475824
231 13.6053701648366
232 13.1466754213058
233 13.2542507730004
234 13.4536452450263
235 13.5726475040798
236 13.6920646564393
237 13.8708018940561
238 14.0901963910228
239 14.3610294133441
240 14.6531815840648
241 14.982056842332
242 15.4070725640817
243 15.7673090184161
244 16.2085902305004
245 16.8187315282033
246 17.2357753851252
247 17.6364990631855
248 18.1174745033959
249 18.62974882765
250 19.0903017655746
251 19.57918513036
252 20.0170423656311
253 20.4374978492955
254 20.8535132476274
255 21.1785959052859
256 21.499391719936
257 21.758841881685
258 22.0141561345094
259 22.2502922199014
260 22.3957803005968
261 22.5078509907977
262 22.6100503481353
263 22.7322153443445
264 22.8386181757695
265 22.9607653409693
266 23.126272667905
267 23.290729704803
268 23.5029731163853
269 23.6975728471787
270 23.9649384647235
271 24.2481863037065
272 24.4712428825626
273 24.746874376897
274 25.031788152456
275 25.3058397905366
276 25.6338570106091
277 25.9323139767921
278 26.2873954189202
279 26.767924949342
280 27.1503707961555
281 27.5637452440916
282 27.8470345719587
283 28.1636321325529
284 28.4698934360833
285 28.7358609810182
286 29.0328358873305
287 29.2868707266386
288 29.6120461646728
289 29.9131929669901
290 30.1532026247478
291 30.4909022782251
292 30.7486621186923
293 30.9597176071047
294 31.1915869979884
295 31.3731059459773
296 31.5598193815417
297 31.7604391298475
298 31.9550679761723
299 32.1009712193662
300 32.2061449529078
301 32.3220538672593
302 32.4397203711514
303 32.5376436076881
304 32.6407193256977
305 32.7271511258461
306 32.8033778954292
307 32.8785676046731
308 32.9338029274708
309 32.9875390657763
310 33.0318627812538
311 33.0687880470993
312 33.0980270830633
313 33.1164623974135
314 33.1285015624815
315 33.1335255910105
316 33.1285803308897
317 33.1182686907912
318 33.090084253923
319 33.0376477923687
320 32.9846304330417
321 32.8868144533646
322 32.79862536229
323 32.6672099612821
324 32.5049862142847
325 32.3035693136565
326 32.0766558725603
327 31.8615933980915
328 31.6013456796966
329 31.3592482433245
330 31.0292341276968
331 30.7643139513044
332 30.4229875189297
333 30.1322634370083
334 29.7398027850194
335 29.2216745713731
336 27.8266793505146
337 26.3242404227037
338 24.8800877490209
339 23.7326503068283
340 23.4866866601321
341 23.3479442289735
342 23.1485481519153
343 22.9223619251051
344 22.7535461129295
345 22.385135551615
346 22.0706911248884
347 21.7763553847475
348 21.4550991647877
349 21.1352973864348
350 20.8121269709728
351 20.4349422819007
352 19.6878772784788
353 19.0536349426457
354 18.7929117747829
355 18.6900395751787
356 18.619234557236
357 18.6055789693731
358 18.6636398986092
359 18.7636280838113
360 18.9143908500247
361 19.0380632531355
362 19.2151996536557
363 19.5276234785099
364 19.8389455279871
365 20.1393203766153
366 20.5045847049167
367 20.8511800704887
368 21.2815449864546
369 21.8364041412411
370 22.2179866270469
371 22.6478773266921
372 23.0049715871045
373 23.4195588959959
374 23.9233891740793
375 24.3655595418407
376 24.7417539632768
377 25.210156762605
378 25.5797594653274
379 25.9344449233379
380 26.2385184536877
381 26.5789056878609
382 26.8711583554926
383 27.2042868578087
384 27.566206675959
385 27.9213292448224
386 28.1928055146594
387 28.5367416536319
388 28.8005284603603
389 29.065833910024
390 29.3769641186671
391 29.6370396601971
392 29.8919567356599
393 30.1744195760394
394 30.420376792243
395 30.6965767507692
396 30.9654278640917
397 31.1951652427308
398 31.4518898596677
399 31.672896420302
400 31.8903085680991
401 32.1047530354473
402 32.3166732324005
403 32.5246502193767
404 32.7572387258608
405 32.9506517712826
406 33.1527538635608
407 33.2706301025545
408 33.3675287636448
409 33.257998861143
410 32.898636870821
411 32.5353394981601
412 31.3627777152636
413 29.6394529686351
414 28.2075084186878
415 25.9533153971437
416 24.317385487018
417 22.4732710882255
418 20.9612427531905
419 19.5060572067325
420 18.2293164537532
421 16.6695980486947
422 15.4865088089934
423 14.5134458102828
424 13.3571798355113
425 12.3733891063063
426 11.3849414972926
427 11.237740637812
428 11.6265008115426
429 12.0952030803192
430 12.6661614863238
431 13.2278582672162
432 13.9304700818212
433 14.4842147509946
434 15.0792546338495
435 15.6065547928055
436 16.1237722517571
437 16.6852853391302
438 17.1543330997417
439 17.6784845684071
440 18.1893738262001
441 18.7746843704103
442 19.188590343167
443 19.6516306249564
444 20.1587233430433
445 20.6135536210919
446 21.0454934265304
447 21.4714573908203
448 21.8916499878762
449 22.2547109681911
450 22.7125875590443
451 23.200380470961
452 23.5200572921638
453 23.7786780571132
454 24.0521555069461
455 24.1545959373948
456 23.6631856685674
457 22.3143198158202
458 20.1282858263272
459 18.4684344624468
460 16.9231193853649
461 14.6090102972494
462 13.0367976218881
463 10.7901136736064
464 9.59004246852096
465 9.75946013467022
466 10.4716672013534
467 11.3815990808921
468 12.0015651295077
469 12.8790378588567
470 13.578845669916
471 14.3375927732785
472 14.8993479632027
473 15.4893429227084
474 15.9925437440408
475 16.5371992902678
476 16.9940340757106
477 17.5033221043207
478 17.9974995780517
479 18.4793615542453
480 18.8910399750843
481 19.2943384844362
482 19.7462730493218
483 20.1331356983807
484 20.563421380392
485 20.9331208422901
486 21.3975766064267
487 21.7471042614961
488 22.132600671342
489 22.4324427034056
490 22.8279932882934
491 23.1829669535228
492 23.3573047478054
493 23.3376338613805
494 23.1023825592675
495 20.9862461228828
496 19.5825545008219
497 18.2030043242276
498 16.7646164323111
499 14.9256173686913
500 13.9242422262153
501 13.4531281035321
502 13.5614046298318
503 13.7373121680331
504 13.8727913687672
505 13.9111032901177
506 13.9955553516718
507 14.1238680538758
508 14.3119548506887
509 14.6096942061114
510 14.8756501993028
511 15.2871751450355
512 15.6691317972789
513 16.1692098994141
514 16.6010995091865
515 17.0757248461736
516 17.4634916239432
517 17.8636052621681
518 18.2992946987184
519 18.7695283879265
520 19.211088678241
521 19.6551796116509
522 20.0367805894661
523 20.455554384894
524 20.8197613306345
525 21.195983715862
526 21.4816380185895
527 21.7817975377077
528 22.0080877844675
529 22.2154776300242
530 22.3609910825079
531 22.4756950549666
532 22.5669070721869
533 22.6763675430267
534 22.7838930347328
535 22.8965487558213
536 23.0483105516405
537 23.2273108708627
538 23.458550619205
539 23.7071374331927
540 23.9712496045375
541 24.2264948718981
542 24.4538929713238
543 24.6972777561782
544 24.9880220432676
545 25.2623538171549
546 25.5877881672479
547 25.8896235123695
548 26.2430451295704
549 26.5484856412708
550 26.8947238730245
551 27.2304110892656
552 27.5601744908406
553 27.9221912984871
554 28.2331125032976
555 28.5422063993678
556 28.8442500322306
557 29.1027990530895
558 29.3913226402383
559 29.6365798897996
560 29.9238330810366
561 30.1974738006396
562 30.4680527165945
563 30.7245504489607
564 30.9366228102695
565 31.1707225096149
566 31.3807025388042
567 31.5704899203971
568 31.7736153533996
569 31.9700946490669
570 32.134967588141
571 32.2577461801507
572 32.3603750092673
573 32.4630731753992
574 32.5743371406665
575 32.6640522377918
576 32.773369010717
577 32.8573188950199
578 32.9097694331352
579 32.9593004369084
580 33.0008366656594
581 33.0462490539357
582 33.0831452038041
583 33.1080390155285
584 33.1241184158674
585 33.1317050528975
586 33.1260536327419
587 33.1137851205588
