0 0
1 1.70226227613915e-36
2 0.0862860061471785
3 0.106907473613988
4 0.0255839054976414
5 0.0224769040595189
6 0.056575364885619
7 0.111772659527163
8 0.172373867705802
9 0.108325460366215
10 -0.0233916267583908
11 -0.151905973673085
12 -0.245161686065583
13 -0.264614785450503
14 -0.229149587495422
15 -0.17194087386256
16 -0.106228548922984
17 -0.035624384494488
18 0.0317191064235142
19 0.0946004172556146
20 0.155832563964954
21 0.208221183813412
22 0.250587768086937
23 0.283653410856772
24 0.306361346833151
25 0.352488837029497
26 0.367723679727646
27 0.368539681316924
28 0.36709233920803
29 0.364437588640607
30 0.362971059573933
31 0.366567593053579
32 0.372396084829724
33 0.393609847384629
34 0.418310798911129
35 0.443825752717159
36 0.4828399767154
37 0.521909674859137
38 0.564581281327813
39 0.607516110807302
40 0.653617780048681
41 0.699865756594809
42 0.75846157369717
43 0.802217831529616
44 0.8668003898115
45 0.910747151838153
46 0.940827395469731
47 0.974015844810153
48 1.00729732799243
49 1.05171345046801
50 1.15524671344471
51 1.2065610845906
52 1.24136806052712
53 1.2938540755831
54 1.34871490929782
55 1.4102550229776
56 1.4818594723704
57 1.60329525994456
58 1.74463750809221
59 1.90400706283931
60 2.03694337858262
61 2.21014986893481
62 2.33505524282781
63 2.52318023144582
64 2.70687880520045
65 2.88804245586585
66 3.03222328118579
67 3.22150353663088
68 3.33104277186831
69 3.40809498295311
70 3.54611239878086
71 3.42302941939654
72 3.18591892689691
73 3.01654404993495
74 3.12062859120066
75 3.22000088160893
76 3.3941732572148
77 3.48444123249875
78 3.64625870083302
79 3.69138766717068
80 3.74902979729151
81 3.78992758440847
82 3.85875435720112
83 3.86357365971622
84 3.83561837190684
85 3.67275458480944
86 3.44934173618193
87 3.41510467008867
88 3.463279379666
89 3.46843284205666
90 3.46362227037435
91 3.39025011469095
92 3.3638591709201
93 3.30833028486951
94 3.26425515703993
95 3.19973677758101
96 3.11389825524311
97 2.99721278042042
98 2.89075782301198
99 2.76335457865609
100 2.62554065842265
101 2.49233114309579
102 2.36409075700586
103 2.23729835712462
104 2.18341892093112
105 2.06491818988418
106 1.91654052852186
107 1.80482003864129
108 1.66845329246694
109 1.59903025470715
110 1.49778031172683
111 1.40433877704175
112 1.29321712736723
113 1.23637488731807
114 1.19980483410843
115 1.17540341961782
116 1.16169850686987
117 1.09699081873527
118 1.085061235085
119 1.08827767527749
120 1.087538701268
121 1.08010571441698
122 1.05832698936096
123 1.09647733612773
124 1.00135618103912
125 0.907230888876798
126 0.837325126637148
127 0.676991149162777
128 0.476100496041618
129 0.311456519497307
130 0.176804841502061
131 0.090834678593855
132 -0.0114370759196445
133 -0.0862296190744666
134 -0.115393908924411
135 0.0400508165916221
136 0.129778435002279
137 0.252045645070471
138 0.484216401422219
139 0.768997959928494
140 1.37708092660927
141 1.83009396255463
142 2.36305989774805
143 2.99949267483687
144 3.58109744527241
145 4.67585421758165
146 5.68703576893437
147 5.75817692219283
148 6.77914517238182
149 7.88307453606608
150 8.05546520691759
151 8.25902240035209
152 8.37253984763679
153 8.0918406895581
154 7.76999817555294
155 7.27851679011401
156 6.73242481158509
157 6.05434733264625
158 5.50163625137819
159 4.81664809295185
160 4.05503013191386
161 3.59290048427914
162 3.3375211822039
163 3.05978255531192
164 2.65655942361185
165 2.43888845317843
166 1.98154334480877
167 1.7360004042784
168 1.41540147989129
169 1.2712596440883
170 1.04281940531348
171 0.93256651522277
172 0.851468223852299
173 0.545786332754614
174 0.511960529700871
175 0.560041973275589
176 0.400351557398731
177 0.460854894266472
178 0.580629234373639
179 0.646714816175624
180 0.638999425314566
181 0.532791896637141
182 0.31260110933143
183 0.0127763859934782
184 -0.43999130462718
185 -1.35796899633119
186 -1.99921384208748
187 -3.07410937003758
188 -4.14741379689109
189 -4.79277187400878
190 -5.1566802578652
191 -5.71831959200974
192 -6.00279658301539
193 -5.64025406649656
194 -5.16438019714291
195 -4.62655809840387
196 -4.14603517012909
197 -3.82454054219096
198 -3.77292417163288
199 -3.62766722505199
200 -3.37768618421999
201 -2.88546340765401
202 -2.40118157964283
203 -2.06101084719943
204 -1.56360799965366
205 -1.23651288962112
206 -0.928276851338566
207 -0.67957853619363
208 -0.48745494668378
209 -0.312826179755635
210 -0.147628930809304
211 -0.023949601989094
212 0.100102889032035
213 0.210620907196626
214 0.337856705363339
215 0.532852769003193
216 0.654079101122523
217 0.847380518444434
218 1.01167394456285
219 1.29225919892131
220 1.74936927306536
221 2.08877639123796
222 2.45244559417255
223 2.86686102125552
224 3.2278803398139
225 3.77029195655467
226 3.82855314797586
227 4.07925466026649
228 4.08279560028831
229 3.86106419846072
230 3.52338445199939
231 3.28228435645861
232 3.28757298035624
233 3.53387481254438
234 3.77452000136874
235 3.87223740804496
236 3.90378731540019
237 3.87630698687105
238 3.78929191853979
239 3.68287747477539
240 3.55380764814942
241 3.45260816612789
242 3.23364346102312
243 3.15156250497687
244 3.0030719581004
245 2.77872488433993
246 2.65002843008119
247 2.5422223220409
248 2.43554633398756
249 2.42801317326285
250 2.43318400585427
251 2.52619117769313
252 2.57670344396503
253 2.64648716238971
254 2.71194535440425
255 2.76341965645156
256 2.85523716081699
257 2.90731286722511
258 2.95657891704426
259 3.0138988111068
260 3.06448610202981
261 3.1124778052745
262 3.14747966021705
263 3.14172533338926
264 3.14863284521271
265 3.15179801459776
266 3.13370941602004
267 3.10407562303275
268 3.0500886880778
269 3.02424498621315
270 2.94867936084038
271 2.81142450340165
272 2.69227833386207
273 2.57457607460479
274 2.41094698249708
275 2.29518249926583
276 2.16080718204756
277 2.0504373243064
278 1.93258336917285
279 1.79662003742071
280 1.68218071401175
281 1.58148925224779
282 1.50972033063348
283 1.45633441044403
284 1.44525969694607
285 1.42745205410787
286 1.41656948284188
287 1.42748499019222
288 1.40986274770223
289 1.42217782402939
290 1.44100969628648
291 1.46815788592049
292 1.48496811016153
293 1.51247042641554
294 1.52109110562434
295 1.519283860479
296 1.55312510343632
297 1.53376004767019
298 1.45630993501336
299 1.43182376109377
300 1.43947345389767
301 1.42878578563667
302 1.41900145271957
303 1.41378311602102
304 1.42593900535812
305 1.42290510561836
306 1.42127199368351
307 1.4281522813092
308 1.45269231651779
309 1.47883096951369
310 1.506571080564
311 1.54022021680662
312 1.57677471284588
313 1.61360174556823
314 1.65871337160719
315 1.70836648192125
316 1.76982660939072
317 1.82935129061111
318 1.8749155044976
319 1.93583936918479
320 1.98715709583845
321 2.11342543083496
322 2.17984231512537
323 2.24610106760617
324 2.30828159686163
325 2.39901402251431
326 2.50718595724586
327 2.61174453949957
328 2.73115665960863
329 2.84247323278279
330 2.97493056829139
331 3.08322408705129
332 3.2609729166958
333 3.36127598246199
334 3.4138966021867
335 3.57338346192728
336 3.39033714384601
337 3.30146186123684
338 3.07662805606878
339 2.9205994124451
340 2.99410069680103
341 3.0816521914341
342 3.18003474606934
343 3.33370484217236
344 3.41070062764547
345 3.5465292119645
346 3.61530666359398
347 3.67419713629644
348 3.72871787275115
349 3.81983798638867
350 3.819613700332
351 3.85012163908366
352 3.65937008603724
353 3.52443912077755
354 3.51183067862831
355 3.52261626550582
356 3.55588300296905
357 3.55129567682545
358 3.52591901544933
359 3.45051956864119
360 3.39639494192647
361 3.3183107412092
362 3.25812988692802
363 3.16550685211418
364 3.05737228624559
365 2.94839640645919
366 2.84364210495094
367 2.72448100520412
368 2.59223693367968
369 2.41527107833515
370 2.28177399255243
371 2.15917124210851
372 2.08704834917096
373 1.9618474880426
374 1.79445331728888
375 1.64317165224716
376 1.57008236755717
377 1.4428817191557
378 1.29112172622575
379 1.21866187990301
380 1.17827287811298
381 1.15057226830048
382 1.13772566291651
383 1.07901852747967
384 1.07304544632293
385 1.08500770316596
386 1.09187061236474
387 1.09718478857444
388 1.08967588181893
389 1.16038748176198
390 1.11348401080552
391 1.01154197010533
392 0.904901920108519
393 0.852001811893275
394 0.699139128577817
395 0.499886487943139
396 0.307373723437968
397 0.15186659960527
398 0.0838957679452061
399 -0.023473810316864
400 -0.103539981274093
401 -0.129204908759432
402 0.0262778742666594
403 0.0866090350788963
404 0.257112993209404
405 0.446393604204955
406 0.779307246859966
407 1.31835981213083
408 1.92512716235507
409 2.41204891530335
410 3.03524958005774
411 3.66179529146308
412 4.81614418213099
413 5.17230378812251
414 5.17669414088954
415 6.03300846302386
416 6.285171273109
417 6.31732472825292
418 6.54462817701985
419 6.41228184738692
420 6.29268719060614
421 5.84563518575119
422 5.46842577187434
423 5.09970423336466
424 4.54019799432198
425 4.04030529537104
426 3.55528141263208
427 3.42762956490259
428 3.47315431514679
429 3.45897150007623
430 3.30921343413915
431 3.20199409544032
432 2.96236717004037
433 2.78576699532901
434 2.62810318191152
435 2.42807718584194
436 2.25073509729067
437 1.96492093631012
438 1.8477061082783
439 1.63414357576314
440 1.45853533171326
441 1.04704462360879
442 0.893071817703495
443 0.821724156640823
444 0.756049795356963
445 0.513567000983978
446 0.464956584066152
447 0.443442368435745
448 0.39060181010527
449 0.288738591576673
450 0.0377456572543945
451 -0.38013408999548
452 -0.80631000788456
453 -1.73553847807596
454 -2.44933057750903
455 -3.36035840296523
456 -4.30931370527493
457 -4.47154031639149
458 -5.03179941741499
459 -4.9560023853363
460 -4.94804771302459
461 -4.72604566091041
462 -4.33682701132583
463 -3.51768700338505
464 -3.05796968368503
465 -3.21154104143247
466 -3.39967518495113
467 -3.35729161347797
468 -3.18368575546046
469 -2.94734187370689
470 -2.6125371312199
471 -2.23281422014514
472 -1.9630343148885
473 -1.56637794998846
474 -1.33498541921516
475 -1.0417854427394
476 -0.858328154576975
477 -0.647970282934555
478 -0.448664128378656
479 -0.257430600189879
480 -0.102864184050647
481 0.0256102720647211
482 0.201285001933446
483 0.330307383273147
484 0.560791018471778
485 0.697236698688757
486 0.92672100093303
487 1.1109276260676
488 1.35954029623195
489 1.75136918637901
490 2.09403711552487
491 2.48154197119216
492 2.83297545740842
493 3.11362463523746
494 3.65439481168293
495 3.92694829949074
496 4.08268495773756
497 4.02372116739785
498 3.81283729137005
499 3.46036761383983
500 3.24445075498743
501 3.28955034687916
502 3.54684514666255
503 3.82788475596203
504 4.01985380076193
505 4.05257164582613
506 4.05231506349441
507 3.97290465347003
508 3.86353056985555
509 3.69176070108617
510 3.53555121358435
511 3.33996997734165
512 3.19594662987443
513 2.98022560429716
514 2.80775170183975
515 2.65471910865051
516 2.53252178798035
517 2.45034569449287
518 2.38123516940028
519 2.39339856478015
520 2.48208700023368
521 2.50899857211404
522 2.5580523766469
523 2.63122944253891
524 2.69457738880054
525 2.76150669159171
526 2.85221679881177
527 2.91398204686521
528 2.96022825129163
529 3.01333971319386
530 3.06422718447726
531 3.1142463737006
532 3.1458911376137
533 3.1391222275205
534 3.15091905914937
535 3.15787664293528
536 3.14898479972489
537 3.11701097825833
538 3.05718157429137
539 3.00802539562868
540 2.92007595568911
541 2.79307744530622
542 2.67559521974291
543 2.57403098804917
544 2.41635251387899
545 2.31366703508616
546 2.16599183625438
547 2.06582765753314
548 1.94955770931719
549 1.8665212827706
550 1.77267107476857
551 1.68763400831047
552 1.62744766399323
553 1.54000228029396
554 1.52754570020563
555 1.48912746664863
556 1.46081172517525
557 1.45209476628451
558 1.46182781376999
559 1.42739190924432
560 1.42739957456855
561 1.44009398790585
562 1.45334956805734
563 1.46339451342781
564 1.48619949155739
565 1.49147685631609
566 1.48758098779775
567 1.51905729782264
568 1.50103505433449
569 1.43470040573571
570 1.4045849846817
571 1.41987884711591
572 1.41606916095923
573 1.41429154353024
574 1.41514410687265
575 1.43190707044436
576 1.43478796448493
577 1.43974677450604
578 1.44924152213487
579 1.47781070520754
580 1.49962478005333
581 1.53522785936259
582 1.5731174680826
583 1.6106312757885
584 1.64977444436671
585 1.70583527911473
586 1.77583688305455
587 1.82643799712668
