0 0
1 -0.104315956907819
2 -0.374531566539359
3 -0.374531566539359
4 -0.374531566539359
5 -0.374531566539359
6 -0.374531566539359
7 -0.374531566539359
8 -0.287296362024333
9 -0.0350948252513106
10 0.0435900736381551
11 0.0959151231209001
12 0.0892331441246499
13 0.0723886781009108
14 0.041946924564389
15 0.0279261397455472
16 0.0117503323407451
17 0.00158251170145104
18 -0.00654452168802827
19 -0.0119102033287467
20 -0.0160027809867702
21 -0.0180158937783941
22 -0.0190001282806077
23 -0.0190801273265859
24 -0.018772460007216
25 -0.0204833574132602
26 -0.0184919186707744
27 -0.0175339042835107
28 -0.0163427148927724
29 -0.0151661347514293
30 -0.0142455489592395
31 -0.0133348493175218
32 -0.0132524308746312
33 -0.0134009081220798
34 -0.0135338104736099
35 -0.0138384756504178
36 -0.0142387638976694
37 -0.0147124645176493
38 -0.015229391329902
39 -0.0156668753694501
40 -0.0162001474589273
41 -0.0168947414534795
42 -0.0172213861086176
43 -0.0176742896977626
44 -0.0189131747076956
45 -0.0184771634060961
46 -0.0185619161494843
47 -0.018793829074895
48 -0.0189602096268126
49 -0.0191156101001558
50 -0.0211269868964737
51 -0.0204941941987764
52 -0.020930542442455
53 -0.0211569547962624
54 -0.0216301950105212
55 -0.022007640474027
56 -0.0230343528019432
57 -0.0242290219371214
58 -0.0258817174765982
59 -0.0276008700117026
60 -0.0288827879608414
61 -0.0310639226256097
62 -0.0331161545698974
63 -0.0342875956249372
64 -0.0376838564169564
65 -0.0387901492699734
66 -0.0413938017942761
67 -0.044535388311034
68 -0.0463221383607682
69 -0.0485909131825886
70 -0.0528183456868927
71 -0.0543330031774887
72 -0.0572088398629529
73 -0.0603852990715111
74 -0.062231375712907
75 -0.0662211941932344
76 -0.0699592166660201
77 -0.0741357712806552
78 -0.0779523228013365
79 -0.080901780872696
80 -0.0849497019450759
81 -0.0881236368662163
82 -0.0933363419827258
83 -0.0951697879148488
84 -0.0987479349613721
85 -0.102306356395765
86 -0.103341311619501
87 -0.105626947878906
88 -0.107799873102001
89 -0.10674051449882
90 -0.105247161691054
91 -0.100742306112412
92 -0.0978089290743408
93 -0.0962300690421201
94 -0.0936948345798608
95 -0.0892793730402345
96 -0.0836940707408882
97 -0.0775077381641403
98 -0.072683697607565
99 -0.0665059220251877
100 -0.0607922148901378
101 -0.0554600065941541
102 -0.0510180408473663
103 -0.0462982273243046
104 -0.0447902914171584
105 -0.0389080338758292
106 -0.0362446773756584
107 -0.0328622886456231
108 -0.0290682791811468
109 -0.0277813487325489
110 -0.0246029696526979
111 -0.0229049600268716
112 -0.0201927086607708
113 -0.0194562738199931
114 -0.0182149543040788
115 -0.017668752246761
116 -0.0169878660047418
117 -0.0153134302123036
118 -0.0154167981940652
119 -0.0149168042075414
120 -0.0146595949018994
121 -0.0140592997777451
122 -0.0134984616689165
123 -0.0140791786783624
124 -0.0115452777012395
125 -0.00952228124471115
126 -0.0102353119636264
127 -0.006793642639757
128 -0.00483224665848597
129 -0.0028873622978691
130 -0.00055420097108547
131 -0.00122080867386452
132 0.000462000031255435
133 0.0011519715871527
134 0.00125096018358357
135 -0.00124847723502166
136 -0.00137397310223932
137 -0.00314384426984668
138 -0.00568746451784356
139 -0.00856185761879341
140 -0.0159452629240661
141 -0.0187417395910435
142 -0.0252565603936139
143 -0.0320242284461137
144 -0.0381089125638275
145 -0.058176221774986
146 -0.0612823791420642
147 -0.0709267945758874
148 -0.102064735649114
149 -0.119736706238439
150 -0.134440674396786
151 -0.169552068574598
152 -0.173785789793857
153 -0.205730779034736
154 -0.217017893820736
155 -0.235281341375426
156 -0.246837094387211
157 -0.261352534876939
158 -0.265624942223206
159 -0.270152482868919
160 -0.270440063094336
161 -0.252899414986242
162 -0.21891608791248
163 -0.189450501962431
164 -0.140026256218316
165 -0.105240501747856
166 -0.0974658242491645
167 -0.0704463859448885
168 -0.0583157788940603
169 -0.0440868232824258
170 -0.0385939352800089
171 -0.0322006942578114
172 -0.0251515284895266
173 -0.0144108170166736
174 -0.0168232496045743
175 -0.0166164867536237
176 -0.0087637065002389
177 -0.0143788027365178
178 -0.0153282454612199
179 -0.0162681082529178
180 -0.0145843134445759
181 -0.0109303604200776
182 -0.00483743794745711
183 0.00200123796267937
184 0.0125426423269491
185 0.0344330919431293
186 0.0409459751336042
187 0.0657012972744461
188 0.0819710106215317
189 0.105613498598502
190 0.117076411360937
191 0.177179268809525
192 0.210102545594066
193 0.248548022875578
194 0.278365207000452
195 0.304784335316085
196 0.321178311098928
197 0.322024548232368
198 0.291440219984076
199 0.252867103947011
200 0.203595780871135
201 0.145849282796667
202 0.11623714361971
203 0.0783712439768225
204 0.0665738945733215
205 0.0448521583094896
206 0.0326145880074216
207 0.0213680092923065
208 0.0150257884897641
209 0.00811867549305371
210 0.002947697140165
211 -0.000381449443419628
212 -0.00413384970359421
213 -0.00668091379805948
214 -0.0100842364253934
215 -0.0152501106382766
216 -0.0189853382338007
217 -0.0204414903333688
218 -0.0250715433937868
219 -0.0298445907280586
220 -0.0402966473247304
221 -0.0436620106965461
222 -0.0508569892130219
223 -0.0578152006658193
224 -0.0646966826207831
225 -0.0818902500782229
226 -0.0912252143215372
227 -0.12458677668587
228 -0.137128579129418
229 -0.153876013829535
230 -0.174313695768297
231 -0.182213380081918
232 -0.200084696842837
233 -0.209573165888418
234 -0.204733514865833
235 -0.208526000042442
236 -0.203896929076079
237 -0.19732678093555
238 -0.186799170076486
239 -0.175718481472235
240 -0.163605733055414
241 -0.147585898263103
242 -0.136769957432436
243 -0.128490288047832
244 -0.110478852510214
245 -0.0996614231031598
246 -0.0914400230131561
247 -0.0801145387817322
248 -0.0782093704621382
249 -0.0725675364880447
250 -0.0703731193554063
251 -0.0700277368429454
252 -0.0676811416961796
253 -0.0673091136614074
254 -0.0658938445608133
255 -0.0653860390548177
256 -0.0658229689201431
257 -0.0650067329105125
258 -0.0643531538043847
259 -0.0648394949934567
260 -0.0649065264254994
261 -0.0653663125718118
262 -0.0653163013780967
263 -0.0641512025534547
264 -0.0640489614921161
265 -0.0631970893798822
266 -0.0617824768357336
267 -0.0603703869182458
268 -0.0579786075955585
269 -0.0570490183692064
270 -0.0536282536632007
271 -0.0498544390427461
272 -0.0472726714639614
273 -0.0427071049075861
274 -0.0406493345770547
275 -0.0375065970658468
276 -0.0343801986268737
277 -0.0321249278904598
278 -0.0292197344765245
279 -0.0260347144446476
280 -0.0240020875661309
281 -0.0217898174863501
282 -0.0207214075333124
283 -0.0194660364071102
284 -0.0192353263611399
285 -0.0183566105683518
286 -0.0181313938147296
287 -0.0179793111580304
288 -0.0171428312824015
289 -0.0172598974299895
290 -0.017128193196774
291 -0.0171001940729568
292 -0.0169745876051922
293 -0.0171549065874272
294 -0.0168302825368304
295 -0.0166705570164566
296 -0.0170036334595908
297 -0.0162106738342568
298 -0.0150823568300974
299 -0.015050941728063
300 -0.0150390079693685
301 -0.0147187365704749
302 -0.0145675903168886
303 -0.0144319614377744
304 -0.0145475703131189
305 -0.014329956176835
306 -0.0143139796061327
307 -0.0143271593564228
308 -0.0146211110253844
309 -0.0147857831995953
310 -0.0150555596990207
311 -0.0153683488935178
312 -0.0157111353209261
313 -0.0160565309037114
314 -0.0165303785160434
315 -0.017016308746076
316 -0.0179261187985774
317 -0.0181215822391973
318 -0.0187399169139312
319 -0.0194175539364954
320 -0.019930266513377
321 -0.0217236955309327
322 -0.0219903032680712
323 -0.0231145242704187
324 -0.023834997558457
325 -0.0253034813853629
326 -0.0267713630563711
327 -0.0282069787012311
328 -0.0300689268542437
329 -0.031609255292017
330 -0.0339952180691599
331 -0.0354558426694815
332 -0.0388971931706555
333 -0.039990677276758
334 -0.0424624820489426
335 -0.0457495439324694
336 -0.0488480986239118
337 -0.0517584846278513
338 -0.0536383743365503
339 -0.0561485257657237
340 -0.0586526056492999
341 -0.060874486874301
342 -0.0651789114734265
343 -0.0681896827854293
344 -0.0703890372447466
345 -0.0766761849751772
346 -0.0787544371709528
347 -0.0826122646734359
348 -0.0859669166064862
349 -0.0909679142994462
350 -0.0949564661155388
351 -0.0964902989434498
352 -0.0993260445948257
353 -0.102135180136422
354 -0.104276543761989
355 -0.105292470124033
356 -0.107784696698906
357 -0.106100309171377
358 -0.104945084220474
359 -0.100865087751997
360 -0.0963727407813751
361 -0.0956113747547922
362 -0.0910848735625722
363 -0.0855099456035363
364 -0.0802493732148662
365 -0.0753022024208453
366 -0.0700300296009941
367 -0.0650114936498385
368 -0.0591076732707325
369 -0.0517860782478193
370 -0.0484738884533151
371 -0.0436144529663744
372 -0.0418156761038389
373 -0.0368946199734808
374 -0.0323061731572984
375 -0.0287079756880995
376 -0.0272405619675725
377 -0.0232366878163579
378 -0.0204430380658706
379 -0.0192283949719737
380 -0.0182099823538191
381 -0.0173781377242376
382 -0.016933905458987
383 -0.0152508852466458
384 -0.0153448767026965
385 -0.0149678815870073
386 -0.0148628757284453
387 -0.0144872207217276
388 -0.0141294003361663
389 -0.015274946078319
390 -0.0133561845013522
391 -0.0120659379411063
392 -0.0104559220935358
393 -0.0100085562246986
394 -0.0073043022607045
395 -0.00499409105867462
396 -0.00272956857535661
397 -0.00118041785602094
398 -0.000792477851758471
399 0.000775802969506237
400 0.00127083743168518
401 0.00140745509770098
402 -0.00111095247047503
403 -0.00203420490680274
404 -0.00288695906931141
405 -0.00567821678109166
406 -0.00870596698862377
407 -0.0165214960877102
408 -0.0198043834497587
409 -0.0254082059652075
410 -0.0325246600069264
411 -0.0392502423518355
412 -0.0578571318327242
413 -0.063550787882598
414 -0.0700189832007382
415 -0.101484454908178
416 -0.109150318513421
417 -0.130726049534408
418 -0.150709291940302
419 -0.166318922509195
420 -0.184976890487569
421 -0.204159736561613
422 -0.218985354432548
423 -0.231925395781859
424 -0.246049489472382
425 -0.256229744738695
426 -0.269969391649331
427 -0.267839377246773
428 -0.243108414075313
429 -0.216460945658705
430 -0.201669592180701
431 -0.170224201650673
432 -0.150559350212456
433 -0.131726785297328
434 -0.115729622986394
435 -0.0999275435218018
436 -0.0800601217127432
437 -0.0730572418944899
438 -0.0609030635890506
439 -0.053877507988475
440 -0.044352900747382
441 -0.0260795133029058
442 -0.0263761334370434
443 -0.0214183402038308
444 -0.0195578925336251
445 -0.00991651605924
446 -0.0121340891365999
447 -0.0107062260431563
448 -0.00792744627087669
449 -0.00415491877303783
450 0.000877829340835845
451 0.011050940981312
452 0.01818091219039
453 0.0440847021417194
454 0.0460845754845067
455 0.0695246834645101
456 0.0856583039586321
457 0.0965545830521124
458 0.139069203513896
459 0.168036050638386
460 0.184208087855396
461 0.226212005643
462 0.251619555362528
463 0.307455975984874
464 0.326241909940459
465 0.320515715710693
466 0.286558502987221
467 0.238370773648331
468 0.2122275950312
469 0.166197379666635
470 0.137844465798746
471 0.103096536381753
472 0.0724395662892373
473 0.0688337505888103
474 0.0481714794547331
475 0.0377040130273012
476 0.0294390951756812
477 0.0197025854617766
478 0.0127133994650835
479 0.00593521017674449
480 0.00173579497881527
481 -0.00407230000859832
482 -0.00637079073805632
483 -0.0112261284557903
484 -0.0159695532138765
485 -0.0202636626496508
486 -0.0227698236633111
487 -0.0267623038827325
488 -0.031625451710833
489 -0.0404549104936506
490 -0.0445707223549604
491 -0.0518897851902861
492 -0.0571630864953856
493 -0.0626039389805686
494 -0.0768966517700693
495 -0.100709596720466
496 -0.114231419960575
497 -0.129397431100056
498 -0.142973257523708
499 -0.165604305349151
500 -0.172588732850977
501 -0.189138255034061
502 -0.194912802322286
503 -0.203751096416525
504 -0.206185057780767
505 -0.206656467052066
506 -0.202184689291254
507 -0.194433172295282
508 -0.184712111457641
509 -0.168955698055495
510 -0.158904904241129
511 -0.140585886037679
512 -0.131479356465225
513 -0.112640095375278
514 -0.10406138398299
515 -0.0920859072610998
516 -0.0858682465317456
517 -0.0763112842245122
518 -0.0753388217424096
519 -0.0708678217062635
520 -0.0697259083588497
521 -0.0688758524541322
522 -0.0669236635834183
523 -0.0669523622794655
524 -0.0657863879511945
525 -0.0652166647235614
526 -0.0656833405017092
527 -0.0650880916948508
528 -0.06458834577212
529 -0.0650023874980949
530 -0.0651129890378811
531 -0.0655896070116194
532 -0.0655235101156202
533 -0.0644039238260521
534 -0.0644409633323592
535 -0.0637188129400752
536 -0.0625768213545328
537 -0.0608289686721848
538 -0.0582749378908387
539 -0.056394011252235
540 -0.0531447733252845
541 -0.0497447159717036
542 -0.046994016136089
543 -0.0430147671882607
544 -0.0408470143438559
545 -0.0369874321671599
546 -0.0349523014658935
547 -0.0323668027053874
548 -0.0296441554810824
549 -0.0280778210853773
550 -0.0256929008040475
551 -0.0240741173958029
552 -0.0219299906147784
553 -0.021107623523859
554 -0.0205665875909486
555 -0.0194096336151675
556 -0.0188213541655482
557 -0.0184460841578177
558 -0.0182730442639728
559 -0.0172757334029996
560 -0.017269584070492
561 -0.0170320665283049
562 -0.0169289964154145
563 -0.0167309313953736
564 -0.0168714553061214
565 -0.0165134467058299
566 -0.0162966407610688
567 -0.0166212800974406
568 -0.0158574598220118
569 -0.0145145629592437
570 -0.0148597753115367
571 -0.014758047051252
572 -0.0146099453698035
573 -0.0145181074466757
574 -0.0144286220951135
575 -0.0146086857241191
576 -0.0144177125150026
577 -0.0144767437527318
578 -0.0145496580198251
579 -0.0148439329201974
580 -0.0151121363873597
581 -0.0152974359851262
582 -0.0157134311026424
583 -0.016023752006909
584 -0.0165762092227341
585 -0.0169590940068241
586 -0.0178049433553752
587 -0.0181464240571041
