0 0
1 1.0
2 1.0
3 1.0
4 1.0
5 1.0
6 1.0
7 1.0
8 1.0
9 1.0
10 1.0
11 1.0
12 1.0
13 1.0
14 1.0
15 1.0
16 1.0
17 1.0
18 1.0
19 1.0
20 1.0
21 1.0
22 1.0
23 1.0
24 1.0
25 1.0
26 1.0
27 1.0
28 1.0
29 1.0
30 1.0
31 1.0
32 1.0
33 1.0
34 1.0
35 1.0
36 1.0
37 1.0
38 1.0
39 1.0
40 1.0
41 1.0
42 1.0
43 1.0
44 1.0
45 1.0
46 1.0
47 1.0
48 1.0
49 1.0
50 1.0
51 1.0
52 1.0
53 1.0
54 1.0
55 1.0
56 1.0
57 1.0
58 0.992548493378537
59 0.929243758836817
60 0.879180419810555
61 0.808245298527523
62 0.750022174587427
63 0.693486551030726
64 0.562719910342835
65 0.434934815273726
66 0.318812784789673
67 0.155738484920784
68 0.0399939948926844
69 -0.027012836398475
70 -0.105840303113015
71 0.00185689828267925
72 0.201075821143866
73 0.347045569326202
74 0.341884175673194
75 0.294649395943885
76 0.139880658685905
77 0.0765508707378634
78 0.127291815058633
79 0.0676427834692573
80 0.0369469186842761
81 0.0522802688302989
82 0.0013820212355674
83 -0.00891000784911621
84 -0.0208742909974417
85 0.100902057252169
86 0.341731023636973
87 0.418671305956613
88 0.529597795105247
89 0.54536391324412
90 0.563424519788644
91 0.530852475278996
92 0.604382438593237
93 0.665838702440803
94 0.770350303743756
95 0.80886849320764
96 0.848305171406389
97 0.895413465089997
98 0.956092503041754
99 0.987510004428653
100 0.999999999686797
101 1.0
102 1.0
103 1.0
104 1.0
105 1.0
106 1.0
107 1.0
108 1.0
109 1.0
110 1.0
111 1.0
112 1.0
113 1.0
114 1.0
115 1.0
116 1.0
117 1.0
118 1.0
119 1.0
120 1.0
121 1.0
122 1.0
123 1.0
124 1.0
125 1.0
126 1.0
127 1.0
128 1.0
129 1.0
130 1.0
131 1.0
132 1.0
133 1.0
134 1.0
135 1.0
136 0.9999998356171
137 0.977980709010228
138 0.946382167101492
139 0.904122035021604
140 0.659389704187452
141 0.506482172065936
142 0.258649464196258
143 0.0179847782546957
144 1.0
145 -1.0
146 -1.0
147 1.0
148 -1.0
149 -1.0
150 -1.0
151 -1.0
152 -1.0
153 -1.0
154 -1.0
155 -1.0
156 -1.0
157 -1.0
158 -0.536864809031549
159 0.000645307214593652
160 0.500193781409065
161 0.711077606667013
162 0.880612176639296
163 0.993159214556449
164 1.0
165 1.0
166 1.0
167 1.0
168 1.0
169 1.0
170 1.0
171 1.0
172 1.0
173 1.0
174 1.0
175 1.0
176 1.0
177 1.0
178 1.0
179 1.0
180 1.0
181 1.0
182 1.0
183 1.0
184 1.0
185 1.0
186 0.86752221229523
187 0.022781804494267
188 -0.495657350652541
189 -0.944279707331886
190 -0.687418596671305
191 -1.0
192 -1.0
193 -1.0
194 -0.679846109859183
195 0.00658426660040027
196 0.492408481045676
197 0.778268014721047
198 0.943296015007962
199 1.0
200 1.0
201 1.0
202 1.0
203 1.0
204 1.0
205 1.0
206 1.0
207 1.0
208 1.0
209 1.0
210 1.0
211 1.0
212 1.0
213 1.0
214 1.0
215 1.0
216 1.0
217 1.0
218 1.0
219 1.0
220 1.0
221 0.873100662368947
222 0.627826937473724
223 0.406422511794842
224 -1.0
225 -0.105138952643101
226 -1.0
227 -0.591245583784734
228 -0.395673250509226
229 -0.07526618587811
230 0.321853011270317
231 0.623389552371688
232 0.685980584855854
233 0.546418015915707
234 0.471497320313633
235 0.48964310443906
236 0.519199771809829
237 0.580766489805194
238 0.603963638555063
239 0.656044030924687
240 0.721996205162274
241 0.808590270145683
242 0.811890449074064
243 0.919910234670199
244 0.918439134544086
245 0.897762641222898
246 0.912455038177807
247 0.966841804585874
248 1.0
249 1.0
250 1.0
251 1.0
252 1.0
253 0.951359006182157
254 0.90455970173191
255 0.86756342563268
256 0.817120507031904
257 0.767299519249341
258 0.687564451202288
259 0.648604488308044
260 0.633104777643378
261 0.646146577328911
262 0.634298731108919
263 0.676459987420068
264 0.705306058450872
265 0.732654697337386
266 0.758970829237156
267 0.790840728472715
268 0.832740508089591
269 0.806006107781316
270 0.816076650303871
271 0.844559634594482
272 0.870786391181077
273 0.913894499998135
274 0.93801637208406
275 0.967072263894723
276 0.997243137648102
277 1.0
278 1.0
279 1.0
280 1.0
281 1.0
282 1.0
283 1.0
284 1.0
285 1.0
286 0.999999403125203
287 0.981692902261644
288 1.0
289 0.999999998184942
290 0.988920125321408
291 0.97513179857484
292 0.964842221735798
293 0.934850699132968
294 0.917719052645038
295 0.904269097640255
296 0.897669210296397
297 0.870514646058558
298 0.840602760300766
299 0.837606366570214
300 0.844340432765417
301 0.838363919010459
302 0.831459644181486
303 0.826058871007917
304 0.812788581486979
305 0.799788072870531
306 0.787397252837862
307 0.775190037649984
308 0.7760515691059
309 0.765693807169804
310 0.755826214947042
311 0.746000684331271
312 0.732667428991957
313 0.723868801462714
314 0.713300473721712
315 0.702595967752629
316 0.675055886126879
317 0.649494339315274
318 0.625803454990339
319 0.602225828221379
320 0.586427115157494
321 0.546452635700883
322 0.505208796316509
323 0.456393497077174
324 0.420729207559518
325 0.396645355291822
326 0.376679455663116
327 0.351930958424352
328 0.327530321286177
329 0.309519815573912
330 0.281775853113217
331 0.267143265324686
332 0.090024166381371
333 0.0252464582614248
334 -0.031200428604745
335 -0.200625081188812
336 -0.108407893752834
337 0.0920670807475684
338 0.229406321721877
339 0.349573351072248
340 0.320264883900725
341 0.294923586630076
342 0.259406179303273
343 0.134653363911196
344 0.111243055428377
345 0.14811261150841
346 0.0996327773266303
347 0.0675789352755846
348 0.0756414789938658
349 0.0413526479186551
350 -0.0143641673490226
351 -0.00824218095329263
352 0.127307372672663
353 0.274269057392263
354 0.347444028895298
355 0.391240038550112
356 0.4761180684937
357 0.513807847633675
358 0.542194982978779
359 0.531521252752778
360 0.636103949646789
361 0.739876967953148
362 0.781025097349776
363 0.823551454440589
364 0.865428052468669
365 0.906646756864722
366 0.962504760255962
367 0.989698361826752
368 1.0
369 1.0
370 1.0
371 1.0
372 1.0
373 1.0
374 1.0
375 1.0
376 1.0
377 1.0
378 1.0
379 1.0
380 1.0
381 1.0
382 1.0
383 1.0
384 1.0
385 1.0
386 1.0
387 1.0
388 1.0
389 1.0
390 1.0
391 1.0
392 1.0
393 1.0
394 1.0
395 1.0
396 1.0
397 1.0
398 1.0
399 1.0
400 1.0
401 1.0
402 1.0
403 0.994896746235016
404 0.983457163233297
405 0.949460614049795
406 0.906423973807542
407 0.655583511280085
408 0.468370033257453
409 0.256680215233432
410 0.0113564983218542
411 -0.231117120507157
412 -1.0
413 -1.0
414 -1.0
415 -1.0
416 -1.0
417 -1.0
418 -1.0
419 -1.0
420 -1.0
421 -1.0
422 -1.0
423 -0.635291167003687
424 -0.211796968176655
425 0.250889684663423
426 0.746516750699182
427 0.863149892697824
428 0.905522743186588
429 0.95327809449924
430 0.975180630835786
431 1.0
432 1.0
433 1.0
434 1.0
435 1.0
436 1.0
437 1.0
438 1.0
439 1.0
440 1.0
441 1.0
442 1.0
443 1.0
444 1.0
445 1.0
446 1.0
447 1.0
448 1.0
449 1.0
450 1.0
451 1.0
452 1.0
453 0.865714686530557
454 0.497034514480879
455 -0.299595614496704
456 -0.657028548013098
457 -0.485984783039436
458 -1.0
459 -1.0
460 -0.899595601119187
461 -0.736486498907736
462 -0.0633670302610079
463 0.801619698360231
464 1.0
465 1.0
466 1.0
467 1.0
468 1.0
469 1.0
470 1.0
471 1.0
472 1.0
473 1.0
474 1.0
475 1.0
476 1.0
477 1.0
478 1.0
479 1.0
480 1.0
481 1.0
482 1.0
483 1.0
484 1.0
485 1.0
486 1.0
487 1.0
488 1.0
489 1.0
490 0.881436315251975
491 0.611601635723081
492 0.428797450814943
493 -1.0
494 0.00566215035520301
495 -0.508995304076544
496 -0.525915039992665
497 -0.420322855781252
498 -0.0997977249369749
499 0.327111554069292
500 0.625926867837256
501 0.686663087511243
502 0.621721523803453
503 0.412592403743029
504 0.417262757406047
505 0.417793205146437
506 0.474724347531548
507 0.516148765836894
508 0.569835863299985
509 0.666836914738601
510 0.750867026881125
511 0.784790590025008
512 0.907477900588273
513 0.900336413300824
514 0.889203767377813
515 0.916930290428913
516 0.937165906372842
517 1.0
518 1.0
519 1.0
520 1.0
521 1.0
522 1.0
523 0.954927949407122
524 0.913591018703897
525 0.870347923147463
526 0.822883182591461
527 0.762292051671776
528 0.687265368105972
529 0.652097191978373
530 0.63495782837711
531 0.6477067749651
532 0.636072235340104
533 0.663791562624982
534 0.69192904807452
535 0.719381628063945
536 0.750153555551394
537 0.781767232351966
538 0.828361191425562
539 0.810976794528301
540 0.821994423599334
541 0.848869686855893
542 0.876114974322503
543 0.913984207779619
544 0.937914133983714
545 0.971241620188518
546 0.994313576055058
547 1.0
548 1.0
549 1.0
550 1.0
551 1.0
552 1.0
553 1.0
554 1.0
555 1.0
556 0.999999992911779
557 0.985205010660456
558 0.964139303632376
559 1.0
560 0.999999999224492
561 0.985473593969074
562 0.975738946338775
563 0.966871674608174
564 0.937942178231835
565 0.921655512548309
566 0.907080642895295
567 0.898901103187566
568 0.872480900541423
569 0.847204912061998
570 0.841061914014388
571 0.845210281399642
572 0.838889857882697
573 0.832351709730996
574 0.825366127056317
575 0.810712101250466
576 0.793341079722724
577 0.778809719632937
578 0.769234689582196
579 0.770302479085725
580 0.760161689250536
581 0.749857325528523
582 0.738025578044537
583 0.724822581281218
584 0.713189602493467
585 0.702608094542349
586 0.67745135483779
587 0.650284251965606
