0 0
1 1.99829924916821
2 1.99829924916821
3 1.98750388226705
4 1.87675765139645
5 1.68675353527024
6 1.32454764816243
7 0.854400576380164
8 0.196662025169653
9 -0.680961019222092
10 -1.45414840857527
11 -1.81942432871005
12 -1.74490594145612
13 -1.30014297709145
14 -0.680849273879106
15 -0.232969308110718
16 0.190178635896606
17 0.532568112627048
18 0.800830758725946
19 1.0003706137879
20 1.15307739488786
21 1.24617746195991
22 1.29354179238283
23 1.30524887102921
24 1.29552873528038
25 1.29449138026678
26 1.248355112713
27 1.19254361422474
28 1.14003771781327
29 1.08390770035183
30 1.03606370357543
31 1.00389455637302
32 0.977934979070534
33 1.00126939569115
34 1.01151899063789
35 1.02836295647756
36 1.05858786551015
37 1.09211113522666
38 1.1300123273949
39 1.1631559962484
40 1.20310875716224
41 1.24398070560697
42 1.29122547971521
43 1.32697687197247
44 1.38638889826047
45 1.39935821931465
46 1.40412657678029
47 1.40769688838805
48 1.41376747730143
49 1.42585278626401
50 1.53945197257823
51 1.53804441051467
52 1.53480558367716
53 1.53541488953789
54 1.54607235113422
55 1.54957502631578
56 1.59405983781163
57 1.67941219985549
58 1.792894602555
59 1.93056262998372
60 2.05129922299147
61 2.2277123456441
62 2.37097884501254
63 2.57080988602358
64 2.65740356795387
65 2.81466287281078
66 2.98903688585768
67 3.08710118672153
68 3.23067409091099
69 3.39092306272246
70 3.64507048160379
71 3.84314269294909
72 4.08449698512939
73 4.31038239505936
74 4.59909907771306
75 4.88281262305907
76 5.11221038134301
77 5.43832835344145
78 5.76080770999867
79 6.13013793067023
80 6.55029576596297
81 6.91527881066843
82 7.13730027050024
83 7.47140532729568
84 7.7069400609079
85 8.01170265694611
86 8.23847097883742
87 8.41297001890635
88 8.51224867436984
89 8.49355800665977
90 8.37450024525903
91 8.16798702258333
92 7.98388385483782
93 7.77407235146619
94 7.43330406955461
95 7.11670692161744
96 6.71337163584254
97 6.26354880900689
98 5.83557144312678
99 5.40758630220761
100 4.98177230418057
101 4.58762564932238
102 4.2406187387443
103 3.89697008033126
104 3.69647708921667
105 3.37104983807736
106 3.06685521607119
107 2.81626786092249
108 2.52112249382793
109 2.37226727943473
110 2.15115826372262
111 1.97242891994668
112 1.7421488176877
113 1.63432228691036
114 1.54488318979447
115 1.49115806974656
116 1.45235079707516
117 1.32830828169286
118 1.3117224229429
119 1.30985195920516
120 1.31814344433264
121 1.32941511011473
122 1.32953917768612
123 1.48313132315208
124 1.36920093568079
125 1.25014322600202
126 1.28180829123006
127 1.04249758270058
128 0.764698195561793
129 0.507278186344553
130 0.254224598827501
131 0.128174678420192
132 -0.123538425240838
133 -0.352532066917428
134 -0.545388197562707
135 -0.453649200431553
136 -0.596089897456766
137 -0.670763449360797
138 -0.678683009937697
139 -0.601892390099212
140 -0.365938236442569
141 -0.264954703095607
142 -0.0123765990785023
143 0.454928378930813
144 1.03546971702675
145 1.71540804572231
146 2.60872645269224
147 3.91593181214843
148 5.11108790554679
149 8.80131165214873
150 11.9021523699685
151 16.6519059073868
152 20.2920141471212
153 25.8019692899732
154 27.3115185882012
155 29.3122086385281
156 27.7669760512425
157 25.0502148165548
158 22.9928005770945
159 20.5733576861182
160 17.9984346263448
161 15.8752722941169
162 13.6971417322167
163 11.8285969588928
164 9.42013987795745
165 7.78421568730568
166 6.24815602363655
167 5.19644739305148
168 4.20045099639718
169 3.65594563373327
170 2.99698716518947
171 2.62116467112073
172 2.29566326387156
173 1.76587616226525
174 1.67847383456926
175 1.69941803616138
176 1.44148086899178
177 1.58370352502084
178 1.76744040464594
179 1.89201495088559
180 1.89509202091643
181 1.75448182016
182 1.44315325269319
183 1.01675889580287
184 0.348381295694539
185 -0.279423749119294
186 -1.1844078966238
187 -3.16072805852922
188 -5.28984267224829
189 -7.57438595113461
190 -10.35200823957
191 -19.451817251113
192 -32.4488638223935
193 -38.5664714656965
194 -36.5492987934621
195 -33.0726507797062
196 -29.5038913501733
197 -24.3547505929821
198 -20.3904018474844
199 -16.9584089063347
200 -13.373048681317
201 -9.94334103557823
202 -7.78931548042451
203 -6.22931465905593
204 -4.49043413669137
205 -3.39947155278738
206 -2.53056059122879
207 -1.82008517348739
208 -1.33610756488891
209 -0.896855839207445
210 -0.513657531797032
211 -0.253300825259077
212 -0.00181005775051046
213 0.19795212001132
214 0.418125488327468
215 0.646754357140016
216 0.832876454935407
217 1.07177077615788
218 1.30791879977038
219 1.67889700390367
220 2.08202256019422
221 2.5030582742406
222 3.02555750553641
223 3.66643475081815
224 4.53043753717303
225 5.6524417970708
226 7.80958991249039
227 10.5462737730103
228 13.3599559212933
229 15.5254892861626
230 17.8867440047212
231 18.6478538983547
232 19.0631756552665
233 20.2371260904771
234 19.7730307643514
235 18.8071884517031
236 17.7110097929261
237 16.337175943026
238 15.1175138895248
239 13.8753188312187
240 12.6843595749055
241 11.4869681655288
242 10.3206719373335
243 9.41009536701556
244 8.56607623658524
245 7.62107284515322
246 7.06034583976011
247 6.68204925865003
248 6.22713299274137
249 5.91095188150327
250 5.69530010680191
251 5.4474291922706
252 5.33615731384772
253 5.22523908241776
254 5.16685771504752
255 5.1318379419592
256 5.07310340628613
257 5.05890010502338
258 5.04412807509649
259 5.07352050144236
260 5.11644170218076
261 5.16847923745524
262 5.20325508166377
263 5.25450878446985
264 5.25583853814513
265 5.23484520566021
266 5.17995107908155
267 5.09902045097403
268 4.96790640573534
269 4.77619684809431
270 4.57723987594516
271 4.31291609277429
272 4.08901491403521
273 3.8255975386048
274 3.55181783308399
275 3.32562910266466
276 3.07609294691857
277 2.85199603268715
278 2.62610483559728
279 2.32785675063477
280 2.11642829483027
281 1.91785960191727
282 1.810855034648
283 1.70772879296914
284 1.58596010725362
285 1.50518717750529
286 1.43577298856812
287 1.39673625950592
288 1.4614927863762
289 1.47523222661443
290 1.47419954012617
291 1.50964773789565
292 1.53953201532959
293 1.53879188843152
294 1.54383927449055
295 1.54265278615773
296 1.5913836651059
297 1.54861108317327
298 1.41690829693329
299 1.37694492872099
300 1.382180353812
301 1.35635965564596
302 1.33405246859419
303 1.31756514739416
304 1.32458903312486
305 1.2947094219166
306 1.26679762665357
307 1.24055921004401
308 1.25475695376573
309 1.25927553352741
310 1.27080674916992
311 1.29005046992592
312 1.30986485071179
313 1.33662991314794
314 1.3740675723681
315 1.41894701950597
316 1.48619397955965
317 1.51311132370876
318 1.53862650013884
319 1.57527079707864
320 1.60926477133091
321 1.73623025051041
322 1.75588270863575
323 1.78343076298883
324 1.79727244788368
325 1.87128592415495
326 1.97674684374674
327 2.08948724671054
328 2.24169157828754
329 2.39509172626609
330 2.61114697459291
331 2.7909416963834
332 2.87629073499139
333 3.00485992279244
334 3.14305645892505
335 3.24781210663012
336 3.39802258911628
337 3.65809834609436
338 3.81776070381637
339 4.01577821538312
340 4.2473731005381
341 4.46673119783723
342 4.77172766974426
343 4.9678318554204
344 5.22810705126163
345 5.58072527202745
346 5.9531594396027
347 6.33254878519592
348 6.71047016822438
349 6.90792998885878
350 7.26602771071971
351 7.54096660590023
352 7.83790105961877
353 8.12842014554373
354 8.35210362425032
355 8.4666891901317
356 8.53158859633531
357 8.4902394387597
358 8.36469680220686
359 8.18152944013175
360 7.89056574714756
361 7.55578643265342
362 7.26668029516225
363 6.85479081929776
364 6.45040855510002
365 6.07757456795625
366 5.65044955805828
367 5.2768909301221
368 4.86535675049447
369 4.35615829728927
370 4.02902978837921
371 3.69951830905005
372 3.47374436976666
373 3.16119389495007
374 2.79377872227225
375 2.48093634421054
376 2.32330719203477
377 2.04503880691146
378 1.75454663639314
379 1.61149511910887
380 1.52089763512113
381 1.45217076097291
382 1.41681044657499
383 1.30189734582552
384 1.2866176480668
385 1.29612093153119
386 1.3133217865778
387 1.33810267661291
388 1.35143572750696
389 1.54323925141765
390 1.49209549334571
391 1.39392731538069
392 1.27067305948238
393 1.29708596347903
394 1.08112811425383
395 0.799178866332703
396 0.499230890132854
397 0.240154582839561
398 0.106618473108503
399 -0.151384670876407
400 -0.384812437006676
401 -0.578121319168163
402 -0.488582050187508
403 -0.614715862194719
404 -0.698395721173741
405 -0.707276283746656
406 -0.620174109744167
407 -0.399095445667663
408 -0.253533437205708
409 -0.00976551270731862
410 0.467093194723182
411 1.06853989295723
412 1.87344114511942
413 2.97912251793796
414 4.17399444014749
415 5.39874659935102
416 8.10542307924154
417 11.5274463507301
418 15.0717143947315
419 18.6601240702926
420 22.8457295177039
421 25.3632275811565
422 25.9353390071462
423 27.3713942670066
424 25.8932051493503
425 24.2400573292532
426 22.1403187175029
427 20.2989190689676
428 18.2537460688401
429 16.3726366889224
430 14.3243983627483
431 12.686769363436
432 10.8074346482231
433 9.5471430377374
434 8.17824322863637
435 7.16229643553336
436 6.25125868587774
437 5.3228206630843
438 4.78570573690342
439 4.11719102596969
440 3.53962504392018
441 2.66552270564244
442 2.34813315148084
443 2.10844098209537
444 1.93071306772768
445 1.54076292819888
446 1.50577596334391
447 1.48775237551971
448 1.43334463399081
449 1.31029887706578
450 1.0120487297494
451 0.451090055089759
452 -0.114834331089752
453 -0.774415087534023
454 -1.68932901303116
455 -3.47046811129974
456 -5.77071067404148
457 -7.63951175150105
458 -12.8535712195851
459 -17.5913970003271
460 -21.916198235967
461 -34.6260223028891
462 -34.4363421879657
463 -30.4869233100417
464 -27.5133295647672
465 -24.4652176119849
466 -20.5696799905158
467 -16.5017753245489
468 -14.1440901329003
469 -11.1502026932186
470 -9.12615930043221
471 -7.19422094068849
472 -5.9042197368751
473 -4.52007562671374
474 -3.64618051991396
475 -2.80604324169433
476 -2.25508527202118
477 -1.67203431628348
478 -1.17620164404821
479 -0.721127643406479
480 -0.394132764787587
481 -0.106030689149696
482 0.195863477916455
483 0.442011937906126
484 0.719322509473316
485 0.937469226962788
486 1.23805721508595
487 1.49480122993978
488 1.83505057541099
489 2.14889115791884
490 2.57896232691107
491 3.12820457047317
492 3.65965765128881
493 4.37099594029185
494 5.41455939254808
495 7.23497894928321
496 9.8161670008889
497 12.1394748679033
498 14.3334967618856
499 17.0382584647587
500 18.0097052962689
501 18.6927250691175
502 18.8400860241054
503 19.8059380494147
504 19.1302982808192
505 18.3247888974065
506 17.2116734386405
507 16.0168376845613
508 14.7644336845227
509 13.2072072383473
510 11.9319473891258
511 10.6981870926722
512 9.57950481511202
513 8.53610681019201
514 7.82502221840196
515 7.13652395139946
516 6.6508927811113
517 6.33977246489078
518 6.00122492120716
519 5.76251321568298
520 5.5091976970195
521 5.37389734350617
522 5.28823391472402
523 5.19099683312733
524 5.15104210381253
525 5.12236879075525
526 5.07352285343291
527 5.06433826965732
528 5.05592429441812
529 5.08592381490531
530 5.12995590919725
531 5.1839877234911
532 5.21477001234049
533 5.26413067048917
534 5.27300152875239
535 5.26087176011842
536 5.21576491012461
537 5.1340410808531
538 4.98955599569418
539 4.74440675850265
540 4.53242068918342
541 4.29099526709589
542 4.06516001121601
543 3.83531245214618
544 3.56530852075507
545 3.34260896016544
546 3.09456282462015
547 2.87735873752003
548 2.65655886536482
549 2.47030562909665
550 2.28033742110962
551 2.11812201979519
552 1.97790164834826
553 1.85467197858685
554 1.74840913612791
555 1.63730501852465
556 1.54427248411305
557 1.48074471081076
558 1.43289209668494
559 1.4964572776343
560 1.49563532937589
561 1.48459385843732
562 1.50133579991604
563 1.52048306069699
564 1.51203828917716
565 1.51037697760468
566 1.50375745555099
567 1.54676229204929
568 1.50221504212319
569 1.37436162419132
570 1.33453305107771
571 1.34457813696082
572 1.33005293387915
573 1.31839486972391
574 1.30857311450152
575 1.32211541924493
576 1.29225916848997
577 1.26837337212977
578 1.25482057248593
579 1.27715653299704
580 1.28462161784469
581 1.30060358798504
582 1.32536141895758
583 1.34593396274483
584 1.37886324811606
585 1.4248738031757
586 1.49949441259765
587 1.52209793004523
