0 0
1 3.733651
2 3.733651
3 3.73402
4 3.737669
5 3.743913
6 3.755773
7 3.771067
8 3.792285
9 3.820257
10 3.844501
11 3.855241
12 3.851878
13 3.838056
14 3.8183
15 3.804699
16 3.792742
17 3.784145
18 3.778645
19 3.776001
20 3.775994
21 3.778489
22 3.782932
23 3.788898
24 3.7951
25 3.801901
26 3.810021
27 3.81782
28 3.824826
29 3.832792
30 3.840604
31 3.847251
32 3.855528
33 3.861755
34 3.868754
35 3.874896
36 3.882928
37 3.89027
38 3.897887
39 3.905849
40 3.91421
41 3.92299
42 3.933364
43 3.941857
44 3.950732
45 3.961331
46 3.971132
47 3.98278
48 3.993261
49 4.005567
50 4.016623
51 4.029573
52 4.041424
53 4.055485
54 4.06817
55 4.083101
56 4.094579
57 4.110326
58 4.12672
59 4.143914
60 4.15745
61 4.176626
62 4.191845
63 4.213364
64 4.233456
65 4.260912
66 4.29041
67 4.314586
68 4.343545
69 4.370139
70 4.401805
71 4.430083
72 4.458005
73 4.481802
74 4.509984
75 4.540092
76 4.581057
77 4.614616
78 4.654787
79 4.696869
80 4.746407
81 4.79209
82 4.839236
83 4.887772
84 4.944224
85 5.001485
86 5.051915
87 5.10895
88 5.167406
89 5.220596
90 5.282013
91 5.337533
92 5.386315
93 5.434658
94 5.502306
95 5.555568
96 5.614872
97 5.673406
98 5.723983
99 5.772624
100 5.819387
101 5.863474
102 5.900256
103 5.93969
104 5.971846
105 6.0063
106 6.038467
107 6.064945
108 6.096698
109 6.122941
110 6.147243
111 6.167189
112 6.185837
113 6.20323
114 6.221591
115 6.236554
116 6.252618
117 6.267852
118 6.280609
119 0.01128901
120 0.02457791
121 0.04063558
122 0.05316255
123 0.0668813
124 0.08051335
125 0.09078769
126 0.1022007
127 0.1127044
128 0.1225829
129 0.1304031
130 0.1371592
131 0.1434988
132 0.1476821
133 0.1508932
134 0.1532101
135 0.1546776
136 0.1555596
137 0.1562172
138 0.1571229
139 0.1583076
140 0.1606347
141 0.1639282
142 0.1703837
143 0.1791793
144 0.1901769
145 0.2097908
146 0.2287498
147 0.2575644
148 0.2965702
149 0.3470984
150 0.3915515
151 0.4516869
152 0.5113845
153 0.6014419
154 0.6891015
155 0.7835427
156 0.8824301
157 0.9963363
158 1.084997
159 1.185719
160 1.29387
161 1.384121
162 1.476124
163 1.556685
164 1.665956
165 1.737361
166 1.809688
167 1.862464
168 1.914488
169 1.952886
170 1.993536
171 2.019515
172 2.044718
173 2.066337
174 2.084397
175 2.09837
176 2.110091
177 2.120749
178 2.130627
179 2.139974
180 2.148599
181 2.157713
182 2.166917
183 2.174429
184 2.181328
185 2.185131
186 2.185435
187 2.172274
188 2.15292
189 2.127211
190 2.088666
191 2.021561
192 1.956428
193 1.856758
194 1.749031
195 1.643221
196 1.555064
197 1.418053
198 1.293093
199 1.173634
200 1.040373
201 0.9006284
202 0.8085229
203 0.7391018
204 0.6651407
205 0.6143466
206 0.5734837
207 0.5371765
208 0.5149773
209 0.4954517
210 0.4808734
211 0.471535
212 0.4643272
213 0.460478
214 0.4585465
215 0.4588409
216 0.4608045
217 0.4652911
218 0.4713802
219 0.4817279
220 0.4951407
221 0.5099165
222 0.528617
223 0.551236
224 0.5814151
225 0.6206887
226 0.6679809
227 0.7199293
228 0.7661999
229 0.8197222
230 0.8915336
231 0.9394935
232 1.004716
233 1.069237
234 1.140831
235 1.219033
236 1.300099
237 1.393539
238 1.477394
239 1.560779
240 1.642398
241 1.72144
242 1.806985
243 1.87014
244 1.938544
245 2.019729
246 2.073004
247 2.122518
248 2.181513
249 2.235384
250 2.280555
251 2.329134
252 2.370912
253 2.412185
254 2.453116
255 2.48878
256 2.529394
257 2.5649
258 2.605604
259 2.651542
260 2.69238
261 2.733254
262 2.774266
263 2.815565
264 2.857102
265 2.893445
266 2.935036
267 2.971433
268 3.012836
269 3.048883
270 3.089175
271 3.134149
272 3.168199
273 3.205806
274 3.242009
275 3.271968
276 3.304566
277 3.331653
278 3.360781
279 3.398064
280 3.426105
281 3.455013
282 3.473995
283 3.494359
284 3.513455
285 3.52926
286 3.546585
287 3.561204
288 3.579359
289 3.597107
290 3.610641
291 3.629638
292 3.644712
293 3.657874
294 3.672865
295 3.685989
296 3.700991
297 3.717835
298 3.734707
299 3.749638
300 3.762438
301 3.776715
302 3.790779
303 3.802935
304 3.816637
305 3.828485
306 3.840272
307 3.853671
308 3.865298
309 3.878549
310 3.890181
311 3.901872
312 3.913656
313 3.923882
314 3.936001
315 3.948309
316 3.959055
317 3.973724
318 3.986967
319 4.002499
320 4.01445
321 4.030849
322 4.045591
323 4.063141
324 4.081391
325 4.100302
326 4.11983
327 4.137524
328 4.158568
329 4.177759
330 4.203679
331 4.224779
332 4.250099
333 4.273304
334 4.297691
335 4.32677
336 4.356502
337 4.386191
338 4.416399
339 4.446545
340 4.477845
341 4.50678
342 4.545946
343 4.586883
344 4.615338
345 4.659888
346 4.700956
347 4.744009
348 4.788683
349 4.828986
350 4.876458
351 4.931728
352 4.981895
353 5.038288
354 5.095347
355 5.140705
356 5.193753
357 5.254612
358 5.309895
359 5.358795
360 5.428854
361 5.491338
362 5.538889
363 5.599213
364 5.652088
365 5.697412
366 5.746879
367 5.788764
368 5.834496
369 5.88862
370 5.924396
371 5.962354
372 5.99354
373 6.026451
374 6.064804
375 6.096992
376 6.12338
377 6.153466
378 6.175788
379 6.196372
380 6.212871
381 6.23025
382 6.244412
383 6.259681
384 6.275976
385 0.008168581
386 0.01965959
387 0.03401576
388 0.04498785
389 0.05757222
390 0.06826374
391 0.08025622
392 0.09072604
393 0.1022332
394 0.1117159
395 0.1218882
396 0.1310356
397 0.1379225
398 0.1442949
399 0.1485839
400 0.1518601
401 0.1541487
402 0.1555575
403 0.1562819
404 0.1569288
405 0.157742
406 0.1591084
407 0.1610874
408 0.1654226
409 0.1713941
410 0.1807278
411 0.191771
412 0.2142084
413 0.2362242
414 0.2602625
415 0.2977549
416 0.3359423
417 0.3885286
418 0.4356247
419 0.4965626
420 0.5563274
421 0.6491953
422 0.7276564
423 0.7989957
424 0.8927535
425 0.975577
426 1.056959
427 1.137241
428 1.223706
429 1.304063
430 1.396428
431 1.47413
432 1.569791
433 1.638917
434 1.711327
435 1.769358
436 1.822568
437 1.877788
438 1.920398
439 1.963824
440 2.002126
441 2.040086
442 2.066022
443 2.090268
444 2.112684
445 2.129591
446 2.144315
447 2.156115
448 2.165921
449 2.173552
450 2.181951
451 2.188867
452 2.191831
453 2.191984
454 2.188023
455 2.169504
456 2.142027
457 2.116527
458 2.071179
459 2.024075
460 1.966853
461 1.856397
462 1.762322
463 1.607149
464 1.517394
465 1.429152
466 1.312039
467 1.170494
468 1.079694
469 0.9593855
470 0.8704145
471 0.7816743
472 0.7209834
473 0.6615097
474 0.619321
475 0.5787948
476 0.5494339
477 0.5222222
478 0.500336
479 0.4831901
480 0.4716925
481 0.463287
482 0.4568828
483 0.4539819
484 0.4532394
485 0.4547862
486 0.4599288
487 0.4664788
488 0.4763716
489 0.4871424
490 0.5043926
491 0.5265316
492 0.5469462
493 0.5739998
494 0.6129714
495 0.6592284
496 0.7087904
497 0.750855
498 0.8032584
499 0.8789254
500 0.9245576
501 0.9870874
502 1.0415
503 1.119683
504 1.195139
505 1.264792
506 1.347159
507 1.431336
508 1.515913
509 1.620284
510 1.701642
511 1.789327
512 1.864097
513 1.943419
514 2.001454
515 2.063499
516 2.113858
517 2.160403
518 2.209986
519 2.255899
520 2.299618
521 2.341809
522 2.377824
523 2.418571
524 2.45395
525 2.494303
526 2.529617
527 2.570025
528 2.605528
529 2.646269
530 2.687073
531 2.727957
532 2.763861
533 2.800002
534 2.841576
535 2.877948
536 2.919578
537 2.961271
538 3.008039
539 3.054582
540 3.094977
541 3.134945
542 3.168945
543 3.201825
544 3.238023
545 3.267991
546 3.300682
547 3.327716
548 3.356871
549 3.380965
550 3.406675
551 3.430698
552 3.453362
553 3.477464
554 3.49761
555 3.516661
556 3.534921
557 3.55032
558 3.567297
559 3.5817
560 3.599826
561 3.615542
562 3.630916
563 3.646101
564 3.65929
565 3.674238
566 3.689132
567 3.703981
568 3.720579
569 3.737163
570 3.753656
571 3.767879
572 3.780061
573 3.792117
574 3.805773
575 3.817595
576 3.832683
577 3.846079
578 3.856099
579 3.867748
580 3.879409
581 3.892819
582 3.906344
583 3.918311
584 3.930456
585 3.944567
586 3.957167
587 3.971915
