0 0
1 -32.16173
1 -43.49173
1 -61.09
1 -78.29172
1 -93.05002
1 -107.7717
2 -32.16173
2 -43.49173
2 -61.09
2 -78.29172
2 -93.05002
2 -107.7717
3 -32.16173
3 -43.49173
3 -61.09
3 -78.29172
3 -93.05002
3 -107.7717
4 -32.16173
4 -43.49173
4 -61.09
4 -78.29172
4 -93.05002
4 -107.7717
5 -32.16173
5 -43.49173
5 -61.09
5 -78.29172
5 -93.05002
5 -107.7717
6 -32.16173
6 -43.49173
6 -61.09
6 -78.29172
6 -93.05002
6 -107.7717
7 -32.16173
7 -43.49173
7 -61.09
7 -78.29172
7 -93.05002
7 -107.7717
8 -32.16173
8 -43.49173
8 -61.09
8 -78.29172
8 -93.05002
8 -107.7717
9 -32.16173
9 -43.49173
9 -61.09
9 -78.29172
9 -93.05002
9 -107.7717
10 -32.16173
10 -43.49173
10 -61.09
10 -78.29172
10 -93.05002
10 -107.7717
11 -32.16173
11 -43.49173
11 -61.09
11 -78.29172
11 -93.05002
11 -107.7717
12 -32.16173
12 -43.49173
12 -61.09
12 -78.29172
12 -93.05002
12 -107.7717
13 -43.49173
13 -61.09
13 -78.29172
13 -93.05002
13 -107.7717
13 -123.3917
14 -43.49173
14 -61.09
14 -78.29172
14 -93.05002
14 -107.7717
14 -123.3917
15 -43.49173
15 -61.09
15 -78.29172
15 -93.05002
15 -107.7717
15 -123.3917
16 -43.49173
16 -61.09
16 -78.29172
16 -93.05002
16 -107.7717
16 -123.3917
17 -43.49173
17 -61.09
17 -78.29172
17 -93.05002
17 -107.7717
17 -123.3917
18 -43.49173
18 -61.09
18 -78.29172
18 -93.05002
18 -107.7717
18 -123.3917
19 -43.49173
19 -61.09
19 -78.29172
19 -93.05002
19 -107.7717
19 -123.3917
20 -43.49173
20 -61.09
20 -78.29172
20 -93.05002
20 -107.7717
20 -123.3917
21 -43.49173
21 -61.09
21 -78.29172
21 -93.05002
21 -107.7717
21 -123.3917
22 -43.49173
22 -61.09
22 -78.29172
22 -93.05002
22 -107.7717
22 -123.3917
23 -43.49173
23 -61.09
23 -78.29172
23 -93.05002
23 -107.7717
23 -123.3917
24 -43.49173
24 -61.09
24 -78.29172
24 -93.05002
24 -107.7717
24 -123.3917
25 -61.09
25 -78.29172
25 -93.05002
25 -107.7717
25 -123.3917
25 -134.97
26 -61.09
26 -78.29172
26 -93.05002
26 -107.7717
26 -123.3917
26 -134.97
27 -61.09
27 -78.29172
27 -93.05002
27 -107.7717
27 -123.3917
27 -134.97
28 -61.09
28 -78.29172
28 -93.05002
28 -107.7717
28 -123.3917
28 -134.97
29 -61.09
29 -78.29172
29 -93.05002
29 -107.7717
29 -123.3917
29 -134.97
30 -61.09
30 -78.29172
30 -93.05002
30 -107.7717
30 -123.3917
30 -134.97
31 -61.09
31 -78.29172
31 -93.05002
31 -107.7717
31 -123.3917
31 -134.97
32 -61.09
32 -78.29172
32 -93.05002
32 -107.7717
32 -123.3917
32 -134.97
33 -78.29172
33 -93.05002
33 -107.7717
33 -123.3917
33 -134.97
33 -145.1165
34 -78.29172
34 -93.05002
34 -107.7717
34 -123.3917
34 -134.97
34 -145.1165
35 -78.29172
35 -93.05002
35 -107.7717
35 -123.3917
35 -134.97
35 -145.1165
36 -78.29172
36 -93.05002
36 -107.7717
36 -123.3917
36 -134.97
36 -145.1165
37 -78.29172
37 -93.05002
37 -107.7717
37 -123.3917
37 -134.97
37 -145.1165
38 -78.29172
38 -93.05002
38 -107.7717
38 -123.3917
38 -134.97
38 -145.1165
39 -93.05002
39 -107.7717
39 -123.3917
39 -134.97
39 -145.1165
39 -158.3417
40 -93.05002
40 -107.7717
40 -123.3917
40 -134.97
40 -145.1165
40 -158.3417
41 -93.05002
41 -107.7717
41 -123.3917
41 -134.97
41 -145.1165
41 -158.3417
42 -93.05002
42 -107.7717
42 -123.3917
42 -134.97
42 -145.1165
42 -158.3417
43 -93.05002
43 -107.7717
43 -123.3917
43 -134.97
43 -145.1165
43 -158.3417
44 -107.7717
44 -123.3917
44 -134.97
44 -145.1165
44 -158.3417
44 -164.3164
45 -107.7717
45 -123.3917
45 -134.97
45 -145.1165
45 -158.3417
45 -164.3164
46 -107.7717
46 -123.3917
46 -134.97
46 -145.1165
46 -158.3417
46 -164.3164
47 -107.7717
47 -123.3917
47 -134.97
47 -145.1165
47 -158.3417
47 -164.3164
48 -107.7717
48 -123.3917
48 -134.97
48 -145.1165
48 -158.3417
48 -164.3164
49 -107.7717
49 -123.3917
49 -134.97
49 -145.1165
49 -158.3417
49 -164.3164
50 -123.3917
50 -134.97
50 -145.1165
50 -158.3417
50 -164.3164
50 -169.3365
51 -123.3917
51 -134.97
51 -145.1165
51 -158.3417
51 -164.3164
51 -169.3365
52 -123.3917
52 -134.97
52 -145.1165
52 -158.3417
52 -164.3164
52 -169.3365
53 -123.3917
53 -134.97
53 -145.1165
53 -158.3417
53 -164.3164
53 -169.3365
54 -123.3917
54 -134.97
54 -145.1165
54 -158.3417
54 -164.3164
54 -169.3365
55 -134.97
55 -145.1165
55 -158.3417
55 -164.3164
55 -169.3365
55 -175.4917
56 -134.97
56 -145.1165
56 -158.3417
56 -164.3164
56 -169.3365
56 -175.4917
57 -134.97
57 -145.1165
57 -158.3417
57 -164.3164
57 -169.3365
57 -175.4917
58 -145.1165
58 -158.3417
58 -164.3164
58 -169.3365
58 -175.4917
58 -176.9617
59 -145.1165
59 -158.3417
59 -164.3164
59 -169.3365
59 -175.4917
59 -176.9617
60 -145.1165
60 -158.3417
60 -164.3164
60 -169.3365
60 -175.4917
60 -176.9617
61 -145.1165
61 -158.3417
61 -164.3164
61 -169.3365
61 -175.4917
61 -176.9617
62 -145.1165
62 -158.3417
62 -164.3164
62 -169.3365
62 -175.4917
62 -176.9617
63 -145.1165
63 -158.3417
63 -164.3164
63 -169.3365
63 -175.4917
63 -176.9617
64 -158.3417
64 -164.3164
64 -169.3365
64 -175.4917
64 -176.9617
64 -176.8864
65 -158.3417
65 -164.3164
65 -169.3365
65 -175.4917
65 -176.9617
65 -176.8864
66 -158.3417
66 -164.3164
66 -169.3365
66 -175.4917
66 -176.9617
66 -176.8864
67 -164.3164
67 -169.3365
67 -175.4917
67 -176.9617
67 -176.8864
67 -175.0817
68 -164.3164
68 -169.3365
68 -175.4917
68 -176.9617
68 -176.8864
68 -175.0817
69 -164.3164
69 -169.3365
69 -175.4917
69 -176.9617
69 -176.8864
69 -175.0817
70 -169.3365
70 -175.4917
70 -176.9617
70 -176.8864
70 -175.0817
70 -170.3617
71 -169.3365
71 -175.4917
71 -176.9617
71 -176.8864
71 -175.0817
71 -170.3617
72 -169.3365
72 -175.4917
72 -176.9617
72 -176.8864
72 -175.0817
72 -170.3617
73 -169.3365
73 -175.4917
73 -176.9617
73 -176.8864
73 -175.0817
73 -170.3617
74 -169.3365
74 -175.4917
74 -176.9617
74 -176.8864
74 -175.0817
74 -170.3617
75 -169.3365
75 -175.4917
75 -176.9617
75 -176.8864
75 -175.0817
75 -170.3617
76 -175.4917
76 -176.9617
76 -176.8864
76 -175.0817
76 -170.3617
76 -164.4217
77 -175.4917
77 -176.9617
77 -176.8864
77 -175.0817
77 -170.3617
77 -164.4217
78 -176.9617
78 -176.8864
78 -175.0817
78 -170.3617
78 -164.4217
78 -158.9417
79 -176.9617
79 -176.8864
79 -175.0817
79 -170.3617
79 -164.4217
79 -158.9417
80 -176.9617
80 -176.8864
80 -175.0817
80 -170.3617
80 -164.4217
80 -158.9417
81 -176.9617
81 -176.8864
81 -175.0817
81 -170.3617
81 -164.4217
81 -158.9417
82 -176.8864
82 -175.0817
82 -170.3617
82 -164.4217
82 -158.9417
82 -146.6317
83 -176.8864
83 -175.0817
83 -170.3617
83 -164.4217
83 -158.9417
83 -146.6317
84 -175.0817
84 -170.3617
84 -164.4217
84 -158.9417
84 -146.6317
84 -134.6765
85 -175.0817
85 -170.3617
85 -164.4217
85 -158.9417
85 -146.6317
85 -134.6765
86 -175.0817
86 -170.3617
86 -164.4217
86 -158.9417
86 -146.6317
86 -134.6765
87 -175.0817
87 -170.3617
87 -164.4217
87 -158.9417
87 -146.6317
87 -134.6765
88 -170.3617
88 -164.4217
88 -158.9417
88 -146.6317
88 -134.6765
88 -126.4965
89 -170.3617
89 -164.4217
89 -158.9417
89 -146.6317
89 -134.6765
89 -126.4965
90 -170.3617
90 -164.4217
90 -158.9417
90 -146.6317
90 -134.6765
90 -126.4965
91 -164.4217
91 -158.9417
91 -146.6317
91 -134.6765
91 -126.4965
91 -108.5617
92 -164.4217
92 -158.9417
92 -146.6317
92 -134.6765
92 -126.4965
92 -108.5617
93 -164.4217
93 -158.9417
93 -146.6317
93 -134.6765
93 -126.4965
93 -108.5617
94 -158.9417
94 -146.6317
94 -134.6765
94 -126.4965
94 -108.5617
94 -95.20645
95 -158.9417
95 -146.6317
95 -134.6765
95 -126.4965
95 -108.5617
95 -95.20645
96 -158.9417
96 -146.6317
96 -134.6765
96 -126.4965
96 -108.5617
96 -95.20645
97 -158.9417
97 -146.6317
97 -134.6765
97 -126.4965
97 -108.5617
97 -95.20645
98 -146.6317
98 -134.6765
98 -126.4965
98 -108.5617
98 -95.20645
98 -73.86172
99 -146.6317
99 -134.6765
99 -126.4965
99 -108.5617
99 -95.20645
99 -73.86172
100 -146.6317
100 -134.6765
100 -126.4965
100 -108.5617
100 -95.20645
100 -73.86172
101 -146.6317
101 -134.6765
101 -126.4965
101 -108.5617
101 -95.20645
101 -73.86172
102 -134.6765
102 -126.4965
102 -108.5617
102 -95.20645
102 -73.86172
102 -42.38173
103 -134.6765
103 -126.4965
103 -108.5617
103 -95.20645
103 -73.86172
103 -42.38173
104 -126.4965
104 -108.5617
104 -95.20645
104 -73.86172
104 -42.38173
104 -24.50172
105 -126.4965
105 -108.5617
105 -95.20645
105 -73.86172
105 -42.38173
105 -24.50172
106 -126.4965
106 -108.5617
106 -95.20645
106 -73.86172
106 -42.38173
106 -24.50172
107 -126.4965
107 -108.5617
107 -95.20645
107 -73.86172
107 -42.38173
107 -24.50172
108 -126.4965
108 -108.5617
108 -95.20645
108 -73.86172
108 -42.38173
108 -24.50172
109 -108.5617
109 -95.20645
109 -73.86172
109 -42.38173
109 -24.50172
109 2.908264
110 -108.5617
110 -95.20645
110 -73.86172
110 -42.38173
110 -24.50172
110 2.908264
111 -108.5617
111 -95.20645
111 -73.86172
111 -42.38173
111 -24.50172
111 2.908264
112 -95.20645
112 -73.86172
112 -42.38173
112 -24.50172
112 2.908264
112 22.10828
113 -95.20645
113 -73.86172
113 -42.38173
113 -24.50172
113 2.908264
113 22.10828
114 -95.20645
114 -73.86172
114 -42.38173
114 -24.50172
114 2.908264
114 22.10828
115 -95.20645
115 -73.86172
115 -42.38173
115 -24.50172
115 2.908264
115 22.10828
116 -95.20645
116 -73.86172
116 -42.38173
116 -24.50172
116 2.908264
116 22.10828
117 -73.86172
117 -42.38173
117 -24.50172
117 2.908264
117 22.10828
117 47.20827
118 -73.86172
118 -42.38173
118 -24.50172
118 2.908264
118 22.10828
118 47.20827
119 -73.86172
119 -42.38173
119 -24.50172
119 2.908264
119 22.10828
119 47.20827
120 -73.86172
120 -42.38173
120 -24.50172
120 2.908264
120 22.10828
120 47.20827
121 -73.86172
121 -42.38173
121 -24.50172
121 2.908264
121 22.10828
121 47.20827
122 -73.86172
122 -42.38173
122 -24.50172
122 2.908264
122 22.10828
122 47.20827
123 -42.38173
123 -24.50172
123 2.908264
123 22.10828
123 47.20827
123 75.06355
124 -42.38173
124 -24.50172
124 2.908264
124 22.10828
124 47.20827
124 75.06355
125 -42.38173
125 -24.50172
125 2.908264
125 22.10828
125 47.20827
125 75.06355
126 -24.50172
126 2.908264
126 22.10828
126 47.20827
126 75.06355
126 91.19354
127 -24.50172
127 2.908264
127 22.10828
127 47.20827
127 75.06355
127 91.19354
128 -24.50172
128 2.908264
128 22.10828
128 47.20827
128 75.06355
128 91.19354
129 -24.50172
129 2.908264
129 22.10828
129 47.20827
129 75.06355
129 91.19354
130 -24.50172
130 2.908264
130 22.10828
130 47.20827
130 75.06355
130 91.19354
131 2.908264
131 22.10828
131 47.20827
131 75.06355
131 91.19354
131 107.3083
132 2.908264
132 22.10828
132 47.20827
132 75.06355
132 91.19354
132 107.3083
133 2.908264
133 22.10828
133 47.20827
133 75.06355
133 91.19354
133 107.3083
134 2.908264
134 22.10828
134 47.20827
134 75.06355
134 91.19354
134 107.3083
135 22.10828
135 47.20827
135 75.06355
135 91.19354
135 107.3083
135 114.2635
136 22.10828
136 47.20827
136 75.06355
136 91.19354
136 107.3083
136 114.2635
137 22.10828
137 47.20827
137 75.06355
137 91.19354
137 107.3083
137 114.2635
138 22.10828
138 47.20827
138 75.06355
138 91.19354
138 107.3083
138 114.2635
139 22.10828
139 47.20827
139 75.06355
139 91.19354
139 107.3083
139 114.2635
140 47.20827
140 75.06355
140 91.19354
140 107.3083
140 114.2635
140 122.5583
141 47.20827
141 75.06355
141 91.19354
141 107.3083
141 114.2635
141 122.5583
142 47.20827
142 75.06355
142 91.19354
142 107.3083
142 114.2635
142 122.5583
143 47.20827
143 75.06355
143 91.19354
143 107.3083
143 114.2635
143 122.5583
144 47.20827
144 75.06355
144 91.19354
144 107.3083
144 114.2635
144 122.5583
145 75.06355
145 91.19354
145 107.3083
145 114.2635
145 122.5583
145 126.6183
146 75.06355
146 91.19354
146 107.3083
146 114.2635
146 122.5583
146 126.6183
147 75.06355
147 91.19354
147 107.3083
147 114.2635
147 122.5583
147 126.6183
148 91.19354
148 107.3083
148 114.2635
148 122.5583
148 126.6183
148 129.1083
149 91.19354
149 107.3083
149 114.2635
149 122.5583
149 126.6183
149 129.1083
150 91.19354
150 107.3083
150 114.2635
150 122.5583
150 126.6183
150 129.1083
151 107.3083
151 114.2635
151 122.5583
151 126.6183
151 129.1083
151 129.1283
152 107.3083
152 114.2635
152 122.5583
152 126.6183
152 129.1083
152 129.1283
153 114.2635
153 122.5583
153 126.6183
153 129.1083
153 129.1283
153 126.8983
154 114.2635
154 122.5583
154 126.6183
154 129.1083
154 129.1283
154 126.8983
155 122.5583
155 126.6183
155 129.1083
155 129.1283
155 126.8983
155 122.3383
156 122.5583
156 126.6183
156 129.1083
156 129.1283
156 126.8983
156 122.3383
157 126.6183
157 129.1083
157 129.1283
157 126.8983
157 122.3383
157 117.2083
158 126.6183
158 129.1083
158 129.1283
158 126.8983
158 122.3383
158 117.2083
159 126.6183
159 129.1083
159 129.1283
159 126.8983
159 122.3383
159 117.2083
160 126.6183
160 129.1083
160 129.1283
160 126.8983
160 122.3383
160 117.2083
161 129.1083
161 129.1283
161 126.8983
161 122.3383
161 117.2083
161 98.34827
162 129.1083
162 129.1283
162 126.8983
162 122.3383
162 117.2083
162 98.34827
163 129.1083
163 129.1283
163 126.8983
163 122.3383
163 117.2083
163 98.34827
164 129.1083
164 129.1283
164 126.8983
164 122.3383
164 117.2083
164 98.34827
165 129.1283
165 126.8983
165 122.3383
165 117.2083
165 98.34827
165 83.63827
166 129.1283
166 126.8983
166 122.3383
166 117.2083
166 98.34827
166 83.63827
167 129.1283
167 126.8983
167 122.3383
167 117.2083
167 98.34827
167 83.63827
168 129.1283
168 126.8983
168 122.3383
168 117.2083
168 98.34827
168 83.63827
169 126.8983
169 122.3383
169 117.2083
169 98.34827
169 83.63827
169 79.68355
170 126.8983
170 122.3383
170 117.2083
170 98.34827
170 83.63827
170 79.68355
171 126.8983
171 122.3383
171 117.2083
171 98.34827
171 83.63827
171 79.68355
172 126.8983
172 122.3383
172 117.2083
172 98.34827
172 83.63827
172 79.68355
173 122.3383
173 117.2083
173 98.34827
173 83.63827
173 79.68355
173 78.52827
174 122.3383
174 117.2083
174 98.34827
174 83.63827
174 79.68355
174 78.52827
175 122.3383
175 117.2083
175 98.34827
175 83.63827
175 79.68355
175 78.52827
176 117.2083
176 98.34827
176 83.63827
176 79.68355
176 78.52827
176 77.04827
177 117.2083
177 98.34827
177 83.63827
177 79.68355
177 78.52827
177 77.04827
178 117.2083
178 98.34827
178 83.63827
178 79.68355
178 78.52827
178 77.04827
179 117.2083
179 98.34827
179 83.63827
179 79.68355
179 78.52827
179 77.04827
180 117.2083
180 98.34827
180 83.63827
180 79.68355
180 78.52827
180 77.04827
181 117.2083
181 98.34827
181 83.63827
181 79.68355
181 78.52827
181 77.04827
182 117.2083
182 98.34827
182 83.63827
182 79.68355
182 78.52827
182 77.04827
183 117.2083
183 98.34827
183 83.63827
183 79.68355
183 78.52827
183 77.04827
184 117.2083
184 98.34827
184 83.63827
184 79.68355
184 78.52827
184 77.04827
185 98.34827
185 83.63827
185 79.68355
185 78.52827
185 77.04827
185 77.87827
186 98.34827
186 83.63827
186 79.68355
186 78.52827
186 77.04827
186 77.87827
187 98.34827
187 83.63827
187 79.68355
187 78.52827
187 77.04827
187 77.87827
188 98.34827
188 83.63827
188 79.68355
188 78.52827
188 77.04827
188 77.87827
189 98.34827
189 83.63827
189 79.68355
189 78.52827
189 77.04827
189 77.87827
190 98.34827
190 83.63827
190 79.68355
190 78.52827
190 77.04827
190 77.87827
191 83.63827
191 79.68355
191 78.52827
191 77.04827
191 77.87827
191 81.37827
192 79.68355
192 78.52827
192 77.04827
192 77.87827
192 81.37827
192 88.33827
193 78.52827
193 77.04827
193 77.87827
193 81.37827
193 88.33827
193 95.31827
194 78.52827
194 77.04827
194 77.87827
194 81.37827
194 88.33827
194 95.31827
195 77.04827
195 77.87827
195 81.37827
195 88.33827
195 95.31827
195 102.9283
196 77.04827
196 77.87827
196 81.37827
196 88.33827
196 95.31827
196 102.9283
197 77.87827
197 81.37827
197 88.33827
197 95.31827
197 102.9283
197 118.5435
198 77.87827
198 81.37827
198 88.33827
198 95.31827
198 102.9283
198 118.5435
199 77.87827
199 81.37827
199 88.33827
199 95.31827
199 102.9283
199 118.5435
200 81.37827
200 88.33827
200 95.31827
200 102.9283
200 118.5435
200 133.2435
201 81.37827
201 88.33827
201 95.31827
201 102.9283
201 118.5435
201 133.2435
202 81.37827
202 88.33827
202 95.31827
202 102.9283
202 118.5435
202 133.2435
203 81.37827
203 88.33827
203 95.31827
203 102.9283
203 118.5435
203 133.2435
204 88.33827
204 95.31827
204 102.9283
204 118.5435
204 133.2435
204 156.5083
205 88.33827
205 95.31827
205 102.9283
205 118.5435
205 133.2435
205 156.5083
206 88.33827
206 95.31827
206 102.9283
206 118.5435
206 133.2435
206 156.5083
207 95.31827
207 102.9283
207 118.5435
207 133.2435
207 156.5083
207 164.2383
208 95.31827
208 102.9283
208 118.5435
208 133.2435
208 156.5083
208 164.2383
209 95.31827
209 102.9283
209 118.5435
209 133.2435
209 156.5083
209 164.2383
210 102.9283
210 118.5435
210 133.2435
210 156.5083
210 164.2383
210 170.2883
211 102.9283
211 118.5435
211 133.2435
211 156.5083
211 164.2383
211 170.2883
212 102.9283
212 118.5435
212 133.2435
212 156.5083
212 164.2383
212 170.2883
213 102.9283
213 118.5435
213 133.2435
213 156.5083
213 164.2383
213 170.2883
214 102.9283
214 118.5435
214 133.2435
214 156.5083
214 164.2383
214 170.2883
215 118.5435
215 133.2435
215 156.5083
215 164.2383
215 170.2883
215 176.0983
216 118.5435
216 133.2435
216 156.5083
216 164.2383
216 170.2883
216 176.0983
217 118.5435
217 133.2435
217 156.5083
217 164.2383
217 170.2883
217 176.0983
218 118.5435
218 133.2435
218 156.5083
218 164.2383
218 170.2883
218 176.0983
219 118.5435
219 133.2435
219 156.5083
219 164.2383
219 170.2883
219 176.0983
220 133.2435
220 156.5083
220 164.2383
220 170.2883
220 176.0983
220 178.1583
221 133.2435
221 156.5083
221 164.2383
221 170.2883
221 176.0983
221 178.1583
222 133.2435
222 156.5083
222 164.2383
222 170.2883
222 176.0983
222 178.1583
223 133.2435
223 156.5083
223 164.2383
223 170.2883
223 176.0983
223 178.1583
224 133.2435
224 156.5083
224 164.2383
224 170.2883
224 176.0983
224 178.1583
225 133.2435
225 156.5083
225 164.2383
225 170.2883
225 176.0983
225 178.1583
226 156.5083
226 164.2383
226 170.2883
226 176.0983
226 178.1583
226 179.4383
227 156.5083
227 164.2383
227 170.2883
227 176.0983
227 178.1583
227 179.4383
228 164.2383
228 170.2883
228 176.0983
228 178.1583
228 179.4383
228 179.3083
229 164.2383
229 170.2883
229 176.0983
229 178.1583
229 179.4383
229 179.3083
230 170.2883
230 176.0983
230 178.1583
230 179.4383
230 179.3083
230 177.7183
231 170.2883
231 176.0983
231 178.1583
231 179.4383
231 179.3083
231 177.7183
232 170.2883
232 176.0983
232 178.1583
232 179.4383
232 179.3083
232 177.7183
233 176.0983
233 178.1583
233 179.4383
233 179.3083
233 177.7183
233 172.4083
234 176.0983
234 178.1583
234 179.4383
234 179.3083
234 177.7183
234 172.4083
235 178.1583
235 179.4383
235 179.3083
235 177.7183
235 172.4083
235 165.5735
236 178.1583
236 179.4383
236 179.3083
236 177.7183
236 172.4083
236 165.5735
237 178.1583
237 179.4383
237 179.3083
237 177.7183
237 172.4083
237 165.5735
238 179.4383
238 179.3083
238 177.7183
238 172.4083
238 165.5735
238 160.3583
239 179.4383
239 179.3083
239 177.7183
239 172.4083
239 165.5735
239 160.3583
240 179.4383
240 179.3083
240 177.7183
240 172.4083
240 165.5735
240 160.3583
241 179.3083
241 177.7183
241 172.4083
241 165.5735
241 160.3583
241 150.8283
242 179.3083
242 177.7183
242 172.4083
242 165.5735
242 160.3583
242 150.8283
243 177.7183
243 172.4083
243 165.5735
243 160.3583
243 150.8283
243 144.6183
244 177.7183
244 172.4083
244 165.5735
244 160.3583
244 150.8283
244 144.6183
245 177.7183
245 172.4083
245 165.5735
245 160.3583
245 150.8283
245 144.6183
246 177.7183
246 172.4083
246 165.5735
246 160.3583
246 150.8283
246 144.6183
247 172.4083
247 165.5735
247 160.3583
247 150.8283
247 144.6183
247 134.5383
248 172.4083
248 165.5735
248 160.3583
248 150.8283
248 144.6183
248 134.5383
249 172.4083
249 165.5735
249 160.3583
249 150.8283
249 144.6183
249 134.5383
250 172.4083
250 165.5735
250 160.3583
250 150.8283
250 144.6183
250 134.5383
251 165.5735
251 160.3583
251 150.8283
251 144.6183
251 134.5383
251 127.2283
252 165.5735
252 160.3583
252 150.8283
252 144.6183
252 134.5383
252 127.2283
253 160.3583
253 150.8283
253 144.6183
253 134.5383
253 127.2283
253 114.8083
254 160.3583
254 150.8283
254 144.6183
254 134.5383
254 127.2283
254 114.8083
255 160.3583
255 150.8283
255 144.6183
255 134.5383
255 127.2283
255 114.8083
256 150.8283
256 144.6183
256 134.5383
256 127.2283
256 114.8083
256 103.8935
257 150.8283
257 144.6183
257 134.5383
257 127.2283
257 114.8083
257 103.8935
258 144.6183
258 134.5383
258 127.2283
258 114.8083
258 103.8935
258 94.21827
259 144.6183
259 134.5383
259 127.2283
259 114.8083
259 103.8935
259 94.21827
260 144.6183
260 134.5383
260 127.2283
260 114.8083
260 103.8935
260 94.21827
261 134.5383
261 127.2283
261 114.8083
261 103.8935
261 94.21827
261 85.37355
262 134.5383
262 127.2283
262 114.8083
262 103.8935
262 94.21827
262 85.37355
263 127.2283
263 114.8083
263 103.8935
263 94.21827
263 85.37355
263 70.40827
264 127.2283
264 114.8083
264 103.8935
264 94.21827
264 85.37355
264 70.40827
265 127.2283
265 114.8083
265 103.8935
265 94.21827
265 85.37355
265 70.40827
266 114.8083
266 103.8935
266 94.21827
266 85.37355
266 70.40827
266 61.24355
267 114.8083
267 103.8935
267 94.21827
267 85.37355
267 70.40827
267 61.24355
268 114.8083
268 103.8935
268 94.21827
268 85.37355
268 70.40827
268 61.24355
269 103.8935
269 94.21827
269 85.37355
269 70.40827
269 61.24355
269 45.30827
270 103.8935
270 94.21827
270 85.37355
270 70.40827
270 61.24355
270 45.30827
271 94.21827
271 85.37355
271 70.40827
271 61.24355
271 45.30827
271 36.03354
272 94.21827
272 85.37355
272 70.40827
272 61.24355
272 45.30827
272 36.03354
273 85.37355
273 70.40827
273 61.24355
273 45.30827
273 36.03354
273 15.90826
274 85.37355
274 70.40827
274 61.24355
274 45.30827
274 36.03354
274 15.90826
275 85.37355
275 70.40827
275 61.24355
275 45.30827
275 36.03354
275 15.90826
276 85.37355
276 70.40827
276 61.24355
276 45.30827
276 36.03354
276 15.90826
277 70.40827
277 61.24355
277 45.30827
277 36.03354
277 15.90826
277 5.64827
278 70.40827
278 61.24355
278 45.30827
278 36.03354
278 15.90826
278 5.64827
279 61.24355
279 45.30827
279 36.03354
279 15.90826
279 5.64827
279 -9.99173
280 61.24355
280 45.30827
280 36.03354
280 15.90826
280 5.64827
280 -9.99173
281 61.24355
281 45.30827
281 36.03354
281 15.90826
281 5.64827
281 -9.99173
282 45.30827
282 36.03354
282 15.90826
282 5.64827
282 -9.99173
282 -24.01645
283 45.30827
283 36.03354
283 15.90826
283 5.64827
283 -9.99173
283 -24.01645
284 36.03354
284 15.90826
284 5.64827
284 -9.99173
284 -24.01645
284 -32.16173
285 36.03354
285 15.90826
285 5.64827
285 -9.99173
285 -24.01645
285 -32.16173
286 36.03354
286 15.90826
286 5.64827
286 -9.99173
286 -24.01645
286 -32.16173
287 36.03354
287 15.90826
287 5.64827
287 -9.99173
287 -24.01645
287 -32.16173
288 15.90826
288 5.64827
288 -9.99173
288 -24.01645
288 -32.16173
288 -43.49173
289 15.90826
289 5.64827
289 -9.99173
289 -24.01645
289 -32.16173
289 -43.49173
290 5.64827
290 -9.99173
290 -24.01645
290 -32.16173
290 -43.49173
290 -61.09
291 5.64827
291 -9.99173
291 -24.01645
291 -32.16173
291 -43.49173
291 -61.09
292 5.64827
292 -9.99173
292 -24.01645
292 -32.16173
292 -43.49173
292 -61.09
293 -9.99173
293 -24.01645
293 -32.16173
293 -43.49173
293 -61.09
293 -78.29172
294 -9.99173
294 -24.01645
294 -32.16173
294 -43.49173
294 -61.09
294 -78.29172
295 -9.99173
295 -24.01645
295 -32.16173
295 -43.49173
295 -61.09
295 -78.29172
296 -24.01645
296 -32.16173
296 -43.49173
296 -61.09
296 -78.29172
296 -93.05002
297 -24.01645
297 -32.16173
297 -43.49173
297 -61.09
297 -78.29172
297 -93.05002
298 -32.16173
298 -43.49173
298 -61.09
298 -78.29172
298 -93.05002
298 -107.7717
299 -32.16173
299 -43.49173
299 -61.09
299 -78.29172
299 -93.05002
299 -107.7717
300 -43.49173
300 -61.09
300 -78.29172
300 -93.05002
300 -107.7717
300 -123.3917
301 -43.49173
301 -61.09
301 -78.29172
301 -93.05002
301 -107.7717
301 -123.3917
302 -43.49173
302 -61.09
302 -78.29172
302 -93.05002
302 -107.7717
302 -123.3917
303 -43.49173
303 -61.09
303 -78.29172
303 -93.05002
303 -107.7717
303 -123.3917
304 -61.09
304 -78.29172
304 -93.05002
304 -107.7717
304 -123.3917
304 -134.97
305 -61.09
305 -78.29172
305 -93.05002
305 -107.7717
305 -123.3917
305 -134.97
306 -61.09
306 -78.29172
306 -93.05002
306 -107.7717
306 -123.3917
306 -134.97
307 -61.09
307 -78.29172
307 -93.05002
307 -107.7717
307 -123.3917
307 -134.97
308 -78.29172
308 -93.05002
308 -107.7717
308 -123.3917
308 -134.97
308 -145.1165
309 -78.29172
309 -93.05002
309 -107.7717
309 -123.3917
309 -134.97
309 -145.1165
310 -78.29172
310 -93.05002
310 -107.7717
310 -123.3917
310 -134.97
310 -145.1165
311 -78.29172
311 -93.05002
311 -107.7717
311 -123.3917
311 -134.97
311 -145.1165
312 -93.05002
312 -107.7717
312 -123.3917
312 -134.97
312 -145.1165
312 -158.3417
313 -93.05002
313 -107.7717
313 -123.3917
313 -134.97
313 -145.1165
313 -158.3417
314 -93.05002
314 -107.7717
314 -123.3917
314 -134.97
314 -145.1165
314 -158.3417
315 -93.05002
315 -107.7717
315 -123.3917
315 -134.97
315 -145.1165
315 -158.3417
316 -107.7717
316 -123.3917
316 -134.97
316 -145.1165
316 -158.3417
316 -164.3164
317 -107.7717
317 -123.3917
317 -134.97
317 -145.1165
317 -158.3417
317 -164.3164
318 -107.7717
318 -123.3917
318 -134.97
318 -145.1165
318 -158.3417
318 -164.3164
319 -107.7717
319 -123.3917
319 -134.97
319 -145.1165
319 -158.3417
319 -164.3164
320 -107.7717
320 -123.3917
320 -134.97
320 -145.1165
320 -158.3417
320 -164.3164
321 -123.3917
321 -134.97
321 -145.1165
321 -158.3417
321 -164.3164
321 -169.3365
322 -123.3917
322 -134.97
322 -145.1165
322 -158.3417
322 -164.3164
322 -169.3365
323 -123.3917
323 -134.97
323 -145.1165
323 -158.3417
323 -164.3164
323 -169.3365
324 -134.97
324 -145.1165
324 -158.3417
324 -164.3164
324 -169.3365
324 -175.4917
325 -134.97
325 -145.1165
325 -158.3417
325 -164.3164
325 -169.3365
325 -175.4917
326 -134.97
326 -145.1165
326 -158.3417
326 -164.3164
326 -169.3365
326 -175.4917
327 -145.1165
327 -158.3417
327 -164.3164
327 -169.3365
327 -175.4917
327 -176.9617
328 -145.1165
328 -158.3417
328 -164.3164
328 -169.3365
328 -175.4917
328 -176.9617
329 -145.1165
329 -158.3417
329 -164.3164
329 -169.3365
329 -175.4917
329 -176.9617
330 -145.1165
330 -158.3417
330 -164.3164
330 -169.3365
330 -175.4917
330 -176.9617
331 -145.1165
331 -158.3417
331 -164.3164
331 -169.3365
331 -175.4917
331 -176.9617
332 -158.3417
332 -164.3164
332 -169.3365
332 -175.4917
332 -176.9617
332 -176.8864
333 -158.3417
333 -164.3164
333 -169.3365
333 -175.4917
333 -176.9617
333 -176.8864
334 -158.3417
334 -164.3164
334 -169.3365
334 -175.4917
334 -176.9617
334 -176.8864
335 -164.3164
335 -169.3365
335 -175.4917
335 -176.9617
335 -176.8864
335 -175.0817
336 -164.3164
336 -169.3365
336 -175.4917
336 -176.9617
336 -176.8864
336 -175.0817
337 -169.3365
337 -175.4917
337 -176.9617
337 -176.8864
337 -175.0817
337 -170.3617
338 -169.3365
338 -175.4917
338 -176.9617
338 -176.8864
338 -175.0817
338 -170.3617
339 -169.3365
339 -175.4917
339 -176.9617
339 -176.8864
339 -175.0817
339 -170.3617
340 -169.3365
340 -175.4917
340 -176.9617
340 -176.8864
340 -175.0817
340 -170.3617
341 -169.3365
341 -175.4917
341 -176.9617
341 -176.8864
341 -175.0817
341 -170.3617
342 -169.3365
342 -175.4917
342 -176.9617
342 -176.8864
342 -175.0817
342 -170.3617
343 -175.4917
343 -176.9617
343 -176.8864
343 -175.0817
343 -170.3617
343 -164.4217
344 -175.4917
344 -176.9617
344 -176.8864
344 -175.0817
344 -170.3617
344 -164.4217
345 -176.9617
345 -176.8864
345 -175.0817
345 -170.3617
345 -164.4217
345 -158.9417
346 -176.9617
346 -176.8864
346 -175.0817
346 -170.3617
346 -164.4217
346 -158.9417
347 -176.9617
347 -176.8864
347 -175.0817
347 -170.3617
347 -164.4217
347 -158.9417
348 -176.9617
348 -176.8864
348 -175.0817
348 -170.3617
348 -164.4217
348 -158.9417
349 -176.8864
349 -175.0817
349 -170.3617
349 -164.4217
349 -158.9417
349 -146.6317
350 -176.8864
350 -175.0817
350 -170.3617
350 -164.4217
350 -158.9417
350 -146.6317
351 -175.0817
351 -170.3617
351 -164.4217
351 -158.9417
351 -146.6317
351 -134.6765
352 -175.0817
352 -170.3617
352 -164.4217
352 -158.9417
352 -146.6317
352 -134.6765
353 -175.0817
353 -170.3617
353 -164.4217
353 -158.9417
353 -146.6317
353 -134.6765
354 -175.0817
354 -170.3617
354 -164.4217
354 -158.9417
354 -146.6317
354 -134.6765
355 -175.0817
355 -170.3617
355 -164.4217
355 -158.9417
355 -146.6317
355 -134.6765
356 -170.3617
356 -164.4217
356 -158.9417
356 -146.6317
356 -134.6765
356 -126.4965
357 -170.3617
357 -164.4217
357 -158.9417
357 -146.6317
357 -134.6765
357 -126.4965
358 -170.3617
358 -164.4217
358 -158.9417
358 -146.6317
358 -134.6765
358 -126.4965
359 -164.4217
359 -158.9417
359 -146.6317
359 -134.6765
359 -126.4965
359 -108.5617
360 -164.4217
360 -158.9417
360 -146.6317
360 -134.6765
360 -126.4965
360 -108.5617
361 -158.9417
361 -146.6317
361 -134.6765
361 -126.4965
361 -108.5617
361 -95.20645
362 -158.9417
362 -146.6317
362 -134.6765
362 -126.4965
362 -108.5617
362 -95.20645
363 -158.9417
363 -146.6317
363 -134.6765
363 -126.4965
363 -108.5617
363 -95.20645
364 -158.9417
364 -146.6317
364 -134.6765
364 -126.4965
364 -108.5617
364 -95.20645
365 -158.9417
365 -146.6317
365 -134.6765
365 -126.4965
365 -108.5617
365 -95.20645
366 -146.6317
366 -134.6765
366 -126.4965
366 -108.5617
366 -95.20645
366 -73.86172
367 -146.6317
367 -134.6765
367 -126.4965
367 -108.5617
367 -95.20645
367 -73.86172
368 -146.6317
368 -134.6765
368 -126.4965
368 -108.5617
368 -95.20645
368 -73.86172
369 -134.6765
369 -126.4965
369 -108.5617
369 -95.20645
369 -73.86172
369 -42.38173
370 -134.6765
370 -126.4965
370 -108.5617
370 -95.20645
370 -73.86172
370 -42.38173
371 -134.6765
371 -126.4965
371 -108.5617
371 -95.20645
371 -73.86172
371 -42.38173
372 -126.4965
372 -108.5617
372 -95.20645
372 -73.86172
372 -42.38173
372 -24.50172
373 -126.4965
373 -108.5617
373 -95.20645
373 -73.86172
373 -42.38173
373 -24.50172
374 -126.4965
374 -108.5617
374 -95.20645
374 -73.86172
374 -42.38173
374 -24.50172
375 -126.4965
375 -108.5617
375 -95.20645
375 -73.86172
375 -42.38173
375 -24.50172
376 -108.5617
376 -95.20645
376 -73.86172
376 -42.38173
376 -24.50172
376 2.908264
377 -108.5617
377 -95.20645
377 -73.86172
377 -42.38173
377 -24.50172
377 2.908264
378 -95.20645
378 -73.86172
378 -42.38173
378 -24.50172
378 2.908264
378 22.10828
379 -95.20645
379 -73.86172
379 -42.38173
379 -24.50172
379 2.908264
379 22.10828
380 -95.20645
380 -73.86172
380 -42.38173
380 -24.50172
380 2.908264
380 22.10828
381 -95.20645
381 -73.86172
381 -42.38173
381 -24.50172
381 2.908264
381 22.10828
382 -95.20645
382 -73.86172
382 -42.38173
382 -24.50172
382 2.908264
382 22.10828
383 -73.86172
383 -42.38173
383 -24.50172
383 2.908264
383 22.10828
383 47.20827
384 -73.86172
384 -42.38173
384 -24.50172
384 2.908264
384 22.10828
384 47.20827
385 -73.86172
385 -42.38173
385 -24.50172
385 2.908264
385 22.10828
385 47.20827
386 -73.86172
386 -42.38173
386 -24.50172
386 2.908264
386 22.10828
386 47.20827
387 -73.86172
387 -42.38173
387 -24.50172
387 2.908264
387 22.10828
387 47.20827
388 -73.86172
388 -42.38173
388 -24.50172
388 2.908264
388 22.10828
388 47.20827
389 -42.38173
389 -24.50172
389 2.908264
389 22.10828
389 47.20827
389 75.06355
390 -42.38173
390 -24.50172
390 2.908264
390 22.10828
390 47.20827
390 75.06355
391 -42.38173
391 -24.50172
391 2.908264
391 22.10828
391 47.20827
391 75.06355
392 -42.38173
392 -24.50172
392 2.908264
392 22.10828
392 47.20827
392 75.06355
393 -24.50172
393 2.908264
393 22.10828
393 47.20827
393 75.06355
393 91.19354
394 -24.50172
394 2.908264
394 22.10828
394 47.20827
394 75.06355
394 91.19354
395 -24.50172
395 2.908264
395 22.10828
395 47.20827
395 75.06355
395 91.19354
396 -24.50172
396 2.908264
396 22.10828
396 47.20827
396 75.06355
396 91.19354
397 -24.50172
397 2.908264
397 22.10828
397 47.20827
397 75.06355
397 91.19354
398 2.908264
398 22.10828
398 47.20827
398 75.06355
398 91.19354
398 107.3083
399 2.908264
399 22.10828
399 47.20827
399 75.06355
399 91.19354
399 107.3083
400 2.908264
400 22.10828
400 47.20827
400 75.06355
400 91.19354
400 107.3083
401 2.908264
401 22.10828
401 47.20827
401 75.06355
401 91.19354
401 107.3083
402 22.10828
402 47.20827
402 75.06355
402 91.19354
402 107.3083
402 114.2635
403 22.10828
403 47.20827
403 75.06355
403 91.19354
403 107.3083
403 114.2635
404 22.10828
404 47.20827
404 75.06355
404 91.19354
404 107.3083
404 114.2635
405 22.10828
405 47.20827
405 75.06355
405 91.19354
405 107.3083
405 114.2635
406 22.10828
406 47.20827
406 75.06355
406 91.19354
406 107.3083
406 114.2635
407 47.20827
407 75.06355
407 91.19354
407 107.3083
407 114.2635
407 122.5583
408 47.20827
408 75.06355
408 91.19354
408 107.3083
408 114.2635
408 122.5583
409 47.20827
409 75.06355
409 91.19354
409 107.3083
409 114.2635
409 122.5583
410 47.20827
410 75.06355
410 91.19354
410 107.3083
410 114.2635
410 122.5583
411 47.20827
411 75.06355
411 91.19354
411 107.3083
411 114.2635
411 122.5583
412 75.06355
412 91.19354
412 107.3083
412 114.2635
412 122.5583
412 126.6183
413 75.06355
413 91.19354
413 107.3083
413 114.2635
413 122.5583
413 126.6183
414 75.06355
414 91.19354
414 107.3083
414 114.2635
414 122.5583
414 126.6183
415 91.19354
415 107.3083
415 114.2635
415 122.5583
415 126.6183
415 129.1083
416 91.19354
416 107.3083
416 114.2635
416 122.5583
416 126.6183
416 129.1083
417 91.19354
417 107.3083
417 114.2635
417 122.5583
417 126.6183
417 129.1083
418 107.3083
418 114.2635
418 122.5583
418 126.6183
418 129.1083
418 129.1283
419 107.3083
419 114.2635
419 122.5583
419 126.6183
419 129.1083
419 129.1283
420 114.2635
420 122.5583
420 126.6183
420 129.1083
420 129.1283
420 126.8983
421 114.2635
421 122.5583
421 126.6183
421 129.1083
421 129.1283
421 126.8983
422 114.2635
422 122.5583
422 126.6183
422 129.1083
422 129.1283
422 126.8983
423 122.5583
423 126.6183
423 129.1083
423 129.1283
423 126.8983
423 122.3383
424 122.5583
424 126.6183
424 129.1083
424 129.1283
424 126.8983
424 122.3383
425 122.5583
425 126.6183
425 129.1083
425 129.1283
425 126.8983
425 122.3383
426 126.6183
426 129.1083
426 129.1283
426 126.8983
426 122.3383
426 117.2083
427 126.6183
427 129.1083
427 129.1283
427 126.8983
427 122.3383
427 117.2083
428 126.6183
428 129.1083
428 129.1283
428 126.8983
428 122.3383
428 117.2083
429 126.6183
429 129.1083
429 129.1283
429 126.8983
429 122.3383
429 117.2083
430 126.6183
430 129.1083
430 129.1283
430 126.8983
430 122.3383
430 117.2083
431 129.1083
431 129.1283
431 126.8983
431 122.3383
431 117.2083
431 98.34827
432 129.1083
432 129.1283
432 126.8983
432 122.3383
432 117.2083
432 98.34827
433 129.1083
433 129.1283
433 126.8983
433 122.3383
433 117.2083
433 98.34827
434 129.1283
434 126.8983
434 122.3383
434 117.2083
434 98.34827
434 83.63827
435 129.1283
435 126.8983
435 122.3383
435 117.2083
435 98.34827
435 83.63827
436 129.1283
436 126.8983
436 122.3383
436 117.2083
436 98.34827
436 83.63827
437 129.1283
437 126.8983
437 122.3383
437 117.2083
437 98.34827
437 83.63827
438 126.8983
438 122.3383
438 117.2083
438 98.34827
438 83.63827
438 79.68355
439 126.8983
439 122.3383
439 117.2083
439 98.34827
439 83.63827
439 79.68355
440 126.8983
440 122.3383
440 117.2083
440 98.34827
440 83.63827
440 79.68355
441 122.3383
441 117.2083
441 98.34827
441 83.63827
441 79.68355
441 78.52827
442 122.3383
442 117.2083
442 98.34827
442 83.63827
442 79.68355
442 78.52827
443 122.3383
443 117.2083
443 98.34827
443 83.63827
443 79.68355
443 78.52827
444 122.3383
444 117.2083
444 98.34827
444 83.63827
444 79.68355
444 78.52827
445 117.2083
445 98.34827
445 83.63827
445 79.68355
445 78.52827
445 77.04827
446 117.2083
446 98.34827
446 83.63827
446 79.68355
446 78.52827
446 77.04827
447 117.2083
447 98.34827
447 83.63827
447 79.68355
447 78.52827
447 77.04827
448 117.2083
448 98.34827
448 83.63827
448 79.68355
448 78.52827
448 77.04827
449 117.2083
449 98.34827
449 83.63827
449 79.68355
449 78.52827
449 77.04827
450 117.2083
450 98.34827
450 83.63827
450 79.68355
450 78.52827
450 77.04827
451 117.2083
451 98.34827
451 83.63827
451 79.68355
451 78.52827
451 77.04827
452 117.2083
452 98.34827
452 83.63827
452 79.68355
452 78.52827
452 77.04827
453 98.34827
453 83.63827
453 79.68355
453 78.52827
453 77.04827
453 77.87827
454 98.34827
454 83.63827
454 79.68355
454 78.52827
454 77.04827
454 77.87827
455 98.34827
455 83.63827
455 79.68355
455 78.52827
455 77.04827
455 77.87827
456 98.34827
456 83.63827
456 79.68355
456 78.52827
456 77.04827
456 77.87827
457 98.34827
457 83.63827
457 79.68355
457 78.52827
457 77.04827
457 77.87827
458 83.63827
458 79.68355
458 78.52827
458 77.04827
458 77.87827
458 81.37827
459 83.63827
459 79.68355
459 78.52827
459 77.04827
459 77.87827
459 81.37827
460 83.63827
460 79.68355
460 78.52827
460 77.04827
460 77.87827
460 81.37827
461 78.52827
461 77.04827
461 77.87827
461 81.37827
461 88.33827
461 95.31827
462 78.52827
462 77.04827
462 77.87827
462 81.37827
462 88.33827
462 95.31827
463 77.04827
463 77.87827
463 81.37827
463 88.33827
463 95.31827
463 102.9283
464 77.04827
464 77.87827
464 81.37827
464 88.33827
464 95.31827
464 102.9283
465 77.04827
465 77.87827
465 81.37827
465 88.33827
465 95.31827
465 102.9283
466 77.87827
466 81.37827
466 88.33827
466 95.31827
466 102.9283
466 118.5435
467 77.87827
467 81.37827
467 88.33827
467 95.31827
467 102.9283
467 118.5435
468 77.87827
468 81.37827
468 88.33827
468 95.31827
468 102.9283
468 118.5435
469 81.37827
469 88.33827
469 95.31827
469 102.9283
469 118.5435
469 133.2435
470 81.37827
470 88.33827
470 95.31827
470 102.9283
470 118.5435
470 133.2435
471 81.37827
471 88.33827
471 95.31827
471 102.9283
471 118.5435
471 133.2435
472 81.37827
472 88.33827
472 95.31827
472 102.9283
472 118.5435
472 133.2435
473 88.33827
473 95.31827
473 102.9283
473 118.5435
473 133.2435
473 156.5083
474 88.33827
474 95.31827
474 102.9283
474 118.5435
474 133.2435
474 156.5083
475 88.33827
475 95.31827
475 102.9283
475 118.5435
475 133.2435
475 156.5083
476 95.31827
476 102.9283
476 118.5435
476 133.2435
476 156.5083
476 164.2383
477 95.31827
477 102.9283
477 118.5435
477 133.2435
477 156.5083
477 164.2383
478 95.31827
478 102.9283
478 118.5435
478 133.2435
478 156.5083
478 164.2383
479 102.9283
479 118.5435
479 133.2435
479 156.5083
479 164.2383
479 170.2883
480 102.9283
480 118.5435
480 133.2435
480 156.5083
480 164.2383
480 170.2883
481 102.9283
481 118.5435
481 133.2435
481 156.5083
481 164.2383
481 170.2883
482 102.9283
482 118.5435
482 133.2435
482 156.5083
482 164.2383
482 170.2883
483 102.9283
483 118.5435
483 133.2435
483 156.5083
483 164.2383
483 170.2883
484 118.5435
484 133.2435
484 156.5083
484 164.2383
484 170.2883
484 176.0983
485 118.5435
485 133.2435
485 156.5083
485 164.2383
485 170.2883
485 176.0983
486 118.5435
486 133.2435
486 156.5083
486 164.2383
486 170.2883
486 176.0983
487 118.5435
487 133.2435
487 156.5083
487 164.2383
487 170.2883
487 176.0983
488 118.5435
488 133.2435
488 156.5083
488 164.2383
488 170.2883
488 176.0983
489 133.2435
489 156.5083
489 164.2383
489 170.2883
489 176.0983
489 178.1583
490 133.2435
490 156.5083
490 164.2383
490 170.2883
490 176.0983
490 178.1583
491 133.2435
491 156.5083
491 164.2383
491 170.2883
491 176.0983
491 178.1583
492 133.2435
492 156.5083
492 164.2383
492 170.2883
492 176.0983
492 178.1583
493 133.2435
493 156.5083
493 164.2383
493 170.2883
493 176.0983
493 178.1583
494 133.2435
494 156.5083
494 164.2383
494 170.2883
494 176.0983
494 178.1583
495 156.5083
495 164.2383
495 170.2883
495 176.0983
495 178.1583
495 179.4383
496 156.5083
496 164.2383
496 170.2883
496 176.0983
496 178.1583
496 179.4383
497 164.2383
497 170.2883
497 176.0983
497 178.1583
497 179.4383
497 179.3083
498 164.2383
498 170.2883
498 176.0983
498 178.1583
498 179.4383
498 179.3083
499 170.2883
499 176.0983
499 178.1583
499 179.4383
499 179.3083
499 177.7183
500 170.2883
500 176.0983
500 178.1583
500 179.4383
500 179.3083
500 177.7183
501 170.2883
501 176.0983
501 178.1583
501 179.4383
501 179.3083
501 177.7183
502 170.2883
502 176.0983
502 178.1583
502 179.4383
502 179.3083
502 177.7183
503 176.0983
503 178.1583
503 179.4383
503 179.3083
503 177.7183
503 172.4083
504 178.1583
504 179.4383
504 179.3083
504 177.7183
504 172.4083
504 165.5735
505 178.1583
505 179.4383
505 179.3083
505 177.7183
505 172.4083
505 165.5735
506 178.1583
506 179.4383
506 179.3083
506 177.7183
506 172.4083
506 165.5735
507 179.4383
507 179.3083
507 177.7183
507 172.4083
507 165.5735
507 160.3583
508 179.4383
508 179.3083
508 177.7183
508 172.4083
508 165.5735
508 160.3583
509 179.4383
509 179.3083
509 177.7183
509 172.4083
509 165.5735
509 160.3583
510 179.3083
510 177.7183
510 172.4083
510 165.5735
510 160.3583
510 150.8283
511 179.3083
511 177.7183
511 172.4083
511 165.5735
511 160.3583
511 150.8283
512 177.7183
512 172.4083
512 165.5735
512 160.3583
512 150.8283
512 144.6183
513 177.7183
513 172.4083
513 165.5735
513 160.3583
513 150.8283
513 144.6183
514 177.7183
514 172.4083
514 165.5735
514 160.3583
514 150.8283
514 144.6183
515 177.7183
515 172.4083
515 165.5735
515 160.3583
515 150.8283
515 144.6183
516 177.7183
516 172.4083
516 165.5735
516 160.3583
516 150.8283
516 144.6183
517 172.4083
517 165.5735
517 160.3583
517 150.8283
517 144.6183
517 134.5383
518 172.4083
518 165.5735
518 160.3583
518 150.8283
518 144.6183
518 134.5383
519 172.4083
519 165.5735
519 160.3583
519 150.8283
519 144.6183
519 134.5383
520 165.5735
520 160.3583
520 150.8283
520 144.6183
520 134.5383
520 127.2283
521 165.5735
521 160.3583
521 150.8283
521 144.6183
521 134.5383
521 127.2283
522 165.5735
522 160.3583
522 150.8283
522 144.6183
522 134.5383
522 127.2283
523 160.3583
523 150.8283
523 144.6183
523 134.5383
523 127.2283
523 114.8083
524 160.3583
524 150.8283
524 144.6183
524 134.5383
524 127.2283
524 114.8083
525 160.3583
525 150.8283
525 144.6183
525 134.5383
525 127.2283
525 114.8083
526 150.8283
526 144.6183
526 134.5383
526 127.2283
526 114.8083
526 103.8935
527 150.8283
527 144.6183
527 134.5383
527 127.2283
527 114.8083
527 103.8935
528 144.6183
528 134.5383
528 127.2283
528 114.8083
528 103.8935
528 94.21827
529 144.6183
529 134.5383
529 127.2283
529 114.8083
529 103.8935
529 94.21827
530 144.6183
530 134.5383
530 127.2283
530 114.8083
530 103.8935
530 94.21827
531 134.5383
531 127.2283
531 114.8083
531 103.8935
531 94.21827
531 85.37355
532 134.5383
532 127.2283
532 114.8083
532 103.8935
532 94.21827
532 85.37355
533 127.2283
533 114.8083
533 103.8935
533 94.21827
533 85.37355
533 70.40827
534 127.2283
534 114.8083
534 103.8935
534 94.21827
534 85.37355
534 70.40827
535 127.2283
535 114.8083
535 103.8935
535 94.21827
535 85.37355
535 70.40827
536 127.2283
536 114.8083
536 103.8935
536 94.21827
536 85.37355
536 70.40827
537 114.8083
537 103.8935
537 94.21827
537 85.37355
537 70.40827
537 61.24355
538 114.8083
538 103.8935
538 94.21827
538 85.37355
538 70.40827
538 61.24355
539 103.8935
539 94.21827
539 85.37355
539 70.40827
539 61.24355
539 45.30827
540 103.8935
540 94.21827
540 85.37355
540 70.40827
540 61.24355
540 45.30827
541 94.21827
541 85.37355
541 70.40827
541 61.24355
541 45.30827
541 36.03354
542 94.21827
542 85.37355
542 70.40827
542 61.24355
542 45.30827
542 36.03354
543 85.37355
543 70.40827
543 61.24355
543 45.30827
543 36.03354
543 15.90826
544 85.37355
544 70.40827
544 61.24355
544 45.30827
544 36.03354
544 15.90826
545 85.37355
545 70.40827
545 61.24355
545 45.30827
545 36.03354
545 15.90826
546 85.37355
546 70.40827
546 61.24355
546 45.30827
546 36.03354
546 15.90826
547 70.40827
547 61.24355
547 45.30827
547 36.03354
547 15.90826
547 5.64827
548 70.40827
548 61.24355
548 45.30827
548 36.03354
548 15.90826
548 5.64827
549 61.24355
549 45.30827
549 36.03354
549 15.90826
549 5.64827
549 -9.99173
550 61.24355
550 45.30827
550 36.03354
550 15.90826
550 5.64827
550 -9.99173
551 61.24355
551 45.30827
551 36.03354
551 15.90826
551 5.64827
551 -9.99173
552 61.24355
552 45.30827
552 36.03354
552 15.90826
552 5.64827
552 -9.99173
553 45.30827
553 36.03354
553 15.90826
553 5.64827
553 -9.99173
553 -24.01645
554 36.03354
554 15.90826
554 5.64827
554 -9.99173
554 -24.01645
554 -32.16173
555 36.03354
555 15.90826
555 5.64827
555 -9.99173
555 -24.01645
555 -32.16173
556 36.03354
556 15.90826
556 5.64827
556 -9.99173
556 -24.01645
556 -32.16173
557 36.03354
557 15.90826
557 5.64827
557 -9.99173
557 -24.01645
557 -32.16173
558 36.03354
558 15.90826
558 5.64827
558 -9.99173
558 -24.01645
558 -32.16173
559 15.90826
559 5.64827
559 -9.99173
559 -24.01645
559 -32.16173
559 -43.49173
560 15.90826
560 5.64827
560 -9.99173
560 -24.01645
560 -32.16173
560 -43.49173
561 5.64827
561 -9.99173
561 -24.01645
561 -32.16173
561 -43.49173
561 -61.09
562 5.64827
562 -9.99173
562 -24.01645
562 -32.16173
562 -43.49173
562 -61.09
563 5.64827
563 -9.99173
563 -24.01645
563 -32.16173
563 -43.49173
563 -61.09
564 -9.99173
564 -24.01645
564 -32.16173
564 -43.49173
564 -61.09
564 -78.29172
565 -9.99173
565 -24.01645
565 -32.16173
565 -43.49173
565 -61.09
565 -78.29172
566 -9.99173
566 -24.01645
566 -32.16173
566 -43.49173
566 -61.09
566 -78.29172
567 -24.01645
567 -32.16173
567 -43.49173
567 -61.09
567 -78.29172
567 -93.05002
568 -24.01645
568 -32.16173
568 -43.49173
568 -61.09
568 -78.29172
568 -93.05002
569 -32.16173
569 -43.49173
569 -61.09
569 -78.29172
569 -93.05002
569 -107.7717
570 -32.16173
570 -43.49173
570 -61.09
570 -78.29172
570 -93.05002
570 -107.7717
571 -43.49173
571 -61.09
571 -78.29172
571 -93.05002
571 -107.7717
571 -123.3917
572 -43.49173
572 -61.09
572 -78.29172
572 -93.05002
572 -107.7717
572 -123.3917
573 -43.49173
573 -61.09
573 -78.29172
573 -93.05002
573 -107.7717
573 -123.3917
574 -43.49173
574 -61.09
574 -78.29172
574 -93.05002
574 -107.7717
574 -123.3917
575 -61.09
575 -78.29172
575 -93.05002
575 -107.7717
575 -123.3917
575 -134.97
576 -61.09
576 -78.29172
576 -93.05002
576 -107.7717
576 -123.3917
576 -134.97
577 -61.09
577 -78.29172
577 -93.05002
577 -107.7717
577 -123.3917
577 -134.97
578 -61.09
578 -78.29172
578 -93.05002
578 -107.7717
578 -123.3917
578 -134.97
579 -78.29172
579 -93.05002
579 -107.7717
579 -123.3917
579 -134.97
579 -145.1165
580 -78.29172
580 -93.05002
580 -107.7717
580 -123.3917
580 -134.97
580 -145.1165
581 -78.29172
581 -93.05002
581 -107.7717
581 -123.3917
581 -134.97
581 -145.1165
582 -78.29172
582 -93.05002
582 -107.7717
582 -123.3917
582 -134.97
582 -145.1165
583 -93.05002
583 -107.7717
583 -123.3917
583 -134.97
583 -145.1165
583 -158.3417
584 -93.05002
584 -107.7717
584 -123.3917
584 -134.97
584 -145.1165
584 -158.3417
585 -93.05002
585 -107.7717
585 -123.3917
585 -134.97
585 -145.1165
585 -158.3417
586 -107.7717
586 -123.3917
586 -134.97
586 -145.1165
586 -158.3417
586 -164.3164
587 -107.7717
587 -123.3917
587 -134.97
587 -145.1165
587 -158.3417
587 -164.3164
