0 0
1 113.361
1 105.941
1 92.88499
1 78.73102
1 65.34102
1 50.57938
2 113.361
2 105.941
2 92.88499
2 78.73102
2 65.34102
2 50.57938
3 113.361
3 105.941
3 92.88499
3 78.73102
3 65.34102
3 50.57938
4 113.361
4 105.941
4 92.88499
4 78.73102
4 65.34102
4 50.57938
5 113.361
5 105.941
5 92.88499
5 78.73102
5 65.34102
5 50.57938
6 113.361
6 105.941
6 92.88499
6 78.73102
6 65.34102
6 50.57938
7 113.361
7 105.941
7 92.88499
7 78.73102
7 65.34102
7 50.57938
8 113.361
8 105.941
8 92.88499
8 78.73102
8 65.34102
8 50.57938
9 113.361
9 105.941
9 92.88499
9 78.73102
9 65.34102
9 50.57938
10 113.361
10 105.941
10 92.88499
10 78.73102
10 65.34102
10 50.57938
11 113.361
11 105.941
11 92.88499
11 78.73102
11 65.34102
11 50.57938
12 113.361
12 105.941
12 92.88499
12 78.73102
12 65.34102
12 50.57938
13 105.941
13 92.88499
13 78.73102
13 65.34102
13 50.57938
13 33.37102
14 105.941
14 92.88499
14 78.73102
14 65.34102
14 50.57938
14 33.37102
15 105.941
15 92.88499
15 78.73102
15 65.34102
15 50.57938
15 33.37102
16 105.941
16 92.88499
16 78.73102
16 65.34102
16 50.57938
16 33.37102
17 105.941
17 92.88499
17 78.73102
17 65.34102
17 50.57938
17 33.37102
18 105.941
18 92.88499
18 78.73102
18 65.34102
18 50.57938
18 33.37102
19 105.941
19 92.88499
19 78.73102
19 65.34102
19 50.57938
19 33.37102
20 105.941
20 92.88499
20 78.73102
20 65.34102
20 50.57938
20 33.37102
21 105.941
21 92.88499
21 78.73102
21 65.34102
21 50.57938
21 33.37102
22 105.941
22 92.88499
22 78.73102
22 65.34102
22 50.57938
22 33.37102
23 105.941
23 92.88499
23 78.73102
23 65.34102
23 50.57938
23 33.37102
24 105.941
24 92.88499
24 78.73102
24 65.34102
24 50.57938
24 33.37102
25 92.88499
25 78.73102
25 65.34102
25 50.57938
25 33.37102
25 18.404
26 92.88499
26 78.73102
26 65.34102
26 50.57938
26 33.37102
26 18.404
27 92.88499
27 78.73102
27 65.34102
27 50.57938
27 33.37102
27 18.404
28 92.88499
28 78.73102
28 65.34102
28 50.57938
28 33.37102
28 18.404
29 92.88499
29 78.73102
29 65.34102
29 50.57938
29 33.37102
29 18.404
30 92.88499
30 78.73102
30 65.34102
30 50.57938
30 33.37102
30 18.404
31 92.88499
31 78.73102
31 65.34102
31 50.57938
31 33.37102
31 18.404
32 92.88499
32 78.73102
32 65.34102
32 50.57938
32 33.37102
32 18.404
33 78.73102
33 65.34102
33 50.57938
33 33.37102
33 18.404
33 4.339378
34 78.73102
34 65.34102
34 50.57938
34 33.37102
34 18.404
34 4.339378
35 78.73102
35 65.34102
35 50.57938
35 33.37102
35 18.404
35 4.339378
36 78.73102
36 65.34102
36 50.57938
36 33.37102
36 18.404
36 4.339378
37 78.73102
37 65.34102
37 50.57938
37 33.37102
37 18.404
37 4.339378
38 78.73102
38 65.34102
38 50.57938
38 33.37102
38 18.404
38 4.339378
39 65.34102
39 50.57938
39 33.37102
39 18.404
39 4.339378
39 -17.42898
40 65.34102
40 50.57938
40 33.37102
40 18.404
40 4.339378
40 -17.42898
41 65.34102
41 50.57938
41 33.37102
41 18.404
41 4.339378
41 -17.42898
42 65.34102
42 50.57938
42 33.37102
42 18.404
42 4.339378
42 -17.42898
43 65.34102
43 50.57938
43 33.37102
43 18.404
43 4.339378
43 -17.42898
44 50.57938
44 33.37102
44 18.404
44 4.339378
44 -17.42898
44 -30.18062
45 50.57938
45 33.37102
45 18.404
45 4.339378
45 -17.42898
45 -30.18062
46 50.57938
46 33.37102
46 18.404
46 4.339378
46 -17.42898
46 -30.18062
47 50.57938
47 33.37102
47 18.404
47 4.339378
47 -17.42898
47 -30.18062
48 50.57938
48 33.37102
48 18.404
48 4.339378
48 -17.42898
48 -30.18062
49 50.57938
49 33.37102
49 18.404
49 4.339378
49 -17.42898
49 -30.18062
50 33.37102
50 18.404
50 4.339378
50 -17.42898
50 -30.18062
50 -42.84062
51 33.37102
51 18.404
51 4.339378
51 -17.42898
51 -30.18062
51 -42.84062
52 33.37102
52 18.404
52 4.339378
52 -17.42898
52 -30.18062
52 -42.84062
53 33.37102
53 18.404
53 4.339378
53 -17.42898
53 -30.18062
53 -42.84062
54 33.37102
54 18.404
54 4.339378
54 -17.42898
54 -30.18062
54 -42.84062
55 18.404
55 4.339378
55 -17.42898
55 -30.18062
55 -42.84062
55 -66.52898
56 18.404
56 4.339378
56 -17.42898
56 -30.18062
56 -42.84062
56 -66.52898
57 18.404
57 4.339378
57 -17.42898
57 -30.18062
57 -42.84062
57 -66.52898
58 4.339378
58 -17.42898
58 -30.18062
58 -42.84062
58 -66.52898
58 -76.85062
59 4.339378
59 -17.42898
59 -30.18062
59 -42.84062
59 -66.52898
59 -76.85062
60 4.339378
60 -17.42898
60 -30.18062
60 -42.84062
60 -66.52898
60 -76.85062
61 4.339378
61 -17.42898
61 -30.18062
61 -42.84062
61 -66.52898
61 -76.85062
62 4.339378
62 -17.42898
62 -30.18062
62 -42.84062
62 -66.52898
62 -76.85062
63 4.339378
63 -17.42898
63 -30.18062
63 -42.84062
63 -66.52898
63 -76.85062
64 -17.42898
64 -30.18062
64 -42.84062
64 -66.52898
64 -76.85062
64 -90.64063
65 -17.42898
65 -30.18062
65 -42.84062
65 -66.52898
65 -76.85062
65 -90.64063
66 -17.42898
66 -30.18062
66 -42.84062
66 -66.52898
66 -76.85062
66 -90.64063
67 -30.18062
67 -42.84062
67 -66.52898
67 -76.85062
67 -90.64063
67 -100.3206
68 -30.18062
68 -42.84062
68 -66.52898
68 -76.85062
68 -90.64063
68 -100.3206
69 -30.18062
69 -42.84062
69 -66.52898
69 -76.85062
69 -90.64063
69 -100.3206
70 -42.84062
70 -66.52898
70 -76.85062
70 -90.64063
70 -100.3206
70 -115.129
71 -42.84062
71 -66.52898
71 -76.85062
71 -90.64063
71 -100.3206
71 -115.129
72 -42.84062
72 -66.52898
72 -76.85062
72 -90.64063
72 -100.3206
72 -115.129
73 -42.84062
73 -66.52898
73 -76.85062
73 -90.64063
73 -100.3206
73 -115.129
74 -42.84062
74 -66.52898
74 -76.85062
74 -90.64063
74 -100.3206
74 -115.129
75 -42.84062
75 -66.52898
75 -76.85062
75 -90.64063
75 -100.3206
75 -115.129
76 -66.52898
76 -76.85062
76 -90.64063
76 -100.3206
76 -115.129
76 -124.5206
77 -66.52898
77 -76.85062
77 -90.64063
77 -100.3206
77 -115.129
77 -124.5206
78 -76.85062
78 -90.64063
78 -100.3206
78 -115.129
78 -124.5206
78 -131.399
79 -76.85062
79 -90.64063
79 -100.3206
79 -115.129
79 -124.5206
79 -131.399
80 -76.85062
80 -90.64063
80 -100.3206
80 -115.129
80 -124.5206
80 -131.399
81 -76.85062
81 -90.64063
81 -100.3206
81 -115.129
81 -124.5206
81 -131.399
82 -90.64063
82 -100.3206
82 -115.129
82 -124.5206
82 -131.399
82 -141.329
83 -90.64063
83 -100.3206
83 -115.129
83 -124.5206
83 -131.399
83 -141.329
84 -100.3206
84 -115.129
84 -124.5206
84 -131.399
84 -141.329
84 -147.489
85 -100.3206
85 -115.129
85 -124.5206
85 -131.399
85 -141.329
85 -147.489
86 -100.3206
86 -115.129
86 -124.5206
86 -131.399
86 -141.329
86 -147.489
87 -100.3206
87 -115.129
87 -124.5206
87 -131.399
87 -141.329
87 -147.489
88 -115.129
88 -124.5206
88 -131.399
88 -141.329
88 -147.489
88 -150.849
89 -115.129
89 -124.5206
89 -131.399
89 -141.329
89 -147.489
89 -150.849
90 -115.129
90 -124.5206
90 -131.399
90 -141.329
90 -147.489
90 -150.849
91 -124.5206
91 -131.399
91 -141.329
91 -147.489
91 -150.849
91 -155.499
92 -124.5206
92 -131.399
92 -141.329
92 -147.489
92 -150.849
92 -155.499
93 -124.5206
93 -131.399
93 -141.329
93 -147.489
93 -150.849
93 -155.499
94 -131.399
94 -141.329
94 -147.489
94 -150.849
94 -155.499
94 -157.609
95 -131.399
95 -141.329
95 -147.489
95 -150.849
95 -155.499
95 -157.609
96 -131.399
96 -141.329
96 -147.489
96 -150.849
96 -155.499
96 -157.609
97 -131.399
97 -141.329
97 -147.489
97 -150.849
97 -155.499
97 -157.609
98 -141.329
98 -147.489
98 -150.849
98 -155.499
98 -157.609
98 -159.129
99 -141.329
99 -147.489
99 -150.849
99 -155.499
99 -157.609
99 -159.129
100 -141.329
100 -147.489
100 -150.849
100 -155.499
100 -157.609
100 -159.129
101 -141.329
101 -147.489
101 -150.849
101 -155.499
101 -157.609
101 -159.129
102 -147.489
102 -150.849
102 -155.499
102 -157.609
102 -159.129
102 -159.099
103 -147.489
103 -150.849
103 -155.499
103 -157.609
103 -159.129
103 -159.099
104 -150.849
104 -155.499
104 -157.609
104 -159.129
104 -159.099
104 -157.469
105 -150.849
105 -155.499
105 -157.609
105 -159.129
105 -159.099
105 -157.469
106 -150.849
106 -155.499
106 -157.609
106 -159.129
106 -159.099
106 -157.469
107 -150.849
107 -155.499
107 -157.609
107 -159.129
107 -159.099
107 -157.469
108 -150.849
108 -155.499
108 -157.609
108 -159.129
108 -159.099
108 -157.469
109 -155.499
109 -157.609
109 -159.129
109 -159.099
109 -157.469
109 -153.909
110 -155.499
110 -157.609
110 -159.129
110 -159.099
110 -157.469
110 -153.909
111 -155.499
111 -157.609
111 -159.129
111 -159.099
111 -157.469
111 -153.909
112 -157.609
112 -159.129
112 -159.099
112 -157.469
112 -153.909
112 -151.629
113 -157.609
113 -159.129
113 -159.099
113 -157.469
113 -153.909
113 -151.629
114 -157.609
114 -159.129
114 -159.099
114 -157.469
114 -153.909
114 -151.629
115 -157.609
115 -159.129
115 -159.099
115 -157.469
115 -153.909
115 -151.629
116 -157.609
116 -159.129
116 -159.099
116 -157.469
116 -153.909
116 -151.629
117 -159.129
117 -159.099
117 -157.469
117 -153.909
117 -151.629
117 -148.129
118 -159.129
118 -159.099
118 -157.469
118 -153.909
118 -151.629
118 -148.129
119 -159.129
119 -159.099
119 -157.469
119 -153.909
119 -151.629
119 -148.129
120 -159.129
120 -159.099
120 -157.469
120 -153.909
120 -151.629
120 -148.129
121 -159.129
121 -159.099
121 -157.469
121 -153.909
121 -151.629
121 -148.129
122 -159.129
122 -159.099
122 -157.469
122 -153.909
122 -151.629
122 -148.129
123 -159.099
123 -157.469
123 -153.909
123 -151.629
123 -148.129
123 -143.929
124 -159.099
124 -157.469
124 -153.909
124 -151.629
124 -148.129
124 -143.929
125 -159.099
125 -157.469
125 -153.909
125 -151.629
125 -148.129
125 -143.929
126 -157.469
126 -153.909
126 -151.629
126 -148.129
126 -143.929
126 -139.979
127 -157.469
127 -153.909
127 -151.629
127 -148.129
127 -143.929
127 -139.979
128 -157.469
128 -153.909
128 -151.629
128 -148.129
128 -143.929
128 -139.979
129 -157.469
129 -153.909
129 -151.629
129 -148.129
129 -143.929
129 -139.979
130 -157.469
130 -153.909
130 -151.629
130 -148.129
130 -143.929
130 -139.979
131 -153.909
131 -151.629
131 -148.129
131 -143.929
131 -139.979
131 -134.209
132 -153.909
132 -151.629
132 -148.129
132 -143.929
132 -139.979
132 -134.209
133 -153.909
133 -151.629
133 -148.129
133 -143.929
133 -139.979
133 -134.209
134 -153.909
134 -151.629
134 -148.129
134 -143.929
134 -139.979
134 -134.209
135 -151.629
135 -148.129
135 -143.929
135 -139.979
135 -134.209
135 -130.6506
136 -151.629
136 -148.129
136 -143.929
136 -139.979
136 -134.209
136 -130.6506
137 -151.629
137 -148.129
137 -143.929
137 -139.979
137 -134.209
137 -130.6506
138 -151.629
138 -148.129
138 -143.929
138 -139.979
138 -134.209
138 -130.6506
139 -151.629
139 -148.129
139 -143.929
139 -139.979
139 -134.209
139 -130.6506
140 -148.129
140 -143.929
140 -139.979
140 -134.209
140 -130.6506
140 -123.779
141 -148.129
141 -143.929
141 -139.979
141 -134.209
141 -130.6506
141 -123.779
142 -148.129
142 -143.929
142 -139.979
142 -134.209
142 -130.6506
142 -123.779
143 -148.129
143 -143.929
143 -139.979
143 -134.209
143 -130.6506
143 -123.779
144 -148.129
144 -143.929
144 -139.979
144 -134.209
144 -130.6506
144 -123.779
145 -143.929
145 -139.979
145 -134.209
145 -130.6506
145 -123.779
145 -118.159
146 -143.929
146 -139.979
146 -134.209
146 -130.6506
146 -123.779
146 -118.159
147 -143.929
147 -139.979
147 -134.209
147 -130.6506
147 -123.779
147 -118.159
148 -139.979
148 -134.209
148 -130.6506
148 -123.779
148 -118.159
148 -108.669
149 -139.979
149 -134.209
149 -130.6506
149 -123.779
149 -118.159
149 -108.669
150 -139.979
150 -134.209
150 -130.6506
150 -123.779
150 -118.159
150 -108.669
151 -134.209
151 -130.6506
151 -123.779
151 -118.159
151 -108.669
151 -100.349
152 -134.209
152 -130.6506
152 -123.779
152 -118.159
152 -108.669
152 -100.349
153 -130.6506
153 -123.779
153 -118.159
153 -108.669
153 -100.349
153 -89.95898
154 -130.6506
154 -123.779
154 -118.159
154 -108.669
154 -100.349
154 -89.95898
155 -123.779
155 -118.159
155 -108.669
155 -100.349
155 -89.95898
155 -79.97897
156 -123.779
156 -118.159
156 -108.669
156 -100.349
156 -89.95898
156 -79.97897
157 -118.159
157 -108.669
157 -100.349
157 -89.95898
157 -79.97897
157 -69.827
158 -118.159
158 -108.669
158 -100.349
158 -89.95898
158 -79.97897
158 -69.827
159 -118.159
159 -108.669
159 -100.349
159 -89.95898
159 -79.97897
159 -69.827
160 -118.159
160 -108.669
160 -100.349
160 -89.95898
160 -79.97897
160 -69.827
161 -108.669
161 -100.349
161 -89.95898
161 -79.97897
161 -69.827
161 -42.02898
162 -108.669
162 -100.349
162 -89.95898
162 -79.97897
162 -69.827
162 -42.02898
163 -108.669
163 -100.349
163 -89.95898
163 -79.97897
163 -69.827
163 -42.02898
164 -108.669
164 -100.349
164 -89.95898
164 -79.97897
164 -69.827
164 -42.02898
165 -100.349
165 -89.95898
165 -79.97897
165 -69.827
165 -42.02898
165 -20.72898
166 -100.349
166 -89.95898
166 -79.97897
166 -69.827
166 -42.02898
166 -20.72898
167 -100.349
167 -89.95898
167 -79.97897
167 -69.827
167 -42.02898
167 -20.72898
168 -100.349
168 -89.95898
168 -79.97897
168 -69.827
168 -42.02898
168 -20.72898
169 -89.95898
169 -79.97897
169 -69.827
169 -42.02898
169 -20.72898
169 -12.66062
170 -89.95898
170 -79.97897
170 -69.827
170 -42.02898
170 -20.72898
170 -12.66062
171 -89.95898
171 -79.97897
171 -69.827
171 -42.02898
171 -20.72898
171 -12.66062
172 -89.95898
172 -79.97897
172 -69.827
172 -42.02898
172 -20.72898
172 -12.66062
173 -79.97897
173 -69.827
173 -42.02898
173 -20.72898
173 -12.66062
173 -7.878983
174 -79.97897
174 -69.827
174 -42.02898
174 -20.72898
174 -12.66062
174 -7.878983
175 -79.97897
175 -69.827
175 -42.02898
175 -20.72898
175 -12.66062
175 -7.878983
176 -69.827
176 -42.02898
176 -20.72898
176 -12.66062
176 -7.878983
176 -1.338982
177 -69.827
177 -42.02898
177 -20.72898
177 -12.66062
177 -7.878983
177 -1.338982
178 -69.827
178 -42.02898
178 -20.72898
178 -12.66062
178 -7.878983
178 -1.338982
179 -69.827
179 -42.02898
179 -20.72898
179 -12.66062
179 -7.878983
179 -1.338982
180 -69.827
180 -42.02898
180 -20.72898
180 -12.66062
180 -7.878983
180 -1.338982
181 -69.827
181 -42.02898
181 -20.72898
181 -12.66062
181 -7.878983
181 -1.338982
182 -69.827
182 -42.02898
182 -20.72898
182 -12.66062
182 -7.878983
182 -1.338982
183 -69.827
183 -42.02898
183 -20.72898
183 -12.66062
183 -7.878983
183 -1.338982
184 -69.827
184 -42.02898
184 -20.72898
184 -12.66062
184 -7.878983
184 -1.338982
185 -42.02898
185 -20.72898
185 -12.66062
185 -7.878983
185 -1.338982
185 5.75
186 -42.02898
186 -20.72898
186 -12.66062
186 -7.878983
186 -1.338982
186 5.75
187 -42.02898
187 -20.72898
187 -12.66062
187 -7.878983
187 -1.338982
187 5.75
188 -42.02898
188 -20.72898
188 -12.66062
188 -7.878983
188 -1.338982
188 5.75
189 -42.02898
189 -20.72898
189 -12.66062
189 -7.878983
189 -1.338982
189 5.75
190 -42.02898
190 -20.72898
190 -12.66062
190 -7.878983
190 -1.338982
190 5.75
191 -20.72898
191 -12.66062
191 -7.878983
191 -1.338982
191 5.75
191 12.86102
192 -12.66062
192 -7.878983
192 -1.338982
192 5.75
192 12.86102
192 19.95102
193 -7.878983
193 -1.338982
193 5.75
193 12.86102
193 19.95102
193 25.33102
194 -7.878983
194 -1.338982
194 5.75
194 12.86102
194 19.95102
194 25.33102
195 -1.338982
195 5.75
195 12.86102
195 19.95102
195 25.33102
195 29.88102
196 -1.338982
196 5.75
196 12.86102
196 19.95102
196 25.33102
196 29.88102
197 5.75
197 12.86102
197 19.95102
197 25.33102
197 29.88102
197 38.04939
198 5.75
198 12.86102
198 19.95102
198 25.33102
198 29.88102
198 38.04939
199 5.75
199 12.86102
199 19.95102
199 25.33102
199 29.88102
199 38.04939
200 12.86102
200 19.95102
200 25.33102
200 29.88102
200 38.04939
200 45.58102
201 12.86102
201 19.95102
201 25.33102
201 29.88102
201 38.04939
201 45.58102
202 12.86102
202 19.95102
202 25.33102
202 29.88102
202 38.04939
202 45.58102
203 12.86102
203 19.95102
203 25.33102
203 29.88102
203 38.04939
203 45.58102
204 19.95102
204 25.33102
204 29.88102
204 38.04939
204 45.58102
204 59.27102
205 19.95102
205 25.33102
205 29.88102
205 38.04939
205 45.58102
205 59.27102
206 19.95102
206 25.33102
206 29.88102
206 38.04939
206 45.58102
206 59.27102
207 25.33102
207 29.88102
207 38.04939
207 45.58102
207 59.27102
207 65.83102
208 25.33102
208 29.88102
208 38.04939
208 45.58102
208 59.27102
208 65.83102
209 25.33102
209 29.88102
209 38.04939
209 45.58102
209 59.27102
209 65.83102
210 29.88102
210 38.04939
210 45.58102
210 59.27102
210 65.83102
210 71.59937
211 29.88102
211 38.04939
211 45.58102
211 59.27102
211 65.83102
211 71.59937
212 29.88102
212 38.04939
212 45.58102
212 59.27102
212 65.83102
212 71.59937
213 29.88102
213 38.04939
213 45.58102
213 59.27102
213 65.83102
213 71.59937
214 29.88102
214 38.04939
214 45.58102
214 59.27102
214 65.83102
214 71.59937
215 38.04939
215 45.58102
215 59.27102
215 65.83102
215 71.59937
215 79.57102
216 38.04939
216 45.58102
216 59.27102
216 65.83102
216 71.59937
216 79.57102
217 38.04939
217 45.58102
217 59.27102
217 65.83102
217 71.59937
217 79.57102
218 38.04939
218 45.58102
218 59.27102
218 65.83102
218 71.59937
218 79.57102
219 38.04939
219 45.58102
219 59.27102
219 65.83102
219 71.59937
219 79.57102
220 45.58102
220 59.27102
220 65.83102
220 71.59937
220 79.57102
220 84.19102
221 45.58102
221 59.27102
221 65.83102
221 71.59937
221 79.57102
221 84.19102
222 45.58102
222 59.27102
222 65.83102
222 71.59937
222 79.57102
222 84.19102
223 45.58102
223 59.27102
223 65.83102
223 71.59937
223 79.57102
223 84.19102
224 45.58102
224 59.27102
224 65.83102
224 71.59937
224 79.57102
224 84.19102
225 45.58102
225 59.27102
225 65.83102
225 71.59937
225 79.57102
225 84.19102
226 59.27102
226 65.83102
226 71.59937
226 79.57102
226 84.19102
226 90.79102
227 59.27102
227 65.83102
227 71.59937
227 79.57102
227 84.19102
227 90.79102
228 65.83102
228 71.59937
228 79.57102
228 84.19102
228 90.79102
228 98.67102
229 65.83102
229 71.59937
229 79.57102
229 84.19102
229 90.79102
229 98.67102
230 71.59937
230 79.57102
230 84.19102
230 90.79102
230 98.67102
230 106.031
231 71.59937
231 79.57102
231 84.19102
231 90.79102
231 98.67102
231 106.031
232 71.59937
232 79.57102
232 84.19102
232 90.79102
232 98.67102
232 106.031
233 79.57102
233 84.19102
233 90.79102
233 98.67102
233 106.031
233 117.181
234 79.57102
234 84.19102
234 90.79102
234 98.67102
234 106.031
234 117.181
235 84.19102
235 90.79102
235 98.67102
235 106.031
235 117.181
235 127.2894
236 84.19102
236 90.79102
236 98.67102
236 106.031
236 117.181
236 127.2894
237 84.19102
237 90.79102
237 98.67102
237 106.031
237 117.181
237 127.2894
238 90.79102
238 98.67102
238 106.031
238 117.181
238 127.2894
238 132.651
239 90.79102
239 98.67102
239 106.031
239 117.181
239 127.2894
239 132.651
240 90.79102
240 98.67102
240 106.031
240 117.181
240 127.2894
240 132.651
241 98.67102
241 106.031
241 117.181
241 127.2894
241 132.651
241 140.601
242 98.67102
242 106.031
242 117.181
242 127.2894
242 132.651
242 140.601
243 106.031
243 117.181
243 127.2894
243 132.651
243 140.601
243 144.511
244 106.031
244 117.181
244 127.2894
244 132.651
244 140.601
244 144.511
245 106.031
245 117.181
245 127.2894
245 132.651
245 140.601
245 144.511
246 106.031
246 117.181
246 127.2894
246 132.651
246 140.601
246 144.511
247 117.181
247 127.2894
247 132.651
247 140.601
247 144.511
247 150.031
248 117.181
248 127.2894
248 132.651
248 140.601
248 144.511
248 150.031
249 117.181
249 127.2894
249 132.651
249 140.601
249 144.511
249 150.031
250 117.181
250 127.2894
250 132.651
250 140.601
250 144.511
250 150.031
251 127.2894
251 132.651
251 140.601
251 144.511
251 150.031
251 152.971
252 127.2894
252 132.651
252 140.601
252 144.511
252 150.031
252 152.971
253 132.651
253 140.601
253 144.511
253 150.031
253 152.971
253 156.621
254 132.651
254 140.601
254 144.511
254 150.031
254 152.971
254 156.621
255 132.651
255 140.601
255 144.511
255 150.031
255 152.971
255 156.621
256 140.601
256 144.511
256 150.031
256 152.971
256 156.621
256 158.4294
257 140.601
257 144.511
257 150.031
257 152.971
257 156.621
257 158.4294
258 144.511
258 150.031
258 152.971
258 156.621
258 158.4294
258 158.891
259 144.511
259 150.031
259 152.971
259 156.621
259 158.4294
259 158.891
260 144.511
260 150.031
260 152.971
260 156.621
260 158.4294
260 158.891
261 150.031
261 152.971
261 156.621
261 158.4294
261 158.891
261 158.731
262 150.031
262 152.971
262 156.621
262 158.4294
262 158.891
262 158.731
263 152.971
263 156.621
263 158.4294
263 158.891
263 158.731
263 157.101
264 152.971
264 156.621
264 158.4294
264 158.891
264 158.731
264 157.101
265 152.971
265 156.621
265 158.4294
265 158.891
265 158.731
265 157.101
266 156.621
266 158.4294
266 158.891
266 158.731
266 157.101
266 155.4194
267 156.621
267 158.4294
267 158.891
267 158.731
267 157.101
267 155.4194
268 156.621
268 158.4294
268 158.891
268 158.731
268 157.101
268 155.4194
269 158.4294
269 158.891
269 158.731
269 157.101
269 155.4194
269 151.201
270 158.4294
270 158.891
270 158.731
270 157.101
270 155.4194
270 151.201
271 158.891
271 158.731
271 157.101
271 155.4194
271 151.201
271 148.141
272 158.891
272 158.731
272 157.101
272 155.4194
272 151.201
272 148.141
273 158.731
273 157.101
273 155.4194
273 151.201
273 148.141
273 140.121
274 158.731
274 157.101
274 155.4194
274 151.201
274 148.141
274 140.121
275 158.731
275 157.101
275 155.4194
275 151.201
275 148.141
275 140.121
276 158.731
276 157.101
276 155.4194
276 151.201
276 148.141
276 140.121
277 157.101
277 155.4194
277 151.201
277 148.141
277 140.121
277 135.321
278 157.101
278 155.4194
278 151.201
278 148.141
278 140.121
278 135.321
279 155.4194
279 151.201
279 148.141
279 140.121
279 135.321
279 127.081
280 155.4194
280 151.201
280 148.141
280 140.121
280 135.321
280 127.081
281 155.4194
281 151.201
281 148.141
281 140.121
281 135.321
281 127.081
282 151.201
282 148.141
282 140.121
282 135.321
282 127.081
282 119.021
283 151.201
283 148.141
283 140.121
283 135.321
283 127.081
283 119.021
284 148.141
284 140.121
284 135.321
284 127.081
284 119.021
284 113.361
285 148.141
285 140.121
285 135.321
285 127.081
285 119.021
285 113.361
286 148.141
286 140.121
286 135.321
286 127.081
286 119.021
286 113.361
287 148.141
287 140.121
287 135.321
287 127.081
287 119.021
287 113.361
288 140.121
288 135.321
288 127.081
288 119.021
288 113.361
288 105.941
289 140.121
289 135.321
289 127.081
289 119.021
289 113.361
289 105.941
290 135.321
290 127.081
290 119.021
290 113.361
290 105.941
290 92.88499
291 135.321
291 127.081
291 119.021
291 113.361
291 105.941
291 92.88499
292 135.321
292 127.081
292 119.021
292 113.361
292 105.941
292 92.88499
293 127.081
293 119.021
293 113.361
293 105.941
293 92.88499
293 78.73102
294 127.081
294 119.021
294 113.361
294 105.941
294 92.88499
294 78.73102
295 127.081
295 119.021
295 113.361
295 105.941
295 92.88499
295 78.73102
296 119.021
296 113.361
296 105.941
296 92.88499
296 78.73102
296 65.34102
297 119.021
297 113.361
297 105.941
297 92.88499
297 78.73102
297 65.34102
298 113.361
298 105.941
298 92.88499
298 78.73102
298 65.34102
298 50.57938
299 113.361
299 105.941
299 92.88499
299 78.73102
299 65.34102
299 50.57938
300 105.941
300 92.88499
300 78.73102
300 65.34102
300 50.57938
300 33.37102
301 105.941
301 92.88499
301 78.73102
301 65.34102
301 50.57938
301 33.37102
302 105.941
302 92.88499
302 78.73102
302 65.34102
302 50.57938
302 33.37102
303 105.941
303 92.88499
303 78.73102
303 65.34102
303 50.57938
303 33.37102
304 92.88499
304 78.73102
304 65.34102
304 50.57938
304 33.37102
304 18.404
305 92.88499
305 78.73102
305 65.34102
305 50.57938
305 33.37102
305 18.404
306 92.88499
306 78.73102
306 65.34102
306 50.57938
306 33.37102
306 18.404
307 92.88499
307 78.73102
307 65.34102
307 50.57938
307 33.37102
307 18.404
308 78.73102
308 65.34102
308 50.57938
308 33.37102
308 18.404
308 4.339378
309 78.73102
309 65.34102
309 50.57938
309 33.37102
309 18.404
309 4.339378
310 78.73102
310 65.34102
310 50.57938
310 33.37102
310 18.404
310 4.339378
311 78.73102
311 65.34102
311 50.57938
311 33.37102
311 18.404
311 4.339378
312 65.34102
312 50.57938
312 33.37102
312 18.404
312 4.339378
312 -17.42898
313 65.34102
313 50.57938
313 33.37102
313 18.404
313 4.339378
313 -17.42898
314 65.34102
314 50.57938
314 33.37102
314 18.404
314 4.339378
314 -17.42898
315 65.34102
315 50.57938
315 33.37102
315 18.404
315 4.339378
315 -17.42898
316 50.57938
316 33.37102
316 18.404
316 4.339378
316 -17.42898
316 -30.18062
317 50.57938
317 33.37102
317 18.404
317 4.339378
317 -17.42898
317 -30.18062
318 50.57938
318 33.37102
318 18.404
318 4.339378
318 -17.42898
318 -30.18062
319 50.57938
319 33.37102
319 18.404
319 4.339378
319 -17.42898
319 -30.18062
320 50.57938
320 33.37102
320 18.404
320 4.339378
320 -17.42898
320 -30.18062
321 33.37102
321 18.404
321 4.339378
321 -17.42898
321 -30.18062
321 -42.84062
322 33.37102
322 18.404
322 4.339378
322 -17.42898
322 -30.18062
322 -42.84062
323 33.37102
323 18.404
323 4.339378
323 -17.42898
323 -30.18062
323 -42.84062
324 18.404
324 4.339378
324 -17.42898
324 -30.18062
324 -42.84062
324 -66.52898
325 18.404
325 4.339378
325 -17.42898
325 -30.18062
325 -42.84062
325 -66.52898
326 18.404
326 4.339378
326 -17.42898
326 -30.18062
326 -42.84062
326 -66.52898
327 4.339378
327 -17.42898
327 -30.18062
327 -42.84062
327 -66.52898
327 -76.85062
328 4.339378
328 -17.42898
328 -30.18062
328 -42.84062
328 -66.52898
328 -76.85062
329 4.339378
329 -17.42898
329 -30.18062
329 -42.84062
329 -66.52898
329 -76.85062
330 4.339378
330 -17.42898
330 -30.18062
330 -42.84062
330 -66.52898
330 -76.85062
331 4.339378
331 -17.42898
331 -30.18062
331 -42.84062
331 -66.52898
331 -76.85062
332 -17.42898
332 -30.18062
332 -42.84062
332 -66.52898
332 -76.85062
332 -90.64063
333 -17.42898
333 -30.18062
333 -42.84062
333 -66.52898
333 -76.85062
333 -90.64063
334 -17.42898
334 -30.18062
334 -42.84062
334 -66.52898
334 -76.85062
334 -90.64063
335 -30.18062
335 -42.84062
335 -66.52898
335 -76.85062
335 -90.64063
335 -100.3206
336 -30.18062
336 -42.84062
336 -66.52898
336 -76.85062
336 -90.64063
336 -100.3206
337 -42.84062
337 -66.52898
337 -76.85062
337 -90.64063
337 -100.3206
337 -115.129
338 -42.84062
338 -66.52898
338 -76.85062
338 -90.64063
338 -100.3206
338 -115.129
339 -42.84062
339 -66.52898
339 -76.85062
339 -90.64063
339 -100.3206
339 -115.129
340 -42.84062
340 -66.52898
340 -76.85062
340 -90.64063
340 -100.3206
340 -115.129
341 -42.84062
341 -66.52898
341 -76.85062
341 -90.64063
341 -100.3206
341 -115.129
342 -42.84062
342 -66.52898
342 -76.85062
342 -90.64063
342 -100.3206
342 -115.129
343 -66.52898
343 -76.85062
343 -90.64063
343 -100.3206
343 -115.129
343 -124.5206
344 -66.52898
344 -76.85062
344 -90.64063
344 -100.3206
344 -115.129
344 -124.5206
345 -76.85062
345 -90.64063
345 -100.3206
345 -115.129
345 -124.5206
345 -131.399
346 -76.85062
346 -90.64063
346 -100.3206
346 -115.129
346 -124.5206
346 -131.399
347 -76.85062
347 -90.64063
347 -100.3206
347 -115.129
347 -124.5206
347 -131.399
348 -76.85062
348 -90.64063
348 -100.3206
348 -115.129
348 -124.5206
348 -131.399
349 -90.64063
349 -100.3206
349 -115.129
349 -124.5206
349 -131.399
349 -141.329
350 -90.64063
350 -100.3206
350 -115.129
350 -124.5206
350 -131.399
350 -141.329
351 -100.3206
351 -115.129
351 -124.5206
351 -131.399
351 -141.329
351 -147.489
352 -100.3206
352 -115.129
352 -124.5206
352 -131.399
352 -141.329
352 -147.489
353 -100.3206
353 -115.129
353 -124.5206
353 -131.399
353 -141.329
353 -147.489
354 -100.3206
354 -115.129
354 -124.5206
354 -131.399
354 -141.329
354 -147.489
355 -100.3206
355 -115.129
355 -124.5206
355 -131.399
355 -141.329
355 -147.489
356 -115.129
356 -124.5206
356 -131.399
356 -141.329
356 -147.489
356 -150.849
357 -115.129
357 -124.5206
357 -131.399
357 -141.329
357 -147.489
357 -150.849
358 -115.129
358 -124.5206
358 -131.399
358 -141.329
358 -147.489
358 -150.849
359 -124.5206
359 -131.399
359 -141.329
359 -147.489
359 -150.849
359 -155.499
360 -124.5206
360 -131.399
360 -141.329
360 -147.489
360 -150.849
360 -155.499
361 -131.399
361 -141.329
361 -147.489
361 -150.849
361 -155.499
361 -157.609
362 -131.399
362 -141.329
362 -147.489
362 -150.849
362 -155.499
362 -157.609
363 -131.399
363 -141.329
363 -147.489
363 -150.849
363 -155.499
363 -157.609
364 -131.399
364 -141.329
364 -147.489
364 -150.849
364 -155.499
364 -157.609
365 -131.399
365 -141.329
365 -147.489
365 -150.849
365 -155.499
365 -157.609
366 -141.329
366 -147.489
366 -150.849
366 -155.499
366 -157.609
366 -159.129
367 -141.329
367 -147.489
367 -150.849
367 -155.499
367 -157.609
367 -159.129
368 -141.329
368 -147.489
368 -150.849
368 -155.499
368 -157.609
368 -159.129
369 -147.489
369 -150.849
369 -155.499
369 -157.609
369 -159.129
369 -159.099
370 -147.489
370 -150.849
370 -155.499
370 -157.609
370 -159.129
370 -159.099
371 -147.489
371 -150.849
371 -155.499
371 -157.609
371 -159.129
371 -159.099
372 -150.849
372 -155.499
372 -157.609
372 -159.129
372 -159.099
372 -157.469
373 -150.849
373 -155.499
373 -157.609
373 -159.129
373 -159.099
373 -157.469
374 -150.849
374 -155.499
374 -157.609
374 -159.129
374 -159.099
374 -157.469
375 -150.849
375 -155.499
375 -157.609
375 -159.129
375 -159.099
375 -157.469
376 -155.499
376 -157.609
376 -159.129
376 -159.099
376 -157.469
376 -153.909
377 -155.499
377 -157.609
377 -159.129
377 -159.099
377 -157.469
377 -153.909
378 -157.609
378 -159.129
378 -159.099
378 -157.469
378 -153.909
378 -151.629
379 -157.609
379 -159.129
379 -159.099
379 -157.469
379 -153.909
379 -151.629
380 -157.609
380 -159.129
380 -159.099
380 -157.469
380 -153.909
380 -151.629
381 -157.609
381 -159.129
381 -159.099
381 -157.469
381 -153.909
381 -151.629
382 -157.609
382 -159.129
382 -159.099
382 -157.469
382 -153.909
382 -151.629
383 -159.129
383 -159.099
383 -157.469
383 -153.909
383 -151.629
383 -148.129
384 -159.129
384 -159.099
384 -157.469
384 -153.909
384 -151.629
384 -148.129
385 -159.129
385 -159.099
385 -157.469
385 -153.909
385 -151.629
385 -148.129
386 -159.129
386 -159.099
386 -157.469
386 -153.909
386 -151.629
386 -148.129
387 -159.129
387 -159.099
387 -157.469
387 -153.909
387 -151.629
387 -148.129
388 -159.129
388 -159.099
388 -157.469
388 -153.909
388 -151.629
388 -148.129
389 -159.099
389 -157.469
389 -153.909
389 -151.629
389 -148.129
389 -143.929
390 -159.099
390 -157.469
390 -153.909
390 -151.629
390 -148.129
390 -143.929
391 -159.099
391 -157.469
391 -153.909
391 -151.629
391 -148.129
391 -143.929
392 -159.099
392 -157.469
392 -153.909
392 -151.629
392 -148.129
392 -143.929
393 -157.469
393 -153.909
393 -151.629
393 -148.129
393 -143.929
393 -139.979
394 -157.469
394 -153.909
394 -151.629
394 -148.129
394 -143.929
394 -139.979
395 -157.469
395 -153.909
395 -151.629
395 -148.129
395 -143.929
395 -139.979
396 -157.469
396 -153.909
396 -151.629
396 -148.129
396 -143.929
396 -139.979
397 -157.469
397 -153.909
397 -151.629
397 -148.129
397 -143.929
397 -139.979
398 -153.909
398 -151.629
398 -148.129
398 -143.929
398 -139.979
398 -134.209
399 -153.909
399 -151.629
399 -148.129
399 -143.929
399 -139.979
399 -134.209
400 -153.909
400 -151.629
400 -148.129
400 -143.929
400 -139.979
400 -134.209
401 -153.909
401 -151.629
401 -148.129
401 -143.929
401 -139.979
401 -134.209
402 -151.629
402 -148.129
402 -143.929
402 -139.979
402 -134.209
402 -130.6506
403 -151.629
403 -148.129
403 -143.929
403 -139.979
403 -134.209
403 -130.6506
404 -151.629
404 -148.129
404 -143.929
404 -139.979
404 -134.209
404 -130.6506
405 -151.629
405 -148.129
405 -143.929
405 -139.979
405 -134.209
405 -130.6506
406 -151.629
406 -148.129
406 -143.929
406 -139.979
406 -134.209
406 -130.6506
407 -148.129
407 -143.929
407 -139.979
407 -134.209
407 -130.6506
407 -123.779
408 -148.129
408 -143.929
408 -139.979
408 -134.209
408 -130.6506
408 -123.779
409 -148.129
409 -143.929
409 -139.979
409 -134.209
409 -130.6506
409 -123.779
410 -148.129
410 -143.929
410 -139.979
410 -134.209
410 -130.6506
410 -123.779
411 -148.129
411 -143.929
411 -139.979
411 -134.209
411 -130.6506
411 -123.779
412 -143.929
412 -139.979
412 -134.209
412 -130.6506
412 -123.779
412 -118.159
413 -143.929
413 -139.979
413 -134.209
413 -130.6506
413 -123.779
413 -118.159
414 -143.929
414 -139.979
414 -134.209
414 -130.6506
414 -123.779
414 -118.159
415 -139.979
415 -134.209
415 -130.6506
415 -123.779
415 -118.159
415 -108.669
416 -139.979
416 -134.209
416 -130.6506
416 -123.779
416 -118.159
416 -108.669
417 -139.979
417 -134.209
417 -130.6506
417 -123.779
417 -118.159
417 -108.669
418 -134.209
418 -130.6506
418 -123.779
418 -118.159
418 -108.669
418 -100.349
419 -134.209
419 -130.6506
419 -123.779
419 -118.159
419 -108.669
419 -100.349
420 -130.6506
420 -123.779
420 -118.159
420 -108.669
420 -100.349
420 -89.95898
421 -130.6506
421 -123.779
421 -118.159
421 -108.669
421 -100.349
421 -89.95898
422 -130.6506
422 -123.779
422 -118.159
422 -108.669
422 -100.349
422 -89.95898
423 -123.779
423 -118.159
423 -108.669
423 -100.349
423 -89.95898
423 -79.97897
424 -123.779
424 -118.159
424 -108.669
424 -100.349
424 -89.95898
424 -79.97897
425 -123.779
425 -118.159
425 -108.669
425 -100.349
425 -89.95898
425 -79.97897
426 -118.159
426 -108.669
426 -100.349
426 -89.95898
426 -79.97897
426 -69.827
427 -118.159
427 -108.669
427 -100.349
427 -89.95898
427 -79.97897
427 -69.827
428 -118.159
428 -108.669
428 -100.349
428 -89.95898
428 -79.97897
428 -69.827
429 -118.159
429 -108.669
429 -100.349
429 -89.95898
429 -79.97897
429 -69.827
430 -118.159
430 -108.669
430 -100.349
430 -89.95898
430 -79.97897
430 -69.827
431 -108.669
431 -100.349
431 -89.95898
431 -79.97897
431 -69.827
431 -42.02898
432 -108.669
432 -100.349
432 -89.95898
432 -79.97897
432 -69.827
432 -42.02898
433 -108.669
433 -100.349
433 -89.95898
433 -79.97897
433 -69.827
433 -42.02898
434 -100.349
434 -89.95898
434 -79.97897
434 -69.827
434 -42.02898
434 -20.72898
435 -100.349
435 -89.95898
435 -79.97897
435 -69.827
435 -42.02898
435 -20.72898
436 -100.349
436 -89.95898
436 -79.97897
436 -69.827
436 -42.02898
436 -20.72898
437 -100.349
437 -89.95898
437 -79.97897
437 -69.827
437 -42.02898
437 -20.72898
438 -89.95898
438 -79.97897
438 -69.827
438 -42.02898
438 -20.72898
438 -12.66062
439 -89.95898
439 -79.97897
439 -69.827
439 -42.02898
439 -20.72898
439 -12.66062
440 -89.95898
440 -79.97897
440 -69.827
440 -42.02898
440 -20.72898
440 -12.66062
441 -79.97897
441 -69.827
441 -42.02898
441 -20.72898
441 -12.66062
441 -7.878983
442 -79.97897
442 -69.827
442 -42.02898
442 -20.72898
442 -12.66062
442 -7.878983
443 -79.97897
443 -69.827
443 -42.02898
443 -20.72898
443 -12.66062
443 -7.878983
444 -79.97897
444 -69.827
444 -42.02898
444 -20.72898
444 -12.66062
444 -7.878983
445 -69.827
445 -42.02898
445 -20.72898
445 -12.66062
445 -7.878983
445 -1.338982
446 -69.827
446 -42.02898
446 -20.72898
446 -12.66062
446 -7.878983
446 -1.338982
447 -69.827
447 -42.02898
447 -20.72898
447 -12.66062
447 -7.878983
447 -1.338982
448 -69.827
448 -42.02898
448 -20.72898
448 -12.66062
448 -7.878983
448 -1.338982
449 -69.827
449 -42.02898
449 -20.72898
449 -12.66062
449 -7.878983
449 -1.338982
450 -69.827
450 -42.02898
450 -20.72898
450 -12.66062
450 -7.878983
450 -1.338982
451 -69.827
451 -42.02898
451 -20.72898
451 -12.66062
451 -7.878983
451 -1.338982
452 -69.827
452 -42.02898
452 -20.72898
452 -12.66062
452 -7.878983
452 -1.338982
453 -42.02898
453 -20.72898
453 -12.66062
453 -7.878983
453 -1.338982
453 5.75
454 -42.02898
454 -20.72898
454 -12.66062
454 -7.878983
454 -1.338982
454 5.75
455 -42.02898
455 -20.72898
455 -12.66062
455 -7.878983
455 -1.338982
455 5.75
456 -42.02898
456 -20.72898
456 -12.66062
456 -7.878983
456 -1.338982
456 5.75
457 -42.02898
457 -20.72898
457 -12.66062
457 -7.878983
457 -1.338982
457 5.75
458 -20.72898
458 -12.66062
458 -7.878983
458 -1.338982
458 5.75
458 12.86102
459 -20.72898
459 -12.66062
459 -7.878983
459 -1.338982
459 5.75
459 12.86102
460 -20.72898
460 -12.66062
460 -7.878983
460 -1.338982
460 5.75
460 12.86102
461 -7.878983
461 -1.338982
461 5.75
461 12.86102
461 19.95102
461 25.33102
462 -7.878983
462 -1.338982
462 5.75
462 12.86102
462 19.95102
462 25.33102
463 -1.338982
463 5.75
463 12.86102
463 19.95102
463 25.33102
463 29.88102
464 -1.338982
464 5.75
464 12.86102
464 19.95102
464 25.33102
464 29.88102
465 -1.338982
465 5.75
465 12.86102
465 19.95102
465 25.33102
465 29.88102
466 5.75
466 12.86102
466 19.95102
466 25.33102
466 29.88102
466 38.04939
467 5.75
467 12.86102
467 19.95102
467 25.33102
467 29.88102
467 38.04939
468 5.75
468 12.86102
468 19.95102
468 25.33102
468 29.88102
468 38.04939
469 12.86102
469 19.95102
469 25.33102
469 29.88102
469 38.04939
469 45.58102
470 12.86102
470 19.95102
470 25.33102
470 29.88102
470 38.04939
470 45.58102
471 12.86102
471 19.95102
471 25.33102
471 29.88102
471 38.04939
471 45.58102
472 12.86102
472 19.95102
472 25.33102
472 29.88102
472 38.04939
472 45.58102
473 19.95102
473 25.33102
473 29.88102
473 38.04939
473 45.58102
473 59.27102
474 19.95102
474 25.33102
474 29.88102
474 38.04939
474 45.58102
474 59.27102
475 19.95102
475 25.33102
475 29.88102
475 38.04939
475 45.58102
475 59.27102
476 25.33102
476 29.88102
476 38.04939
476 45.58102
476 59.27102
476 65.83102
477 25.33102
477 29.88102
477 38.04939
477 45.58102
477 59.27102
477 65.83102
478 25.33102
478 29.88102
478 38.04939
478 45.58102
478 59.27102
478 65.83102
479 29.88102
479 38.04939
479 45.58102
479 59.27102
479 65.83102
479 71.59937
480 29.88102
480 38.04939
480 45.58102
480 59.27102
480 65.83102
480 71.59937
481 29.88102
481 38.04939
481 45.58102
481 59.27102
481 65.83102
481 71.59937
482 29.88102
482 38.04939
482 45.58102
482 59.27102
482 65.83102
482 71.59937
483 29.88102
483 38.04939
483 45.58102
483 59.27102
483 65.83102
483 71.59937
484 38.04939
484 45.58102
484 59.27102
484 65.83102
484 71.59937
484 79.57102
485 38.04939
485 45.58102
485 59.27102
485 65.83102
485 71.59937
485 79.57102
486 38.04939
486 45.58102
486 59.27102
486 65.83102
486 71.59937
486 79.57102
487 38.04939
487 45.58102
487 59.27102
487 65.83102
487 71.59937
487 79.57102
488 38.04939
488 45.58102
488 59.27102
488 65.83102
488 71.59937
488 79.57102
489 45.58102
489 59.27102
489 65.83102
489 71.59937
489 79.57102
489 84.19102
490 45.58102
490 59.27102
490 65.83102
490 71.59937
490 79.57102
490 84.19102
491 45.58102
491 59.27102
491 65.83102
491 71.59937
491 79.57102
491 84.19102
492 45.58102
492 59.27102
492 65.83102
492 71.59937
492 79.57102
492 84.19102
493 45.58102
493 59.27102
493 65.83102
493 71.59937
493 79.57102
493 84.19102
494 45.58102
494 59.27102
494 65.83102
494 71.59937
494 79.57102
494 84.19102
495 59.27102
495 65.83102
495 71.59937
495 79.57102
495 84.19102
495 90.79102
496 59.27102
496 65.83102
496 71.59937
496 79.57102
496 84.19102
496 90.79102
497 65.83102
497 71.59937
497 79.57102
497 84.19102
497 90.79102
497 98.67102
498 65.83102
498 71.59937
498 79.57102
498 84.19102
498 90.79102
498 98.67102
499 71.59937
499 79.57102
499 84.19102
499 90.79102
499 98.67102
499 106.031
500 71.59937
500 79.57102
500 84.19102
500 90.79102
500 98.67102
500 106.031
501 71.59937
501 79.57102
501 84.19102
501 90.79102
501 98.67102
501 106.031
502 71.59937
502 79.57102
502 84.19102
502 90.79102
502 98.67102
502 106.031
503 79.57102
503 84.19102
503 90.79102
503 98.67102
503 106.031
503 117.181
504 84.19102
504 90.79102
504 98.67102
504 106.031
504 117.181
504 127.2894
505 84.19102
505 90.79102
505 98.67102
505 106.031
505 117.181
505 127.2894
506 84.19102
506 90.79102
506 98.67102
506 106.031
506 117.181
506 127.2894
507 90.79102
507 98.67102
507 106.031
507 117.181
507 127.2894
507 132.651
508 90.79102
508 98.67102
508 106.031
508 117.181
508 127.2894
508 132.651
509 90.79102
509 98.67102
509 106.031
509 117.181
509 127.2894
509 132.651
510 98.67102
510 106.031
510 117.181
510 127.2894
510 132.651
510 140.601
511 98.67102
511 106.031
511 117.181
511 127.2894
511 132.651
511 140.601
512 106.031
512 117.181
512 127.2894
512 132.651
512 140.601
512 144.511
513 106.031
513 117.181
513 127.2894
513 132.651
513 140.601
513 144.511
514 106.031
514 117.181
514 127.2894
514 132.651
514 140.601
514 144.511
515 106.031
515 117.181
515 127.2894
515 132.651
515 140.601
515 144.511
516 106.031
516 117.181
516 127.2894
516 132.651
516 140.601
516 144.511
517 117.181
517 127.2894
517 132.651
517 140.601
517 144.511
517 150.031
518 117.181
518 127.2894
518 132.651
518 140.601
518 144.511
518 150.031
519 117.181
519 127.2894
519 132.651
519 140.601
519 144.511
519 150.031
520 127.2894
520 132.651
520 140.601
520 144.511
520 150.031
520 152.971
521 127.2894
521 132.651
521 140.601
521 144.511
521 150.031
521 152.971
522 127.2894
522 132.651
522 140.601
522 144.511
522 150.031
522 152.971
523 132.651
523 140.601
523 144.511
523 150.031
523 152.971
523 156.621
524 132.651
524 140.601
524 144.511
524 150.031
524 152.971
524 156.621
525 132.651
525 140.601
525 144.511
525 150.031
525 152.971
525 156.621
526 140.601
526 144.511
526 150.031
526 152.971
526 156.621
526 158.4294
527 140.601
527 144.511
527 150.031
527 152.971
527 156.621
527 158.4294
528 144.511
528 150.031
528 152.971
528 156.621
528 158.4294
528 158.891
529 144.511
529 150.031
529 152.971
529 156.621
529 158.4294
529 158.891
530 144.511
530 150.031
530 152.971
530 156.621
530 158.4294
530 158.891
531 150.031
531 152.971
531 156.621
531 158.4294
531 158.891
531 158.731
532 150.031
532 152.971
532 156.621
532 158.4294
532 158.891
532 158.731
533 152.971
533 156.621
533 158.4294
533 158.891
533 158.731
533 157.101
534 152.971
534 156.621
534 158.4294
534 158.891
534 158.731
534 157.101
535 152.971
535 156.621
535 158.4294
535 158.891
535 158.731
535 157.101
536 152.971
536 156.621
536 158.4294
536 158.891
536 158.731
536 157.101
537 156.621
537 158.4294
537 158.891
537 158.731
537 157.101
537 155.4194
538 156.621
538 158.4294
538 158.891
538 158.731
538 157.101
538 155.4194
539 158.4294
539 158.891
539 158.731
539 157.101
539 155.4194
539 151.201
540 158.4294
540 158.891
540 158.731
540 157.101
540 155.4194
540 151.201
541 158.891
541 158.731
541 157.101
541 155.4194
541 151.201
541 148.141
542 158.891
542 158.731
542 157.101
542 155.4194
542 151.201
542 148.141
543 158.731
543 157.101
543 155.4194
543 151.201
543 148.141
543 140.121
544 158.731
544 157.101
544 155.4194
544 151.201
544 148.141
544 140.121
545 158.731
545 157.101
545 155.4194
545 151.201
545 148.141
545 140.121
546 158.731
546 157.101
546 155.4194
546 151.201
546 148.141
546 140.121
547 157.101
547 155.4194
547 151.201
547 148.141
547 140.121
547 135.321
548 157.101
548 155.4194
548 151.201
548 148.141
548 140.121
548 135.321
549 155.4194
549 151.201
549 148.141
549 140.121
549 135.321
549 127.081
550 155.4194
550 151.201
550 148.141
550 140.121
550 135.321
550 127.081
551 155.4194
551 151.201
551 148.141
551 140.121
551 135.321
551 127.081
552 155.4194
552 151.201
552 148.141
552 140.121
552 135.321
552 127.081
553 151.201
553 148.141
553 140.121
553 135.321
553 127.081
553 119.021
554 148.141
554 140.121
554 135.321
554 127.081
554 119.021
554 113.361
555 148.141
555 140.121
555 135.321
555 127.081
555 119.021
555 113.361
556 148.141
556 140.121
556 135.321
556 127.081
556 119.021
556 113.361
557 148.141
557 140.121
557 135.321
557 127.081
557 119.021
557 113.361
558 148.141
558 140.121
558 135.321
558 127.081
558 119.021
558 113.361
559 140.121
559 135.321
559 127.081
559 119.021
559 113.361
559 105.941
560 140.121
560 135.321
560 127.081
560 119.021
560 113.361
560 105.941
561 135.321
561 127.081
561 119.021
561 113.361
561 105.941
561 92.88499
562 135.321
562 127.081
562 119.021
562 113.361
562 105.941
562 92.88499
563 135.321
563 127.081
563 119.021
563 113.361
563 105.941
563 92.88499
564 127.081
564 119.021
564 113.361
564 105.941
564 92.88499
564 78.73102
565 127.081
565 119.021
565 113.361
565 105.941
565 92.88499
565 78.73102
566 127.081
566 119.021
566 113.361
566 105.941
566 92.88499
566 78.73102
567 119.021
567 113.361
567 105.941
567 92.88499
567 78.73102
567 65.34102
568 119.021
568 113.361
568 105.941
568 92.88499
568 78.73102
568 65.34102
569 113.361
569 105.941
569 92.88499
569 78.73102
569 65.34102
569 50.57938
570 113.361
570 105.941
570 92.88499
570 78.73102
570 65.34102
570 50.57938
571 105.941
571 92.88499
571 78.73102
571 65.34102
571 50.57938
571 33.37102
572 105.941
572 92.88499
572 78.73102
572 65.34102
572 50.57938
572 33.37102
573 105.941
573 92.88499
573 78.73102
573 65.34102
573 50.57938
573 33.37102
574 105.941
574 92.88499
574 78.73102
574 65.34102
574 50.57938
574 33.37102
575 92.88499
575 78.73102
575 65.34102
575 50.57938
575 33.37102
575 18.404
576 92.88499
576 78.73102
576 65.34102
576 50.57938
576 33.37102
576 18.404
577 92.88499
577 78.73102
577 65.34102
577 50.57938
577 33.37102
577 18.404
578 92.88499
578 78.73102
578 65.34102
578 50.57938
578 33.37102
578 18.404
579 78.73102
579 65.34102
579 50.57938
579 33.37102
579 18.404
579 4.339378
580 78.73102
580 65.34102
580 50.57938
580 33.37102
580 18.404
580 4.339378
581 78.73102
581 65.34102
581 50.57938
581 33.37102
581 18.404
581 4.339378
582 78.73102
582 65.34102
582 50.57938
582 33.37102
582 18.404
582 4.339378
583 65.34102
583 50.57938
583 33.37102
583 18.404
583 4.339378
583 -17.42898
584 65.34102
584 50.57938
584 33.37102
584 18.404
584 4.339378
584 -17.42898
585 65.34102
585 50.57938
585 33.37102
585 18.404
585 4.339378
585 -17.42898
586 50.57938
586 33.37102
586 18.404
586 4.339378
586 -17.42898
586 -30.18062
587 50.57938
587 33.37102
587 18.404
587 4.339378
587 -17.42898
587 -30.18062
