0 0
1 0.744287
2 0.744174
3 0.738774
4 0.728598
5 0.707923
6 0.676914
7 0.627826
8 0.55203
9 0.465718
10 0.358124
11 0.253762
12 0.109242
13 0.0339843
14 -0.00496266
15 -0.0382406
16 -0.0596927
17 -0.0704066
18 -0.0719544
19 -0.0654942
20 -0.052914
21 -0.036769
22 -0.0195611
23 -0.00483797
24 0.015394
25 0.0472368
26 0.0681297
27 0.0802182
28 0.0873457
29 0.0879585
30 0.0840029
31 0.074284
32 0.0226288
33 0.0181339
34 0.0143366
35 0.0106241
36 0.00915125
37 0.00996595
38 0.0238744
39 0.0276467
40 0.0336108
41 0.0429897
42 0.0521758
43 0.0790687
44 0.126992
45 0.158293
46 0.182711
47 0.195547
48 0.202043
49 0.0805764
50 0.178402
51 0.235684
52 0.273071
53 0.285448
54 0.293615
55 0.261787
56 0.218227
57 0.188106
58 0.159535
59 0.143122
60 0.131734
61 0.13279
62 0.148574
63 0.153425
64 0.316603
65 0.410873
66 0.475907
67 0.599348
68 0.637289
69 0.639785
70 0.68727
71 0.678227
72 0.648405
73 0.602096
74 0.552594
75 0.56834
76 0.544146
77 0.347498
78 0.447259
79 0.475364
80 0.472364
81 0.488494
82 0.57742
83 0.666368
84 0.680063
85 0.648954
86 0.609137
87 0.481766
88 0.537258
89 0.584568
90 0.739804
91 0.689462
92 0.660586
93 0.606433
94 0.667396
95 0.729774
96 0.777039
97 0.761216
98 0.809605
99 0.83283
100 0.832876
101 0.834108
102 0.795228
103 0.646963
104 0.716895
105 0.751682
106 0.757545
107 0.737042
108 0.622614
109 0.632555
110 0.620793
111 0.559084
112 0.476885
113 0.394197
114 0.333478
115 0.279047
116 0.38781
117 0.307751
118 0.244069
119 0.207997
120 0.19708
121 0.210765
122 0.200254
123 0.390201
124 0.499643
125 0.463943
126 0.673847
127 0.789715
128 0.821346
129 0.796222
130 0.575103
131 0.604784
132 0.56012
133 0.455815
134 0.101161
135 0.117378
136 0.0522952
137 -0.0867039
138 -0.243508
139 -0.258268
140 -0.214951
141 -0.30733
142 -0.487299
143 -0.662473
144 -0.652897
145 -0.49655
146 -0.530188
147 0.250344
148 0.343941
149 0.000808909
150 -0.156362
151 -0.0965091
152 0.189657
153 0.116256
154 0.00926038
155 0.490275
156 0.570579
157 0.85515
158 1.13889
159 1.39859
160 1.65287
161 1.70549
162 1.72308
163 1.68948
164 1.45294
165 1.397
166 1.311
167 1.1733
168 0.815294
169 0.659811
170 0.537911
171 0.405878
172 0.524034
173 0.191329
174 -0.058703
175 0.0100722
176 -0.315691
177 -0.521071
178 -0.567867
179 -0.494668
180 -0.334379
181 -0.109585
182 0.121326
183 0.402671
184 0.48076
185 0.182882
186 0.244007
187 0.528223
188 0.812915
189 1.04122
190 0.664
191 0.754614
192 0.395686
193 0.502094
194 0.435416
195 0.281008
196 -0.113645
197 -0.387571
198 -0.653516
199 -0.7522
200 -0.981048
201 -1.05296
202 -1.04881
203 -0.918276
204 -0.868023
205 -0.775053
206 -0.53492
207 -0.449814
208 -0.346896
209 -0.29534
210 -0.207917
211 -0.125274
212 -0.071323
213 -0.0322747
214 -0.0798059
215 -0.000580928
216 0.0418359
217 0.0419884
218 0.00335299
219 0.129175
220 0.198011
221 0.168868
222 0.0770371
223 -0.0559829
224 -0.188214
225 0.0592926
226 0.0697577
227 0.0292441
228 -0.0730412
229 -0.153289
230 -0.206148
231 -0.247963
232 -0.232215
233 -0.117092
234 -0.106492
235 0.018282
236 0.156686
237 0.352951
238 0.485637
239 0.603501
240 0.697756
241 0.829871
242 0.756908
243 0.889972
244 0.930396
245 0.897392
246 0.864078
247 0.675096
248 0.513389
249 0.398997
250 0.327979
251 0.336057
252 0.346864
253 0.362571
254 0.368278
255 0.33829
256 0.387637
257 0.466126
258 0.455182
259 0.443327
260 0.413396
261 0.441283
262 0.475052
263 0.475703
264 0.497454
265 0.552507
266 0.592667
267 0.652856
268 0.697618
269 0.801098
270 0.887404
271 0.919627
272 0.930408
273 0.934617
274 0.923178
275 0.895825
276 0.867528
277 0.826006
278 0.750016
279 0.703891
280 0.635997
281 0.575911
282 0.510608
283 0.508678
284 0.492627
285 0.458265
286 0.419303
287 0.325174
288 0.284617
289 0.296436
290 0.281112
291 0.288333
292 0.320787
293 0.363991
294 0.398413
295 0.350867
296 0.46661
297 0.610458
298 0.568438
299 0.488158
300 0.48953
301 0.486167
302 0.480436
303 0.480207
304 0.50344
305 0.511609
306 0.506437
307 0.448648
308 0.440557
309 0.430753
310 0.420242
311 0.421427
312 0.412224
313 0.403824
314 0.398888
315 0.416489
316 0.464617
317 0.489232
318 0.502526
319 0.505294
320 0.468413
321 0.548622
322 0.596478
323 0.628997
324 0.585601
325 0.539972
326 0.515921
327 0.485134
328 0.466679
329 0.459973
330 0.470066
331 0.535933
332 0.636728
333 0.694592
334 0.783201
335 0.868167
336 0.788408
337 0.89075
338 0.89292
339 0.840547
340 0.772053
341 0.675178
342 0.656257
343 0.616604
344 0.37913
345 0.456937
346 0.465831
347 0.448812
348 0.409399
349 0.515258
350 0.59281
351 0.630633
352 0.602822
353 0.563132
354 0.540888
355 0.470485
356 0.534227
357 0.584452
358 0.701226
359 0.665867
360 0.609485
361 0.667875
362 0.736219
363 0.784201
364 0.811589
365 0.806563
366 0.839534
367 0.854414
368 0.862352
369 0.827581
370 0.782691
371 0.700352
372 0.743964
373 0.755249
374 0.729634
375 0.606823
376 0.609065
377 0.585213
378 0.480856
379 0.398882
380 0.318629
381 0.262153
382 0.403739
383 0.287628
384 0.212082
385 0.179356
386 0.167116
387 0.177383
388 0.0441408
389 0.230597
390 0.39914
391 0.510448
392 0.493309
393 0.678411
394 0.800351
395 0.836104
396 0.805938
397 0.595947
398 0.615767
399 0.56177
400 0.449215
401 0.110141
402 0.11806
403 0.0383221
404 -0.0880075
405 -0.271417
406 -0.277904
407 -0.241522
408 -0.340322
409 -0.527311
410 -0.706785
411 -0.619159
412 -0.515614
413 -0.563634
414 0.297631
415 0.398445
416 0.0212707
417 -0.347453
418 -0.144082
419 -0.307419
420 -0.0199397
421 -0.168706
422 -0.295474
423 0.0566229
424 0.187556
425 0.133422
426 0.284568
427 0.431941
428 0.55057
429 0.659545
430 0.795655
431 0.84502
432 0.874936
433 0.766037
434 0.831382
435 0.868488
436 0.872598
437 0.667509
438 0.657271
439 0.627545
440 0.90068
441 0.619198
442 0.35317
443 0.132252
444 0.0330449
445 -0.235589
446 -0.382973
447 -0.416169
448 -0.363205
449 -0.203272
450 0.0609966
451 0.274993
452 0.233942
453 -0.0355385
454 0.0676916
455 0.421784
456 0.682845
457 0.969957
458 0.625693
459 0.71086
460 0.595248
461 0.697752
462 0.719408
463 0.540702
464 0.314986
465 0.0346735
466 -0.277373
467 -0.445218
468 -0.565934
469 -0.720623
470 -0.814785
471 -0.830131
472 -0.788154
473 -0.780178
474 -0.731385
475 -0.565612
476 -0.508026
477 -0.436377
478 -0.404281
479 -0.328852
480 -0.260358
481 -0.195107
482 -0.152174
483 -0.179419
484 -0.0836793
485 -0.0157243
486 -0.00100834
487 -0.0162517
488 0.0959553
489 0.21595
490 0.200778
491 0.128519
492 0.0150554
493 -0.12547
494 0.0370855
495 0.111211
496 0.043952
497 -0.0451854
498 -0.187222
499 -0.249541
500 -0.317056
501 -0.331119
502 -0.230669
503 -0.226328
504 -0.0910861
505 0.0513996
506 0.257718
507 0.430284
508 0.607861
509 0.708858
510 0.870614
511 0.806537
512 0.953764
513 0.984106
514 0.953758
515 0.885058
516 0.778336
517 0.613413
518 0.474108
519 0.318819
520 0.329573
521 0.331529
522 0.341997
523 0.353346
524 0.359105
525 0.329919
526 0.385325
527 0.459406
528 0.452171
529 0.442586
530 0.410562
531 0.436904
532 0.48633
533 0.477258
534 0.492334
535 0.529968
536 0.587445
537 0.652378
538 0.718337
539 0.815571
540 0.88757
541 0.917066
542 0.92319
543 0.927624
544 0.916929
545 0.890457
546 0.862239
547 0.823615
548 0.759387
549 0.733628
550 0.694128
551 0.645849
552 0.577984
553 0.535157
554 0.540377
555 0.521716
556 0.49133
557 0.44636
558 0.364265
559 0.323613
560 0.328569
561 0.312759
562 0.312927
563 0.338566
564 0.374086
565 0.405436
566 0.360713
567 0.464782
568 0.588414
569 0.53806
570 0.466421
571 0.465726
572 0.462729
573 0.457687
574 0.466131
575 0.494549
576 0.501095
577 0.497081
578 0.444912
579 0.440948
580 0.433478
581 0.425136
582 0.428264
583 0.42052
584 0.414855
585 0.424049
586 0.475419
