0 0
1 -0.00214534
2 -0.00179121
3 0.00170153
4 0.00766646
5 0.0190053
6 0.0335984
7 0.0538413
8 0.0805125
9 0.103326
10 0.111815
11 0.105776
12 0.0817098
13 0.0585752
14 0.0423537
15 0.027152
16 0.0150447
17 0.00577154
18 -0.000904424
19 -0.00575273
20 -0.00841678
21 -0.00944496
22 -0.00925645
23 -0.00844241
24 -0.0151889
25 -0.0117794
26 -0.00848605
27 -0.0056768
28 -0.00280584
29 -0.000415321
30 0.00121387
31 0.00265469
32 0.000859017
33 0.0010088
34 0.000883415
35 0.000476967
36 -4.48764e-05
37 -0.00063701
38 -0.000690995
39 -0.00116331
40 -0.00160306
41 -0.00206429
42 -0.00233775
43 -0.0127993
44 -0.00928874
45 -0.00637045
46 -0.00337429
47 -0.00115585
48 0.00091227
49 -0.0244851
50 -0.0159488
51 -0.00941814
52 -0.0031064
53 0.00133939
54 0.0112407
55 0.0119067
56 0.0117277
57 0.00969558
58 0.00850758
59 0.00700376
60 0.00456717
61 0.00249131
62 -0.000363543
63 -0.0311685
64 -0.0168123
65 -0.00661812
66 -0.0294333
67 -0.00941715
68 0.00289719
69 -0.0168539
70 2.56231e-05
71 0.00972377
72 0.0141387
73 0.0159862
74 0.0160881
75 0.00445296
76 0.0124378
77 -0.0347855
78 -0.013125
79 -0.000970747
80 0.00277284
81 -0.0358282
82 -0.0153953
83 -0.0173191
84 0.00116099
85 0.00584793
86 0.00527781
87 -0.0218085
88 -0.0173308
89 -0.0145458
90 0.0183353
91 0.0118969
92 0.0065796
93 -0.0180817
94 -0.0161116
95 -0.0121815
96 -0.00677934
97 -0.0150801
98 -0.00722084
99 0.000268191
100 0.00632281
101 0.012691
102 0.0149644
103 -0.017598
104 -0.00758873
105 0.000747874
106 0.00681827
107 0.0128849
108 0.000224486
109 0.00646824
110 0.0107823
111 0.0269863
112 0.0248556
113 0.0217272
114 0.0185875
115 0.0147562
116 0.0263351
117 0.0207109
118 0.014665
119 0.00921205
120 0.00350396
121 -2.99242e-05
122 -0.0333565
123 -0.0235904
124 -0.0162512
125 -0.0445222
126 -0.026114
127 -0.00952739
128 0.00315709
129 0.0138193
130 -0.0113585
131 0.00494585
132 0.0180345
133 0.0279555
134 -0.010909
135 0.00757677
136 0.0195098
137 0.0284903
138 0.03245
139 -0.0221813
140 0.00387294
141 0.0241822
142 0.0337945
143 0.0350687
144 -0.055187
145 -0.00904308
146 0.0192806
147 -0.133133
148 0.0415674
149 0.0787307
150 -0.0885959
151 0.0108619
152 -0.0975514
153 -0.0188962
154 -0.235914
155 -0.119998
156 -0.132284
157 -0.127034
158 -0.123596
159 -0.107517
160 -0.0681189
161 -0.0505032
162 -0.0254507
163 0.0142082
164 -0.0115501
165 0.01806
166 0.0370276
167 0.052991
168 0.0409821
169 0.0451768
170 0.0444053
171 0.0405321
172 0.114946
173 0.0892583
174 0.0623003
175 0.113571
176 0.0727228
177 0.0300613
178 -0.00641296
179 -0.0322069
180 -0.0510587
181 -0.0628835
182 -0.06766
183 -0.0672729
184 0.110925
185 0.0386054
186 -0.0354626
187 -0.0569814
188 -0.05356
189 -0.0309176
190 0.0137372
191 0.256903
192 0.0704585
193 0.0221873
194 0.0789221
195 0.118986
196 0.124028
197 0.147696
198 0.129222
199 0.133479
200 0.073679
201 0.0293346
202 -0.00237538
203 0.000821254
204 -0.0213088
205 -0.0354426
206 -0.0296375
207 -0.0333598
208 -0.0332838
209 -0.0340882
210 -0.0295106
211 -0.0228268
212 -0.016543
213 -0.00948567
214 -0.0327608
215 -0.0195917
216 -0.0066939
217 0.00261104
218 0.0110648
219 -0.0337857
220 -0.00693741
221 0.0119008
222 0.022737
223 0.0261764
224 0.0209385
225 -0.0380137
226 0.0189641
227 0.00809273
228 0.0234654
229 0.00146703
230 -0.00130743
231 -0.0179845
232 -0.0832093
233 -0.0628082
234 -0.0771912
235 -0.0702857
236 -0.0697956
237 -0.0774796
238 -0.0628165
239 -0.0494407
240 -0.0736155
241 -0.0413351
242 -0.0769779
243 -0.0394434
244 -0.00443332
245 0.013228
246 0.0522189
247 0.0472206
248 0.0385227
249 0.0292437
250 -0.00324827
251 -0.000498251
252 -0.00529303
253 -0.00118462
254 0.000796722
255 -0.0156177
256 -0.00866886
257 0.00426244
258 0.00640767
259 0.00627493
260 -0.00291154
261 -0.00263637
262 0.00809523
263 0.00147502
264 -0.00315962
265 -0.00368588
266 -0.00724359
267 -0.00948754
268 -0.0216738
269 -0.0150256
270 -0.00472985
271 -0.000268457
272 0.00280012
273 0.00757144
274 0.0108966
275 0.0139604
276 0.01387
277 0.0164542
278 0.0129424
279 0.0164559
280 0.0185526
281 0.0203284
282 0.0188772
283 0.00808989
284 0.0113962
285 0.0138338
286 0.0149123
287 0.0145779
288 0.010256
289 0.00991319
290 0.00555526
291 0.00264719
292 -0.00286404
293 -0.00204768
294 -0.00127171
295 -0.0163328
296 -0.00927464
297 0.0132371
298 0.0126133
299 0.00494522
300 0.00591073
301 0.00658071
302 0.00695662
303 -0.000635308
304 0.00256574
305 0.00516529
306 0.00742571
307 0.00642313
308 0.00716071
309 0.00742535
310 0.00737651
311 0.0076344
312 0.00730006
313 0.00673928
314 0.00600283
315 -0.00472128
316 -0.000662931
317 0.00214094
318 0.00449309
319 0.00572783
320 -0.0137525
321 -0.00587883
322 0.00125014
323 0.013059
324 0.0143673
325 0.0141758
326 0.0127203
327 0.0114237
328 0.00949678
329 0.00644271
330 0.0038114
331 -0.019319
332 -0.00895781
333 -0.00131268
334 -0.0187105
335 -0.000542874
336 -0.0295285
337 -0.00533345
338 0.00935791
339 0.0177978
340 0.0216562
341 0.0229288
342 0.011407
343 0.0183506
344 -0.0284628
345 -0.00792662
346 0.00254797
347 0.00620131
348 -0.040742
349 -0.0175965
350 -0.0236562
351 -0.00270562
352 0.00522481
353 0.00500287
354 0.00244622
355 -0.0209038
356 -0.0181304
357 -0.0165341
358 0.0116813
359 0.00390903
360 -0.0200054
361 -0.0178808
362 -0.0136836
363 -0.00870212
364 -0.00390676
365 -0.0111876
366 -0.00444423
367 0.00245064
368 0.0121784
369 0.0147927
370 0.0167539
371 -0.0103135
372 -0.00146848
373 0.00758704
374 0.0140723
375 0.00137172
376 0.00890883
377 0.029291
378 0.027135
379 0.0244722
380 0.0207585
381 0.017158
382 0.0299198
383 0.0220359
384 0.0147129
385 0.00956899
386 0.0038625
387 0.000275596
388 -0.040342
389 -0.0327101
390 -0.0241425
391 -0.0166018
392 -0.0437563
393 -0.0273814
394 -0.0104546
395 0.00422124
396 0.0149177
397 -0.00925366
398 0.00693456
399 0.0198618
400 0.0295242
401 -0.00828084
402 0.00773148
403 0.0211306
404 0.0288941
405 0.0332979
406 -0.0228874
407 0.00941507
408 0.0257808
409 0.0347715
410 0.0351249
411 -0.0416003
412 0.00170597
413 0.0195654
414 -0.117126
415 0.0212995
416 0.078571
417 -0.151113
418 -0.00363785
419 -0.282024
420 -0.0285113
421 -0.0106539
422 -0.206697
423 -0.102613
424 -0.0873097
425 -0.102049
426 -0.102069
427 -0.0965
428 -0.0838393
429 -0.0643494
430 -0.0443409
431 -0.0280136
432 -0.0135374
433 -0.0453252
434 -0.0282301
435 -0.0120541
436 0.00427139
437 -0.00344386
438 0.00573956
439 0.0122594
440 0.10373
441 0.088657
442 0.0691811
443 0.0464784
444 0.0908528
445 0.0563127
446 0.0240987
447 -0.0040856
448 -0.0242168
449 -0.0433097
450 -0.055156
451 -0.0573553
452 0.105596
453 0.0301229
454 -0.039822
455 -0.0629175
456 -0.0594781
457 0.180037
458 0.0243287
459 -0.0264069
460 0.0816458
461 -0.0108438
462 0.0744375
463 0.126493
464 0.151122
465 0.146749
466 0.129042
467 0.103072
468 0.107166
469 0.0695095
470 0.0311953
471 0.00629137
472 0.0118997
473 -0.00609444
474 -0.0207262
475 -0.0149212
476 -0.021541
477 -0.0244514
478 -0.0283315
479 -0.0264673
480 -0.0231069
481 -0.0183277
482 -0.0136721
483 -0.0380583
484 -0.0254033
485 -0.0112254
486 -0.00208222
487 0.0057292
488 -0.0469068
489 -0.0133917
490 0.00980655
491 0.0205652
492 0.0259477
493 0.0235951
494 -0.0576183
495 0.0123971
496 -0.0044833
497 0.0274116
498 0.0047992
499 0.00708046
500 -0.00803681
501 -0.0253632
502 -0.0652442
503 -0.0852501
504 -0.0764045
505 -0.0767463
506 -0.0934452
507 -0.0770478
508 -0.0590334
509 -0.0852736
510 -0.0498725
511 -0.08131
512 -0.036316
513 -0.00998254
514 0.0123556
515 0.0257786
516 0.0523855
517 0.0460049
518 0.0370019
519 -0.00530468
520 -0.00107232
521 0.000658013
522 -0.00403827
523 -0.00095646
524 0.000851356
525 -0.0158166
526 -0.00824407
527 0.00371689
528 0.00565659
529 0.00570061
530 -0.00362698
531 -0.00316038
532 0.0104887
533 0.0034305
534 -0.0016139
535 -0.00597889
536 -0.00648015
537 -0.00920535
538 -0.0203802
539 -0.0135161
540 -0.0040267
541 0.000416936
542 0.00278727
543 0.0074312
544 0.0106613
545 0.013706
546 0.013298
547 0.0158049
548 0.00961659
549 0.0133226
550 0.0156326
551 0.0168846
552 0.0182698
553 0.00254337
554 0.00777025
555 0.0115467
556 0.0137489
557 0.0150609
558 0.0144374
559 0.0105945
560 0.0101053
561 0.00688841
562 0.00410594
563 -0.00138312
564 -0.000598088
565 0.000198172
566 -0.0143295
567 -0.00760627
568 0.0138541
569 0.0128763
570 0.00549799
571 0.00600554
572 0.00632516
573 0.00650115
574 -0.000826177
575 0.00294494
576 0.00553943
577 0.0070165
578 0.00584043
579 0.00646622
580 0.00679256
581 0.00675451
582 0.00709239
583 0.00672332
584 0.00607451
585 -0.00535233
586 -0.00102634
