0 0
1 0
2 -0.04551644
3 -0.04551644
4 -0.1634202
5 -0.1634202
6 -0.1634202
7 -0.1634202
8 -0.1634202
9 -0.1253567
10 -0.015313
11 0.01901975
12 0.04185086
13 0.03893531
14 0.03158552
15 0.0183028
16 0.01218508
17 0.005127049
18 0.0006905012
19 -0.002855586
20 -0.005196805
21 -0.00698253
22 -0.007860915
23 -0.008290371
24 -0.008325277
25 -0.008325277
26 -0.008937552
27 -0.008068622
28 -0.007650607
29 -0.007130852
30 -0.006617473
31 -0.006617473
32 -0.005818426
33 -0.005818426
34 -0.00584725
35 -0.00584725
36 -0.006038176
37 -0.006212831
38 -0.006419522
39 -0.006645075
40 -0.006835966
41 -0.006835966
42 -0.00737172
43 -0.007514248
44 -0.007514248
45 -0.008252427
46 -0.008252427
47 -0.008099166
48 -0.008099166
49 -0.008272952
50 -0.008272952
51 -0.009218388
52 -0.008942277
53 -0.009132671
54 -0.009231465
55 -0.009437955
56 -0.009437955
57 -0.01005063
58 -0.0105719
59 -0.01129303
60 -0.01204315
61 -0.01260249
62 -0.01260249
63 -0.01444965
64 -0.01444965
65 -0.01644268
66 -0.0169254
67 -0.01806145
68 -0.01943223
69 -0.02021185
70 -0.02120178
71 -0.02304635
72 -0.02370724
73 -0.02370724
74 -0.02634806
75 -0.02634806
76 -0.02889445
77 -0.02889445
78 -0.03234783
79 -0.03401312
80 -0.03530006
81 -0.0370663
82 -0.03845119
83 -0.04072566
84 -0.04152565
85 -0.04152565
86 -0.04463959
87 -0.04509114
88 -0.04608843
89 -0.04703658
90 -0.04657432
91 -0.04592276
92 -0.04592276
93 -0.04395712
94 -0.04198829
95 -0.04088208
96 -0.03895548
97 -0.03651842
98 -0.03381913
99 -0.03171425
100 -0.02901868
101 -0.02652561
102 -0.02419899
103 -0.02226082
104 -0.02020141
105 -0.02020141
106 -0.01697683
107 -0.01581472
108 -0.01433888
109 -0.01268343
110 -0.0121219
111 -0.01073507
112 -0.009994174
113 -0.008810733
114 -0.008489399
115 -0.007947772
116 -0.007709447
117 -0.007412356
118 -0.006681744
119 -0.006726848
120 -0.006508682
121 -0.006396452
122 -0.006134526
123 -0.005889814
124 -0.006143201
125 -0.006143201
126 -0.004154879
127 -0.004465996
128 -0.002964285
129 -0.002108465
130 -0.002108465
131 -0.0002418158
132 -0.0002418158
133 0.0002015855
134 0.0005026426
135 0.0005458343
136 -0.0005447509
137 -0.0005995088
138 -0.001371761
139 -0.002481624
140 -0.003735815
141 -0.006957432
142 -0.008177627
143 -0.01102025
144 -0.01397321
145 -0.01397321
146 -0.02538417
147 -0.02673948
148 -0.03094765
149 -0.04453412
150 -0.05224499
151 -0.05224499
152 -0.07398106
153 -0.07582836
154 -0.08976699
155 -0.09469192
156 -0.1026608
157 -0.107703
158 -0.1140365
159 -0.1159007
160 -0.1178763
161 -0.1180018
162 -0.1103482
163 -0.09552018
164 -0.08266337
165 -0.08266337
166 -0.04591983
167 -0.04591983
168 -0.03073804
169 -0.03073804
170 -0.01923651
171 -0.01683978
172 -0.01683978
173 -0.01097442
174 -0.006287906
175 -0.007340528
176 -0.007250311
177 -0.003823888
178 -0.006273935
179 -0.006688211
180 -0.007098302
181 -0.006363606
182 -0.004769269
183 -0.00211073
184 0.0008732048
185 0.005472759
186 0.01502427
187 0.01786605
188 0.0286676
189 0.0286676
190 0.04608258
191 0.05108421
192 0.07730905
193 0.09167451
194 0.1084495
195 0.1214597
196 0.1329872
197 0.1401405
198 0.1405097
199 0.1271648
200 0.1103341
201 0.08883543
202 0.06363876
203 0.06363876
204 0.03419591
205 0.02904834
206 0.01957045
207 0.0142308
208 0.009323553
209 0.006556238
210 0.00354244
211 0.001286175
212 -0.0001664387
213 -0.001803732
214 -0.002915099
215 -0.00440008
216 -0.00440008
217 -0.008283918
218 -0.008283918
219 -0.01093952
220 -0.01302216
221 -0.01758273
222 -0.01905115
223 -0.02219055
224 -0.02522664
225 -0.02522664
226 -0.03573136
227 -0.0398045
228 -0.05436125
229 -0.05983364
230 -0.06714107
231 -0.0760587
232 -0.0760587
233 -0.07950559
234 -0.09144355
235 -0.08933184
236 -0.09098663
237 -0.08896681
238 -0.08610006
239 -0.08150653
240 -0.07667166
241 -0.07667166
242 -0.06439649
243 -0.05967717
244 -0.05967717
245 -0.04820551
246 -0.0434855
247 -0.0434855
248 -0.03495656
249 -0.03412528
250 -0.03166356
251 -0.03070606
252 -0.03055536
253 -0.02953147
254 -0.02936914
255 -0.02875161
256 -0.02853004
257 -0.02872069
258 -0.02872069
259 -0.02807936
260 -0.02829157
261 -0.02832082
262 -0.02852143
263 -0.02849961
264 -0.02799125
265 -0.02794663
266 -0.02757493
267 -0.02695769
268 -0.02634155
269 -0.02529794
270 -0.02489233
271 -0.02339974
272 -0.0217531
273 -0.0217531
274 -0.01863449
275 -0.01773662
276 -0.01636534
277 -0.01500119
278 -0.01401714
279 -0.01274951
280 -0.01135979
281 -0.01047289
282 -0.009507603
283 -0.00904142
284 -0.008493662
285 -0.008493662
286 -0.008009582
287 -0.007911311
288 -0.007844954
289 -0.00747997
290 -0.007531052
291 -0.007473582
292 -0.007461366
293 -0.007406563
294 -0.007485241
295 -0.007343595
296 -0.007273905
297 -0.007419233
298 -0.007073239
299 -0.006580921
300 -0.006567212
301 -0.006562006
302 -0.006422262
303 -0.00635631
304 -0.00629713
305 -0.006347575
306 -0.006252624
307 -0.006245652
308 -0.006245652
309 -0.006379663
310 -0.006451514
311 -0.006569227
312 -0.006705707
313 -0.006855278
314 -0.007005983
315 -0.007212739
316 -0.007212739
317 -0.007821745
318 -0.007907031
319 -0.008176832
320 -0.008472505
321 -0.008696221
322 -0.009478752
323 -0.009595078
324 -0.01008561
325 -0.01039998
326 -0.01104072
327 -0.01168121
328 -0.01230762
329 -0.01312004
330 -0.01379214
331 -0.01483321
332 -0.01547053
333 -0.0169721
334 -0.0169721
335 -0.01852775
336 -0.01852775
337 -0.021314
338 -0.0225839
339 -0.02340415
340 -0.02449942
341 -0.02559203
342 -0.02559203
343 -0.02843966
344 -0.02975336
345 -0.03071301
346 -0.0334563
347 -0.03436311
348 -0.0360464
349 -0.03751014
350 -0.03751014
351 -0.04143258
352 -0.04210183
353 -0.04333916
354 -0.04456489
355 -0.04549921
356 -0.04549921
357 -0.04702995
358 -0.04629499
359 -0.04579094
360 -0.04579094
361 -0.04205054
362 -0.04171833
363 -0.03974328
364 -0.03731075
365 -0.0350154
366 -0.03285679
367 -0.03055637
368 -0.02836661
369 -0.02579059
370 -0.02259594
371 -0.02115072
372 -0.01903039
373 -0.01824553
374 -0.01609831
375 -0.01409622
376 -0.01252622
377 -0.01188594
378 -0.01013892
379 -0.00891996
380 -0.008389973
381 -0.007945603
382 -0.007582644
383 -0.007388807
384 -0.006654452
385 -0.006695467
386 -0.00653097
387 -0.006485155
388 -0.006321242
389 -0.006165114
390 -0.006664954
391 -0.005827733
392 -0.00526476
393 -0.004562256
394 -0.004367058
395 -0.003187103
396 -0.002179083
397 -0.001190999
398 -0.0005150545
399 -0.0003457837
400 0.0003385079
401 0.0005545072
402 0.0006141181
403 0.0006141181
404 -0.0008875894
405 -0.0008875894
406 -0.00247759
407 -0.00247759
408 -0.007208864
409 -0.008641291
410 -0.01108642
411 -0.01419156
412 -0.01712615
413 -0.02524494
414 -0.02772926
415 -0.03055154
416 -0.04428096
417 -0.0476258
418 -0.05704002
419 -0.06575934
420 -0.07257031
421 -0.0807114
422 -0.08908147
423 -0.09555037
424 -0.1011965
425 -0.1073593
426 -0.1118013
427 -0.1118013
428 -0.116867
429 -0.116867
430 -0.09444888
431 -0.09444888
432 -0.07427432
433 -0.06569393
434 -0.05747666
435 -0.05049656
436 -0.05049656
437 -0.03493282
438 -0.03493282
439 -0.02657397
440 -0.0235085
441 -0.0193526
442 -0.01137933
443 -0.01150876
444 -0.009345514
445 -0.008533739
446 -0.004326896
447 -0.004326896
448 -0.004671474
449 -0.004671474
450 -0.001812925
451 0.0003830253
452 0.004821882
453 0.004821882
454 0.01923558
455 0.01923558
456 0.03033587
457 0.03737548
458 0.04212988
459 0.04212988
460 0.06068038
461 0.08037594
462 0.0987036
463 0.1097897
464 0.134153
465 0.1423499
466 0.1398514
467 0.1250347
468 0.1040089
469 0.09260175
470 0.07251729
471 0.06014601
472 0.06014601
473 0.03160773
474 0.03160773
475 0.02101877
476 0.01645148
477 0.01284523
478 0.008596877
479 0.005547267
480 0.002589724
481 0.002589724
482 -0.001776876
483 -0.001776876
484 -0.004898323
485 -0.004898323
486 -0.00884169
487 -0.009935209
488 -0.01167726
489 -0.01379921
490 -0.01765178
491 -0.01944765
492 -0.02264119
493 -0.0249421
494 -0.02731612
495 -0.03355249
496 -0.04394285
497 -0.04984285
498 -0.05646027
499 -0.06238388
500 -0.0722585
501 -0.07530603
502 -0.08252711
503 -0.08504676
504 -0.08890319
505 -0.08890319
506 -0.08996522
507 -0.08821972
508 -0.08483748
509 -0.08059586
510 -0.07372084
511 -0.06933534
512 -0.06134217
513 -0.05736871
514 -0.04914851
515 -0.04540535
516 -0.04018006
517 -0.04018006
518 -0.03329708
519 -0.03287276
520 -0.03287276
521 -0.03042367
522 -0.03042367
523 -0.02920096
524 -0.02920096
525 -0.02870473
526 -0.02870473
527 -0.02865976
528 -0.02865976
529 -0.02818199
530 -0.02836264
531 -0.0284109
532 -0.02861886
533 -0.02861886
534 -0.02810151
535 -0.02810151
536 -0.02780258
537 -0.02730429
538 -0.02654164
539 -0.02542724
540 -0.02460653
541 -0.02318878
542 -0.02170523
543 -0.02170523
544 -0.01876873
545 -0.01876873
546 -0.01613881
547 -0.01525082
548 -0.01412268
549 -0.01293471
550 -0.01225126
551 -0.01121064
552 -0.01121064
553 -0.009568764
554 -0.009209936
555 -0.008973868
556 -0.008469049
557 -0.008212362
558 -0.008048621
559 -0.007973119
560 -0.007537959
561 -0.007535276
562 -0.007431643
563 -0.00738667
564 -0.007300246
565 -0.007361563
566 -0.007205352
567 -0.00711075
568 -0.007252402
569 -0.007252402
570 -0.006333171
571 -0.006483802
572 -0.006439414
573 -0.006374793
574 -0.00633472
575 -0.006295673
576 -0.006374243
577 -0.006290913
578 -0.006290913
579 -0.006348487
580 -0.006348487
581 -0.006593915
582 -0.006674767
583 -0.006856277
584 -0.006856277
585 -0.007232736
586 -0.007399799
587 -0.00776887
