0 0
1 0
2 1
3 1
4 1
5 1
6 1
7 1
8 1
9 1
10 1
11 1
12 1
13 1
14 1
15 1
16 1
17 1
18 1
19 1
20 1
21 1
22 1
23 1
24 1
25 1
26 1
27 1
28 1
29 1
30 1
31 1
32 1
33 1
34 1
35 1
36 1
37 1
38 1
39 1
40 1
41 1
42 1
43 1
44 1
45 1
46 1
47 1
48 1
49 1
50 1
51 1
52 1
53 1
54 1
55 1
56 1
57 1
58 1
59 0.9925485
60 0.9292437
61 0.8791804
62 0.8791804
63 0.7500222
64 0.7500222
65 0.5627199
66 0.4349348
67 0.3188128
68 0.1557385
69 0.03999399
70 0
71 0
72 0.001856898
73 0.001856898
74 0.3470456
75 0.3470456
76 0.2946494
77 0.2946494
78 0.07655087
79 0.1272918
80 0.06764279
81 0.03694692
82 0.05228027
83 0.001382021
84 0
85 0
86 0.1009021
87 0.341731
88 0.4186713
89 0.5295978
90 0.5453639
91 0.5634245
92 0.5634245
93 0.5308525
94 0.6658387
95 0.7703503
96 0.8088685
97 0.8483052
98 0.8954135
99 0.9560925
100 0.98751
101 1
102 1
103 1
104 1
105 1
106 1
107 1
108 1
109 1
110 1
111 1
112 1
113 1
114 1
115 1
116 1
117 1
118 1
119 1
120 1
121 1
122 1
123 1
124 1
125 1
126 1
127 1
128 1
129 1
130 1
131 1
132 1
133 1
134 1
135 1
136 1
137 0.9999998
138 0.9779807
139 0.9463822
140 0.9041221
141 0.6593897
142 0.5064822
143 0.2586495
144 0.01798478
145 0.01798478
146 0
147 0
148 1
149 0
150 0
151 0
152 0
153 0
154 0
155 0
156 0
157 0
158 0
159 0
160 0.0006453072
161 0.5001938
162 0.7110776
163 0.8806122
164 0.9931592
165 0.9931592
166 1
167 1
168 1
169 1
170 1
171 1
172 1
173 1
174 1
175 1
176 1
177 1
178 1
179 1
180 1
181 1
182 1
183 1
184 1
185 1
186 1
187 0.8675222
188 0.0227818
189 0.0227818
190 0
191 0
192 0
193 0
194 0
195 0
196 0.006584267
197 0.4924085
198 0.778268
199 0.943296
200 1
201 1
202 1
203 1
204 1
205 1
206 1
207 1
208 1
209 1
210 1
211 1
212 1
213 1
214 1
215 1
216 1
217 1
218 1
219 1
220 1
221 1
222 0.8731006
223 0.6278269
224 0.4064225
225 0.4064225
226 0
227 0
228 0
229 0
230 0
231 0.321853
232 0.321853
233 0.6233895
234 0.546418
235 0.4714973
236 0.4896431
237 0.5191998
238 0.5807665
239 0.6039636
240 0.656044
241 0.656044
242 0.8085903
243 0.8118904
244 0.8118904
245 0.9184391
246 0.8977627
247 0.8977627
248 0.9668418
249 1
250 1
251 1
252 1
253 1
254 0.951359
255 0.9045597
256 0.8675634
257 0.8171205
258 0.8171205
259 0.6875644
260 0.6486045
261 0.6331048
262 0.6461466
263 0.6342987
264 0.67646
265 0.7053061
266 0.7326547
267 0.7589709
268 0.7908407
269 0.8327405
270 0.8060061
271 0.8160766
272 0.8445596
273 0.8445596
274 0.9138945
275 0.9380164
276 0.9670722
277 0.9972432
278 1
279 1
280 1
281 1
282 1
283 1
284 1
285 1
286 1
287 0.9999994
288 0.9816929
289 1
290 1
291 0.9889202
292 0.9751318
293 0.9648422
294 0.9348507
295 0.9177191
296 0.9042691
297 0.8976692
298 0.8705146
299 0.8406028
300 0.8376064
301 0.8443404
302 0.8383639
303 0.8314596
304 0.8260589
305 0.8127886
306 0.7997881
307 0.7873973
308 0.7873973
309 0.7760516
310 0.7656938
311 0.7558262
312 0.7460007
313 0.7326674
314 0.7238688
315 0.7133005
316 0.7133005
317 0.6750559
318 0.6494943
319 0.6258035
320 0.6022258
321 0.5864271
322 0.5464526
323 0.5052088
324 0.4563935
325 0.4207292
326 0.3966454
327 0.3766795
328 0.3519309
329 0.3275303
330 0.3095198
331 0.2817759
332 0.2671433
333 0.09002417
334 0.09002417
335 0
336 0
337 0
338 0.09206708
339 0.2294063
340 0.3495733
341 0.3202649
342 0.3202649
343 0.2594062
344 0.1346534
345 0.1112431
346 0.1481126
347 0.09963278
348 0.06757893
349 0.07564148
350 0.07564148
351 0
352 0
353 0.1273074
354 0.274269
355 0.347444
356 0.347444
357 0.4761181
358 0.5138078
359 0.542195
360 0.542195
361 0.6361039
362 0.739877
363 0.7810251
364 0.8235515
365 0.865428
366 0.9066467
367 0.9625047
368 0.9896984
369 1
370 1
371 1
372 1
373 1
374 1
375 1
376 1
377 1
378 1
379 1
380 1
381 1
382 1
383 1
384 1
385 1
386 1
387 1
388 1
389 1
390 1
391 1
392 1
393 1
394 1
395 1
396 1
397 1
398 1
399 1
400 1
401 1
402 1
403 1
404 0.9948968
405 0.9948968
406 0.9494606
407 0.9494606
408 0.6555835
409 0.46837
410 0.2566802
411 0.0113565
412 0
413 0
414 0
415 0
416 0
417 0
418 0
419 0
420 0
421 0
422 0
423 0
424 0
425 0
426 0.2508897
427 0.2508897
428 0.8631499
429 0.8631499
430 0.9532781
431 0.9532781
432 1
433 1
434 1
435 1
436 1
437 1
438 1
439 1
440 1
441 1
442 1
443 1
444 1
445 1
446 1
447 1
448 1
449 1
450 1
451 1
452 1
453 1
454 0.8657147
455 0.8657147
456 0
457 0
458 0
459 0
460 0
461 0
462 0
463 0
464 0.8016197
465 1
466 1
467 1
468 1
469 1
470 1
471 1
472 1
473 1
474 1
475 1
476 1
477 1
478 1
479 1
480 1
481 1
482 1
483 1
484 1
485 1
486 1
487 1
488 1
489 1
490 1
491 0.8814363
492 0.6116017
493 0.4287975
494 0
495 0.00566215
496 0
497 0
498 0
499 0
500 0.3271115
501 0.6259269
502 0.6866631
503 0.6217215
504 0.4125924
505 0.4125924
506 0.4172628
507 0.4747244
508 0.5161487
509 0.5698358
510 0.6668369
511 0.750867
512 0.7847906
513 0.9074779
514 0.9003364
515 0.8892038
516 0.9169303
517 0.9169303
518 1
519 1
520 1
521 1
522 1
523 1
524 1
525 0.913591
526 0.913591
527 0.8228832
528 0.8228832
529 0.6872654
530 0.6520972
531 0.6349578
532 0.6477067
533 0.6477067
534 0.6637915
535 0.6637915
536 0.7193816
537 0.7501535
538 0.7817672
539 0.8283612
540 0.8109768
541 0.8219944
542 0.8488697
543 0.8488697
544 0.9139842
545 0.9139842
546 0.9712416
547 0.9943136
548 1
549 1
550 1
551 1
552 1
553 1
554 1
555 1
556 1
557 1
558 0.985205
559 0.9641393
560 1
561 1
562 0.9854736
563 0.9757389
564 0.9668717
565 0.9379422
566 0.9216555
567 0.9070807
568 0.8989011
569 0.8989011
570 0.8472049
571 0.8410619
572 0.8452103
573 0.8388898
574 0.8323517
575 0.8253661
576 0.8107121
577 0.7933411
578 0.7933411
579 0.7692347
580 0.7692347
581 0.7601617
582 0.7498573
583 0.7380256
584 0.7380256
585 0.7131896
586 0.7026081
587 0.6774514
