0 0
1 4.12033
2 4.12033
3 4.119962
4 4.116312
5 4.110068
6 4.098208
7 4.082915
8 4.061696
9 4.033724
10 4.00948
11 3.998741
12 4.002103
13 4.015925
14 4.035681
15 4.049283
16 4.061239
17 4.069837
18 4.075337
19 4.077981
20 4.077988
21 4.075493
22 4.071049
23 4.065083
24 4.058881
25 4.052081
26 4.04396
27 4.036161
28 4.029156
29 4.02119
30 4.013377
31 4.00673
32 3.998453
33 3.992226
34 3.985227
35 3.979086
36 3.971053
37 3.963712
38 3.956095
39 3.948132
40 3.939772
41 3.930992
42 3.920618
43 3.912124
44 3.90325
45 3.89265
46 3.88285
47 3.871201
48 3.860721
49 3.848415
50 3.837359
51 3.824409
52 3.812558
53 3.798497
54 3.785812
55 3.770881
56 3.759403
57 3.743655
58 3.727262
59 3.710067
60 3.696531
61 3.677356
62 3.662136
63 3.640618
64 3.620526
65 3.593069
66 3.563572
67 3.539396
68 3.510437
69 3.483843
70 3.452176
71 3.423898
72 3.395976
73 3.37218
74 3.343997
75 3.31389
76 3.272925
77 3.239366
78 3.199195
79 3.157112
80 3.107574
81 3.061892
82 3.014745
83 2.96621
84 2.909757
85 2.852497
86 2.802066
87 2.745031
88 2.686576
89 2.633385
90 2.571968
91 2.516448
92 2.467667
93 2.419324
94 2.351676
95 2.298414
96 2.239109
97 2.180576
98 2.129999
99 2.081357
100 2.034595
101 1.990508
102 1.953726
103 1.914292
104 1.882136
105 1.847681
106 1.815515
107 1.789037
108 1.757283
109 1.73104
110 1.706738
111 1.686793
112 1.668145
113 1.650752
114 1.63239
115 1.617428
116 1.601364
117 1.58613
118 1.573373
119 1.559507
120 1.546218
121 1.530161
122 1.517634
123 1.503915
124 1.490283
125 1.480009
126 1.468596
127 1.458092
128 1.448213
129 1.440393
130 1.433637
131 1.427297
132 1.423114
133 1.419903
134 1.417586
135 1.416119
136 1.415237
137 1.414579
138 1.413673
139 1.412489
140 1.410162
141 1.406868
142 1.400413
143 1.391617
144 1.380619
145 1.361006
146 1.342046
147 1.313232
148 1.274226
149 1.223698
150 1.179245
151 1.119109
152 1.059412
153 0.9693545
154 0.8816949
155 0.7872537
156 0.6883662
157 0.57446
158 0.4857992
159 0.3850774
160 0.2769264
161 0.186675
162 0.094672
163 0.01411168
164 6.188026
165 6.116621
166 6.044294
167 5.991518
168 5.939494
169 5.901095
170 5.860445
171 5.834466
172 5.809264
173 5.787644
174 5.769585
175 5.755611
176 5.74389
177 5.733233
178 5.723354
179 5.714007
180 5.705382
181 5.696269
182 5.687065
183 5.679553
184 5.672654
185 5.66885
186 5.668547
187 5.681708
188 5.701061
189 5.72677
190 5.765316
191 5.832421
192 5.897553
193 5.997223
194 6.10495
195 6.210761
196 0.01573187
197 0.1527435
198 0.2777028
199 0.3971621
200 0.530423
201 0.6701679
202 0.7622735
203 0.8316945
204 0.9056556
205 0.9564497
206 0.9973126
207 1.03362
208 1.055819
209 1.075345
210 1.089923
211 1.099261
212 1.106469
213 1.110318
214 1.11225
215 1.111955
216 1.109992
217 1.105505
218 1.099416
219 1.089068
220 1.075656
221 1.06088
222 1.042179
223 1.01956
224 0.9893812
225 0.9501076
226 0.9028154
227 0.850867
228 0.8045964
229 0.7510741
230 0.6792628
231 0.6313028
232 0.5660808
233 0.5015597
234 0.4299657
235 0.3517633
236 0.2706972
237 0.1772578
238 0.09340199
239 0.01001685
240 6.211584
241 6.132542
242 6.046997
243 5.983841
244 5.915437
245 5.834253
246 5.780977
247 5.731464
248 5.672469
249 5.618598
250 5.573426
251 5.524848
252 5.483069
253 5.441796
254 5.400866
255 5.365201
256 5.324588
257 5.289082
258 5.248378
259 5.202439
260 5.161602
261 5.120728
262 5.079716
263 5.038416
264 4.99688
265 4.960537
266 4.918946
267 4.882548
268 4.841146
269 4.805099
270 4.764806
271 4.719833
272 4.685783
273 4.648175
274 4.611972
275 4.582014
276 4.549415
277 4.522329
278 4.4932
279 4.455917
280 4.427877
281 4.398969
282 4.379987
283 4.359622
284 4.340527
285 4.324721
286 4.307396
287 4.292777
288 4.274623
289 4.256874
290 4.24334
291 4.224343
292 4.20927
293 4.196108
294 4.181117
295 4.167993
296 4.152991
297 4.136147
298 4.119274
299 4.104344
300 4.091543
301 4.077267
302 4.063203
303 4.051047
304 4.037344
305 4.025496
306 4.01371
307 4.00031
308 3.988684
309 3.975433
310 3.9638
311 3.952109
312 3.940325
313 3.9301
314 3.917981
315 3.905672
316 3.894927
317 3.880258
318 3.867015
319 3.851482
320 3.839532
321 3.823132
322 3.808391
323 3.79084
324 3.772591
325 3.75368
326 3.734152
327 3.716458
328 3.695414
329 3.676223
330 3.650303
331 3.629203
332 3.603883
333 3.580677
334 3.55629
335 3.527211
336 3.49748
337 3.46779
338 3.437583
339 3.407437
340 3.376137
341 3.347201
342 3.308036
343 3.267099
344 3.238643
345 3.194093
346 3.153026
347 3.109972
348 3.065299
349 3.024996
350 2.977523
351 2.922254
352 2.872086
353 2.815694
354 2.758634
355 2.713276
356 2.660229
357 2.59937
358 2.544086
359 2.495186
360 2.425128
361 2.362643
362 2.315093
363 2.254768
364 2.201894
365 2.156569
366 2.107103
367 2.065218
368 2.019486
369 1.965362
370 1.929585
371 1.891627
372 1.860442
373 1.827531
374 1.789178
375 1.75699
376 1.730602
377 1.700515
378 1.678193
379 1.65761
380 1.641111
381 1.623731
382 1.60957
383 1.594301
384 1.578005
385 1.562628
386 1.551137
387 1.536781
388 1.525808
389 1.513224
390 1.502533
391 1.49054
392 1.48007
393 1.468563
394 1.45908
395 1.448908
396 1.439761
397 1.432874
398 1.426502
399 1.422212
400 1.418936
401 1.416648
402 1.415239
403 1.414514
404 1.413868
405 1.413054
406 1.411688
407 1.409709
408 1.405374
409 1.399402
410 1.390069
411 1.379025
412 1.356588
413 1.334572
414 1.310534
415 1.273041
416 1.234854
417 1.182268
418 1.135172
419 1.074234
420 1.014469
421 0.9216011
422 0.8431399
423 0.7718006
424 0.6780428
425 0.5952193
426 0.5138369
427 0.4335552
428 0.34709
429 0.2667329
430 0.1743678
431 0.09666596
432 0.00100494
433 6.215064
434 6.142654
435 6.084623
436 6.031413
437 5.976193
438 5.933583
439 5.890158
440 5.851856
441 5.813896
442 5.78796
443 5.763714
444 5.741298
445 5.724391
446 5.709667
447 5.697866
448 5.688061
449 5.68043
450 5.672031
451 5.665114
452 5.66215
453 5.661998
454 5.665958
455 5.684478
456 5.711955
457 5.737454
458 5.782802
459 5.829906
460 5.887129
461 5.997585
462 6.091659
463 6.246832
464 0.05340224
465 0.1416438
466 0.2587574
467 0.4003027
468 0.491102
469 0.6114109
470 0.7003818
471 0.789122
472 0.8498129
473 0.9092866
474 0.9514753
475 0.9920015
476 1.021362
477 1.048574
478 1.07046
479 1.087606
480 1.099104
481 1.107509
482 1.113914
483 1.116814
484 1.117557
485 1.11601
486 1.110868
487 1.104318
488 1.094425
489 1.083654
490 1.066404
491 1.044265
492 1.02385
493 0.9967965
494 0.9578249
495 0.9115679
496 0.8620059
497 0.8199413
498 0.767538
499 0.6918709
500 0.6462387
501 0.5837089
502 0.5292965
503 0.4511133
504 0.3756575
505 0.3060041
506 0.2236373
507 0.1394601
508 0.05488355
509 6.233697
510 6.152339
511 6.064655
512 5.989884
513 5.910563
514 5.852528
515 5.790483
516 5.740123
517 5.693578
518 5.643995
519 5.598083
520 5.554364
521 5.512172
522 5.476158
523 5.43541
524 5.400032
525 5.359679
526 5.324364
527 5.283956
528 5.248454
529 5.207713
530 5.166909
531 5.126025
532 5.09012
533 5.05398
534 5.012406
535 4.976033
536 4.934403
537 4.892711
538 4.845942
539 4.7994
540 4.759005
541 4.719036
542 4.685036
543 4.652156
544 4.615959
545 4.585991
546 4.5533
547 4.526266
548 4.497111
549 4.473017
550 4.447307
551 4.423283
552 4.40062
553 4.376517
554 4.356372
555 4.33732
556 4.31906
557 4.303661
558 4.286685
559 4.272281
560 4.254155
561 4.23844
562 4.223066
563 4.20788
564 4.194692
565 4.179743
566 4.16485
567 4.150001
568 4.133402
569 4.116819
570 4.100326
571 4.086102
572 4.073921
573 4.061864
574 4.048209
575 4.036387
576 4.021298
577 4.007903
578 3.997882
579 3.986234
580 3.974572
581 3.961163
582 3.947637
583 3.93567
584 3.923526
585 3.909414
586 3.896814
587 3.882066
