0 0
1 -40.62
2 -40.62
3 -40.62468
4 -40.67138
5 -40.75428
6 -40.908
7 -41.11198
8 -41.39106
9 -41.75459
10 -42.14724
11 -42.77329
12 -43.52923
13 -44.4189
14 -45.56479
15 -46.46434
16 -47.58525
17 -48.80361
18 -50.11651
19 -51.5205
20 -53.20453
21 -54.99447
22 -56.88554
23 -58.87293
24 -60.71678
25 -62.63026
26 -64.86269
27 -66.9146
28 -68.7599
29 -70.92387
30 -73.14455
31 -75.13272
32 -77.74886
33 -79.82886
34 -82.25285
35 -84.41333
36 -87.24287
37 -89.80444
38 -92.40718
39 -95.04836
40 -97.72514
41 -100.4345
42 -103.5176
43 -105.9384
44 -108.3766
45 -111.1814
46 -113.6487
47 -116.4799
48 -118.9647
49 -121.8098
50 -124.3014
51 -127.1479
52 -129.6347
53 -132.4681
54 -134.9366
55 -137.7417
56 -139.8317
57 -142.5965
58 -145.3316
59 -148.0312
60 -150.0285
61 -152.6465
62 -154.5694
63 -157.0688
64 -159.1852
65 -161.7958
66 -164.2626
67 -166.0675
68 -167.9956
69 -169.5545
70 -171.1782
71 -172.4389
72 -173.526
73 -174.3287
74 -175.1466
75 -175.8504
76 -176.5834
77 -177.0143
78 -177.351
79 -177.5154
80 -177.4903
81 -177.2789
82 -176.8893
83 -176.322
84 -175.4733
85 -174.4165
86 -173.3308
87 -171.9459
88 -170.3649
89 -168.7892
90 -166.8188
91 -164.8894
92 -163.0655
93 -161.1195
94 -158.1353
95 -155.5756
96 -152.5115
97 -149.252
98 -146.1942
99 -142.9899
100 -139.6408
101 -136.1506
102 -132.9861
103 -129.2503
104 -125.8836
105 -121.9314
106 -117.8742
107 -114.2432
108 -109.4704
109 -105.1348
110 -100.7167
111 -96.78657
112 -92.79913
113 -88.75687
114 -84.07283
115 -79.92023
116 -75.11497
117 -70.24859
118 -65.94207
119 -60.9668
120 -55.93628
121 -49.57316
122 -44.42482
123 -38.57449
124 -32.66094
125 -28.02473
126 -22.68345
127 -17.29921
128 -11.87297
129 -7.091269
130 -2.278452
131 3.25983
132 8.139067
133 13.04942
134 17.99092
135 22.96371
136 28.68524
137 33.7249
138 39.52199
139 44.6255
140 50.4888
141 55.64101
142 61.53282
143 67.39766
144 72.48527
145 78.92226
146 83.86552
147 89.33762
148 95.11323
149 101.1385
150 105.1761
151 109.4604
152 112.91
153 116.9095
154 120.0355
155 122.7448
156 125.0321
157 127.1089
158 128.3768
159 129.4778
160 130.3209
161 130.7779
162 131.0188
163 131.0583
164 130.8556
165 130.519
166 129.9486
167 129.3039
168 128.4137
169 127.5115
170 126.2006
171 125.0754
172 123.6863
173 122.1941
174 120.6068
175 118.9343
176 117.183
177 115.356
178 113.216
179 110.9896
180 108.9375
181 106.8154
182 104.6227
183 102.6472
184 100.3285
185 98.25186
186 95.83514
187 92.16956
188 89.43731
189 87.09457
190 84.68377
191 81.98343
192 80.19488
193 78.62973
194 77.76794
195 77.42731
196 77.42353
197 77.80013
198 78.48449
199 79.41086
200 80.80574
201 82.7879
202 84.50977
203 86.19034
204 88.5621
205 90.84405
206 93.27032
207 96.1553
208 98.50286
209 101.2873
210 104.1719
211 106.7726
212 109.8264
213 112.5657
214 115.7683
215 119.0432
216 121.9645
217 125.3621
218 128.3822
219 132.3236
220 136.3224
221 139.917
222 143.5392
223 147.1699
224 151.2217
225 155.6193
226 160.1268
227 164.099
228 166.9578
229 169.4652
230 172.0601
231 173.4529
232 175.0001
233 176.2369
234 177.3378
235 178.2736
236 179.0213
237 179.6195
238 179.9244
239 180.0103
240 179.8885
241 179.541
242 178.8853
243 178.1863
244 177.1908
245 175.6556
246 174.3924
247 172.9828
248 170.9652
249 168.7259
250 166.5534
251 163.9097
252 161.3866
253 158.7035
254 155.8624
255 153.2509
256 150.1305
257 147.2871
258 143.9164
259 139.9807
260 136.3683
261 132.6616
262 128.8692
263 124.9968
264 121.0504
265 117.5399
266 113.4637
267 109.8431
268 105.6465
269 101.9254
270 97.61852
271 92.71255
272 88.85985
273 84.42104
274 79.94744
275 76.0056
276 71.46925
277 67.47342
278 62.87664
279 56.5071
280 51.25797
281 45.39055
282 41.26365
283 36.52914
284 31.77684
285 27.60503
286 22.82305
287 18.62759
288 13.21973
289 7.800173
290 3.578682
291 -2.460592
292 -7.296277
293 -11.5275
294 -16.35974
295 -20.58149
296 -25.39425
297 -30.78858
298 -36.15741
299 -40.90427
300 -45.03453
301 -49.7258
302 -54.38552
303 -58.43623
304 -63.03383
305 -67.02784
306 -70.99345
307 -75.48863
308 -79.38793
309 -83.80355
310 -87.63019
311 -91.42095
312 -95.1742
313 -98.36002
314 -102.0384
315 -105.6733
316 -108.7529
317 -112.8044
318 -116.2951
319 -120.2173
320 -123.1092
321 -126.8944
322 -130.1368
323 -133.7577
324 -137.2813
325 -140.7002
326 -144.0087
327 -146.8088
328 -149.8955
329 -152.493
330 -155.6839
331 -158.0451
332 -160.6084
333 -162.728
334 -164.7244
335 -166.8449
336 -168.7565
337 -170.4342
338 -171.8874
339 -173.1288
340 -174.2138
341 -175.0446
342 -175.9461
343 -176.6536
344 -177.0137
345 -177.3796
346 -177.5259
347 -177.5001
348 -177.2996
349 -176.9802
350 -176.4503
351 -175.6448
352 -174.7569
353 -173.584
354 -172.2222
355 -171.0257
356 -169.5076
357 -167.6071
358 -165.7444
359 -163.9794
360 -161.2421
361 -158.5696
362 -156.3582
363 -153.34
364 -150.4924
365 -147.8755
366 -144.7457
367 -141.8886
368 -138.4901
369 -134.0481
370 -130.8168
371 -127.0092
372 -123.5835
373 -119.5676
374 -114.4069
375 -109.6369
376 -105.3037
377 -99.77153
378 -95.25854
379 -90.67212
380 -86.60156
381 -81.88667
382 -77.70823
383 -72.87454
384 -67.36497
385 -61.78228
386 -57.39137
387 -51.68527
388 -47.20148
389 -42.03031
390 -37.46509
391 -32.20139
392 -27.56128
393 -22.21567
394 -17.50315
395 -12.07816
396 -6.612167
397 -1.796238
398 3.74546
399 8.627543
400 13.5406
401 18.48475
402 23.46012
403 28.46681
404 34.22684
405 39.29941
406 45.13208
407 50.26332
408 56.89064
409 62.04779
410 67.91182
411 72.9968
412 80.13182
413 85.58421
414 90.10143
415 95.56291
416 100.0888
417 104.8032
418 108.1874
419 111.7443
420 114.5767
421 118.1606
422 120.6344
423 122.5142
424 124.5504
425 126.02
426 127.1937
427 128.1311
428 128.9018
429 129.436
430 129.8734
431 130.0995
432 130.1656
433 130.0514
434 129.7307
435 129.288
436 128.7008
437 127.8602
438 126.986
439 125.8383
440 124.5418
441 122.9171
442 121.5397
443 119.8563
444 117.8366
445 115.9378
446 113.9483
447 111.8761
448 109.7278
449 107.7887
450 105.2188
451 102.2704
452 100.1546
453 97.69377
454 95.20019
455 91.77306
456 88.73759
457 86.77113
458 84.28774
459 82.38641
460 80.80927
461 79.03206
462 78.18726
463 77.71765
464 77.81111
465 78.1039
466 78.7191
467 79.80003
468 80.72308
469 82.35049
470 83.90623
471 85.90698
472 87.63231
473 89.76875
474 91.76674
475 94.18436
476 96.40801
477 99.06252
478 101.8291
479 104.6998
480 107.2913
481 109.9522
482 113.0731
483 115.8691
484 119.1344
485 122.0485
486 125.867
487 128.8873
488 132.3874
489 135.4873
490 139.5151
491 143.5776
492 146.7455
493 150.3398
494 154.739
495 159.2212
496 163.2066
497 165.8287
498 168.4441
499 171.3929
500 172.8415
501 174.462
502 175.6134
503 176.946
504 177.9646
505 178.7034
506 179.3547
507 179.7887
508 179.999
509 179.9525
510 179.6644
511 179.0693
512 178.3053
513 177.1889
514 176.1367
515 174.7442
516 173.3671
517 171.8495
518 169.9501
519 167.8792
520 165.6404
521 163.2377
522 161.0035
523 158.3018
524 155.8096
525 152.8187
526 150.0826
527 146.8263
528 143.8708
529 140.3805
530 136.7833
531 133.0908
532 129.7885
533 126.4235
534 122.5061
535 119.0195
536 114.9703
537 110.8548
538 106.1493
539 101.3688
540 97.05965
541 92.70052
542 88.85143
543 84.97256
544 80.50567
545 76.56872
546 72.03773
547 68.04576
548 63.45259
549 59.40825
550 54.75928
551 50.08407
552 45.38519
553 40.07349
554 35.33165
555 30.57247
556 25.79768
557 21.60829
558 16.80883
559 12.60107
560 7.184513
561 2.364464
562 -2.461179
563 -7.289725
564 -11.51434
565 -16.33911
566 -21.15622
567 -25.96099
568 -31.34705
569 -36.70853
570 -42.04071
571 -46.75113
572 -50.84836
573 -54.9221
574 -59.54804
575 -63.56842
576 -68.69812
577 -73.21835
578 -76.58232
579 -80.47685
580 -84.33719
581 -88.70561
582 -93.02579
583 -96.76449
584 -100.4624
585 -104.636
586 -108.2392
587 -112.2985
