0 0
1 108.73
2 108.73
3 108.7267
4 108.6886
5 108.6202
6 108.491
7 108.3149
8 108.0653
9 107.7249
10 107.3513
11 106.792
12 106.1455
13 105.4165
14 104.5127
15 103.8235
16 102.9783
17 102.0714
18 101.1021
19 100.0694
20 98.82953
21 97.50494
22 96.09341
23 94.59272
24 93.18253
25 91.69952
26 89.94318
27 88.30264
28 86.80536
29 85.02358
30 83.16664
31 81.48048
32 79.22903
33 77.41343
34 75.26981
35 73.33417
36 70.76316
37 68.39983
38 65.96268
39 63.4511
40 60.86426
41 58.20127
42 55.1132
43 52.64296
44 50.112
45 47.14413
46 44.48022
47 41.35795
48 38.5573
49 35.27736
50 32.33754
51 28.89726
52 25.81572
53 22.21137
54 18.98468
55 15.21298
56 12.32497
57 8.394802
58 4.372939
59 0.25819
60 -2.889429
61 -7.165707
62 -10.42977
63 -14.85291
64 -18.78446
65 -23.917
66 -29.12282
67 -33.20783
68 -37.90014
69 -42.01208
70 -46.69873
71 -50.71968
72 -54.56082
73 -57.71081
74 -61.32462
75 -64.93723
76 -69.58672
77 -73.2
78 -77.30954
79 -81.37582
80 -85.89031
81 -89.841
82 -93.71898
83 -97.51553
84 -101.6756
85 -105.6705
86 -109.0253
87 -112.6169
88 -116.0917
89 -119.0925
90 -122.3708
91 -125.1929
92 -127.584
93 -129.8956
94 -133.0526
95 -135.4542
96 -138.0227
97 -140.4456
98 -142.4712
99 -144.3755
100 -146.1571
101 -147.8177
102 -149.1714
103 -150.6053
104 -151.7634
105 -152.9786
106 -154.0806
107 -154.9549
108 -155.9594
109 -156.7425
110 -157.4262
111 -157.9458
112 -158.3948
113 -158.7761
114 -159.1331
115 -159.3796
116 -159.5892
117 -159.7243
118 -159.7828
119 -159.7835
120 -159.7153
121 -159.5347
122 -159.3143
123 -158.987
124 -158.5716
125 -158.1904
126 -157.6926
127 -157.1314
128 -156.5096
129 -155.9185
130 -155.2875
131 -154.5234
132 -153.823
133 -153.0981
134 -152.3528
135 -151.5912
136 -150.7057
137 -149.9195
138 -149.0084
139 -148.1994
140 -147.2585
141 -146.4165
142 -145.4248
143 -144.3939
144 -143.4557
145 -142.1625
146 -141.076
147 -139.7419
148 -138.1338
149 -136.1699
150 -134.6381
151 -132.7533
152 -130.9816
153 -128.5292
154 -126.1974
155 -123.7511
156 -121.2264
157 -118.3495
158 -116.1283
159 -113.6521
160 -110.9973
161 -108.7605
162 -106.4954
163 -104.4638
164 -101.4689
165 -99.31036
166 -96.78706
167 -94.53522
168 -91.91755
169 -89.59098
170 -86.55099
171 -84.14822
172 -81.36059
173 -78.52859
174 -75.65125
175 -72.72575
176 -69.75083
177 -66.72681
178 -63.26508
179 -59.74077
180 -56.55798
181 -53.33078
182 -50.06143
183 -47.16694
184 -43.81914
185 -40.85228
186 -37.41232
187 -32.12458
188 -28.04219
189 -24.36983
190 -20.32011
191 -15.19959
192 -11.17362
193 -6.640399
194 -2.795122
195 0.4036408
196 2.73377
197 5.926134
198 8.509448
199 10.80552
200 13.31928
201 16.00164
202 17.8724
203 19.44862
204 21.39616
205 23.06505
206 24.68709
207 26.46832
208 27.83096
209 29.37416
210 30.91173
211 32.25956
212 33.8107
213 35.18319
214 36.77564
215 38.3999
216 39.85224
217 41.55422
218 43.08689
219 45.12607
220 47.25373
221 49.23042
222 51.30099
223 53.47546
224 56.04616
225 59.05104
226 62.41919
227 65.70773
228 68.33086
229 70.88921
230 73.91354
231 75.76537
232 78.10843
233 80.29506
234 82.60572
235 85.03075
236 87.54678
237 90.46535
238 93.12302
239 95.82836
240 98.56874
241 101.3312
242 104.4529
243 106.8868
244 109.6676
245 113.1332
246 115.5472
247 117.9443
248 120.9934
249 124.0044
250 126.6475
251 129.5766
252 132.1333
253 134.6374
254 137.0805
255 139.1596
256 141.4571
257 143.39
258 145.4998
259 147.734
260 149.5841
261 151.2964
262 152.8643
263 154.2823
264 155.5455
265 156.5209
266 157.485
267 158.1942
268 158.849
269 159.283
270 159.6203
271 159.795
272 159.7801
273 159.6043
274 159.2615
275 158.8285
276 158.1865
277 157.4991
278 156.5741
279 155.0697
280 153.6483
281 151.88
282 150.5286
283 148.8742
284 147.1071
285 145.4719
286 143.5045
287 141.6988
288 139.2642
289 136.7055
290 134.6306
291 131.5385
292 128.9576
293 126.6219
294 123.8649
295 121.3772
296 118.4494
297 115.0495
298 111.5382
299 108.3252
300 105.4458
301 102.0802
302 98.63618
303 95.5592
304 91.97184
305 88.77236
306 85.51774
307 81.73252
308 78.36463
309 74.45368
310 70.97836
311 67.45392
312 63.88133
313 60.78136
314 57.12142
315 53.41547
316 50.20277
317 45.86773
318 42.02729
319 37.58629
320 34.22041
321 29.68766
322 25.68054
323 21.0564
324 16.38813
325 11.68069
326 6.938043
327 2.761936
328 -2.038624
329 -6.261679
330 -11.71908
331 -15.9834
332 -20.87507
333 -25.16893
334 -29.46609
335 -34.36658
336 -39.16264
337 -43.76356
338 -48.15855
339 -52.345
340 -56.48532
341 -60.11094
342 -64.77917
343 -69.44577
344 -72.54987
345 -77.17596
346 -81.24366
347 -85.2648
348 -89.23091
349 -92.64605
350 -96.4776
351 -100.6854
352 -104.2772
353 -108.1193
354 -111.8033
355 -114.5848
356 -117.6798
357 -121.0509
358 -123.9464
359 -126.3989
360 -129.763
361 -132.6381
362 -134.7715
363 -137.3859
364 -139.5856
365 -141.4104
366 -143.3813
367 -145.0054
368 -146.7466
369 -148.7516
370 -150.041
371 -151.4021
372 -152.4968
373 -153.6403
374 -154.915
375 -155.9181
376 -156.6991
377 -157.536
378 -158.0985
379 -158.5702
380 -158.9128
381 -159.2285
382 -159.4416
383 -159.6157
384 -159.7257
385 -159.7478
386 -159.7057
387 -159.5764
388 -159.4175
389 -159.1737
390 -158.9055
391 -158.5325
392 -158.1514
393 -157.6533
394 -157.1645
395 -156.5476
396 -155.8722
397 -155.2376
398 -154.469
399 -153.7642
400 -153.0344
401 -152.2842
402 -151.5178
403 -150.7391
404 -149.8367
405 -149.036
406 -148.1073
407 -147.2805
408 -146.1915
409 -145.3165
410 -144.2789
411 -143.331
412 -141.8773
413 -140.6473
414 -139.5218
415 -137.9867
416 -136.531
417 -134.775
418 -133.3145
419 -131.5422
420 -129.9026
421 -127.4348
422 -125.3825
423 -123.5542
424 -121.1952
425 -119.1288
426 -117.1275
427 -115.1522
428 -113.0743
429 -111.1466
430 -108.8234
431 -106.6933
432 -103.8366
433 -101.5343
434 -98.83087
435 -96.41272
436 -93.95352
437 -91.1009
438 -88.57266
439 -85.65088
440 -82.69785
441 -79.34118
442 -76.70618
443 -73.66644
444 -70.20768
445 -67.09714
446 -63.95139
447 -60.76793
448 -57.54448
449 -54.69068
450 -50.97483
451 -46.7815
452 -43.80294
453 -40.34975
454 -36.83652
455 -31.89398
456 -27.29852
457 -24.14594
458 -19.83872
459 -16.15553
460 -12.65396
461 -7.572052
462 -3.923644
463 1.030266
464 3.517126
465 5.608765
466 8.017672
467 10.73074
468 12.45957
469 14.89971
470 16.80315
471 18.87749
472 20.43692
473 22.16236
474 23.63009
475 25.26548
476 26.6655
477 28.23916
478 29.79257
479 31.33422
480 32.68036
481 34.03023
482 35.58471
483 36.96165
484 38.56161
485 39.9906
486 41.87754
487 43.3919
488 45.18132
489 46.80544
490 48.98585
491 51.28794
492 53.17181
493 55.42359
494 58.38132
495 61.6739
496 64.90919
497 67.25551
498 69.83781
499 73.16653
500 75.03201
501 77.39235
502 79.317
503 81.93487
504 84.39172
505 86.62008
506 89.23412
507 91.90507
508 94.61945
509 98.05473
510 100.8213
511 103.9421
512 106.7186
513 109.8341
514 112.2503
515 114.9993
516 117.3863
517 119.753
518 122.4305
519 125.0794
520 127.6971
521 130.2764
522 132.4965
523 134.9845
524 137.1119
525 139.4773
526 141.4795
527 143.68
528 145.5193
529 147.5127
530 149.3787
531 151.1079
532 152.5033
533 153.7849
534 155.1058
535 156.1328
536 157.1565
537 158.0172
538 158.7871
539 159.3422
540 159.6545
541 159.7952
542 159.7773
543 159.6299
544 159.3055
545 158.8889
546 158.2655
547 157.5947
548 156.6892
549 155.7793
550 154.6107
551 153.3122
552 151.8887
553 150.1431
554 148.4677
555 146.6801
556 144.7834
557 143.0366
558 140.9428
559 139.0275
560 136.454
561 134.0626
562 131.5739
563 128.9892
564 126.6499
565 123.8888
566 121.0358
567 118.0929
568 114.6766
569 111.1501
570 107.5154
571 104.1979
572 101.2308
573 98.20453
574 94.67465
575 91.5248
576 87.39298
577 83.64452
578 80.78767
579 77.40692
580 73.9761
581 69.99462
582 65.94924
583 62.35796
584 58.71933
585 54.50377
586 50.76612
587 46.43914
