0 0
-40.62 108.73
-40.62 108.73
-40.62791 108.724
-40.67047 108.6893
-40.75327 108.6211
-40.90422 108.4946
-41.23203 108.2101
-41.59359 107.8799
-42.06094 107.4255
-42.55448 106.9081
-43.14194 106.3121
-43.97137 105.6231
-44.97196 104.9042
-45.99706 104.2379
-47.10434 103.4874
-48.44546 102.5397
-49.54424 101.7115
-50.8713 100.686
-52.09565 99.72256
-53.58233 98.56913
-54.95961 97.51565
-56.62452 96.26855
-58.37677 94.96563
-59.97609 93.77441
-61.86673 92.34066
-63.80242 90.80489
-65.78563 89.17361
-67.56048 87.67128
-69.64772 85.88779
-71.80257 84.04108
-74.03584 82.14635
-76.34536 80.20332
-79.33571 77.70556
-81.8112 75.65543
-84.0185 73.8028
-86.56945 71.59828
-89.13787 69.28944
-91.70959 66.86501
-93.96032 64.64996
-96.86362 61.687
-99.46804 58.96223
-102.4493 55.82086
-105.17 52.98699
-107.6103 50.48165
-110.1027 47.95015
-112.6337 45.38058
-115.5501 42.37579
-118.4627 39.27274
-120.9855 36.459
-123.8204 33.11868
-126.2524 30.08615
-128.9775 26.50129
-131.3261 23.27278
-133.6599 19.9746
-136.3357 16.1406
-138.7187 12.75435
-141.5061 8.861131
-144.3359 4.926051
-147.5559 0.4402071
-150.0552 -3.112644
-152.8659 -7.267917
-155.5769 -11.55258
-157.8339 -15.42326
-160.2404 -19.99785
-161.9085 -23.53526
-163.7004 -27.77043
-165.3453 -32.10647
-167.0827 -37.16282
-168.4764 -41.67072
-169.9762 -46.89786
-171.2928 -51.5111
-172.8217 -56.82154
-174.0883 -61.52561
-175.5669 -67.66412
-176.6322 -72.49854
-177.6306 -78.10311
-178.2593 -83.80207
-178.3223 -90.28703
-177.6589 -96.05396
-176.0731 -102.4244
-173.437 -108.4752
-169.9462 -114.1356
-165.9079 -119.4762
-161.0791 -125.2062
-156.1329 -130.906
-151.5951 -136.0249
-147.4365 -140.5015
-142.4234 -145.2588
-136.8958 -149.433
-131.4464 -152.3542
-124.8277 -154.5131
-119.4415 -155.2774
-113.2045 -155.2862
-106.2011 -154.518
-98.37034 -153.9048
-91.27287 -154.1933
-85.80283 -155.1013
-78.8951 -156.9977
-72.1215 -159.423
-63.09936 -162.7549
-54.50865 -164.6819
-46.70491 -165.8568
-40.55458 -166.656
-33.75961 -167.3778
-25.52703 -167.1253
-16.13098 -166.2986
-10.06601 -166.3042
-2.269518 -166.3662
5.804767 -166.4599
11.85207 -166.4324
17.14929 -166.3212
24.5099 -166.0409
30.33312 -164.7458
31.56738 -162.6363
32.74854 -160.5277
33.52607 -159.121
34.59434 -157.2034
35.31721 -155.684
36.47058 -154.184
37.12488 -153.2885
37.4474 -152.6474
37.78226 -152.0551
38.10802 -151.4779
38.32139 -151.021
38.47229 -150.6328
38.61414 -150.2194
38.73133 -149.818
38.81961 -149.4775
38.847 -149.2752
38.83762 -149.1677
38.79421 -149.1279
38.74459 -149.2152
38.69573 -149.3326
38.60225 -149.533
38.4782 -149.7669
38.33485 -149.9801
38.20895 -150.2896
38.07987 -150.7358
37.93827 -151.2616
37.82697 -151.679
37.73077 -152.0511
37.61692 -152.555
37.50457 -153.0012
37.45925 -153.3328
37.444 -153.3612
37.4269 -153.1551
37.41299 -152.8669
37.38851 -152.3766
37.34624 -151.8063
37.42477 -150.8616
37.53432 -150.2003
37.61966 -149.7987
37.71135 -149.4104
37.77782 -149.1334
37.82796 -148.9243
37.8516 -148.8241
37.86636 -148.748
37.85359 -148.7737
37.82665 -148.8535
37.77358 -149.023
37.71703 -149.2086
37.63555 -149.5006
37.56176 -149.7903
37.47295 -150.1853
37.3838 -150.5993
37.29112 -151.0723
37.18934 -151.6536
37.11302 -152.1371
