0 0
1 0.744287
2 0.743745
3 0.738838
4 0.728765
5 0.708754
6 0.657806
7 0.588948
8 0.478302
9 0.331289
10 0.172122
11 0.0199214
12 0.0100174
13 0.060798
14 0.0945446
15 0.109528
16 0.0845887
17 0.0399873
18 -0.00932465
19 -0.0484624
20 -0.0653452
21 -0.0554431
22 -0.0265812
23 0.00782555
24 0.0391342
25 0.0518424
26 0.0302977
27 -0.0123006
28 -0.0628542
29 -0.104734
30 -0.117368
31 -0.100717
32 -0.0822289
33 0.0138878
34 0.0996614
35 0.17401
36 0.208612
37 0.188233
38 0.138411
39 0.0154207
40 -0.107549
41 -0.221126
42 -0.260698
43 -0.237711
44 -0.121563
45 0.0122945
46 0.16746
47 0.290343
48 0.346952
49 0.190228
50 0.210435
51 0.13621
52 0.0110556
53 -0.139007
54 -0.276486
55 -0.383818
56 -0.401166
57 -0.330158
58 -0.135579
59 0.0522089
60 0.272469
61 0.451808
62 0.549983
63 0.579779
64 0.575388
65 0.440629
66 0.195819
67 -0.00565737
68 -0.271246
69 -0.589619
70 -0.641572
71 -0.570503
72 -0.457601
73 -0.163564
74 0.269562
75 0.626163
76 1.23031
77 1.54931
78 1.62101
79 1.41999
80 0.542356
81 -0.652523
82 -1.76889
83 -2.34167
84 -2.33415
85 -1.44715
86 -0.211373
87 1.33588
88 2.62579
89 3.20974
90 3.00293
91 2.37019
92 0.933149
93 -1.48829
94 -3.23267
95 -3.79813
96 -3.51441
97 -2.21007
98 0.173637
99 3.35708
100 5.24903
101 6.63821
102 7.69703
103 9.25796
104 10.7397
105 13.8588
106 26.5404
107 -107.613
108 -15.1486
109 -13.6513
110 -15.8419
111 -37.2704
112 -40.8567
113 -12.8668
114 -12.7658
115 -80.1746
116 11.4823
117 6.7602
118 5.00017
119 4.21753
120 3.67744
121 3.23306
122 2.7647
123 2.3366
124 1.91449
125 1.3942
126 0.775228
127 0.198605
128 -0.180696
129 -0.401871
130 -0.507081
131 -0.366116
132 -0.162865
133 0.220949
134 0.75985
135 1.49943
136 2.8563
137 4.5555
138 7.06634
139 9.31163
140 11.1006
141 13.7926
142 17.2131
143 16.6045
144 16.3062
145 15.8556
146 15.288
147 14.3467
148 12.4043
149 5.50518
150 2.10573
151 0.598695
152 -0.637881
153 -1.45429
154 -2.04427
155 -2.3116
156 -2.52506
157 -2.48321
158 -2.30066
159 -1.87718
160 -1.3789
161 -0.475893
162 0.567944
163 2.23234
164 4.24458
165 7.01164
166 11.6761
167 17.1293
