0 0
1 0.4380091
2 4.818004
3 3.22183
4 2.024812
5 1.855886
6 2.990039
7 5.033891
8 6.972425
9 8.998933
10 10.76946
11 12.36014
12 14.24679
13 16.18657
14 17.7946
15 19.39948
16 21.20132
17 22.57728
18 24.12834
19 25.46431
20 26.96211
21 28.26063
22 29.71941
23 31.15446
24 32.39286
25 33.77864
26 35.14193
27 36.48996
28 37.64985
29 38.95222
30 40.23648
31 41.49624
32 42.73787
33 44.26213
34 45.45861
35 46.48348
36 47.64309
37 48.78243
38 49.90359
39 50.87152
40 52.0952
41 53.16352
42 54.34343
43 55.37323
44 56.2617
45 57.13712
46 57.99708
47 58.96584
48 59.91471
49 60.735
50 61.65669
51 62.45374
52 63.34889
53 64.12183
54 64.88335
55 65.73901
56 66.47523
57 67.30532
58 68.11987
59 69.01941
60 69.69969
61 70.47401
62 71.21871
63 71.87334
64 72.58884
65 73.13408
66 73.74688
67 74.36701
68 75.0519
69 75.64905
70 76.32281
71 76.90201
72 77.5369
73 78.07127
74 78.78708
75 79.32053
76 79.83549
77 80.41556
78 80.87587
79 81.44264
80 81.85532
81 82.349
82 82.93685
83 83.47443
84 84.07821
85 84.68856
86 85.25141
87 85.60135
88 86.11382
89 86.25709
90 86.65779
91 86.75958
92 87.14399
93 87.3793
94 87.72546
95 88.05851
96 88.50426
97 88.76726
98 89.24711
99 89.58345
100 89.80479
101 89.2886
102 87.48523
103 86.29819
104 84.43652
105 83.2784
106 76.72349
107 75.89393
108 72.80909
109 72.92664
110 73.0807
111 73.09064
112 72.94981
113 23.36154
114 22.66377
115 23.52733
116 24.77275
117 27.05359
118 19.85973
119 17.05655
120 14.9547
121 10.44205
122 9.135565
123 7.773385
124 6.533872
125 5.739431
126 6.377296
127 5.403149
128 3.617771
129 2.305301
130 1.436124
131 0.9262833
132 1.796544
133 2.510484
134 3.183758
135 3.769403
136 4.390252
137 5.320027
138 5.970391
139 6.087345
140 6.035699
141 6.248339
142 6.601435
143 4.779562
144 1.83655
145 1.010595
146 3.052608
147 4.954508
148 7.010626
149 8.705881
150 9.912099
151 7.098508
152 4.727223
153 3.607422
154 2.854698
155 2.061956
156 1.355627
157 0.2967392
158 0.7313343
159 1.491563
160 2.371847
161 2.970988
162 3.744114
163 4.496957
164 5.46216
165 6.27503
166 7.016494
167 7.586661
168 8.005062
