0 0
1 3.733667
2 3.73368
3 3.734903
4 3.745924
5 3.767665
6 3.798887
7 3.834457
8 3.875751
9 3.884028
10 3.863052
11 3.827971
12 3.793738
13 3.770838
14 3.75544
15 3.757104
16 3.764745
17 3.773763
18 3.78266
19 3.79318
20 3.80045
21 3.805494
22 3.808372
23 3.810687
24 3.812541
25 3.815886
26 3.820958
27 3.826209
28 3.833198
29 3.839982
30 3.848886
31 3.857418
32 3.866721
33 3.873788
34 3.880809
35 3.887884
36 3.894295
37 3.902126
38 3.909489
39 3.91743
40 3.927147
41 3.938815
42 3.948373
43 3.959737
44 3.969993
45 3.980901
46 3.994069
47 4.005366
48 4.018023
49 4.030353
50 4.042247
51 4.053283
52 4.066158
53 4.077795
54 4.091328
55 4.10506
56 4.117606
57 4.132954
58 4.147535
59 4.166064
60 4.184603
61 4.208035
62 4.230694
63 4.259087
64 4.286121
65 4.318615
66 4.348176
67 4.378819
68 4.414377
69 4.44563
70 4.482923
71 4.522916
72 4.565066
73 4.604891
74 4.66148
75 4.717678
76 4.773387
77 4.854577
78 4.935898
79 5.036651
80 5.144547
81 5.257354
82 5.372315
83 5.475053
84 5.599585
85 5.706107
86 5.803234
87 5.888937
88 5.961072
89 6.005109
90 6.046562
91 6.085777
92 6.11367
93 6.135997
94 6.151552
95 6.169369
96 6.188038
97 6.208655
98 6.231267
99 6.262799
100 0.009947173
101 0.04144451
102 0.06919891
103 0.09232434
104 0.1164263
105 0.1376367
106 0.1525182
107 0.1656281
108 0.1726494
109 0.1750898
110 0.1724029
111 0.1642684
112 0.1539699
113 0.1394434
114 0.1256547
115 0.1115015
116 0.102751
117 0.09571454
118 0.09438203
119 0.101561
120 0.1135312
121 0.1399037
122 0.1818836
123 0.2175748
124 0.2825265
125 0.3776501
126 0.4903864
127 0.6627138
128 0.776707
129 0.8925004
130 1.019548
131 1.171281
132 1.314225
133 1.48289
134 1.621139
135 1.763413
136 1.880996
137 1.970518
138 2.026148
139 2.065663
140 2.086434
141 2.088697
142 2.084049
143 2.074085
144 2.068166
145 2.063919
146 2.06853
147 2.083924
148 2.11519
149 2.15234
150 2.193046
151 2.230116
152 2.254398
153 2.257186
154 2.239226
155 2.181956
156 2.045855
157 1.895648
158 1.656325
159 1.462667
160 1.186881
161 0.9645465
162 0.7984496
163 0.6106308
164 0.4943896
165 0.4004333
166 0.3583532
167 0.3644934
168 0.4064202
169 0.4694449
170 0.5218413
171 0.580891
172 0.6100593
173 0.6268739
174 0.6238875
175 0.6048177
176 0.5637417
177 0.514374
178 0.4802008
179 0.4586886
180 0.4668945
181 0.504863
182 0.6020401
183 0.7443424
184 0.8716694
185 1.048757
186 1.256366
187 1.463276
188 1.61667
189 1.743375
190 1.88668
191 1.98528
192 2.063598
193 2.128492
194 2.16008
195 2.190764
196 2.217541
197 2.247654
198 2.294922
199 2.344661
200 2.405955
201 2.477177
202 2.555275
203 2.626016
204 2.705026
205 2.770522
206 2.852949
207 2.930188
208 2.977169
209 3.012081
210 3.054744
211 3.096698
212 3.127203
213 3.160275
214 3.20152
215 3.242645
216 3.281158
217 3.327411
218 3.368706
219 3.419982
220 3.45736
221 3.494608
222 3.52629
223 3.559945
224 3.580118
225 3.59268
226 3.600362
227 3.604923
228 3.610268
229 3.616201
230 3.625701
231 3.639635
232 3.655809
233 3.678729
234 3.709043
235 3.739223
236 3.769653
237 3.795217
238 3.821549
239 3.844066
240 3.860195
241 3.877271
242 3.886631
243 3.891457
244 3.894016
245 3.896116
246 3.89876
247 3.903999
248 3.911391
249 3.922316
250 3.93949
251 3.961771
252 3.98868
253 4.015472
254 4.048494
255 4.083349
256 4.11399
257 4.155543
258 4.189757
259 4.214023
260 4.239655
261 4.266572
262 4.290127
263 4.311782
264 4.33891
265 4.37116
266 4.408261
267 4.452451
268 4.503837
269 4.561354
270 4.624876
271 4.694798
272 4.779902
273 4.863176
274 4.957196
275 5.067484
276 5.179451
277 5.298747
278 5.388735
279 5.472329
280 5.558573
281 5.638088
282 5.726578
283 5.811603
284 5.871506
285 5.922561
286 5.978714
287 6.0323
288 6.07645
289 6.128562
290 6.164095
291 6.195529
292 6.229368
293 6.251968
294 6.271456
295 0.001231978
296 0.01048686
297 0.01819538
298 0.02561029
299 0.03420804
300 0.0446399
301 0.05667913
302 0.07596667
303 0.09824042
304 0.1165482
305 0.137285
306 0.155975
307 0.1706386
308 0.1798047
309 0.1833192
310 0.1815666
311 0.1756159
312 0.1654617
313 0.1544731
314 0.1415174
315 0.1314523
316 0.1248297
317 0.1229717
318 0.1306861
319 0.1535896
320 0.1857134
321 0.2299789
322 0.2955004
323 0.4343128
324 0.5393578
325 0.7030302
326 0.8333529
327 1.020752
328 1.196045
329 1.364233
330 1.530902
331 1.689459
332 1.84213
333 1.957632
334 2.029067
335 2.064535
336 2.080272
337 2.080849
338 2.073844
339 2.06433
340 2.052875
341 2.048291
342 2.053093
343 2.075147
344 2.107667
345 2.15063
346 2.196877
347 2.244862
348 2.268612
349 2.273952
350 2.250718
351 2.189056
352 2.055797
353 1.847157
354 1.657377
355 1.418137
356 1.142504
357 0.929965
358 0.7294788
359 0.5745717
360 0.4431637
361 0.3655912
362 0.3414813
363 0.3573683
364 0.4142739
365 0.4776867
366 0.5417371
367 0.5901139
368 0.6329204
369 0.6416809
370 0.631359
371 0.5996792
372 0.556141
373 0.5173574
374 0.4896268
375 0.4782648
376 0.4885032
377 0.5466812
378 0.6226621
379 0.7737448
380 0.9056984
381 1.058298
382 1.301713
383 1.481051
384 1.675868
385 1.820573
386 1.939865
387 2.015943
388 2.077489
389 2.116067
390 2.14572
391 2.165333
392 2.188573
393 2.21344
394 2.24911
395 2.298224
396 2.369951
397 2.44918
398 2.523713
399 2.610785
400 2.684045
401 2.760561
402 2.834405
403 2.888429
404 2.932109
405 2.963054
406 2.992868
407 3.022969
408 3.049977
409 3.080718
410 3.111666
411 3.152555
412 3.198771
413 3.242792
414 3.295439
415 3.34189
416 3.392531
417 3.444752
418 3.482676
419 3.51363
420 3.537269
421 3.550507
422 3.562714
423 3.569657
424 3.574361
425 3.577426
426 3.582751
427 3.590515
428 3.601115
429 3.618279
430 3.643814
431 3.67133
432 3.702213
433 3.730429
434 3.75852
435 3.788426
436 3.810092
437 3.835151
438 3.850354
439 3.861898
440 3.866991
441 3.869751
442 3.870447
443 3.871186
444 3.874094
445 3.878835
446 3.888359
447 3.900552
448 3.919466
449 3.943304
450 3.971982
451 3.999743
452 4.029013
453 4.06284
454 4.092068
455 4.123404
