0 0
1 2.931213e-06
2 0.1918704
3 1.80444
4 3.609627
5 5.699057
6 7.7488
7 9.539604
8 11.28667
9 13.33712
10 14.8827
11 16.46286
12 18.09526
13 19.37055
14 21.29109
15 22.60927
16 24.37848
17 25.71063
18 27.02804
19 28.69346
20 30.14803
21 31.57857
22 32.81088
23 34.19749
24 35.39196
25 36.56892
26 37.89349
27 39.0345
28 40.31835
29 41.42434
30 42.82301
31 44.19579
32 45.69121
33 46.86543
34 48.02023
35 49.15596
36 50.13428
37 51.23504
38 52.18327
39 53.11774
40 54.16917
41 55.3312
42 56.22011
43 57.2202
44 58.08172
45 58.9305
46 59.88558
47 60.70859
48 61.63444
49 62.54507
50 63.44057
51 64.21163
52 65.07955
53 65.82688
54 66.66807
55 67.49516
56 68.20743
57 69.00865
58 69.69843
59 70.47395
60 71.14137
61 71.89203
62 72.53763
63 73.2634
64 73.8878
65 74.58993
66 75.19386
67 75.78864
68 76.4575
69 77.03333
70 77.67814
71 78.311
72 78.93284
73 79.46427
74 80.13333
75 80.7114
76 81.20174
77 81.80492
78 82.213
79 82.14555
80 81.65394
81 81.1164
82 80.85825
83 80.90279
84 81.23074
85 81.79046
86 82.37003
87 82.954
88 83.53762
89 83.99329
90 84.50813
91 85.15209
92 85.72305
93 86.28954
94 86.72375
95 87.21343
96 87.69582
97 88.17018
98 88.63696
99 89.20865
100 89.71334
101 90.20802
102 90.64049
103 91.05905
104 91.41998
105 91.83047
106 92.19282
107 92.59084
108 92.93905
109 93.3304
110 93.66802
111 94.04815
112 94.37554
113 94.74354
114 95.0604
115 95.41684
116 95.68011
117 96.02605
118 96.36613
119 96.69966
120 96.87377
121 96.90256
122 96.04646
123 92.71878
124 87.83975
125 82.05334
126 76.41007
127 69.42797
128 65.51298
129 62.11774
130 58.81521
131 55.8226
132 55.9735
133 56.77268
134 57.57523
135 58.46386
136 59.38844
137 60.31181
138 61.11048
139 62.02069
140 63.03004
141 63.8045
142 64.78609
143 65.64404
144 66.38323
145 67.21575
146 68.03111
147 68.83263
148 69.71451
149 70.48708
150 71.24223
151 71.9926
152 72.82465
153 73.64079
154 74.24988
155 74.99778
156 74.23833
157 70.13732
158 64.56859
159 60.62233
160 55.19019
161 53.10201
162 53.88688
163 55.01197
164 55.88658
165 57.01244
166 58.10693
167 59.17751
168 60.22258
169 61.2625
170 62.06273
171 63.08077
172 63.8605
173 64.74124
174 65.59415
175 66.43303
176 67.46662
177 68.47606
178 69.27352
179 70.15954
180 70.91228
181 71.74527
182 72.71397
183 72.38663
184 68.41402
185 63.54585
186 58.39522
187 56.06283
188 56.86119
189 57.64251
190 58.67909
191 59.62143
192 60.52668
193 61.56041
194 62.34919
195 63.23267
196 64.10897
197 64.96455
198 66.01244
199 66.82792
200 67.62466
201 68.40559
202 69.17355
203 69.828
204 70.57687
205 71.22943
206 72.13517
207 73.11656
208 73.8235
209 74.43304
210 75.28999
211 76.21455
212 76.87332
213 77.52039
214 78.23465
215 78.85628
216 79.39223
217 79.99447
218 80.51074
219 81.17099
220 81.67466
221 82.24362
222 82.80576
223 83.56596
224 84.17709
225 84.71297
226 85.30672
227 85.82528
228 86.46235
229 86.96227
230 87.45336
231 87.93581
232 88.35059
233 88.81641
234 89.33117
235 89.77589
236 90.2216
237 90.59632
238 91.02793
239 91.44828
240 91.8117
241 92.32345
242 92.77586
243 93.17152
244 93.56121
245 93.99223
246 94.36859
247 94.73844
248 95.05688
249 95.3698
250 95.72108
251 96.06533
252 96.40251
253 96.69543
254 97.01173
255 97.33339
256 97.60828
257 97.99168
258 98.33183
259 98.58875
260 98.88166
261 99.20406
262 99.48559
263 99.72742
264 99.9977
265 99.9573
266 99.57866
267 98.62074
268 97.22768
269 91.66228
270 87.35374
271 83.10316
272 78.69876
273 77.86954
274 77.73157
275 77.68855
276 77.68398
277 77.96736
278 78.51654
279 79.10743
280 79.74142
281 80.38055
282 81.14801
283 81.89929
284 82.44049
285 82.90735
286 83.43649
287 83.95871
288 84.41128
289 84.98765
290 85.43247
291 85.87202
292 86.43279
293 86.92638
294 87.47291
295 87.95308
296 88.42661
297 88.89276
298 89.35193
299 89.8034
300 90.19484
301 90.65154
302 91.08643
303 91.57082
304 91.92708
305 92.33382
306 92.7332
307 93.12719
308 93.51534
309 93.85016
310 94.22724
311 94.5522
312 94.91788
313 95.23268
314 95.58682
315 95.89179
316 96.23469
317 96.31481
318 96.90116
319 97.08613
320 96.04531
321 92.13693
322 87.83317
323 80.95715
324 76.78722
325 71.64864
326 68.22127
327 63.66862
328 59.78802
329 57.03458
330 57.47766
331 58.33369
332 59.33416
333 60.36322
334 61.27294
335 62.17564
336 63.06855
337 63.84214
338 64.71397
339 65.46581
340 66.4213
341 67.55948
342 68.37112
343 69.26027
344 70.04059
345 70.79772
346 71.54997
347 72.3851
348 73.11813
349 73.84105
350 74.61359
351 74.92249
352 74.11807
353 68.09383
354 63.64377
355 58.638
356 55.35501
357 55.48571
358 56.31494
359 57.31256
360 58.36762
361 59.44801
362 60.37159
363 61.28979
364 62.404
365 63.2905
366 64.17466
367 64.93515
368 65.90074
369 66.8462
370 67.6637
371 68.56775
372 69.46254
373 70.33401
374 71.10402
375 71.85839
376 72.59087
377 73.55881
378 74.18959
379 68.73602
380 64.84151
381 60.94272
382 55.40364
383 53.16395
384 54.31448
385 55.26597
386 56.27041
387 57.26817
388 58.33125
389 59.16994
390 60.11536
391 60.92912
392 61.95882
393 62.85437
394 63.72755
395 64.58198
396 65.51604
397 66.32349
398 67.02851
399 67.81364
400 68.49522
401 69.27666
402 70.13049
403 70.88707
404 71.63136
405 72.27467
406 72.99984
407 73.80177
408 74.50185
409 75.18891
410 75.77927
411 76.44186
412 77.09191
413 77.65118
414 78.27801
415 78.82312
416 79.42818
417 80.11317
418 80.70657
419 81.29333
420 81.87383
421 82.30331
422 82.86988
423 83.42818
424 84.04593
425 84.58615
426 85.18291
427 85.7039
428 86.15176
429 86.65498
430 87.20995
431 87.69349
432 88.17105
433 88.57333
434 88.97771
435 89.43578
436 89.82631
437 90.37674
438 90.8102
439 91.29037
440 91.71064
441 92.17548
442 92.58205
443 92.93219
444 93.37509
445 93.71353
446 94.09367
447 94.4207
448 94.78722
449 95.14677
450 95.50117
451 95.79704
452 96.09891
453 96.42902
454 96.71706
455 97.04841
