0 0
1 -0.00214534
2 -0.00184459
3 0.000545751
4 0.00644913
5 0.0173656
6 0.0407853
7 0.0672748
8 0.102572
9 0.141311
10 0.159954
11 0.109912
12 0.0459462
13 -0.00946475
14 -0.021892
15 -0.0146281
16 0.00576492
17 0.0202144
18 0.0277188
19 0.0199681
20 0.00972459
21 -0.00654623
22 -0.0159797
23 -0.0204729
24 -0.0247699
25 -0.00550325
26 0.0090571
27 0.0193692
28 0.018763
29 0.0144256
30 0.00135453
31 -0.00867616
32 -0.0246405
33 -0.034333
34 -0.0320354
35 -0.0216928
36 -0.00667126
37 0.0115226
38 0.0255473
39 0.0356374
40 0.0355416
41 0.0245891
42 0.00475634
43 -0.0123682
44 -0.035967
45 -0.041119
46 -0.0386791
47 -0.0257714
48 -0.0094531
49 -0.0155521
50 0.00835972
51 0.0310745
52 0.0420328
53 0.044953
54 0.0436903
55 0.0217537
56 -0.00521886
57 -0.0231896
58 -0.0443424
59 -0.0469177
60 -0.044786
61 -0.0281793
62 -0.0122871
63 -0.00699594
64 0.0221089
65 0.0534245
66 0.0387384
67 0.0614039
68 0.0729228
69 0.0374103
70 0.0113639
71 -0.0190835
72 -0.0282884
73 -0.0784887
74 -0.0869303
75 -0.1324
76 -0.0829551
77 -0.0105812
78 0.0169469
79 0.109707
80 0.205487
81 0.21721
82 0.169997
83 0.0848774
84 -0.0583752
85 -0.165455
86 -0.206709
87 -0.220843
88 -0.130408
89 -0.0228219
90 0.113152
91 0.226567
92 0.3445
93 0.346681
94 0.189218
95 0.0258592
96 -0.134581
97 -0.266745
98 -0.354505
99 -0.313202
100 -0.160017
101 0.0329664
102 0.127613
103 0.220128
104 0.455463
105 0.781064
106 1.16803
107 -1.50861
108 -0.554054
109 0.120765
110 0.508706
111 1.15507
112 1.21525
113 0.292668
114 -0.625776
115 -1.48747
116 0.885894
117 0.507925
118 0.409655
119 0.461507
120 0.530937
121 0.631383
122 0.729553
123 0.804697
124 0.86551
125 0.929403
126 0.962372
127 0.996044
128 1.01709
129 1.03036
130 1.04245
131 1.05678
132 1.07866
133 1.11624
134 1.17846
135 1.26628
136 1.31609
137 1.31797
138 1.33902
139 1.35408
140 1.35817
141 1.36654
142 1.38514
143 1.35708
144 1.35103
145 1.35794
146 1.36907
147 1.39017
148 1.40676
149 1.35806
150 1.30788
151 1.28109
152 1.26052
153 1.25052
154 1.24361
155 1.23938
156 1.23775
157 1.24148
158 1.24809
159 1.26087
160 1.27594
161 1.2973
162 1.31669
163 1.33824
164 1.35647
165 1.37838
166 1.41067
167 1.43789
