0 0
1 3.733651
2 3.733651
3 3.733978
4 3.736512
5 3.742694
6 3.754122
7 3.778671
8 3.806437
9 3.843441
10 3.884066
11 3.904957
12 3.865157
13 3.804038
14 3.751459
15 3.742123
16 3.753174
17 3.776737
18 3.795061
19 3.806171
20 3.802779
21 3.796553
22 3.785103
23 3.780734
24 3.780869
25 3.790745
26 3.813985
27 3.832858
28 3.847214
29 3.851541
30 3.85245
31 3.844937
32 3.840791
33 3.835153
34 3.832234
35 3.840705
36 3.858418
37 3.881162
38 3.907437
39 3.928218
40 3.948085
41 3.957118
42 3.956887
43 3.946962
44 3.938806
45 3.932436
46 3.933882
47 3.944608
48 3.966668
49 3.991731
50 4.024679
51 4.051939
52 4.080365
53 4.097864
54 4.108649
55 4.110597
56 4.101255
57 4.089918
58 4.08906
59 4.090062
60 4.10461
61 4.128143
62 4.168034
63 4.205686
64 4.260047
65 4.29865
66 4.345181
67 4.379092
68 4.411457
69 4.438434
70 4.451915
71 4.442964
72 4.440009
73 4.463711
74 4.493181
75 4.51097
76 4.571163
77 4.646617
78 4.782707
79 4.90451
80 5.061991
81 5.242239
82 5.360014
83 5.440209
84 5.452292
85 5.458321
86 5.451159
87 5.49423
88 5.570811
89 5.730668
90 5.889191
91 6.112812
92 6.255874
93 0.1236323
94 0.1845949
95 0.05683732
96 6.190229
97 6.052874
98 5.952843
99 5.872309
100 5.961671
101 6.146638
102 0.07749093
103 0.2254346
104 0.3216961
105 0.5605747
106 0.8889104
107 1.27094
108 1.83534
109 2.704062
110 3.380624
111 3.85178
112 4.439885
113 4.483937
114 3.584157
115 2.627762
116 1.872474
117 1.023733
118 0.6455435
119 0.5446876
120 0.5954437
121 0.6643434
122 0.764342
123 0.8621273
124 0.9370505
125 0.9977546
126 1.061635
127 1.094717
128 1.128592
129 1.149816
130 1.163192
131 1.175341
132 1.189627
133 1.211434
134 1.248793
135 1.310506
136 1.397107
137 1.445011
138 1.445168
139 1.463415
140 1.476029
141 1.478391
142 1.484169
143 1.49938
144 1.472731
145 1.467139
146 1.474091
147 1.485252
148 1.506555
149 1.524617
150 1.48304
151 1.436974
152 1.411941
153 1.392707
154 1.38353
155 1.377211
156 1.373243
157 1.37181
158 1.375499
159 1.381922
160 1.394242
161 1.408753
162 1.429052
163 1.447187
164 1.46675
165 1.482653
166 1.50147
167 1.529041
168 1.551828
