0 0
1 3.733651
2 3.733651
3 3.73435
4 3.739135
5 3.745586
6 3.760133
7 3.774575
8 3.800119
9 3.829836
10 3.853619
11 3.86091
12 3.848499
13 3.833019
14 3.812541
15 3.797458
16 3.787874
17 3.780111
18 3.775931
19 3.774841
20 3.777135
21 3.781191
22 3.785955
23 3.791556
24 3.797732
25 3.806037
26 3.81297
27 3.82036
28 3.828883
29 3.837403
30 3.843906
31 3.852003
32 3.859029
33 3.865088
34 3.872035
35 3.879098
36 3.886344
37 3.892896
38 3.900705
39 3.908882
40 3.917497
41 3.926536
42 3.935987
43 3.944672
44 3.955044
45 3.967282
46 3.977281
47 3.987608
48 3.998227
49 4.012275
50 4.023499
51 4.036638
52 4.048647
53 4.062895
54 4.075774
55 4.090944
56 4.104584
57 4.120769
58 4.137726
59 4.153306
60 4.17219
61 4.189906
62 4.214322
63 4.23776
64 4.262929
65 4.286542
66 4.31164
67 4.342101
68 4.36968
69 4.397068
70 4.42452
71 4.459669
72 4.49262
73 4.528148
74 4.561292
75 4.601147
76 4.636729
77 4.676932
78 4.741494
79 4.800998
80 4.848294
81 4.89948
82 4.949677
83 4.992015
84 5.0451
85 5.095371
86 5.155485
87 5.211262
88 5.268599
89 5.342172
90 5.401907
91 5.461137
92 5.512238
93 5.591454
94 5.648827
95 5.705032
96 5.759485
97 5.824261
98 5.867735
99 5.914352
100 5.95272
101 5.998501
102 6.04075
103 6.071325
104 6.103271
105 6.135947
106 6.164523
107 6.190103
108 6.217942
109 6.240509
110 6.260922
111 6.274199
112 0.0104874
113 0.02370786
114 0.03633417
115 0.04706977
116 0.06037559
117 0.07452936
118 0.08769776
119 0.09780473
120 0.1100237
121 0.1203058
122 0.1284859
123 0.1365496
124 0.1424101
125 0.1482176
126 0.1521167
127 0.1545318
128 0.1563507
129 0.1573803
130 0.1586321
131 0.1600419
132 0.1624924
133 0.1663316
134 0.1728996
135 0.1821983
136 0.1935235
137 0.2134767
138 0.2418655
139 0.2702789
140 0.3091499
141 0.3520933
142 0.3958839
143 0.4527162
144 0.523869
145 0.5940199
146 0.6702331
147 0.7515543
148 0.8360513
149 0.9221672
150 1.008062
151 1.081821
152 1.167011
153 1.248706
154 1.357951
155 1.454929
156 1.536646
157 1.623974
158 1.6929
159 1.764533
160 1.821725
161 1.880111
162 1.925371
163 1.97046
164 2.009857
165 2.040169
166 2.070395
167 2.095845
168 2.116338
169 2.13316
170 2.147169
171 2.157973
172 2.168682
173 2.17584
174 2.181142
175 2.18631
176 2.18852
177 2.187129
178 2.180476
179 2.166825
180 2.144905
181 2.115657
182 2.07985
183 2.027043
184 1.978791
185 1.89664
186 1.81242
187 1.728463
188 1.645553
189 1.531006
190 1.40016
191 1.259694
192 1.137762
193 1.018392
194 0.9066201
195 0.8048751
196 0.7256964
197 0.6666768
198 0.6108925
199 0.5606344
200 0.5297913
201 0.5024062
202 0.4814788
203 0.466723
204 0.4567303
205 0.4513902
206 0.4487192
207 0.448898
208 0.4517297
209 0.4562633
210 0.4640293
211 0.4728658
212 0.4853584
213 0.4984421
214 0.5170631
215 0.5421732
216 0.5717092
217 0.6102209
218 0.6552081
219 0.6950808
220 0.7469208
221 0.8113803
222 0.897175
223 0.9576681
224 1.022126
225 1.088824
226 1.1673
227 1.24534
228 1.352894
229 1.468171
230 1.573562
231 1.676311
232 1.774716
233 1.866425
234 1.95185
235 2.022362
236 2.087809
237 2.140549
238 2.202823
239 2.266701
240 2.332355
241 2.377751
242 2.421888
243 2.465099
244 2.507856
245 2.54511
246 2.587691
247 2.630605
248 2.668543
249 2.712422
250 2.751293
251 2.796391
252 2.842095
253 2.893595
254 2.939597
255 2.985885
256 3.03216
257 3.072202
258 3.117541
259 3.156154
260 3.199038
261 3.250522
262 3.289562
263 3.321925
264 3.356607
265 3.384816
266 3.418423
267 3.44943
268 3.474719
269 3.511306
270 3.53171
271 3.550815
272 3.568613
273 3.591571
274 3.619354
275 3.636395
276 3.653029
277 3.667704
278 3.680453
279 3.695125
280 3.710005
281 3.72685
282 3.742054
283 3.755384
284 3.772486
285 3.78585
286 3.801188
287 3.816529
288 3.829948
289 3.845341
290 3.862648
291 3.879934
292 3.897295
293 3.912745
294 3.926364
295 3.942119
296 3.956054
297 3.97228
298 3.986816
299 4.003903
300 4.019343
301 4.037635
302 4.054139
303 4.071314
304 4.091591
305 4.109536
306 4.127483
307 4.14777
308 4.166182
309 4.18905
310 4.213772
311 4.243745
312 4.271945
313 4.30097
314 4.330193
315 4.363089
316 4.396189
317 4.425515
318 4.452958
319 4.486914
320 4.51845
321 4.556036
322 4.594783
323 4.634663
324 4.679684
325 4.723836
326 4.762788
327 4.799375
328 4.844719
329 4.900046
330 4.958496
331 5.003472
332 5.046633
333 5.106351
334 5.163397
335 5.210505
336 5.27418
337 5.332873
338 5.400183
339 5.467462
340 5.541422
341 5.592656
342 5.657666
343 5.713547
344 5.774378
345 5.826073
346 5.869275
347 5.915595
348 5.953713
349 5.994291
350 6.036386
351 6.071101
352 6.098906
353 6.128007
354 6.150723
355 6.17423
356 6.193231
357 6.220464
358 6.246816
359 6.262944
360 0.0003360909
361 0.02097479
362 0.03556092
363 0.04500077
364 0.05725677
365 0.06926549
366 0.08237224
367 0.09385712
368 0.1049815
369 0.1163899
370 0.1269932
371 0.1353497
372 0.1423239
373 0.1478309
374 0.1516352
375 0.1548129
376 0.1567092
377 0.158142
378 0.159319
379 0.1607094
380 0.162901
381 0.165896
382 0.1716098
383 0.1807876
384 0.1917633
385 0.2022309
386 0.2222738
387 0.2455881
388 0.275284
389 0.3158907
390 0.3904363
391 0.4458648
392 0.5051721
393 0.5642764
394 0.6573565
395 0.727806
396 0.8001831
397 0.8935204
398 0.9756951
399 1.055471
400 1.130188
401 1.222276
402 1.305066
403 1.387108
404 1.489347
405 1.564002
406 1.643607
407 1.708339
408 1.776242
409 1.831111
410 1.887894
411 1.938951
412 1.977912
413 2.017292
414 2.047712
415 2.081812
416 2.106026
417 2.12361
418 2.142546
419 2.153694
420 2.164
421 2.171591
422 2.17898
423 2.185071
424 2.189496
425 2.191658
426 2.190186
427 2.183899
428 2.169655
429 2.144098
430 2.113358
431 2.065883
432 2.010403
433 1.94091
434 1.850716
435 1.757631
436 1.677155
437 1.551033
438 1.43386
439 1.310648
440 1.175123
441 1.025124
442 0.9093041
443 0.8050814
444 0.7249612
445 0.665769
446 0.6104034
447 0.566141
448 0.5353902
449 0.507729
450 0.4896953
451 0.4742471
452 0.4635164
453 0.4566526
454 0.4533674
455 0.4524119
456 0.4536912
457 0.4574853
458 0.4629475
459 0.471577
460 0.4826224
461 0.4963926
462 0.5142054
463 0.5354924
464 0.5571851
465 0.5895112
466 0.6412585
467 0.6886641
468 0.7328682
469 0.7821807
470 0.8294745
471 0.9020334
472 0.9711983
473 1.026879
474 1.100784
475 1.184013
476 1.277693
477 1.377546
478 1.468156
479 1.558508
480 1.647474
481 1.745202
482 1.84053
483 1.920965
484 1.986719
485 2.056309
486 2.112549
487 2.171596
488 2.225972
489 2.28222
490 2.340541
491 2.38475
492 2.433186
493 2.470189
494 2.512059
495 2.553836
496 2.595618
497 2.637857
498 2.675289
499 2.718684
500 2.757195
501 2.802009
502 2.841834
503 2.88181
504 2.933559
505 2.974113
506 3.020684
507 3.060888
508 3.10623
509 3.150556
510 3.193798
511 3.235644
512 3.27046
513 3.308242
514 3.339605
515 3.377013
516 3.407984
517 3.429839
518 3.456837
519 3.481509
520 3.514621
521 3.536881
522 3.555494
523 3.575277
524 3.596106
525 3.614257
