0 0
-40.62 108.73
-40.62 108.73
-40.63694 108.7161
-40.69998 108.6645
-40.79372 108.5869
-40.98242 108.4273
-41.17486 108.2599
-41.50906 107.9577
-41.89621 107.5895
-42.37888 107.1345
-43.04784 106.5361
-43.66608 106.0251
-44.47097 105.3773
-45.62481 104.4782
-46.66487 103.6909
-47.65683 102.9506
-49.0392 101.928
-50.53991 100.8248
-51.96907 99.77558
-53.67826 98.51406
-55.49084 97.16544
-57.18534 95.89228
-58.95503 94.5479
-60.7971 93.13156
-63.19732 91.25887
-65.19247 89.67835
-67.25116 88.0237
-69.63997 86.0731
-72.10278 84.02807
-74.06763 82.37237
-76.65526 80.16049
-79.01148 78.11632
-81.11504 76.26772
-83.56517 74.08664
-86.06235 71.83257
-88.60433 69.50525
-90.86337 67.40846
-93.48254 64.94258
-96.13892 62.40184
-98.82955 59.7853
-101.5513 57.09201
-104.301 54.32103
-106.7274 51.83181
-109.5205 48.91211
-112.6842 45.53064
-115.1572 42.8286
-117.6383 40.06273
-120.1251 37.23246
-123.3271 33.49807
-125.8181 30.51868
-128.6623 27.03281
-131.1453 23.91113
-133.9727 20.26063
-136.4342 16.99328
-139.2291 13.17476
-141.6555 9.759232
-144.402 5.770042
-147.1151 1.688295
-149.4565 -1.960243
-152.0889 -6.219456
-154.3477 -10.02617
-157.18 -15.03251
-159.619 -19.5905
-161.9722 -24.252
-163.9511 -28.41707
-165.8458 -32.66357
-167.8917 -37.60498
-169.5155 -41.86359
-170.9492 -45.95091
-172.2074 -49.87942
-173.587 -54.71384
-174.6512 -59.01241
-175.5707 -63.37465
-176.2464 -67.2367
-176.8549 -71.65556
-177.2296 -75.41038
-177.4798 -79.47601
-177.5281 -85.66286
-177.2339 -90.87484
-176.8073 -94.71372
-176.1859 -98.56513
-175.4124 -102.1913
-174.6413 -105.129
-173.5292 -108.6469
-172.3587 -111.7547
-170.8094 -115.2619
-169.2156 -118.3713
-167.4107 -121.4555
-164.8498 -125.2478
-162.5538 -128.2092
-160.0507 -131.0758
-157.6986 -133.4917
-153.689 -137.1115
-150.5347 -139.595
-147.1877 -141.9374
-143.6582 -144.13
-139.0078 -146.6506
-135.6061 -148.2658
-131.5827 -149.9603
-127.9529 -151.3128
-123.1483 -152.8764
-118.2028 -154.2493
-114.2668 -155.1893
-109.681 -156.1339
-104.419 -157.0405
-99.05737 -157.7948
-93.60397 -158.4119
-86.8232 -158.9949
-80.55574 -159.3734
-74.196 -159.6184
-69.69189 -159.7149
-62.53096 -159.7481
-57.26175 -159.6851
-51.94297 -159.5517
-47.24971 -159.3782
-41.16442 -159.0786
-35.02035 -158.6911
-28.82489 -158.2126
-23.97033 -157.7806
-17.68402 -157.1501
-12.05547 -156.5213
-7.099738 -155.921
-1.401379 -155.183
3.614868 -154.4972
10.1058 -153.5688
15.91479 -152.707
21.02812 -151.93
26.90693 -151.0214
32.08154 -150.2119
38.03003 -149.2718
43.26469 -148.4355
49.28009 -147.4613
55.329 -146.4615
61.40874 -145.4246
67.50934 -144.3374
72.8407 -143.3361
79.4498 -141.9876
86.3458 -140.4182
91.51312 -139.0917
96.95563 -137.5028
101.4579 -135.9866
105.1322 -134.568
109.0209 -132.8363
112.9907 -130.751
116.1504 -128.7854
118.9552 -126.7295
121.4014 -124.6059
123.4917 -122.4444
125.2364 -120.2802
126.6537 -118.15
127.6453 -116.3425
128.5601 -114.2708
129.2241 -112.3229
129.8628 -109.6427
130.2047 -107.1138
130.3192 -104.8053
130.2453 -102.0767
130.0005 -99.62463
129.5146 -96.76401
128.9167 -94.22065
128.0491 -91.27704
127.1393 -88.67464
125.9418 -85.67355
124.5889 -82.64652
123.287 -79.97775
121.6743 -76.90495
119.9398 -73.8065
118.0964 -70.67918
116.1549 -67.51996
114.1235 -64.32648
112.0114 -61.09525
109.2688 -56.99908
106.9983 -53.67498
104.9595 -50.73101
102.2723 -46.8954
99.82861 -43.43471
97.03091 -39.4763
94.20036 -35.43772
91.68204 -31.76491
89.20107 -28.00666
86.88304 -24.29909
84.81331 -20.74096
82.58691 -16.49597
81.09638 -13.26225
79.4903 -9.05172
78.47576 -5.475641
77.91072 -2.484169
77.67805 -0.02310294
77.7086 3.026906
78.15253 6.155399
79.01588 9.117994
80.08669 11.55807
81.4933 13.96607
83.22571 16.3055
85.26437 18.54875
87.31125 20.45065
89.26342 22.04498
91.65691 23.79569
94.53334 25.68716
96.88965 27.11316
99.69628 28.70839
102.6136 30.27843
105.6313 31.83654
108.7409 33.39465
111.5313 34.76641
114.7939 36.35332
117.7082 37.76566
121.1019 39.41511
124.1222 40.89572
127.6266 42.63894
130.7344 44.21592
134.3275 46.08567
137.5023 47.7882
141.1571 49.82201
145.2899 52.23865
149.4291 54.80952
154.0125 57.87128
158.5117 61.15026
161.8878 63.83311
165.3131 66.82222
168.6523 70.10416
172.0154 73.96439
173.8782 76.46789
175.4464 78.89758
176.7333 81.23541
177.8981 83.81015
178.761 86.233
179.584 89.47615
180.0641 92.93241
180.1635 96.19249
179.9472 99.55096
179.3781 102.9716
178.4665 106.4302
177.2228 109.8976
175.8506 112.968
174.2397 116.0129
172.6449 118.6485
170.3571 121.9899
167.5194 125.6292
164.0574 129.5277
161.3255 132.2841
158.4201 134.9663
155.3462 137.5666
152.108 140.0768
149.1431 142.1923
145.6079 144.5091
141.9195 146.7085
138.5699 148.5281
134.6057 150.4778
131.0217 152.0616
126.8008 153.721
122.465 155.2045
117.4674 156.6501
112.9208 157.7305
108.2753 158.6121
103.5357 159.2864
99.31973 159.7026
94.43182 159.9757
90.10275 160.0368
85.1045 159.9052
78.79465 159.441
73.70887 158.8358
69.2374 158.1419
64.1086 157.1682
59.60916 156.1662
53.81209 154.6838
48.00599 152.9948
42.84073 151.3312
34.4406 148.329
29.2684 146.3129
24.09489 144.1762
18.92068 141.9251
11.80617 138.6521
2.755426 134.2012
-3.057657 131.177
-8.864717 128.0292
-14.01951 125.1286
-18.52299 122.5119
-23.65994 119.4319
-28.78383 116.2556
-34.52935 112.5668
-39.61678 109.1846
-44.05089 106.1453
-49.7255 102.1281
-54.11655 98.91872
-59.10841 95.15977
-64.06966 91.30384
-68.38391 87.85072
-73.28169 83.81406
-78.74699 79.15818
-84.16214 74.38184
-89.52379 69.48568
-94.24205 65.03345
-98.33179 61.06088
-102.9589 56.43295
-106.9644 52.30662
-111.4897 47.5028
-115.4007 43.22203
-119.8106 38.24035
-123.6131 33.8029
-127.8826 28.64922
-131.5383 24.07888
-135.0986 19.47337
-139.0232 14.19853
-142.255 9.680733
-145.2748 5.297098
-148.4744 0.4558749
-151.156 -3.782836
-154.1317 -8.713161
-157.0067 -13.74427
-160.0891 -19.49464
-162.6687 -24.65747
-165.0266 -29.72709
-167.1253 -34.60138
-169.1928 -39.84745
-170.9681 -44.83749
-172.3225 -49.07479
-173.3927 -52.80175
-174.4918 -57.13969
-175.3335 -60.99019
-176.1407 -65.40479
-176.7727 -69.79809
-177.2256 -74.15281
-177.5144 -78.85876
-177.5857 -83.25445
-177.4861 -86.93889
-177.2697 -90.17954
-176.8601 -93.94016
-176.1736 -98.22399
-175.2407 -102.4883
-174.3787 -105.6471
-173.4389 -108.5749
-171.9553 -112.4715
-170.3882 -115.9411
-168.996 -118.6349
-166.9725 -122.0715
-164.9459 -125.0813
-162.4046 -128.3924
-159.5983 -131.588
-156.1796 -134.9748
-153.5975 -137.2352
-150.0524 -139.9959
-146.698 -142.2999
-142.7091 -144.7126
-138.9852 -146.6908
-135.599 -148.2912
-131.5941 -149.9708
-127.981 -151.3117
-123.7371 -152.7
-118.8293 -154.0843
-114.3577 -155.162
-110.3682 -155.9928
-105.7272 -156.8215
-101.6003 -157.4482
-96.81361 -158.0616
-92.56734 -158.5141
-85.79198 -159.0758
-78.26632 -159.4946
-73.17587 -159.6686
-66.08578 -159.7781
-58.23711 -159.7348
-52.27626 -159.5958
-48.26833 -159.4535
-42.88348 -159.203
-37.45342 -158.8842
-31.29093 -158.4405
-25.77144 -157.9749
-20.21061 -157.4418
-13.90809 -156.7659
-7.557285 -156.0134
-1.872571 -155.2844
3.849036 -154.5053
9.607503 -153.6831
14.67645 -152.9339
20.5043 -152.0493
25.63425 -151.2555
31.53207 -150.3302
36.72309 -149.5067
41.94199 -148.6701
47.93976 -147.6961
53.2158 -146.8243
59.27531 -145.7962
65.36292 -144.7177
71.46162 -143.5835
76.57964 -142.5669
83.47183 -141.0978
88.64928 -139.8782
93.52434 -138.5965
98.64573 -137.061
105.3506 -134.6309
109.5097 -132.8063
112.8665 -131.0876
115.532 -129.506
118.8908 -127.1381
120.9237 -125.4225
122.6974 -123.6812
124.6113 -121.4429
125.9859 -119.4911
127.1012 -117.5726
127.951 -115.7892
128.7787 -113.5895
129.3572 -111.5322
129.786 -109.3628
130.1006 -106.4294
130.1567 -104.0525
130.0307 -101.2515
129.7392 -98.74026
129.2063 -95.81499
128.5713 -93.217
127.6627 -90.21317
126.5695 -87.18002
125.4732 -84.50533
124.0727 -81.42735
122.7271 -78.71673
120.8448 -75.20818
119.0429 -72.06436
117.3776 -69.29124
115.1251 -65.69268
113.2962 -62.86428
111.1324 -59.59673
109.1788 -56.70556
106.882 -53.36325
104.5212 -49.97891
102.1019 -46.55033
99.3195 -42.63558
96.80357 -39.09823
94.26313 -35.49704
91.72331 -31.81616
88.91611 -27.57502
86.59647 -23.85338
84.05491 -19.40714
81.9201 -15.18439
80.20963 -11.18274
78.83524 -7.044208
78.04086 -3.545938
77.70288 -0.9489251
77.63557 2.570401
77.95611 5.485802
78.61001 8.15578
79.6627 10.86221
81.30606 13.80555
83.0221 16.13725
85.04967 18.36966
87.08809 20.26095
89.03295 21.84607
91.41726 23.58748
93.95423 25.26599
96.28499 26.69466
99.06317 28.29333
101.5848 29.67326
104.5615 31.23951
107.6315 32.8047
110.7877 34.37901
113.6152 35.77119
116.9164 37.38698
119.8621 38.8285
123.2889 40.5149
126.3359 42.03112
129.8681 43.81848
133.4477 45.67253
137.0677 47.60299
140.7184 49.62373
144.3895 51.74829
147.6094 53.70324
151.7447 56.36498
157.2034 60.20273
161.4527 63.50832
164.5079 66.12133
167.2533 68.70728
169.4011 70.9433
172.0615 74.0801
174.057 76.8233
175.3585 78.88818
176.7564 81.49026
177.9561 84.2499
178.9388 87.21667
179.6498 90.34288
180.0224 93.20035
180.1405 96.10953
180.0143 99.06352
179.5535 102.4368
178.7473 105.8514
177.7433 108.9
176.652 111.5629
175.1728 114.5874
173.6862 117.2082
171.7806 120.1668
169.6676 123.0798
167.0576 126.2954
163.8844 129.7832
161.1482 132.5013
157.8674 135.4735
155.1712 137.7157
151.939 140.196
148.5492 142.5805
145.0056 144.8597
141.3117 147.0236
137.959 148.8136
133.9933 150.7311
130.4096 152.288
126.1886 153.9185
122.3965 155.2037
118.5217 156.3487
113.4222 157.6073
109.3667 158.4137
104.6415 159.142
100.4361 159.6054
95.55795 159.9338
90.61388 160.0452
85.61425 159.9405
80.56863 159.621
76.12388 159.1687
71.01705 158.4616
66.53004 157.6817
60.74285 156.4677
55.58646 155.2
51.71395 154.1381
46.54624 152.5818
41.37509 150.8758
33.61325 148.0581
27.78876 145.7584
22.60988 143.5887
16.78321 141.0129
10.31019 137.99
4.487393 135.1292
