0 0
1 0.4380091
2 4.818004
3 0.7970152
4 1.45639
5 2.083264
6 3.4062
7 4.602161
8 6.449511
9 8.261589
10 10.05483
11 12.14668
12 13.48937
13 15.12281
14 17.19691
15 18.87513
16 20.43088
17 22.14019
18 23.92873
19 25.45668
20 27.15038
21 28.81339
22 30.26575
23 31.69417
24 33.09907
25 34.8227
26 36.17607
27 37.50706
28 38.9783
29 40.42231
30 41.5269
31 42.92366
32 44.1435
33 45.19433
34 46.37668
35 47.53955
36 48.68322
37 49.66837
38 50.77687
39 51.86704
40 52.93911
41 53.99365
42 55.0306
43 55.92387
44 56.92895
45 58.03981
46 58.88944
47 59.7267
48 60.5519
49 61.59525
50 62.39322
51 63.29117
52 64.06444
53 64.93449
54 65.68396
55 66.52705
56 67.25323
57 68.07012
58 68.87337
59 69.56503
60 70.34293
61 71.01276
62 71.85919
63 72.59772
64 73.32362
65 73.94814
66 74.563
67 74.87849
68 71.12299
69 67.78764
70 64.51616
71 61.82013
72 62.00842
73 62.59286
74 62.67437
75 62.10822
76 58.94567
77 55.41452
78 52.6296
79 53.47082
80 54.42729
81 54.62648
82 50.20324
83 47.28767
84 45.78213
85 46.94077
86 48.22412
87 49.34526
88 50.44719
89 51.79812
90 52.85858
91 53.48028
92 54.18057
93 55.57291
94 56.56989
95 57.5503
96 58.52146
97 59.70285
98 60.52308
99 61.44003
100 62.23806
101 63.23915
102 64.22901
103 64.98336
104 65.83258
105 66.77708
106 67.69987
107 68.60769
108 69.69518
109 70.66252
110 71.61067
111 72.26288
112 73.26917
113 73.98684
114 74.69284
115 75.30106
116 76.05936
117 76.85617
118 77.53934
119 78.11958
120 78.82971
121 79.45444
122 79.99215
123 80.59734
124 81.11897
125 81.77869
126 82.35502
127 82.85158
128 83.41039
129 83.89183
130 84.43354
131 84.90021
132 85.42523
133 85.94153
134 86.44891
135 86.56339
136 86.67433
137 81.83308
138 76.82433
139 72.87354
140 68.5486
141 64.784
142 61.56071
143 57.94991
144 53.98347
145 50.53504
146 47.16449
147 43.86815
148 40.65115
149 37.51232
150 34.4498
151 31.83407
152 32.19866
153 33.40491
154 34.9352
155 36.27554
156 37.43449
157 38.7379
158 39.86254
159 41.12554
160 42.21781
161 43.44688
162 44.50487
163 45.69767
164 46.86903
165 47.87858
166 49.01515
167 50.1334
168 51.23352
169 52.31541
170 53.3797
171 54.42687
172 55.71144
173 56.7202
174 57.58928
175 58.68839
176 59.6483
177 60.70911
178 61.74969
179 62.65603
180 63.18404
181 59.55237
182 56.00808
183 51.68662
184 48.31292
185 43.79543
186 39.80563
187 36.29511
188 33.24869
189 29.2
190 30.35234
191 32.27147
192 33.82169
193 35.35309
194 36.86031
195 38.3409
196 39.63614
197 40.75445
198 42.01295
199 43.40125
200 44.46206
201 45.65651
202 46.83081
203 47.98611
204 49.12224
205 50.10118
206 51.20272
207 52.15154
208 53.2192
209 54.13887
210 55.17343
211 56.06456
212 57.0669
213 57.92996
214 58.89992
215 59.97166
216 61.02217
217 62.16456
218 62.33394
219 58.71724
220 54.74822
221 50.45404
222 45.45989
223 42.22527
224 39.0608
225 35.97406
226 35.19938
227 36.54489
228 38.17003
229 39.76392
230 41.17586
231 42.37223
232 43.71536
233 45.05748
234 46.37632
235 47.53101
236 48.6633
237 49.64378
238 50.8809
239 52.22886
240 53.67944
241 54.71337
242 55.73047
243 56.73064
244 57.71409
245 58.56124
246 59.514
247 60.45051
248 61.25711
249 62.16404
250 62.9448
251 63.769
252 64.30003
253 64.94799
254 65.65099
255 66.47617
256 67.29086
257 67.99802
258 68.79523
259 69.47254
260 70.24668
261 71.19295
262 71.93479
263 72.58163
264 73.30262
265 73.92235
266 74.71692
267 75.48952
268 76.16654
269 77.24781
270 77.89617
271 78.53608
272 79.16504
273 80.01341
274 81.06596
275 81.72694
276 82.37572
277 82.94238
278 83.43055
279 83.97979
280 84.52
281 85.11701
282 85.63835
283 86.08754
284 86.65537
285 87.08973
286 87.57835
287 88.05892
288 88.47286
289 88.93858
290 89.45327
291 89.95837
292 90.45409
293 90.88685
294 91.25965
295 91.67906
296 92.04021
297 92.44651
298 92.79639
299 93.18979
300 93.50904
301 93.59387
302 93.43979
303 92.6488
304 91.29023
305 87.15077
306 83.49339
307 80.11153
308 80.20768
309 80.7716
310 81.17268
311 80.98446
312 80.44617
313 76.41554
314 72.48586
315 68.16918
316 63.96468
317 61.7312
318 62.15549
319 62.89291
320 63.02496
321 62.51136
322 61.69768
323 60.8404
324 56.81971
325 52.90878
326 51.37944
327 52.29787
328 53.35155
329 54.29256
330 54.22028
331 50.81429
332 47.88506
333 46.60976
334 47.8898
335 48.87554
336 50.12187
337 51.21039
338 52.41299
339 53.22733
340 54.33211
341 55.21925
342 56.34841
343 57.33166
344 58.42592
345 59.37475
346 60.2004
347 61.12262
348 61.92549
349 62.82224
350 63.81879
351 64.68758
352 65.43497
353 66.28374
354 67.00809
355 67.82875
356 68.53363
357 69.62296
358 70.78363
359 71.54171
360 72.5641
361 73.65346
362 74.453
363 74.97787
364 75.66756
365 76.41515
366 77.06513
367 77.73914
368 78.37944
369 79.08832
370 79.78517
371 80.39371
372 80.99261
373 81.58173
374 82.08936
375 82.66064
376 83.15287
377 83.70675
378 84.18388
379 84.65417
380 85.18328
381 85.63906
382 86.15152
383 86.6552
384 86.94824
385 81.44745
386 76.62088
387 72.6397
388 68.80563
389 64.57928
390 58.66014
391 54.68847
392 51.22702
393 48.26607
394 44.13099
395 41.30747
396 38.54763
397 35.08141
398 32.08142
399 30.81805
400 32.09375
401 33.47194
402 34.66629
403 35.84558
404 37.34077
405 38.48561
406 39.7676
407 40.87462
408 42.12209
409 43.19751
410 44.40855
411 45.60037
412 46.62896
413 47.785
414 48.78091
415 50.04111
416 51.1428
417 52.09134
418 53.29149
419 54.20982
420 55.24298
421 56.13317
422 57.13492
423 58.12031
424 59.08953
425 60.16088
426 61.09634
427 62.01559
428 62.91756
429 63.36578
430 59.72938
431 55.30315
432 51.00616
433 46.80917
434 42.32853
435 38.36958
436 35.28125
437 30.77205
438 29.82514
439 31.55274
440 33.27858
441 35.15566
442 36.66376
443 38.15193
444 39.45067
445 40.57248
446 41.83382
447 43.07264
448 44.13752
449 45.33759
450 46.37083
451 47.53368
452 48.6773
453 49.8022
454 50.77131
455 51.86179
456 52.80122
457 53.8581
458 54.76844
459 55.79261
460 56.79963
461 57.78936
462 58.76193
463 59.71811
464 60.54081
465 61.57969
466 62.71443
467 58.19782
468 54.67777
469 51.23431
470 48.28552
471 44.17324
472 40.57314
473 37.83783
474 36.56929
475 38.05433
476 39.48898
477 40.1566
478 40.41562
479 40.95264
480 41.65287
481 42.86454
482 44.21579
483 45.40129
484 46.42973
485 47.58142
486 48.57441
487 49.69693
488 50.79678
489 52.01432
490 53.33921
491 54.3797
492 55.52922
493 56.40857
494 57.39782
495 58.3709
496 59.32682
497 60.26685
498 61.07657
499 61.98644
500 62.77016
501 63.65131
502 64.21884
503 64.82055
504 65.66012
505 66.38473
506 67.20272
507 67.90818
508 68.71103
509 69.48336
510 70.25706
511 71.02048
512 71.66602
513 72.40569
514 73.04562
515 73.84245
516 74.54837
517 75.07117
518 75.75122
519 76.42693
520 77.41921
521 78.1452
522 78.78085
523 79.48317
524 80.2488
525 80.92451
