0 0
1 3.733651
2 3.733651
3 3.733925
4 3.737468
5 3.743151
6 3.751029
7 3.766421
8 3.785882
9 3.810843
10 3.836087
11 3.8469
12 3.83899
13 3.828093
14 3.818473
15 3.809498
16 3.801684
17 3.795827
18 3.79148
19 3.787852
20 3.786604
21 3.786819
22 3.788351
23 3.790638
24 3.79474
25 3.798665
26 3.803176
27 3.809124
28 3.815676
29 3.823537
30 3.830826
31 3.838297
32 3.845898
33 3.852644
34 3.860454
35 3.868435
36 3.875571
37 3.883887
38 3.891312
39 3.899997
40 3.907785
41 3.916908
42 3.925104
43 3.934718
44 3.943362
45 3.953546
46 3.962735
47 3.973646
48 3.983499
49 3.995104
50 4.005565
51 4.017903
52 4.029043
53 4.040687
54 4.056387
55 4.070983
56 4.086194
57 4.101969
58 4.116344
59 4.133551
60 4.1494
61 4.168441
62 4.185907
63 4.206441
64 4.224344
65 4.242066
66 4.264605
67 4.288886
68 4.312063
69 4.332856
70 4.35633
71 4.379476
72 4.40497
73 4.429359
74 4.455638
75 4.479753
76 4.507405
77 4.537305
78 4.566151
79 4.593447
80 4.62691
81 4.658664
82 4.690596
83 4.721841
84 4.748436
85 4.780867
86 4.815814
87 4.848363
88 4.887362
89 4.925576
90 4.961704
91 5.000714
92 5.032748
93 5.071776
94 5.112978
95 5.150328
96 5.198689
97 5.252414
98 5.290462
99 5.34045
100 5.385693
101 5.43062
102 5.474415
103 5.517989
104 5.573576
105 5.630079
106 5.675585
107 5.725494
108 5.774336
109 5.810835
110 5.850951
111 5.894101
112 5.926075
113 5.960955
114 5.993798
115 6.025241
116 6.055115
117 6.079817
118 6.106441
119 6.128334
120 6.151934
121 6.179574
122 6.197641
123 6.219209
124 6.239171
125 6.253809
126 6.269522
127 0.002780607
128 0.01934893
129 0.03285755
130 0.04437892
131 0.05559921
132 0.06805668
133 0.07855726
134 0.08869112
135 0.09983911
136 0.1102914
137 0.1179401
138 0.128881
139 0.1351205
140 0.1421196
141 0.1466824
142 0.1513831
143 0.1556395
144 0.1595625
145 0.1633734
146 0.1682519
147 0.1726834
148 0.1787081
149 0.1852153
150 0.1946459
151 0.2066232
152 0.2228331
153 0.2357876
154 0.2517385
155 0.26805
156 0.2888472
157 0.3142341
158 0.3412915
159 0.3659123
160 0.3967572
161 0.4291881
162 0.4666475
163 0.5013001
164 0.5373009
165 0.5786425
166 0.6363862
167 0.6837585
168 0.7387137
169 0.7795408
170 0.8424264
171 0.9152689
172 0.9873598
173 1.060094
174 1.136344
175 1.209037
176 1.279937
177 1.365993
178 1.454285
179 1.521677
180 1.603939
181 1.673392
182 1.731023
183 1.791912
184 1.847917
185 1.898973
186 1.945042
187 1.981621
188 2.01907
189 2.048448
190 2.078132
191 2.103259
192 2.122001
193 2.142581
194 2.158496
195 2.170972
196 2.179739
197 2.186321
198 2.190063
199 2.191322
200 2.189462
201 2.183173
202 2.173099
203 2.154627
204 2.130329
205 2.098563
206 2.067271
207 2.037712
208 1.996258
209 1.937156
210 1.895012
211 1.81925
212 1.762657
213 1.685341
214 1.625187
215 1.554708
216 1.480703
217 1.375582
218 1.267342
219 1.143624
220 1.03217
221 0.9361885
222 0.8465413
223 0.7736423
224 0.6927477
225 0.6375121
226 0.5953878
227 0.5538813
228 0.5236389
229 0.4947588
230 0.4743091
231 0.456019
232 0.4439472
233 0.4345477
234 0.4298278
235 0.4285097
236 0.4315345
237 0.4384763
238 0.4488991
239 0.4611661
240 0.4810347
241 0.503064
242 0.5278355
243 0.5639667
244 0.5875657
245 0.6114944
246 0.6392604
247 0.6694852
248 0.7031401
249 0.742285
250 0.7811601
251 0.8153492
252 0.8499167
253 0.8983369
254 0.9422761
255 0.9978237
256 1.048731
257 1.098825
258 1.154934
259 1.203841
260 1.281362
261 1.340009
262 1.415118
263 1.48235
264 1.566877
265 1.635771
266 1.7234
267 1.795935
268 1.85052
269 1.916955
270 1.973786
271 2.021491
272 2.072738
273 2.114092
274 2.158164
275 2.195601
276 2.23726
277 2.272489
278 2.311885
279 2.345855
280 2.384673
281 2.423477
282 2.466562
283 2.508111
284 2.543831
285 2.578957
286 2.609681
287 2.644635
288 2.674699
289 2.708371
290 2.737511
291 2.770895
292 2.796256
293 2.830544
294 2.860585
295 2.899281
296 2.933845
297 2.968611
298 3.00798
299 3.034372
300 3.068873
301 3.10327
302 3.141479
303 3.174793
304 3.207434
305 3.239043
306 3.273546
307 3.303272
308 3.335477
309 3.362892
310 3.395624
311 3.423883
312 3.453596
313 3.475928
314 3.497108
315 3.524291
316 3.550274
317 3.570662
318 3.590141
319 3.61283
320 3.630018
321 3.644386
322 3.661451
323 3.673149
324 3.684616
325 3.699347
326 3.714198
327 3.727384
328 3.740738
329 3.754125
330 3.76575
331 3.779028
332 3.79076
333 3.804296
334 3.81618
335 3.831587
336 3.845523
337 3.861454
338 3.873902
339 3.888074
340 3.902619
341 3.915471
342 3.928025
343 3.944526
344 3.957664
345 3.972482
346 3.985244
347 3.997792
348 4.013398
349 4.025686
350 4.040789
351 4.054829
352 4.071365
353 4.08637
354 4.101415
355 4.11623
356 4.134686
357 4.149505
358 4.16981
359 4.188931
360 4.209027
361 4.229882
362 4.253973
363 4.273073
364 4.295057
365 4.316755
366 4.338095
367 4.361668
368 4.381122
369 4.404919
370 4.433282
371 4.455445
372 4.479749
373 4.50643
374 4.531765
375 4.558955
376 4.587997
377 4.620494
378 4.651812
379 4.69357
380 4.724475
381 4.76706
382 4.803666
383 4.849296
384 4.88848
385 4.935059
386 4.976179
387 5.020766
388 5.057105
389 5.092321
390 5.138952
391 5.174572
392 5.213112
393 5.259611
394 5.303139
395 5.347899
396 5.399267
397 5.444804
398 5.483806
399 5.527642
400 5.571687
401 5.621708
402 5.671818
403 5.721304
404 5.759188
405 5.816776
406 5.857411
407 5.90097
408 5.937906
409 5.968584
410 6.005944
411 6.037406
412 6.06702
413 6.091539
414 6.114701
415 6.139496
416 6.162756
417 6.184621
418 6.205132
419 6.224122
420 6.243927
421 6.260457
422 6.274109
423 0.01273936
424 0.02769421
425 0.03992265
426 0.05157185
427 0.06530058
428 0.0744263
429 0.08599054
430 0.09590602
431 0.1053124
432 0.1140364
433 0.1211925
434 0.1286664
435 0.1345293
436 0.1404026
437 0.1466241
438 0.1505436
439 0.1551491
440 0.1594359
441 0.1635156
442 0.1676793
443 0.1739326
444 0.1834243
445 0.1919721
446 0.2014936
447 0.2153994
448 0.2330219
449 0.247864
450 0.268051
451 0.2949126
452 0.3309155
453 0.3588644
454 0.3906435
455 0.4296936
456 0.4708589
457 0.503979
458 0.5440383
459 0.5802892
460 0.6334767
461 0.6815208
462 0.7331175
463 0.7925815
464 0.8670909
465 0.9245986
466 0.9832647
467 1.041278
468 1.124784
469 1.204272
470 1.294878
471 1.369068
472 1.433077
473 1.493154
474 1.558172
475 1.632858
476 1.698069
477 1.752346
478 1.81654
479 1.861159
480 1.90736
481 1.94402
482 1.981899
483 2.011922
484 2.042617
485 2.066669
486 2.087229
487 2.107382
488 2.122678
489 2.139857
490 2.151884
491 2.161595
492 2.169809
493 2.175651
494 2.180762
495 2.184043
496 2.185035
497 2.183128
498 2.176896
499 2.162707
500 2.141916
501 2.116257
502 2.086848
503 2.054885
504 2.00449
505 1.963469
506 1.912473
507 1.84106
508 1.777318
509 1.703529
510 1.6386
511 1.570281
512 1.490565
513 1.38929
514 1.301144
515 1.16838
516 1.08446
517 0.9727909
518 0.8817224
519 0.7970333
520 0.7291171
521 0.6614106
522 0.6165885
523 0.5729612
524 0.53621
525 0.5058355
526 0.4839032
527 0.4662109
528 0.4490271
529 0.4388216
530 0.4326767
531 0.4307582
532 0.4320322
533 0.4370033
534 0.4441518
535 0.4554699
536 0.4679919
537 0.4877697
538 0.5121619
539 0.5337562
540 0.5629615
541 0.5862743
542 0.6166831
543 0.6435898
544 0.6846858
545 0.7182576
546 0.7579724
547 0.7937937
548 0.8341987
549 0.870239
550 0.9102015
551 0.9559408
552 1.0135
553 1.078996
554 1.135565
555 1.19894
556 1.285977
557 1.385108
558 1.473506
559 1.549523
560 1.614211
561 1.675048
562 1.741992
563 1.810893
564 1.878762
565 1.936698
566 1.985191
567 2.038289
568 2.081803
569 2.128652
570 2.16752
571 2.210608
572 2.246806
573 2.286868
574 2.321251
575 2.360419
576 2.399443
577 2.437901
578 2.480185
579 2.511896
580 2.547266
581 2.577958
582 2.613122
583 2.643731
584 2.67811
585 2.707596
586 2.736869
587 2.770512
588 2.800373
589 2.834954
590 2.865174
591 2.899703
592 2.930016
593 2.964829
594 2.995344
595 3.030447
596 3.065106
597 3.09961
598 3.138073
599 3.167384
600 3.200097
601 3.23201
602 3.259125
603 3.289249
604 3.314687
605 3.342595
606 3.366115
607 3.391973
608 3.416938
609 3.440784
610 3.466481
611 3.485554
612 3.506252
613 3.528296
614 3.551802
615 3.5722
616 3.587538
617 3.60672
618 3.62479
619 3.641816
620 3.655967
621 3.669551
622 3.684487
623 3.699363
624 3.712598
625 3.72744
626 3.74077
627 3.75242
628 3.767339
629 3.778939
630 3.792288
631 3.804064
632 3.817567
633 3.829466
634 3.843282
635 3.855533
636 3.869515
637 3.883394
638 3.895828
639 3.910299
640 3.92276
641 3.937142
642 3.950137
643 3.96697
644 3.983771
645 3.995251
646 4.010371
647 4.024605
648 4.039331
649 4.053299
650 4.069813
651 4.084805
652 4.099652
653 4.116257
654 4.13239
