0 0
-40.62 108.73
-40.62 108.73
-40.62876 108.723
-40.6725 108.6877
-40.76559 108.6106
-40.89748 108.4996
-41.11697 108.31
-41.46913 107.9936
-41.80248 107.6979
-42.42084 107.1782
-43.37715 106.4076
-44.44823 105.5542
-45.70457 104.5634
-47.28246 103.3314
-48.91403 102.0673
-50.20894 101.0684
-51.77159 99.86491
-53.44351 98.57758
-55.01895 97.36306
-56.46436 96.24588
-58.41186 94.73457
-60.45649 93.13863
-62.35269 91.64857
-64.32042 90.09077
-66.35706 88.4646
-68.99568 86.33463
-71.17769 84.5521
-73.7045 82.46247
-76.30412 80.28281
-78.673 78.26904
-81.39994 75.91683
-83.87592 73.74809
-86.39801 71.50527
-88.96342 69.18761
-91.56937 66.7944
-93.88063 64.63776
-96.89154 61.77827
-99.60193 59.15382
-102.3412 56.45073
-105.1064 53.66824
-107.5448 51.16785
-109.9986 48.60555
-113.1726 45.2193
-115.653 42.51316
-118.45 39.39507
-120.4553 37.1139
-122.6549 34.56503
-124.7179 32.12698
-127.0499 29.31181
-129.1037 26.77742
-131.4629 23.79875
-133.5027 21.16155
-135.7199 18.22614
-137.5142 15.79425
-139.413 13.16126
-141.0495 10.83948
-142.9356 8.100624
-144.597 5.629242
-146.5025 2.722175
-148.3754 -0.216558
-150.1307 -3.050098
-151.7307 -5.707253
-153.0406 -7.941674
-154.5456 -10.58014
-156.0586 -13.31479
-157.3855 -15.78669
-158.8967 -18.69462
-160.1488 -21.18557
-161.2926 -23.53485
-162.4737 -26.04654
-163.5837 -28.49829
-164.5567 -30.72744
-165.6662 -33.36997
-166.7572 -36.08932
-167.7768 -38.75727
-168.6776 -41.23411
-169.469 -43.52131
-170.2742 -45.97583
-170.8952 -47.97123
-171.5969 -50.35061
-172.1994 -52.5186
-172.7535 -54.6343
-173.2372 -56.59983
-173.7271 -58.73352
-174.1366 -60.65233
-174.5324 -62.65307
-175.0143 -65.34425
-175.342 -67.39434
-175.6479 -69.54896
-175.8889 -71.50569
-176.11 -73.63583
-176.2807 -75.6465
-176.4048 -77.49381
-176.5106 -79.70374
-176.5754 -82.56783
-176.571 -84.50219
-176.5134 -86.75719
-176.4254 -88.54687
-176.2855 -90.49268
-176.0327 -93.05485
-175.7102 -95.54963
-175.3412 -97.85686
-174.9708 -99.81882
-174.5925 -101.5743
-174.1261 -103.4881
-173.6798 -105.1245
-173.2131 -106.6871
-172.6019 -108.5569
-171.9742 -110.3124
-171.3241 -111.9899
-170.7078 -113.4669
-169.8978 -115.2644
-169.1613 -116.7827
-168.223 -118.5826
-167.1685 -120.4542
-166.333 -121.8412
-165.4369 -123.245
-164.3601 -124.827
-163.4183 -126.1273
-162.5107 -127.317
-161.5223 -128.55
-160.1703 -130.1428
-158.8627 -131.5908
-157.8086 -132.6967
-156.6521 -133.8488
-155.5087 -134.9287
-154.0894 -136.1964
-152.5267 -137.5106
-150.6184 -139.0128
-148.9605 -140.2365
-146.5448 -141.9014
-144.7658 -143.0458
-142.9806 -144.1305
-140.8711 -145.3358
-138.8722 -146.4077
-136.7634 -147.4704
-134.3043 -148.6274
-131.8179 -149.7124
-129.5829 -150.6205
-127.2681 -151.4993
-124.8425 -152.3576
-122.3079 -153.1914
-119.6657 -153.9966
-116.9178 -154.769
-113.3375 -155.6839
-109.9802 -156.4548
-106.4981 -157.172
-103.3009 -157.7619
-100.0102 -158.3054
-96.19893 -158.8588
-92.27531 -159.3489
-88.69604 -159.7306
-85.49521 -160.0225
-81.76036 -160.3077
-78.4269 -160.5147
-74.54412 -160.7025
-71.08427 -160.8237
-67.56765 -160.9046
-63.99549 -160.9456
-59.32301 -160.9397
-55.62854 -160.8896
-51.3432 -160.7842
-46.99214 -160.6276
-43.13245 -160.4493
-38.66372 -160.1994
-34.13025 -159.9002
-29.54107 -159.5562
-25.47673 -159.2178
-20.77841 -158.7881
-16.02431 -158.3134
-10.00518 -157.6567
-5.742472 -157.1552
-0.8222152 -156.5404
3.524704 -155.9668
8.539328 -155.2716
12.22586 -154.7382
16.33355 -154.1213
21.84969 -153.2551
25.47055 -152.6628
29.39954 -151.9991
32.84931 -151.3983
37.35983 -150.5872
41.43854 -149.8291
45.8955 -148.973
50.04387 -148.1485
53.10569 -147.5215
56.21167 -146.8676
60.28479 -145.9804
63.36815 -145.2846
67.08264 -144.4185
70.58732 -143.5587
74.13037 -142.6495
77.76733 -141.679
80.65829 -140.8769
83.89124 -139.9391
86.88721 -139.0204
89.98076 -138.0109
92.49147 -137.1403
94.88044 -136.2644
97.33797 -135.3064
99.41576 -134.4468
102.0933 -133.2639
103.9984 -132.3641
106.2382 -131.2381
108.1074 -130.2408
109.7936 -129.2864
111.935 -127.9816
113.8889 -126.6834
115.4047 -125.5889
116.7235 -124.5608
117.9596 -123.5229
119.0803 -122.5163
120.3902 -121.2471
121.7371 -119.8166
122.7379 -118.6454
123.5682 -117.5811
124.3286 -116.5139
125.2054 -115.155
125.9831 -113.8044
126.6821 -112.4353
127.235 -111.2062
127.7083 -110.0015
128.1083 -108.8063
128.4445 -107.6033
128.7818 -106.0946
129.0795 -104.2559
129.2288 -102.8619
129.3132 -101.5103
129.3347 -99.88015
129.2635 -98.20372
129.1065 -96.54594
128.8508 -94.75571
128.4886 -92.84008
128.0719 -91.03862
127.4914 -88.90784
126.8736 -86.92689
126.2534 -85.13012
125.453 -83.00808
124.5551 -80.8165
123.5594 -78.55915
122.6084 -76.53266
121.585 -74.45965
120.1654 -71.72811
118.9822 -69.55369
117.5477 -67.01648
116.0279 -64.42479
114.4268 -61.77874
112.749 -59.07813
110.9995 -56.32178
109.1832 -53.50836
107.306 -50.63606
105.1294 -47.33108
102.8949 -43.9434
100.3588 -40.07546
98.04102 -36.49535
95.59842 -32.62606
93.42271 -29.0313
91.13013 -25.10662
88.95577 -21.34268
87.26379 -18.32587
85.73034 -15.41429
84.26089 -12.32632
83.09805 -9.534104
82.35107 -7.476608
81.71046 -5.427231
81.257 -3.637884
80.95464 -2.027248
80.70892 -0.0515065
80.60787 2.334936
80.72041 4.861475
80.98856 6.940237
81.26741 8.340702
81.64561 9.780904
82.1908 11.40568
82.9405 13.19213
83.72709 14.75071
84.91815 16.74764
86.46989 18.93737
88.25297 21.0818
89.95631 22.87504
91.67621 24.50013
93.56876 26.12826
95.62871 27.75436
97.85001 29.37566
99.95589 30.81019
102.4663 32.41771
104.5176 33.66551
106.963 35.09157
109.1877 36.34169
111.8229 37.77689
114.9011 39.40296
118.0945 41.04548
121.0226 42.52952
123.6481 43.8549
126.3287 45.21155
129.4544 46.80774
132.2389 48.25177
135.8787 50.18481
138.7492 51.75768
141.9081 53.55133
145.1776 55.49177
148.4671 57.54861
150.8497 59.11168
153.6393 61.02895
155.6161 62.45155
158.4833 64.62174
160.6372 66.35716
163.0215 68.4174
165.0807 70.34356
166.5074 71.77745
167.7523 73.10824
169.1786 74.74332
170.3502 76.18395
171.5355 77.7496
172.6231 79.30289
173.6468 80.89906
174.5611 82.47322
175.2916 83.86388
175.8647 85.05794
176.8206 87.33709
177.532 89.38732
177.948 90.83659
178.3189 92.44315
178.575 93.92355
178.7718 95.63945
178.8703 97.39997
178.8766 98.93968
178.808 100.5891
178.6529 102.2773
178.4445 103.7428
178.127 105.3785
177.6309 107.3588
177.1771 108.8632
176.6395 110.4238
176.0785 111.8743
175.4835 113.259
174.7543 114.7868
173.9746 116.2725
173.0738 117.8561
172.0564 119.5149
171.162 120.8831
170.3443 122.0713
169.5265 123.2045
168.6117 124.4134
167.7309 125.5263
166.6304 126.8561
165.4272 128.2422
164.1185 129.6784
162.7014 131.1582
161.0156 132.8271
159.736 134.0339
157.91 135.6731
156.7946 136.6277
155.2368 137.9054
153.7357 139.08
152.1241 140.2851
150.4006 141.5144
148.8231 142.5896
147.2889 143.5923
145.8683 144.4837
144.3043 145.4246
142.8468 146.2646
141.0757 147.2406
139.1921 148.2277
137.2268 149.2045
135.5571 149.9933
133.5994 150.8713
131.9201 151.5836
130.1258 152.3046
128.2185 153.0273
126.1985 153.7454
124.3391 154.365
122.1324 155.0508
120.1837 155.6133
118.0695 156.1789
116.0698 156.6709
113.7216 157.1956
111.5177 157.6374
109.5006 158.0001
107.0956 158.3822
104.5859 158.7243
101.9748 159.0207
98.9485 159.291
96.04054 159.4784
93.12258 159.5947
89.76058 159.6356
87.39375 159.6042
84.29821 159.492
81.71564 159.3396
78.70149 159.0953
76.28013 158.8492
73.07119 158.4584
70.50327 158.0949
67.49396 157.6139
64.79781 157.1344
61.24823 156.4357
58.01748 155.7352
54.71854 154.9583
50.95738 153.9983
47.60316 153.0767
43.82383 151.966
40.85837 151.0416
36.9852 149.7661
33.92411 148.7045
29.92888 147.2498
26.07854 145.7746
22.5324 144.3509
19.57505 143.1144
16.96297 141.9846
13.53737 140.4497
10.03977 138.8204
6.473331 137.0963
3.247774 135.484
-0.0277158 133.7971
-2.933281 132.2599
-6.721062 130.2
-10.99533 127.8009
-14.89812 125.5426
-18.40932 123.4564
-21.51245 121.5699
-25.0923 119.3438
-28.70593 117.0428
-32.80867 114.3643
-36.02515 112.2148
-39.72106 109.6902
-43.43734 107.0928
-48.1156 103.7394
-51.4103 101.3218
-55.1756 98.50188
-58.91369 95.64277
-63.07058 92.39202
-66.72289 89.47047
-70.22783 86.60825
-73.10885 84.21296
-76.61234 81.2455
-79.71889 78.55778
-82.85062 75.79269
-86.40263 72.59046
-89.9826 69.29179
-93.18275 66.27737
-95.97022 63.59845
-98.98862 60.64189
-101.4116 58.22539
-104.026 55.57146
-106.3186 53.20195
-108.9625 50.41835
-111.2944 47.91615
-113.9777 44.97961
-116.3388 42.34222
-119.0167 39.28779
-121.2553 36.6807
-123.9198 33.50943
-125.8738 31.13319
-127.8381 28.69802
-130.1 25.83376
-132.0912 23.25612
-134.3563 20.25658
-136.2446 17.69833
-138.0003 15.26962
-140.1079 12.28509
-141.9731 9.576982
-143.6186 7.133441
-145.2739 4.620659
-146.9304 2.047504
-148.7686 -0.8814799
-150.272 -3.339426
-152.0498 -6.326913
-153.407 -8.672683
-154.9662 -11.44266
-156.5296 -14.30792
-157.8931 -16.88561
-159.3635 -19.75587
-160.8487 -22.76375
-162.0431 -25.27611
-163.2146 -27.83324
-164.2392 -30.15322
-165.2596 -32.55017
-166.2213 -34.89655
-167.2049 -37.40046
-167.9713 -39.43713
-168.885 -41.98067
-169.7952 -44.6554
-170.596 -47.14352
-171.2821 -49.39634
-172.0074 -51.92593
-172.5599 -53.97855
-173.1059 -56.14257
-173.7168 -58.76691
-174.2492 -61.27237
-174.7016 -63.61234
-175.1217 -66.02431
-175.4395 -68.06443
-175.7342 -70.20778
-175.9651 -72.15321
-176.1531 -74.02883
-176.3164 -76.01536
-176.4629 -78.37852
-176.5591 -80.87471
-176.5921 -83.40602
-176.5672 -85.52607
-176.511 -87.21318
-176.3836 -89.45871
-176.2544 -91.07551
-175.999 -93.5212
-175.6443 -96.12028
-175.3086 -98.13377
-174.9154 -100.1513
-174.5653 -101.7312
-174.0358 -103.8453
-173.5723 -105.5016
-173.0356 -107.2505
-172.4411 -109.0219
-171.6936 -111.0516
-171.133 -112.4534
-170.3818 -114.195
-169.8709 -115.306
-169.0132 -117.0585
-168.0369 -118.9056
-166.637 -121.3274
-165.6139 -122.9556
-164.6812 -124.3478
-163.3669 -126.176
-162.3657 -127.4779
-161.26 -128.8383
-160.2038 -130.0711
-158.776 -131.6452
-157.4092 -133.0627
-156.2544 -134.1965
-155.0171 -135.3504
-153.4905 -136.695
-152.011 -137.9234
-149.9967 -139.4914
-148.2898 -140.7353
-146.439 -142.0051
-144.9438 -142.9746
-143.2898 -143.9897
-141.4875 -145.0308
-139.7621 -145.9691
-137.6823 -147.0315
-135.7106 -147.9757
-133.6237 -148.9131
-131.4222 -149.838
-129.4033 -150.6343
-126.9917 -151.5264
-124.4708 -152.3957
-121.8422 -153.2386
-119.1076 -154.0512
-116.2689 -154.83
-112.9536 -155.6622
-109.5121 -156.4434
-105.9476 -157.1704
-102.6784 -157.7687
-99.31692 -158.32
-95.42741 -158.8814
-90.97578 -159.4295
-87.78047 -159.7646
-84.05099 -160.0979
-80.72149 -160.3458
-76.8426 -160.5789
-73.38551 -160.7385
-69.36443 -160.8701
-65.78616 -160.9409
-62.15329 -160.9705
-57.93627 -160.9539
-53.65155 -160.8841
-48.75232 -160.7421
-44.32927 -160.5602
-39.84408 -160.3271
-34.14935 -159.9644
-28.36625 -159.5275
-24.26372 -159.1772
-18.92634 -158.6734
-14.1239 -158.1753
-9.268194 -157.6301
-3.125498 -156.8833
1.221599 -156.3183
5.606783 -155.7197
11.92565 -154.8096
16.27714 -154.1516
21.5654 -153.3169
25.98402 -152.5893
29.63787 -151.9668
33.57671 -151.2741
37.31903 -150.5944
41.10152 -149.8864
44.95321 -149.1445
48.37898 -148.4671
52.35156 -147.6595
55.73855 -146.9495
59.81605 -146.0631
63.58935 -145.2073
66.75845 -144.462
69.9687 -143.6821
73.67874 -142.7451
77.05078 -141.8611
79.92324 -141.0795
83.35125 -140.101
86.15311 -139.2537
88.72963 -138.4309
91.80815 -137.3873
94.3539 -136.4729
96.96752 -135.4745
99.47906 -134.4474
101.7648 -133.447
104.3163 -132.2451
106.3349 -131.223
108.6812 -129.9481
110.4683 -128.9075
112.3107 -127.7591
114.0862 -126.5675
115.8319 -125.2932
117.1713 -124.2292
118.5381 -123.0518
119.619 -122.0487
120.8822 -120.7824
121.9102 -119.6631
123.1348 -118.1919
124.0134 -117.0151
124.7203 -115.9735
125.5364 -114.6461
126.3484 -113.152
127.0062 -111.7674
127.6597 -110.1665
128.086 -108.9303
128.4388 -107.7072
128.7258 -106.4803
129.0014 -104.9467
129.1893 -103.4611
129.3036 -101.998
129.3548 -100.2871
129.3239 -98.79324
129.2352 -97.46696
129.0773 -96.0301
128.8099 -94.28789
128.4845 -92.63344
128.0134 -90.66053
127.4968 -88.81355
126.8035 -86.63685
126.1807 -84.87557
125.3789 -82.7933
124.3613 -80.36721
123.4856 -78.42205
122.3956 -76.13948
121.2126 -73.79547
119.7734 -71.08735
118.5764 -68.93066
117.1274 -66.41322
115.7922 -64.16433
113.5735 -60.54324
112.0885 -58.18361
110.1015 -55.0855
108.0336 -51.91338
106.1339 -49.0295
103.6887 -45.33514
101.4335 -41.91931
99.39725 -38.80496
97.08639 -35.21178
95.14332 -32.10804
92.55516 -27.77819
90.32341 -23.8691
88.07186 -19.86027
86.00663 -15.996
84.60431 -13.16125
83.54232 -10.81224
82.09713 -7.071918
81.35703 -4.690508
80.88525 -2.56216
80.6594 -0.8733832
80.54942 0.73448
80.52425 2.173921
80.57599 3.945862
80.75405 5.888843
80.98579 7.390018
81.36637 9.127709
81.76362 10.50725
82.25179 11.86722
82.85632 13.25121
83.54851 14.60088
84.49882 16.19763
85.77982 18.04523
87.01893 19.60913
88.6004 21.38511
90.02161 22.82363
91.99036 24.63371
93.94109 26.26619
95.81294 27.71624
97.80988 29.16418
99.92765 30.60915
102.4496 32.23075
104.5091 33.49051
106.9632 34.93126
109.1949 36.19501
111.8376 37.64651
114.5741 39.10982
117.0419 40.4038
119.9417 41.90347
122.921 43.43217
125.9743 44.99787
129.4903 46.81398
133.0829 48.70148
136.3327 50.45037
139.474 52.19215
142.3822 53.86275
145.6981 55.85218
148.389 57.54358
151.2103 59.3975
153.8136 61.18816
156.4694 63.10452
158.7244 64.81495
161.2357 66.84275
163.0075 68.37438
164.5789 69.81738
165.7973 71.00111
167.2737 72.52607
168.9567 74.39886
170.786 76.63273
172.2407 78.60147
173.0965 79.86715
173.9249 81.1926
174.9598 83.02782
175.7106 84.51709
176.5167 86.32395
177.0688 87.74633
177.5865 89.30121
178.0222 90.86785
178.4052 92.59535
178.7124 94.48989
178.9134 96.53373
178.9668 97.78391
178.9543 99.27523
178.8334 101.0341
178.5915 102.8685
178.2441 104.7059
177.8329 106.425
177.4308 107.854
176.9917 109.2305
176.5764 110.3977
175.9417 111.992
175.334 113.3663
174.7266 114.6363
173.9598 116.1261
173.197 117.5083
172.4122 118.8427
171.5221 120.2608
170.7054 121.4858
169.9124 122.6173
168.9144 123.9734
167.9582 125.2106
166.7681 126.6772
165.6403 128.0009
164.2803 129.5219
162.6113 131.2868
161.1123 132.7837
159.9684 133.8722
158.7192 135.0106
157.3622 136.1932
156.0851 137.2597
154.3187 138.6678
152.6297 139.9477
150.6629 141.3634
149.4032 142.2308
148.0363 143.1381
146.5032 144.1143
144.8569 145.1164
143.0985 146.1373
140.9875 147.2998
139.0511 148.309
137.4185 149.1193
135.9124 149.8344
134.2306 150.5961
132.4342 151.3684
130.7699 152.0475
128.7621 152.8218
126.6441 153.5872
124.4806 154.3165
122.414 154.965
120.4912 155.5265
118.5121 156.0625
116.6891 156.5196
114.5023 157.0227
112.4995 157.4416
110.1097 157.8904
107.6224 158.3005
104.7638 158.7022
101.583 159.0642
99.00779 159.2928
96.40726 159.4661
93.87711 159.5797
91.10731 159.641
87.62435 159.6235
84.64128 159.5279
81.5426 159.3542
77.96945 159.0626
74.6568 158.7083
71.66238 158.3219
68.6262 157.8683
65.52709 157.3437
61.96165 156.6656
58.7346 155.9854
54.20251 154.927
50.87484 154.0747
47.5718 153.1673
43.87423 152.0801
40.13111 150.9041
36.31341 149.6286
33.29498 148.567
28.91191 146.9447
25.51479 145.6225
22.73954 144.4996
19.38513 143.0899
16.00566 141.6108
12.55177 140.0387
9.816422 138.7504
6.639912 137.2075
3.004233 135.3824
0.1328661 133.8978
-3.193706 132.1316
-6.566521 130.2914
-9.983721 128.3773
-13.00871 126.642
-16.94375 124.3283
-20.92781 121.9217
-24.05841 119.9851
-27.66851 117.7021
-31.31098 115.3447
-34.98355 112.9124
