0 0
1 0.744287
2 0.743397
3 0.738666
4 0.727008
5 0.709143
6 0.675688
7 0.612647
8 0.556468
9 0.476414
10 0.382533
11 0.238728
12 0.156463
13 0.07171
14 0.00182631
15 -0.0430814
16 -0.0874603
17 -0.124714
18 -0.151557
19 -0.170428
20 -0.188416
21 -0.199427
22 -0.197929
23 -0.178891
24 -0.158765
25 -0.133022
26 -0.112397
27 -0.089531
28 -0.0671521
29 -0.0931714
30 -0.0630987
31 -0.0366105
32 -0.0104215
33 0.0154301
34 0.0410118
35 0.0745391
36 0.100774
37 0.123547
38 0.14603
39 0.168549
40 0.188514
41 0.245621
42 0.301568
43 0.333999
44 0.360328
45 0.373373
46 0.382494
47 0.275885
48 0.358074
49 0.408731
50 0.444306
51 0.457499
52 0.491979
53 0.459146
54 0.417319
55 0.376447
56 0.325992
57 0.28021
58 0.238943
59 0.189186
60 0.143465
61 0.103244
62 0.0713021
63 0.0365266
64 0.00526112
65 -0.018069
66 -0.0678869
67 -0.012656
68 0.0211098
69 0.0397373
70 0.0428985
71 -0.0373681
72 0.0423948
73 0.0836791
74 0.0920858
75 0.0775076
76 -0.0638492
77 -0.0143349
78 -0.00379607
79 -0.017101
80 -0.047089
81 -0.0872667
82 -0.131388
83 -0.184127
84 -0.232997
85 -0.282838
86 -0.344648
87 -0.348128
88 -0.352362
89 -0.370656
90 -0.40112
91 -0.433389
92 -0.603107
93 -0.53717
94 -0.490069
95 -0.473875
96 -0.465143
97 -0.46317
98 -0.463676
99 -0.459658
100 -0.367488
101 -0.31491
102 -0.285716
103 -0.20838
104 -0.174826
105 -0.168167
106 -0.17224
107 -0.182458
108 -0.191836
109 -0.196825
110 -0.197779
111 -0.311994
112 -0.260687
113 -0.206199
114 -0.152022
115 -0.110967
116 -0.0686073
117 0.0967732
118 0.0881548
119 0.086711
120 0.0923346
121 0.110606
122 0.0705031
123 0.122643
124 0.175935
125 0.223507
126 0.276775
127 0.330278
128 0.389553
129 0.436784
130 0.457864
131 0.526012
132 0.589268
133 0.656975
134 0.714769
135 0.769765
136 0.851672
137 0.890201
138 0.923411
139 0.956181
140 0.919126
141 1.02218
142 1.11242
143 1.18934
144 1.26771
145 1.32211
146 1.26826
147 1.34391
148 1.40367
149 1.45266
150 1.44134
151 1.4187
152 1.40112
153 1.38438
154 1.37329
155 1.36539
156 1.522
157 1.47139
158 1.43266
159 1.39969
160 1.38656
161 1.38461
162 1.39551
163 1.41507
164 1.39854
165 1.56041
166 1.69696
167 1.79547
168 1.82551
169 2.02102
170 2.17164
171 2.21878
172 2.21832
173 2.04224
174 2.09573
175 2.07602
176 2.00155
177 1.82556
178 1.56182
179 1.50014
180 1.39483
181 1.19635
182 0.969146
183 0.681389
184 0.524666
185 0.438761
186 0.292391
187 0.0271705
188 -0.215812
189 -0.539665
190 -0.874017
191 -1.21949
192 -1.44414
193 -1.48715
194 -1.62907
195 -1.82864
196 -2.08048
197 -1.89604
198 -1.70881
199 -1.76792
200 -1.9594
201 -2.32333
202 -2.62047
203 -3.18382
204 -3.05562
205 -3.08871
206 -3.24487
207 -3.19078
208 -3.12932
209 -3.19464
210 -3.27784
211 -3.32657
212 -3.41688
213 -3.02922
214 -2.83881
215 -2.69288
216 -2.54431
217 -2.49723
218 -2.22208
219 -1.9325
220 -1.66428
221 -1.40175
222 -1.15207
223 -0.81173
224 -0.582798
225 -0.298785
226 -0.0905207
227 0.0991663
228 0.212342
229 0.426072
230 0.613699
231 0.789676
232 0.949498
233 1.07522
234 1.03142
235 1.14521
236 1.2364
237 1.33106
238 1.41657
239 1.77841
240 1.66607
241 1.57416
242 1.48957
243 1.45183
244 1.51735
245 1.36443
246 1.28271
247 1.27473
248 1.34094
249 1.47858
250 1.68266
251 1.98208
252 2.34144
253 2.71542
254 2.59457
255 2.80958
256 3.22681
257 3.73044
258 4.1009
259 4.319
260 3.9727
261 3.97343
262 3.95689
263 3.71438
264 3.67964
265 3.72512
266 3.7789
267 3.71823
268 3.52082
269 3.11736
270 2.65363
271 2.3186
272 1.93305
273 1.47902
274 1.05034
275 0.611291
276 0.0758603
277 -0.455214
278 -0.881344
279 -1.2558
280 -1.54666
281 -1.7948
282 -1.90981
283 -2.11583
284 -2.26619
285 -2.44916
286 -2.53345
287 -2.61183
288 -2.66812
289 -2.72247
290 -2.77197
291 -2.86089
292 -2.81154
293 -2.78717
294 -2.7809
295 -2.79381
296 -2.81908
297 -2.62823
298 -2.57437
299 -2.59076
300 -2.66524
301 -2.77323
302 -2.85439
303 -2.93675
304 -2.96079
305 -2.68233
306 -2.63872
307 -2.72514
308 -2.722
309 -2.78217
310 -2.84916
311 -2.88829
312 -2.90436
313 -2.91478
314 -2.88954
315 -2.81666
316 -2.64773
317 -2.48133
318 -2.34306
319 -2.10035
320 -1.78842
321 -1.56416
322 -1.25283
323 -1.01402
324 -0.770912
325 -0.545081
326 -0.454736
327 -0.177041
328 0.0562454
329 0.221994
330 0.368141
331 0.421114
332 0.573294
333 0.695174
334 0.780938
335 0.837317
336 0.869084
337 0.8756
338 0.900662
339 0.832391
340 0.780081
341 0.737999
342 0.699484
343 0.659886
344 0.625583
345 0.588868
346 0.527525
347 0.549598
348 0.566113
349 0.578872
350 0.585872
351 0.605018
352 0.609586
353 0.608367
354 0.600996
355 0.589248
356 0.537647
357 0.55244
358 0.559253
359 0.55964
360 0.601826
361 0.579843
362 0.550279
363 0.517784
364 0.484705
365 0.458111
366 0.397863
367 0.387916
368 0.376195
369 0.363654
370 0.371903
371 0.340083
372 0.313822
373 0.300579
374 0.295778
375 0.29847
376 0.321502
377 0.330486
378 0.345903
379 0.372339
380 0.408177
381 0.439589
382 0.5288
383 0.609825
384 0.689141
385 0.753843
386 0.791321
387 0.825995
388 0.858496
389 0.889783
390 0.91053
391 0.934229
392 0.951317
393 0.976786
394 0.998285
395 1.02529
396 1.03751
397 1.08016
398 1.12075
399 1.15056
400 1.17607
401 1.18839
402 1.2044
403 1.24684
404 1.30362
405 1.33763
406 1.35163
407 1.35056
408 1.34047
409 1.27674
410 1.24418
411 1.2107
412 1.20816
413 1.1703
414 1.13956
415 1.10433
416 1.08182
417 1.07127
418 1.05915
419 1.04692
420 0.937132
421 0.983354
422 1.01524
423 1.10438
424 1.03903
425 0.979429
426 0.889344
427 0.871496
428 0.852729
429 0.837483
430 0.831118
431 0.852085
432 0.862465
433 0.866095
434 0.864703
435 0.81176
436 0.806026
437 0.795715
438 0.784063
439 0.771381
440 0.768901
441 0.752793
442 0.740381
443 0.726677
444 0.713929
445 0.716785
446 0.73192
447 0.736928
448 0.731307
449 0.715301
450 0.69538
451 0.511355
452 0.563964
453 0.597131
454 0.613295
455 0.609991
456 0.5889
457 0.590651
458 0.534538
459 0.461017
460 0.392264
461 0.330829
462 0.269603
463 0.221572
464 0.158428
465 0.108915
466 0.0533857
467 0.0136544
468 -0.0276836
469 -0.0632872
470 -0.0886183
471 -0.106271
472 -0.0538526
473 -0.0304923
474 -0.0224987
475 -0.0256844
476 -0.0407562
477 0.0107253
478 0.0356836
479 0.0366348
480 0.0178025
481 -0.0841581
482 -0.0477123
483 -0.0445374
484 -0.0659017
485 -0.0973439
486 -0.1405
487 -0.201346
488 -0.261163
489 -0.314328
490 -0.363685
491 -0.349308
492 -0.355829
493 -0.374342
494 -0.400268
495 -0.430789
496 -0.56269
497 -0.501483
498 -0.467884
499 -0.453396
500 -0.447714
501 -0.445141
502 -0.552617
503 -0.418304
504 -0.33393
505 -0.29446
506 -0.269777
507 -0.196081
508 -0.169408
509 -0.16782
510 -0.175136
511 -0.185329
512 -0.195141
513 -0.199651
514 -0.202811
515 -0.31704
516 -0.259957
517 -0.205451
518 -0.135649
519 -0.0873569
520 -0.0461527
521 0.0758242
522 0.0722958
523 0.0764799
524 0.0878484
525 0.0475128
526 0.113235
527 0.16747
528 0.222607
529 0.286126
530 0.343517
531 0.416484
532 0.474047
533 0.490985
534 0.554287
535 0.615953
536 0.672448
537 0.717137
538 0.761074
539 0.794714
540 0.844201
541 0.859591
542 0.873551
543 0.890886
544 0.850512
545 0.943448
546 1.02528
547 1.09611
548 1.16349
549 1.21802
550 1.17638
551 1.25684
552 1.32295
553 1.38083
554 1.36812
555 1.35931
556 1.35225
557 1.34924
558 1.35002
559 1.55266
560 1.49714
561 1.46109
562 1.43648
563 1.42169
564 1.42076
565 1.4348
566 1.45973
567 1.4083
568 1.62236
569 1.79312
570 1.70139
571 1.97503
572 2.1418
573 2.2406
574 2.27545
575 2.24626
576 2.11319
577 2.10631
578 2.02437
579 1.85252
580 1.5694
581 1.50278
582 1.37162
583 1.19798
584 0.983034
585 0.73308
586 0.528307
587 0.447775
588 0.299128
589 0.0395504
590 -0.261811
591 -0.54386
592 -0.843907
593 -1.1969
594 -1.45912
595 -1.47089
596 -1.59709
597 -1.77151
598 -1.97072
599 -1.99728
600 -1.71096
601 -1.71951
602 -1.93461
603 -2.23899
604 -2.63586
605 -3.14185
606 -3.03505
607 -3.11314
608 -3.26145
609 -3.14927
610 -3.11353
611 -3.19225
612 -3.27585
613 -3.30361
614 -3.22509
615 -2.96974
616 -2.74684
617 -2.58599
618 -2.63865
619 -2.36764
620 -2.0645
621 -1.77141
622 -1.42387
623 -1.16065
624 -0.806177
625 -0.620582
626 -0.384906
627 -0.161466
628 0.0472939
629 0.174149
630 0.378622
631 0.543422
632 0.701899
633 0.869276
634 1.0035
635 1.13492
636 1.06831
637 1.18514
638 1.26655
639 1.34993
640 1.43175
641 1.76024
642 1.6266
643 1.51895
644 1.43316
645 1.62362
646 1.41134
647 1.28204
648 1.19178
649 1.20677
650 1.30792
651 1.49587
652 1.7282
653 2.09092
654 2.46903
655 2.51534
656 2.51909
657 2.7492
658 3.29079
659 3.80484
660 4.17461
661 3.98941
662 3.91571
663 4.2966
664 3.57443
665 3.51949
666 3.61305
667 3.63296
668 3.56477
669 3.45613
670 3.21428
671 2.78761
672 2.47569
673 2.02674
674 1.63843
675 1.25504
676 0.943019
677 0.575642
678 0.164417
679 -0.267267
680 -0.592584
681 -0.899626
682 -1.17225
683 -1.47033
684 -1.69754
685 -1.77761
686 -1.95515
687 -2.10684
688 -2.29484
689 -2.3847
690 -2.47106
691 -2.53561
692 -2.60055
693 -2.65882
694 -2.70589
695 -2.75703
696 -2.74352
697 -2.75165
698 -2.78399
699 -2.76703
700 -2.6334
701 -2.59882
702 -2.63056
703 -2.71791
704 -2.8089
705 -2.9022
706 -2.97045
707 -2.86176
708 -2.67256
709 -2.63015
710 -2.70359
711 -2.67717
712 -2.70868
713 -2.77806
714 -2.83311
715 -2.83918
716 -2.82432
717 -2.78281
718 -2.74046
719 -2.48649
720 -2.31159
721 -2.16079
722 -1.94374
723 -1.71967
724 -1.49169
725 -1.16833
726 -0.868398
727 -0.57413
728 -0.409855
729 -0.308567
730 -0.0542952
731 0.138891
732 0.287113
733 0.25984
734 0.420171
735 0.543924
736 0.626039
737 0.705216
738 0.748822
739 0.775157
740 0.792769
741 0.799118
742 0.802497
743 0.757734
744 0.718713
745 0.683743
746 0.645198
747 0.613874
748 0.582851
749 0.522814
750 0.559258
751 0.593174
752 0.614367
753 0.622372
754 0.637475
755 0.643679
756 0.642637
757 0.634054
758 0.620979
759 0.560901
760 0.574017
761 0.581155
762 0.580993
763 0.625784
764 0.597035
765 0.559069
766 0.523687
767 0.494764
768 0.468886
769 0.403141
770 0.390135
771 0.377716
772 0.363411
773 0.37725
774 0.339625
775 0.315335
776 0.301397
777 0.294247
778 0.29368
779 0.315861
780 0.320571
781 0.336335
782 0.363267
783 0.405652
784 0.455542
785 0.533461
786 0.607351
787 0.681013
788 0.73915
789 0.802045
790 0.840949
791 0.8871
792 0.933295
793 0.970314
794 1.00056
795 1.03304
796 1.06644
797 1.10157
798 1.1144
799 1.17892
800 1.21636
801 1.24633
802 1.27027
803 1.28278
804 1.29362
805 1.33825
806 1.38671
807 1.40591
808 1.41024
809 1.40208
810 1.37979
811 1.30582
812 1.27487
813 1.23868
814 1.22509
815 1.18713
816 1.147
817 1.11107
818 1.07991
819 1.0752
820 1.06005
821 1.0436
822 1.03003
823 0.96619
824 1.00136
825 1.12099
