0 0
1 0.4380091
2 4.380013
3 3.246071
4 2.003712
5 1.892807
6 2.871852
7 4.251687
8 6.21619
9 7.802097
10 10.03817
11 12.69167
12 15.03345
13 17.31126
14 19.78207
15 21.98082
16 23.54714
17 25.27748
18 26.97518
19 28.4579
20 29.73524
21 31.35047
22 32.93575
23 34.32025
24 35.68195
25 37.02116
26 38.66419
27 39.95428
28 41.38021
29 42.77965
30 44.00183
31 45.35268
32 46.53239
33 47.69267
34 48.83376
35 49.95596
36 50.92271
37 52.14513
38 53.21268
39 54.26256
40 55.29503
41 56.18447
42 57.06101
43 58.16939
44 59.0171
45 58.16042
46 55.52293
47 52.50763
48 50.6668
49 51.58272
50 52.52571
51 53.58644
52 53.00725
53 49.95225
54 47.0499
55 44.79832
56 45.83219
57 47.00397
58 48.01286
59 49.04594
60 48.45327
61 45.17123
62 41.96948
63 41.7687
64 43.00834
65 44.22581
66 45.275
67 46.20948
68 43.33622
69 40.56868
70 37.343
71 38.21198
72 39.34899
73 40.62663
74 41.22865
75 38.56871
76 35.51971
77 32.53852
78 32.6949
79 33.91148
80 35.27888
81 36.45691
82 33.81894
83 31.24383
84 30.73776
85 31.88517
86 33.11247
87 34.66388
88 32.06217
89 29.16362
90 26.3287
91 27.37943
92 28.8559
93 30.12614
94 31.55618
95 32.37138
96 29.81791
97 26.6191
98 23.84252
99 25.04515
100 27.11846
101 28.96357
102 29.1376
103 26.67476
104 23.89916
105 20.51772
106 21.9458
107 23.49371
108 25.21373
109 26.72498
110 23.94076
111 20.94973
112 22.68468
113 24.26512
114 25.98495
115 27.27712
116 24.82641
117 22.09499
118 21.543
119 23.12214
120 24.4887
121 25.82008
122 25.97948
123 22.87562
124 20.18834
125 21.05906
126 22.65826
127 24.42508
128 26.13516
129 28.0012
130 29.32593
131 30.23925
132 29.11473
133 29.24047
134 30.91242
135 32.32924
136 33.54867
137 33.87138
138 33.59932
139 33.81784
140 35.21326
141 36.55902
142 37.88289
143 39.18589
144 40.46616
145 42.03639
146 43.42361
147 44.78487
148 45.97195
149 47.14144
150 48.43367
151 49.70072
152 50.80894
153 51.76369
154 52.83618
155 53.76102
156 54.80309
157 55.69907
158 56.58155
159 57.45312
160 58.55495
161 59.39612
162 60.3456
163 61.27757
164 62.07972
165 62.91423
166 63.87028
167 64.72694
168 65.48758
169 66.32808
170 67.15968
171 68.17862
172 68.87968
173 69.66856
174 70.34821
175 71.11302
176 68.2458
177 64.97269
178 60.40932
179 57.29327
180 55.45778
181 56.32894
182 57.44915
183 58.42749
184 54.70522
185 50.86159
186 50.16449
187 51.12759
188 52.3443
189 49.24324
190 46.1643
191 44.73668
192 46.02788
193 47.36694
194 48.36387
195 45.62689
196 42.4115
197 38.87778
198 35.81964
199 36.12908
200 37.45563
201 34.78738
202 31.0796
203 28.20724
204 28.80261
205 30.24699
206 31.49257
207 30.95256
208 27.72941
209 24.92356
210 22.19628
211 23.28549
212 24.64837
213 26.16659
214 23.04334
215 20.37523
216 17.72063
217 19.07642
218 20.91335
219 22.48632
220 20.3234
221 17.69978
222 14.80986
223 16.42813
224 18.09353
225 20.0355
226 21.09817
227 18.44739
228 15.5488
229 17.54255
230 19.61644
231 21.52814
232 23.25141
233 24.99949
234 26.51419
235 28.18809
236 29.65111
237 30.90958
238 32.32706
239 33.72134
240 35.09232
241 36.27279
242 37.43703
243 38.90929
244 40.03538
245 41.30265
246 42.54895
247 43.77405
248 44.9753
249 46.16041
250 47.32668
251 48.47319
252 49.74067
253 50.98385
254 52.33844
255 53.52794
256 49.27637
257 45.15528
258 40.05323
259 35.15622
260 35.96907
261 37.05046
262 32.84653
263 28.95264
264 25.76533
265 22.53355
266 19.13996
267 21.172
268 23.18718
269 25.27024
270 21.69904
271 17.75413
272 14.54176
273 16.31555
274 18.38119
275 20.75743
276 22.4747
277 24.45039
278 25.46542
279 26.63218
280 28.49918
281 30.13232
282 31.73926
283 33.31532
284 34.86294
285 36.21476
286 37.70922
287 38.85305
288 40.1396
289 41.24782
290 42.4959
291 43.87438
292 45.22815
293 46.41051
294 47.42843
295 48.43177
296 49.56057
297 50.53297
298 51.76152
299 52.70091
300 49.31357
301 45.61196
302 41.59562
303 38.47924
304 38.26977
305 39.39794
306 40.43633
307 37.31403
308 33.56028
309 29.89327
310 27.04845
311 24.25682
312 25.11091
313 26.62048
314 28.10472
315 25.28742
316 22.20149
317 18.87734
318 20.42078
319 21.73242
320 24.10172
321 20.38948
322 17.43406
323 13.8472
324 16.43838
325 18.51747
326 20.57879
327 22.19459
328 19.18852
329 15.62902
330 17.60871
331 19.62716
332 21.73001
333 22.18872
334 19.18574
335 15.94426
336 17.90248
337 19.91691
338 21.62128
339 23.43397
340 24.39451
341 21.66626
342 19.00888
343 20.251
344 21.85938
345 23.27393
346 24.80833
347 26.32466
348 27.81748
349 29.28555
350 29.53431
351 27.04028
352 23.22909
353 24.08799
354 25.80105
355 27.30262
356 28.77948
357 30.23186
358 30.7289
359 28.20967
360 25.74734
361 26.12875
362 27.44084
363 28.91489
364 30.36511
365 30.95178
366 28.4275
367 25.26554
368 26.1929
369 27.6877
370 29.1577
371 30.6041
372 31.84957
373 32.67456
374 32.23867
375 29.33061
376 28.95557
377 30.62374
378 32.0452
379 33.27013
380 34.64838
381 36.0038
382 37.3104
383 38.12276
384 34.70118
385 31.00994
386 32.3078
387 33.70196
388 35.41338
389 36.75512
390 38.23855
391 39.37411
392 40.81057
393 41.90986
394 43.14565
395 44.2095
396 45.55587
397 46.73188
398 47.88906
399 48.51342
400 48.72386
401 49.15999
402 49.98887
403 51.22613
404 52.17315
405 53.37107
406 49.55527
407 45.84807
408 44.8827
409 45.9169
410 47.23225
411 48.52335
412 49.79175
413 50.89909
414 51.98492
415 52.92307
416 54.10888
417 55.40197
418 56.53987
419 57.53536
420 58.39294
421 59.35804
422 60.30858
423 61.35433
424 62.15715
425 62.89497
426 63.77739
427 64.86781
428 65.61338
429 65.86747
430 65.7282
431 65.45977
432 65.33945
433 61.66486
434 58.52496
435 56.97091
436 57.85957
437 58.83302
438 59.90926
439 60.96463
440 61.85013
441 61.68387
442 56.41269
443 53.38601
444 52.14563
445 53.08076
446 54.13262
447 55.03879
448 56.05839
449 56.93666
450 56.64939
451 53.60643
452 49.76174
453 49.4376
454 50.40738
455 51.50303
456 52.44717
457 52.50157
458 49.54219
459 46.64872
460 45.31418
461 46.48827
462 47.50472
463 48.50663
464 49.1847
465 47.67539
466 44.81667
467 42.68851
468 43.76043
469 44.96592
470 46.15155
471 46.92268
472 43.67262
473 40.11504
474 38.57582
475 39.88659
476 40.99839
477 42.09392
478 39.34231
479 36.27605
480 33.64832
481 34.25864
482 35.79018
483 37.12675
484 38.00607
485 35.45964
486 32.85101
487 29.93166
488 30.94466
489 32.537
490 33.92729
491 34.47842
492 31.8824
493 28.98749
494 26.15671
495 27.03244
496 28.51359
497 30.15007
498 31.75625
499 31.27151
500 28.38562
501 25.91894
502 25.0606
503 26.48171
504 28.33686
505 30.1563
506 27.2924
507 24.15992
508 21.44018
509 23.1888
510 24.72263
511 26.2395
512 26.0979
513 22.65106
514 19.73062
515 22.13512
516 23.29507
517 25.01601
518 26.718
519 25.62418
520 22.52957
521 19.29654
522 22.10849
523 23.65165
524 25.18234
525 26.50528
526 26.20589
527 23.09703
528 22.71131
529 24.32109
530 26.04182
531 27.53896
532 29.37586
533 29.67979
534 26.47901
535 23.70922
536 24.9197
537 26.62098
538 28.10884
539 29.75377
540 31.19013
541 32.60223
542 33.99149
543 35.18913
544 36.53545
545 37.85945
546 39.16234
547 40.44513
548 41.70517
549 43.09555
550 44.4632
551 45.80602
552 46.97528
553 48.12828
554 49.40309
555 50.78848
556 51.74344
557 52.81841
558 53.74128
559 54.78283
560 55.6799
561 56.68775
562 57.55737
563 58.41507
564 59.37792
565 60.32612
566 61.37516
567 62.28907
568 63.22345
569 64.28796
570 65.36243
571 66.10473
572 67.04029
573 67.85975
574 68.66502
575 69.65344
576 70.33327
577 71.00336
578 71.69707
579 68.88311
580 64.67081
581 61.01585
582 57.88762
583 54.39001
584 53.22078
585 54.25819
586 55.28893
587 56.17727
588 57.04413
589 53.98985
590 50.16491
591 46.42226
592 45.44192
593 46.57288
594 48.08734
595 49.24525
596 46.32199
597 42.70304
598 39.55223
599 36.47357
600 37.07754
601 38.39112
602 39.67832
603 36.58679
604 33.56834
605 29.91297
606 26.70149
607 28.08936
608 29.54873
609 30.98035
610 28.63611
611 25.46205
612 22.72689
613 22.78504
614 24.14688
615 25.67498
616 23.2579
617 19.89924
618 16.95691
619 18.41634
620 20.12321
621 21.55629
622 21.1695
623 17.86123
624 14.97476
625 16.57688
626 18.24789
627 20.19744
628 21.59748
629 19.35672
630 15.79433
631 17.76081
632 19.3753
633 20.96377
634 22.67918
635 24.24771
636 25.97021
637 27.46801
638 29.12562
639 30.39203
640 31.81798
641 33.39423
642 34.60034
643 35.95737
644 37.29088
645 38.76577
646 39.89388
647 41.1638
648 42.25767
649 43.94441
650 44.99792
651 46.33012
652 47.63725
653 48.77893
654 50.17883
655 51.41399
656 52.49241
657 53.11814
658 49.71188
659 44.76694
660 39.62921
661 40.35102
662 41.23783
663 37.74175
664 34.81462
665 29.62982
666 26.2971
667 22.87577
668 19.83178
669 16.52763
670 18.78013
671 20.78538
672 22.73088
673 20.06067
674 16.47895
675 13.30708
676 15.87156
677 17.93374
678 19.60758
679 21.64924
680 23.84422
681 25.56381
682 27.44253
683 28.9186
684 30.72445
685 32.32003
686 33.71326
687 35.0844
688 36.4325
689 37.92239
690 39.06316
691 40.34615
692 41.45123
693 42.69574
694 43.91919
695 44.97314
696 46.15951
697 47.32601
698 48.47324
699 49.74085
700 50.98499
701 52.07069
702 48.74669
703 45.46138
704 41.45855
705 37.94669
706 38.45652
707 39.9105
708 41.33145
709 38.21006
710 34.40741
711 31.45412
712 28.56709
713 26.08426
714 27.14872
715 28.99063
716 29.33447
717 25.79334
718 23.38231
719 20.67546
720 22.46144
721 24.0013
722 20.6138
723 17.65694
724 19.11966
725 21.05408
726 22.76581
727 19.95934
728 15.7343
729 12.58838
730 15.08872
731 17.60024
732 19.82792
733 21.58029
734 22.26669
735 19.59043
736 16.65874
737 18.14965
738 20.16883
739 21.74185
740 23.07167
741 23.60072
742 20.89285
743 17.92637
744 19.6544
745 21.25662
746 22.67776
747 24.22123
748 25.55664
749 27.06267
750 28.32915
751 28.71303
752 25.58735
753 22.15998
754 22.7719
755 24.31064
756 25.83268
757 27.14727
758 28.80995
759 30.26185
760 29.76488
761 27.61973
762 25.16872
763 26.10126
764 27.59771
765 29.06925
766 30.46504
767 30.56412
768 28.04881
769 25.5896
770 26.4981
771 27.98772
772 29.27093
773 30.71522
774 31.90449
775 31.92004
776 29.01881
777 27.75737
778 29.30555
779 30.57008
780 31.99277
781 33.21835
782 34.59731
783 35.74947
784 35.93777
785 35.69775
786 36.4771
787 36.42174
788 34.4512
789 34.36215
790 36.25918
791 37.75418
792 39.21894
793 40.81378
794 41.87257
795 42.47588
796 43.26268
797 44.47377
798 45.58224
799 46.51627
800 47.99328
801 48.04329
802 47.77162
803 48.05976
804 49.32426
805 50.57668
806 51.53291
807 52.87696
808 49.49125
809 46.60266
810 45.1094
811 46.4333
812 47.73902
813 48.73811
814 49.86265
815 51.10625
816 52.05432
817 53.12423
818 54.17608
819 55.21236
820 56.10335
821 57.22768
822 58.33402
823 59.18009
824 60.13256
825 61.06694
826 61.98799
