0 0
1 -0.00214534
2 -0.000769245
3 0.00313399
4 0.00979306
5 0.0188896
6 0.0345792
7 0.0597311
8 0.0756566
9 0.0832608
10 0.0764514
11 0.0611916
12 0.0512554
13 0.0409157
14 0.0320646
15 0.0260802
16 0.0202691
17 0.0151573
18 0.0110995
19 0.00804374
20 0.00460271
21 0.00161671
22 -0.00872518
23 -0.00904443
24 -0.00908619
25 -0.00878694
26 -0.0084165
27 -0.0079234
28 -0.00741886
29 -0.00934984
30 -0.00892803
31 -0.00852174
32 -0.00810009
33 -0.00769585
34 -0.00731525
35 -0.0065296
36 -0.00603414
37 -0.00566046
38 -0.00536189
39 -0.00513906
40 -0.00498492
41 -0.0131271
42 -0.00920971
43 -0.00646784
44 -0.00371396
45 -0.00201158
46 -0.000402129
47 -0.0252915
48 -0.0181055
49 -0.0122018
50 -0.0059993
51 -0.00121554
52 0.0106966
53 0.0125567
54 0.0138117
55 0.0144053
56 0.0147244
57 0.0146745
58 0.013927
59 0.0136579
60 0.012921
61 0.011879
62 0.0106561
63 0.00915542
64 0.00750485
65 0.00596281
66 -0.0248211
67 -0.0175367
68 -0.0116514
69 -0.00622621
70 -0.00206439
71 -0.0381454
72 -0.0240625
73 -0.01178
74 -0.00197643
75 0.00519896
76 -0.0323487
77 -0.0178315
78 -0.00820422
79 0.000891386
80 0.00707741
81 0.0113794
82 0.0140616
83 0.0154766
84 0.0157379
85 0.0151613
86 0.0133061
87 -0.00877278
88 -0.00201191
89 0.0023008
90 0.00473377
91 0.00524017
92 -0.0465243
93 -0.0344332
94 -0.0235162
95 -0.0187218
96 -0.015362
97 -0.0141901
98 -0.0142501
99 -0.0610364
100 -0.0449599
101 -0.0346389
102 -0.0287922
103 -0.0425391
104 -0.0305687
105 -0.0239186
106 -0.0197486
107 -0.0173043
108 -0.0169668
109 -0.0180594
110 -0.0198745
111 -0.0503129
112 -0.0472263
113 -0.0445875
114 -0.0430527
115 -0.0426962
116 -0.0429523
117 -0.0120326
118 -0.0160002
119 -0.0193245
120 -0.022601
121 -0.0266729
122 -0.0506374
123 -0.0509894
124 -0.0504355
125 -0.0478521
126 -0.0440389
127 -0.0404366
128 -0.0368603
129 -0.0344775
130 -0.0451402
131 -0.0421785
132 -0.0396467
133 -0.0365852
134 -0.0335242
135 -0.0305715
136 -0.0229394
137 -0.0215916
138 -0.0206261
139 -0.0196173
140 -0.0489671
141 -0.0419507
142 -0.035189
143 -0.0288807
144 -0.0219393
145 -0.016434
146 -0.0290713
147 -0.0227536
148 -0.0170969
149 -0.011435
150 0.00596835
151 0.00568882
152 0.00516425
153 0.00423906
154 0.0032463
155 0.00198958
156 0.0168746
157 0.0135307
158 0.0102639
159 0.00627074
160 0.00332793
161 0.000197213
162 -0.00263366
163 -0.00488293
164 -0.0376931
165 -0.0313387
166 -0.0253618
167 -0.020082
168 -0.0469029
169 -0.0319999
170 -0.0148232
171 -0.00387095
172 0.00739813
173 -0.018622
174 0.000648801
175 0.0132632
176 0.0257854
177 0.0399536
178 0.00817738
179 0.0243968
180 0.036669
181 0.0500252
182 0.0594806
183 0.0671495
184 0.0170544
185 0.0362967
186 0.0528424
187 0.0699317
188 0.0793487
189 0.0876112
190 0.092652
191 0.0916405
192 -0.00227425
193 0.0263529
194 0.0510418
195 0.0676951
196 0.0779335
197 -0.137742
198 -0.0415286
199 0.0337598
200 0.0780193
201 0.1112
202 0.120036
203 -0.115746
204 -0.0322258
205 0.0162305
206 0.0446573
207 -0.143668
208 -0.0540455
209 -0.0198632
210 -0.0164792
211 -0.0307208
212 -0.265511
213 -0.180222
214 -0.156239
215 -0.153172
216 -0.159659
217 -0.202418
218 -0.209991
219 -0.220025
220 -0.227454
221 -0.230927
222 -0.228844
223 -0.18606
224 -0.187141
225 -0.181218
226 -0.173751
227 -0.165583
228 -0.181944
229 -0.161615
230 -0.139305
231 -0.117249
232 -0.0966701
233 -0.0800816
234 -0.0791768
235 -0.067734
236 -0.0589192
237 -0.0501724
238 -0.0430408
239 0.047918
240 0.0392523
241 0.029624
242 0.0165415
243 0.00624373
244 0.0600308
245 0.0353882
246 0.0112603
247 -0.0117443
248 -0.0330469
249 -0.0519562
250 -0.0680277
251 -0.0823114
252 -0.0920875
253 0.0715659
254 -0.00778019
255 -0.0699802
256 -0.105237
257 -0.108148
258 -0.0788372
259 0.166864
260 0.0436953
261 -0.0169495
262 0.199037
263 0.0692805
264 0.0572449
265 0.00451539
266 0.0223001
267 0.0737408
268 0.129384
269 0.203681
270 0.223595
271 0.25771
272 0.276307
273 0.277414
274 0.286238
275 0.270138
276 0.242198
277 0.206918
278 0.197176
279 0.162806
280 0.133385
281 0.107213
282 0.0991651
283 0.0783171
284 0.0623074
285 0.0457712
286 0.0365065
287 0.0284108
288 0.0229731
289 0.0183675
290 0.0137344
291 -0.0175543
292 -0.011293
293 -0.00567197
294 -0.000244182
295 0.00505696
296 -0.06598
297 -0.0312138
298 -0.00936643
299 0.00867637
300 0.0204476
301 0.0254732
302 0.0240319
303 0.0181551
304 -0.122402
305 -0.0447116
306 -0.00519468
307 -0.0361194
308 0.00600433
309 0.0178965
310 0.0180592
311 -0.0173471
312 -0.0157934
313 -0.0282348
314 -0.0487059
315 -0.0733962
316 -0.135697
317 -0.131495
318 -0.13489
319 -0.169473
320 -0.174558
321 -0.180514
322 -0.204928
323 -0.191077
324 -0.175771
325 -0.162
326 -0.21623
327 -0.18625
328 -0.16295
329 -0.144354
330 -0.12025
331 -0.148529
332 -0.120028
333 -0.0966276
334 -0.0793589
335 -0.0637371
336 -0.0441659
337 -0.0272398
338 0.0137891
339 0.0150416
340 0.0138252
341 0.0114289
342 0.00894875
343 0.00757618
344 0.00636576
345 0.00431949
346 -0.0279152
347 -0.0231678
348 -0.0191494
349 -0.0155578
350 -0.0214741
351 -0.0168781
352 -0.0146468
353 -0.0109348
354 -0.00754976
355 -0.0048256
356 -0.0206577
357 -0.0153935
358 -0.011413
359 -0.00861511
360 0.00122754
361 0.00293721
362 0.00455911
363 0.0054667
364 0.00565118
365 0.00522606
366 -0.00443576
367 -0.00456289
368 -0.00436553
369 -0.00409244
370 0.00923582
371 0.00548405
372 0.00100183
373 -0.00288564
374 -0.00697781
375 -0.0108385
376 -0.0106894
377 -0.0140552
378 -0.0166486
379 -0.0193934
380 -0.0218959
381 -0.0359201
382 -0.0336368
383 -0.0315465
384 -0.0267896
385 -0.024668
386 -0.0220211
387 -0.0202881
388 -0.0174883
389 -0.0145144
390 -0.0126871
391 -0.0110139
392 -0.0100973
393 -0.0113839
394 -0.0104821
395 -0.00967219
396 -0.0157056
397 -0.0132106
398 -0.0107148
399 -0.0088662
400 -0.00497227
401 -0.00470206
402 -0.0044504
403 -0.0166861
404 -0.010919
405 -0.00591754
406 -0.00188379
407 0.000986228
408 0.00344382
409 0.00675333
410 0.00727239
411 0.00743352
412 0.0100367
413 0.00931836
414 0.00853256
415 0.0073397
416 0.00187813
417 0.00277744
418 0.003392
419 0.0038232
420 -0.0125983
421 -0.00826044
422 -0.00387647
423 0.0159901
424 0.0147709
425 0.0133633
426 0.00555936
427 0.00534964
428 0.0049794
429 0.00421766
430 -0.00436141
431 -0.00193965
432 -3.67125e-05
433 0.00100845
434 0.00236291
435 0.00131503
436 0.00238811
437 0.00304322
438 0.00364905
439 0.00429074
440 0.00525892
441 0.00535164
442 0.00519596
443 0.00492167
444 0.00479694
445 -0.00523526
446 -0.00215626
447 0.00110731
448 0.0036657
449 0.00616882
450 0.00789709
451 -0.0192012
452 -0.0130916
453 -0.00733386
454 -0.00126146
455 0.00348408
456 0.00815796
457 0.0187304
458 0.0199595
459 0.0205468
460 0.0205032
461 0.0201065
462 0.0194137
463 0.018316
464 0.0173557
465 0.016199
466 0.0142983
467 0.0126339
468 0.0106102
469 0.00842555
470 0.00644122
471 -0.0208296
472 -0.0131942
473 -0.00798943
474 -0.0035136
475 -0.000193976
476 -0.0288792
477 -0.0178404
478 -0.00789517
479 -0.00115654
480 0.00537317
481 -0.0273777
482 -0.0141703
483 -0.00459639
484 0.00358616
485 0.00840012
486 0.011877
487 0.0138462
488 0.0139645
489 0.0129808
490 0.0111529
491 -0.00792181
492 -0.00175386
493 0.00196412
494 0.00384996
495 0.00426862
496 -0.0421901
497 -0.0303003
498 -0.0220876
499 -0.0177857
500 -0.0157873
501 -0.0148677
502 -0.0796942
503 -0.0576435
504 -0.0408026
505 -0.0321168
506 -0.0264451
507 -0.0394548
508 -0.027221
509 -0.0210582
510 -0.0173448
511 -0.0158973
512 -0.0166758
513 -0.0182038
514 -0.0205488
515 -0.0494492
516 -0.0459864
517 -0.0436793
518 -0.0424578
519 -0.0426673
520 -0.0431156
521 -0.0160537
522 -0.0188813
523 -0.0219426
524 -0.024846
525 -0.0485993
526 -0.0491375
527 -0.0495008
528 -0.0484263
529 -0.0458595
530 -0.0432519
531 -0.0402539
532 -0.0380274
533 -0.0489363
534 -0.0465861
535 -0.0435013
536 -0.0384008
537 -0.0332512
538 -0.0277684
539 -0.0236017
540 -0.0162655
541 -0.0144188
542 -0.0134829
543 -0.0129533
544 -0.0425661
545 -0.0365716
546 -0.0309029
547 -0.0257755
548 -0.0207018
549 -0.0161304
550 -0.0292402
551 -0.0236501
552 -0.0185636
553 -0.0134488
554 0.00266035
555 0.00234471
556 0.00170735
557 0.000923261
558 -0.000126794
559 0.0164871
560 0.0127476
561 0.00956573
562 0.00650618
563 0.00319542
564 9.94392e-05
565 -0.00297751
566 -0.00541315
567 -0.0407816
568 -0.031972
569 -0.0240102
570 -0.0586348
571 -0.0404549
572 -0.0254521
573 -0.0116231
574 0.00378222
575 0.0132674
576 -0.00856893
577 0.0137827
578 0.0268505
579 0.0404225
580 0.0116396
581 0.0266457
582 0.0405552
583 0.0515395
584 0.0603152
585 0.0668956
586 0.00591146
587 0.0322467
588 0.0510507
589 0.0693096
590 0.0816574
591 0.0874835
592 0.0899542
593 0.0892364
594 -0.0136307
595 0.0172933
596 0.0463123
597 0.0637759
598 0.0741699
599 -0.17274
600 -0.0647635
601 0.0207344
602 0.0769354
603 0.107161
604 0.120293
605 -0.108329
606 -0.00939423
607 0.0306361
608 0.0460577
609 -0.13242
610 -0.0419094
611 -0.017526
612 -0.0224741
613 -0.0413627
614 -0.227213
615 -0.174392
616 -0.152793
617 -0.155567
618 -0.202761
619 -0.20406
620 -0.21352
621 -0.222063
622 -0.227963
623 -0.22863
624 -0.187749
625 -0.189404
626 -0.184858
627 -0.176559
628 -0.166412
629 -0.184686
630 -0.17344
631 -0.156324
632 -0.136955
633 -0.115073
634 -0.0960957
635 -0.076687
636 -0.0770126
637 -0.0637775
638 -0.0547207
639 -0.0459959
640 -0.0377414
641 0.0513069
642 0.041292
643 0.030193
644 0.0170201
645 0.0825314
646 0.0574723
647 0.0353219
648 0.00176571
649 -0.0178386
650 -0.0408299
651 -0.0604006
652 -0.0745001
653 -0.0873555
654 -0.0941505
655 0.0405401
656 -0.031631
657 -0.0765078
658 -0.112222
659 -0.107832
660 -0.0704308
661 0.0599604
662 -0.00208458
663 0.358829
664 0.0616303
665 0.0374521
666 0.0115119
667 0.058362
668 0.0851132
669 0.128091
670 0.184176
671 0.19019
672 0.238541
673 0.27255
674 0.284351
675 0.281036
676 0.286105
677 0.267711
678 0.240929
679 0.207104
680 0.179077
681 0.174863
682 0.14839
683 0.119274
684 0.0961224
685 0.0927515
686 0.0762395
687 0.062416
688 0.0473868
689 0.0387696
690 0.0312489
691 0.0261973
692 0.0219279
693 0.018739
694 0.0165851
695 -0.00767914
696 -0.00149388
697 0.00423915
698 0.00945923
699 -0.0528802
700 -0.0243868
701 -0.00270549
702 0.0119701
703 0.022266
704 0.0248965
705 0.0217797
706 0.0147384
707 -0.100294
708 -0.0445155
709 -0.00185149
710 -0.0432209
711 -0.00677697
712 0.00914128
713 0.0152033
714 -0.0260336
715 -0.0223346
716 -0.0422072
717 -0.0601217
718 -0.155036
719 -0.133412
720 -0.132878
721 -0.1717
722 -0.168731
723 -0.171607
724 -0.175184
725 -0.195907
726 -0.182639
727 -0.173775
728 -0.167325
729 -0.215392
730 -0.172347
731 -0.135685
732 -0.108474
733 -0.152169
734 -0.127897
735 -0.108558
736 -0.0933819
737 -0.0714377
738 -0.0542821
739 -0.0416379
740 -0.0301436
741 -0.0222849
742 0.0062897
743 0.005162
744 0.00562799
745 0.00573251
746 0.00481116
747 0.00320745
748 0.00046429
749 -0.0333864
750 -0.0285871
751 -0.0240845
752 -0.0210353
753 -0.0270219
754 -0.0213273
755 -0.015564
756 -0.0111259
757 -0.00666042
758 -0.00376814
759 -0.0202158
760 -0.0161024
761 -0.012503
762 -0.00919479
763 0.00193951
764 0.00453812
765 0.00639889
766 0.00704073
767 0.00684624
768 0.00618735
769 -0.0038472
770 -0.00342035
771 -0.00311088
772 -0.00308437
773 0.0107524
774 0.00592888
775 0.00129515
776 -0.00313704
777 -0.00699368
778 -0.00981384
779 -0.00870739
780 -0.0120296
781 -0.0156154
782 -0.0189236
783 -0.0222585
784 -0.0365415
785 -0.0347598
786 -0.032675
787 -0.0273805
788 -0.0257192
789 -0.0227506
790 -0.0217399
791 -0.0190631
792 -0.0162994
793 -0.0142697
794 -0.0129389
795 -0.0142365
796 -0.0128683
797 -0.0115596
798 -0.0176988
799 -0.0137095
800 -0.0110341
801 -0.00882404
802 -0.00457635
803 -0.00384435
804 -0.00315756
805 -0.0141729
806 -0.00772628
807 -0.00327772
808 -7.15899e-05
809 0.003203
810 0.00629671
811 0.00874601
812 0.00909497
813 0.00923305
814 0.0115839
815 0.0108119
816 0.00976328
817 0.0085374
818 0.0072184
819 0.00318559
820 0.00359919
821 0.00388261
822 0.00405256
823 -0.00960667
824 -0.00577867
825 0.0157858
