0 0
1 0.19769855627138
2 1.79779169555117
3 1.34701725017719
4 0.842570301492529
5 0.758698459207259
6 1.1849191512318
7 1.67370306711558
8 2.35808192314731
9 3.08354825913825
10 3.97871364927866
11 4.70264907785236
12 5.404926632651
13 6.09021383668835
14 6.76008418822029
15 7.4296257470993
16 8.06290223841203
17 8.69466138071351
18 9.46834661896143
19 10.0799777352157
20 10.6836697750314
21 11.2778314628162
22 11.8624523513306
23 12.3663095928352
24 12.9335899174314
25 13.4208336065065
26 13.9029088811737
27 14.4457226213708
28 14.9135903460437
29 15.4399047182944
30 15.8933145803779
31 16.4032556865999
32 16.9667193171942
33 17.5798689762902
34 18.0610218049816
35 18.4752609423421
36 18.8832296255729
37 19.3421016206585
38 19.7370374254874
39 20.1812368661998
40 20.5637296606842
41 21.0471001515858
42 21.416611878131
43 21.832135133537
44 22.1899065536022
45 22.5903186696564
46 22.9869950294267
47 23.3285691431248
48 23.7128734775293
49 24.0436295075275
50 24.415313668152
51 24.7285002283576
52 25.0891523449258
53 25.4425610710703
54 25.746410780932
55 26.086988463681
56 26.4218448449504
57 26.785770089831
58 27.1001242469206
59 27.3676733356025
60 27.6649905959655
61 27.9176463932784
62 28.2318862389405
63 28.4695243450534
64 28.7196168993081
65 28.9459510702925
66 29.1928874139918
67 29.3694909080149
68 29.5566952533697
69 29.3865452336337
70 27.832365763963
71 26.5415481412268
72 25.2851217104578
73 23.8791210028404
74 23.2611781312451
75 23.5441730154137
76 23.8390566599698
77 23.8839543972022
78 22.6718681780595
79 21.3426837331707
80 20.4051110734149
81 20.7469203382515
82 21.0617590166422
83 21.4029581638358
84 20.1393834672945
85 18.9084277819569
86 18.1252504574962
87 18.526847129476
88 18.920580357449
89 19.3352404969901
90 19.8051180942039
91 20.2466245893821
92 20.7210705866748
93 21.0425649109619
94 21.5136735130293
95 21.8935537642978
96 22.3869121147314
97 22.7704838900311
98 23.2070588750678
99 23.5863544979364
100 23.9680493633818
101 24.3874806224853
102 24.7496457637105
103 25.1410913715945
104 25.4894440026839
105 25.8769491436293
106 26.2075938276152
107 26.564097752624
108 26.9207391859706
109 27.3081401200199
110 27.6046295007516
111 27.9271478904856
112 28.3205789512739
113 28.6269055444136
114 28.8947077196155
115 29.1892594213411
116 29.4785373925435
117 29.727244131937
118 29.9725368851727
119 30.2147313711711
120 30.4541449250377
121 30.6921156386568
122 30.9914061432196
123 31.212582824895
124 31.4760229496774
125 31.702795315673
126 31.9899276146491
127 32.2075118058714
128 32.4500066924231
129 32.6568851327909
130 32.8900599481585
131 33.0902746487788
132 33.3154399542455
133 33.508368543608
134 33.7251386615467
135 33.9089066905669
136 34.1091059687494
137 34.272508103407
138 34.4283767394081
139 34.5296773285012
140 34.5074436822337
141 34.5217388317096
142 32.6414666846629
143 30.9466719233894
144 29.1766355516217
145 27.1453339694627
146 25.0358103650409
147 23.3548841625773
148 21.5568451207056
149 19.8595259393587
150 18.3652885695096
151 16.9228660366735
152 15.727402428323
153 14.7487455641062
154 13.6163840371263
155 12.5269476380968
156 11.5068491125026
157 11.7581081307918
158 12.4540401934146
159 13.1405117761076
160 13.8274116285728
161 14.50762128928
162 15.0767243030969
163 15.686169087741
164 16.2170274295191
165 16.7983347411747
166 17.2848659464476
167 17.7405526515486
168 18.1294009804171
169 18.6900473108841
170 19.1410969608611
171 19.6076847519778
172 20.0599224318898
173 20.4485924222565
174 20.8979603358065
175 21.2723477198088
176 21.7457535841539
177 22.0580713962672
178 22.5208312601623
179 22.9249835919325
180 23.2687287500496
181 23.7298760186713
182 24.0666326580998
183 24.3665990913435
184 24.4610781643879
185 24.461989270842
186 22.6846664495278
187 21.1591993834462
188 19.3398395644933
189 17.8618551548125
190 16.3862017817226
191 14.689627550839
192 13.4162010394176
193 12.4993235553274
194 11.1339609918793
195 11.228181059066
196 11.7605735176113
197 12.3326586173568
198 13.0837445390891
199 13.9009455165744
200 14.8255779023476
201 15.6470862881417
202 16.2382067860581
203 16.8668635689228
204 17.3815140717611
205 17.930708792679
206 18.5047359501865
207 18.9312044321141
208 19.399344084441
209 19.7965558053553
210 20.238358387902
211 20.6163733356875
212 21.0388435983777
213 21.4980446326551
214 21.9501109906707
215 22.2426889266203
216 22.5771527894562
217 22.9890065160411
218 23.2702377094293
219 23.64465948064
220 23.9080011768202
221 24.1839401305359
222 24.3695150538631
223 24.5162283217375
224 23.5184747462214
225 22.2260522970082
226 20.6912491564582
227 19.3045118779853
228 17.6107673735912
229 16.3593654846037
230 14.8932647052838
231 13.6392226197328
232 13.5354362184285
233 13.9843899497837
234 14.5081385658225
235 15.0436943046155
236 15.6871643317109
237 16.3364944305422
238 17.0270546859917
239 17.5537041177969
240 18.1188973486837
241 18.6856771205468
242 19.2200744466986
243 19.6787051787925
244 20.2209952410464
245 20.6247749949395
246 21.0633324727863
247 21.4095921236006
248 21.8196907091994
249 22.2080772963914
250 22.6422965551194
251 22.9704784614992
252 23.2797307321017
253 23.6386777629937
254 23.9442833086475
255 24.2833489210748
256 24.5736631451114
257 24.9022784705378
258 25.2047274515522
259 25.5323870075279
260 25.7807088697564
261 26.1592938091543
262 26.4572399822369
263 26.8069145425557
264 27.0857529470576
265 27.4408980921865
266 27.7463683239798
267 28.0968136773374
268 28.4879011663565
269 28.7813607957289
270 29.1164342733038
271 29.3996256103346
272 29.7483500560648
273 30.0553411064189
274 30.3548288326966
275 30.6394628020316
276 30.9562319238414
277 31.220689880577
278 31.4489792091996
279 31.7043276740754
280 31.9201791017202
281 32.170317319693
282 32.3789195680887
283 32.6131664423621
284 32.8710725301077
285 33.0963415458083
286 33.3147411603213
287 33.5054881059319
288 33.720829827001
289 33.9280524113902
290 34.1386303819479
291 34.3252498379911
292 34.5533627521685
293 34.7757155543175
294 34.9718726855346
295 35.1648670098965
296 35.3289242061862
297 35.5165479839323
298 35.677724434834
299 35.8580830900831
300 36.0118265547839
301 36.1848773108232
302 36.3330090826164
303 36.4780619166592
304 36.6397983866579
305 36.7974820549888
306 36.9319279353113
307 37.0771842956578
308 37.204719111027
309 37.3274538606666
310 37.4288029426034
311 37.5410297370571
312 37.6287211505543
313 37.5399330417529
314 37.0145074031895
315 35.7447818862607
316 33.6589593056608
317 32.1632402871944
318 32.2752310685393
319 32.4608311599426
320 32.6073690739456
321 32.6048737973064
322 32.3303552230592
323 30.4952566290886
324 28.3735840438512
325 26.8868037992099
326 25.4214834878873
327 24.3305118228252
328 24.608350792828
329 24.8892716872787
330 24.6680658068779
331 23.2278898333131
332 22.0342958107681
333 21.2387161307099
334 21.5570831645253
335 21.8855872324803
336 22.1404431175777
337 22.1508328707364
338 20.8210710648817
339 19.2401418805122
340 18.8728833482206
341 19.3047810613356
342 19.6831371892303
343 20.0940032126891
344 20.4420059559844
345 20.5289782097465
346 20.6116381347309
347 20.7650126998438
348 20.9868615744929
349 21.1819737211289
350 21.6091546473535
351 22.1656610354664
352 22.55783281066
353 23.0046329127324
354 23.3961100073851
355 23.8356868888675
356 24.2156909034469
357 24.6362186178322
358 24.9955922642217
359 25.3861795924581
360 25.7295736149432
361 26.0644472276359
362 26.3860283947564
363 26.6944818344159
364 26.9589264703603
365 27.3000715621425
366 27.6358478225619
367 27.9164351903167
368 28.1922584512199
369 28.5003431429648
370 28.7650124791397
371 29.1033075518483
372 29.3576802092329
373 29.6439809052817
374 29.8905244251417
375 30.1340631890175
376 30.4089914611259
377 30.6937853985708
378 30.984960668858
379 31.2377739529135
380 31.4676890669844
381 31.7274373836703
382 31.9509317257029
383 32.200042428238
384 32.4125667849963
385 32.6493945991264
386 32.8536029223568
387 33.0826294542071
388 33.3079034899208
389 33.5288723316637
390 33.7719826557391
391 33.9545093056858
392 34.152368446918
393 34.2909937170188
394 34.4447823186428
395 34.5441653995898
396 34.4704626087672
397 34.5521902711765
398 32.7369177458179
399 31.0373482526072
400 29.2517982310863
401 27.1611645178157
402 25.2654688281044
403 23.551634786037
404 21.689036469187
405 20.0127687382006
406 18.664088580798
407 17.2105617303872
408 16.0051895299279
409 15.0381026713867
410 13.8847514486033
411 12.9067501236494
412 12.1013815252624
413 11.7046285844182
414 12.2408645414383
415 12.9979183175017
416 13.6251290779696
417 14.3310643783082
418 15.0034808356658
419 15.558503965757
420 16.1719686488654
421 16.6936309019342
422 17.2533755864707
423 17.7128309127998
424 18.2289294598668
425 18.6650273820835
426 19.1754252462691
427 19.6391539548205
428 20.0925430742419
429 20.5351449214515
430 20.9277464441092
431 21.3544568987593
432 21.7741925168854
433 22.1373377911611
434 22.5981826991636
435 23.0496565060783
436 23.3890431779108
437 23.7978688818124
438 24.0232071769591
439 24.3275832157797
440 24.4931466131565
441 24.5251595488738
442 22.9535704730325
443 21.4085961321162
444 19.2579269013066
445 17.4743771963864
446 15.8167660098068
447 14.4319764452301
448 13.2655358948686
449 12.2346240097678
450 11.128901697808
451 11.2411522065063
452 11.8897299525648
453 12.5508294927371
454 13.3172931644672
455 14.1251209183941
456 15.0653831670673
457 15.8814887075902
458 16.5483026888948
459 17.0932614361322
460 17.6694752709515
461 18.1987104473279
462 18.701387415357
463 19.1198898801675
464 19.5246215921798
465 19.9180846241859
466 20.3567179722408
467 20.7325492971135
468 21.1530813338243
469 21.5089940115284
470 21.8619515164256
471 22.257727288919
472 22.6400197485417
473 23.0081778401984
474 23.2907036954586
475 23.6282126528778
476 23.8992893023629
477 24.1790032802585
478 24.3807434598923
479 24.5365321357816
480 24.01780901676
481 22.6801380774447
482 21.138784535372
483 19.7391953054371
484 18.3801691307724
485 16.7506661974983
486 15.5472536781291
487 14.2473616076114
488 13.3070997844667
489 13.3381346131725
490 13.8009629533896
491 14.3261471757203
492 14.9258561925717
493 15.5638680688084
494 16.2053336723004
495 16.8063637433486
496 17.4009712501671
497 18.0327903960182
498 18.5920341660485
499 19.0563584419131
500 19.576830743582
501 20.0554687308113
502 20.5703921582412
503 21.0119223097358
504 21.3575762028053
505 21.7707977215651
506 22.1110318783819
507 22.5008811276871
508 22.8793485828983
509 23.1909309836359
510 23.5524743881044
511 23.8595276575215
512 24.1589150533003
513 24.4520138103486
514 24.7410635349979
515 25.0688906135956
516 25.4570619906671
517 25.7471467618814
518 26.0867225100534
519 26.3855516596994
520 26.7360727001701
521 27.059713618106
522 27.3719594407831
523 27.7206422726251
524 28.0272321632398
525 28.418338216538
526 28.7109185839905
527 29.0458307848048
528 29.3292469338038
529 29.6442464948529
530 29.9097984884574
531 30.1757252318221
532 30.5002558277559
533 30.7849992713209
534 31.0617338785486
535 31.3193991774964
536 31.6104137620538
537 31.8281352896059
538 32.080008199938
539 32.320294850118
540 32.5559932761191
541 32.7869619679231
542 33.0422308911511
543 33.2620296943116
