0 0
1 0.000946993872153293
2 0.112605913762654
3 0.0632087775719487
4 0.0248031308855088
5 0.0201328152996322
6 0.0489335262180035
7 0.0975784340850954
8 0.176590720018218
9 0.119325267399325
10 -0.0814598370112176
11 -0.235192163351689
12 -0.300603799130154
13 -0.30748481933855
14 -0.267327021713305
15 -0.191844344651696
16 -0.119511369821934
17 -0.0430764880953633
18 0.0481650826663098
19 0.119989554234086
20 0.177758337569096
21 0.224873845448468
22 0.260908235358288
23 0.285081873372492
24 0.305458455450942
25 0.347820179946971
26 0.357484045756343
27 0.362357712801311
28 0.360460058195799
29 0.349310052655439
30 0.347787640739513
31 0.344868289898412
32 0.350410788037484
33 0.369852400457319
34 0.393106329257331
35 0.418235048072017
36 0.446794675019458
37 0.485688570480572
38 0.520919218550412
39 0.56716092619686
40 0.60408590574897
41 0.658686314365567
42 0.701222342549868
43 0.750556110831288
44 0.794900892422093
45 0.867988347904916
46 0.909756436668853
47 0.938710530201742
48 0.974023412279647
49 1.00651482965356
50 1.04833668351509
51 1.15320236409619
52 1.20212410632358
53 1.24145707148838
54 1.2844602989823
55 1.34880492768729
56 1.4096090413241
57 1.52407424112512
58 1.65500430208964
59 1.78598907458518
60 1.94912410488717
61 2.10916642077229
62 2.32198247740771
63 2.50268381547956
64 2.76370168395316
65 2.94890284442905
66 3.15170827094709
67 3.4476056667846
68 3.65374741073887
69 3.87573371911172
70 3.72865509083122
71 3.53175325991602
72 3.38548011136217
73 3.169400578022
74 3.18429914037548
75 3.48979601419515
76 3.80562667377301
77 4.03952036691428
78 3.85914795907936
79 3.59065086353058
80 3.42060497948331
81 3.77425429216624
82 3.97879815031675
83 4.24032852803158
84 3.84213272305233
85 3.47427841349575
86 3.26983032106135
87 3.45775834924323
88 3.64774862206015
89 3.77839369717303
90 3.87964013012137
91 3.89616231356133
92 3.9310158795553
93 3.94720748908718
94 3.93844042849234
95 3.89571128781848
96 3.79741123961058
97 3.67698440963879
98 3.54259003273402
99 3.38389468413886
100 3.23985479284621
101 3.00151958356608
102 2.84954545659843
103 2.66560990768875
104 2.49229217156412
105 2.2489365645051
106 2.0794500161782
107 1.90165555541471
108 1.72961092878848
109 1.53515153771138
110 1.37325180556871
111 1.27480915830186
112 1.19738135399665
113 1.15463055877069
114 1.07918103952576
115 1.06325323358475
116 1.07117333180328
117 1.08017778596631
118 1.09063225428425
119 1.09466626015254
120 1.08879596900671
121 1.14044134765162
122 1.07669948157453
123 0.995832376655126
124 0.940950028699418
125 0.800793667420734
126 0.591684273175921
127 0.441757212323074
128 0.242957542507413
129 0.198719226495765
130 0.0810852696876205
131 0.00810721161800625
132 -0.00132798864821294
133 0.165551045539823
134 0.297087719023135
135 0.470933878248994
136 0.77126481066071
137 1.41347832559352
138 1.95818591679338
139 2.52225549121457
140 3.17639960148033
141 4.11531721824951
142 4.85230390553122
143 5.20955569952875
144 5.45296073393413
145 6.26943730116292
146 6.51749792928767
147 6.63472033740529
148 6.89050008320084
149 6.80360025440681
150 6.67331401312926
151 6.31077511895604
152 5.91668636362918
153 5.47177729656662
154 4.93382602269671
155 4.36295680251794
156 3.76194345507342
157 3.77370290535737
158 3.77357625193413
159 3.61421268359911
160 3.40022048097905
161 3.13443545393524
162 2.8798885026453
163 2.65336049939943
164 2.39678055047872
165 2.11734153102835
166 1.87254767835522
167 1.71928465969161
168 1.58866537472711
169 1.36436797380122
170 1.00783786059432
171 0.906913303269201
172 0.77443188553863
173 0.749989477267241
174 0.535282563409611
175 0.530661800730888
176 0.473029202924065
177 0.452531613612
178 0.327241105135173
179 0.115992279350827
180 -0.164111259214817
181 -0.708153492503504
182 -1.86367597132718
183 -2.80833379620688
184 -3.64398056064246
185 -4.50843306701876
186 -4.70027729380187
187 -4.81173138752344
188 -5.34801969530841
189 -5.2535024711805
190 -5.46616243868184
191 -5.01617371859443
192 -4.63232685204378
193 -4.32030094434514
194 -3.70945773281197
195 -3.92588278033503
196 -4.17079842151217
197 -4.24264779721197
198 -4.1618135539543
199 -3.98800950115784
200 -3.44214608875824
201 -2.93814237053389
202 -2.47653007388031
203 -2.02500736870949
204 -1.60211621540475
205 -1.17998684749964
206 -0.781618355726663
207 -0.487182694281741
208 -0.195436411728579
209 0.0353754882375925
210 0.254633716450062
211 0.436272696842877
212 0.62171549417337
213 0.880299422075311
214 1.08802419874533
215 1.22284096046523
216 1.41995434913389
217 1.68198037542085
218 2.06468935232311
219 2.40817640465847
220 2.70199862439205
221 3.15077446539074
222 3.56281338266333
223 4.08365148527626
224 5.09878330995067
225 5.18421006453531
226 5.15358708452046
227 5.06388393692638
228 4.81474449734155
229 4.57344901373317
230 4.18471947603443
231 3.81827152764352
232 3.97975357273108
233 4.30595164836612
234 4.48833780663116
235 4.52428258491111
236 4.47560556105257
237 4.36091868728076
238 4.14381147525307
239 3.92192113167482
240 3.7382249166583
241 3.50404006258333
242 3.29147330718293
243 3.09890164321728
244 2.96307358820692
245 2.90845383355673
246 2.82790211345197
247 2.91875503351669
248 2.95061875068685
249 3.0197057133904
250 3.09552167503809
251 3.15751974987357
252 3.2718182222108
253 3.36851888345884
254 3.45881288953602
255 3.57069984730596
256 3.67402830661108
257 3.78940930573287
258 3.8270485993827
259 3.89321724181473
260 3.93292603854923
261 3.94857647568172
262 3.92704838904721
263 3.85770107358873
264 3.84873715138123
265 3.74473541901705
266 3.59705095378621
267 3.4305268877849
268 3.21459448089212
269 3.0230054539919
270 2.81154909156981
271 2.62786113265575
272 2.42874497174756
273 2.22872523055057
274 2.04490876812449
275 1.88209609999589
276 1.71554209443247
277 1.6538107330197
278 1.59732038150623
279 1.5645306517134
280 1.5447076078986
281 1.49008887729209
282 1.48640211726536
283 1.51296578749754
284 1.54571396444841
285 1.57788441635532
286 1.63705854338758
287 1.66287276643718
288 1.69400097787561
289 1.75366098201008
290 1.76439031691219
291 1.71222173307926
292 1.71392999064184
293 1.7413652773312
294 1.74639246034274
295 1.74710310080593
296 1.7701011077606
297 1.76765379923774
298 1.77021164864465
299 1.77586203906394
300 1.80045908906622
301 1.83027050697346
302 1.86267782834967
303 1.90391856437249
304 1.96259471507323
305 2.03291887165962
306 2.10461368970239
307 2.22747325092239
308 2.32255643809172
309 2.42376379280554
310 2.51650234470421
311 2.75522217369431
312 2.90161186992265
313 3.02400044530669
314 3.09402431887015
315 3.02642133389019
316 2.90085570565848
317 2.84579700688655
318 3.04702832159891
319 3.28136727716365
320 3.4836520232085
321 3.74617517269078
322 3.93076424813258
323 3.8145078784592
324 3.54234374294806
325 3.34982177967764
326 3.21467728622336
327 3.08399626065542
328 3.2867376741001
329 3.4961989815439
330 3.62890489642224
331 3.40166546308474
332 3.17227578850737
333 3.10862978543434
334 3.39666648835048
335 3.65258940756294
336 3.86604140619382
337 4.10125119495818
338 3.74280365723895
339 3.32795054903921
340 3.32381174322833
341 3.55830958551549
342 3.76002126529036
343 3.97000604109951
344 4.16325065468415
345 4.19637662694526
346 4.19966199734863
347 4.15108705887054
348 4.13853444925978
349 4.11377149046457
350 4.08350104867692
351 3.97251013551072
352 3.83864931441853
353 3.69322931523849
354 3.51564187375153
355 3.30794173876494
356 3.10435290491584
357 2.87878885461764
358 2.67673869996927
359 2.49613231075295
360 2.2910631409602
361 2.09151886791592
362 1.9080113797594
363 1.7925529215196
364 1.67577182814589
365 1.51060190648622
366 1.36159507830678
367 1.28566701248155
368 1.24243981627605
369 1.20961613602628
370 1.19891001219534
371 1.1302849886464
372 1.12605234942866
373 1.13653170087698
374 1.14235774774051
375 1.14415463701025
376 1.13342842992847
377 1.18607054959918
378 1.09473452845037
379 0.980932094292973
380 0.958457155231509
381 0.765314826899524
382 0.586990667819884
383 0.393566886717751
384 0.2519641321602
385 0.152719200621821
386 0.0526882059915268
387 -0.0369677889321035
388 -0.0502631626834016
389 0.126808917151755
390 0.291274743238839
391 0.488432165069123
392 0.813931260035315
393 1.42565861721536
394 1.97433618878616
395 2.54949992114883
396 3.29794566819764
397 4.30764534881443
398 4.9890385557999
399 5.45974381957447
400 5.65395621645158
401 6.4089431937767
402 6.80267365141949
403 6.86788170628918
404 7.03930303441695
405 7.10019521516592
406 6.96037290360476
407 6.59391402359273
408 6.19341540594037
409 5.78611174768218
410 5.1778291770715
411 4.6764994022889
412 4.17162725015764
413 3.87515510374175
414 3.91890820448926
415 3.80683726377347
416 3.57926322431457
417 3.30772414797546
418 2.99269481071979
419 2.80670395922926
420 2.42618760753002
421 2.19646845990346
422 1.87121105273615
423 1.71004773579721
424 1.50706041963201
425 1.33607013994672
426 0.956836715275743
427 0.803605662042994
428 0.744778545799916
429 0.700683649374032
430 0.476969545780047
431 0.47672809178154
432 0.4330483519714
433 0.405653969897275
434 0.279644503324797
435 0.0304664290406537
436 -0.273826095533493
437 -0.78269758829286
438 -1.72234845809123
439 -2.46743123019385
440 -3.31965628123807
441 -4.26700734255025
442 -4.46585252956726
443 -4.52840857582723
444 -5.14890248856443
445 -5.16068114659916
446 -5.16096828335138
447 -4.90283448576799
448 -4.51726771478053
449 -4.21690737352223
450 -3.70433372408742
451 -3.93216609619478
452 -4.23499979530901
453 -4.28759139374312
454 -4.16767490441695
455 -3.90510395734461
456 -3.42907999344945
457 -2.85349485992698
458 -2.34156519563572
459 -1.8834242957964
460 -1.41089934911067
461 -1.00594770758654
462 -0.636467322951268
463 -0.348045037977729
464 -0.0964510551681407
465 0.11765905345494
466 0.323656052413833
467 0.491577836839227
468 0.664323345134231
469 0.870631273524358
470 1.00107020189062
471 1.19377481987139
472 1.38182716353461
473 1.619014952701
474 1.99498080892408
475 2.29885331305855
476 2.5973332804377
477 3.00973303877513
478 3.43295902751898
479 3.95027112317835
480 4.96816020920338
481 5.15358448712977
482 5.13974409772513
483 5.03794519845988
484 4.84700801550914
485 4.5697866520571
486 4.31468801428243
487 3.91908849137334
488 3.66475177395536
489 3.81370642384012
490 4.14277656714625
491 4.32510160784282
492 4.38049694751277
493 4.3344936728474
494 4.238207666935
495 4.06481710413795
496 3.85662102126618
497 3.65543528424344
498 3.43370310041702
499 3.25815227283127
500 3.07218988621371
501 2.95430122916034
502 2.87921471485953
503 2.83147753390436
504 2.90835435415601
505 2.94312875782452
506 2.99985724511583
507 3.06401064797504
508 3.1310481866263
509 3.24020289106046
510 3.33592401963109
511 3.42203394248519
512 3.52194139509035
513 3.62532750379347
514 3.72552605997213
515 3.8288196147851
516 3.86650462189142
517 3.89823820896373
518 3.9107181335766
519 3.88876070436214
520 3.82189128345128
521 3.80389537395227
522 3.71488698307486
523 3.54949186664336
524 3.4009039555313
525 3.19712584061985
526 3.01205355985499
527 2.80896047413315
528 2.63063038748273
529 2.43218975041812
530 2.28317452176211
531 2.14255290028518
532 1.94288159309543
533 1.79234132842478
534 1.68381325573469
535 1.61864904859085
536 1.58273050869783
537 1.56415461783506
538 1.50428822529739
539 1.49715056583261
540 1.51701272322135
541 1.54000516580568
542 1.56968682088099
543 1.62348832657275
