0 0
1 -0.374531566539359
2 -0.374531566539359
3 -0.374531566539359
4 -0.374531566539359
5 -0.374531566539359
6 -0.374531566539359
7 -0.374531566539359
8 -0.325065990046157
9 -0.043243714737413
10 0.104294421323494
11 0.120199928496328
12 0.106748523150043
13 0.0812307235160683
14 0.0545251388236512
15 0.0293601457381902
16 0.0152886254605714
17 0.00167564667694834
18 -0.00955403497610887
19 -0.0144381749906611
20 -0.0181264748838217
21 -0.0197151835726596
22 -0.0203234013492912
23 -0.0201843538096483
24 -0.0196343690972141
25 -0.0216094781233706
26 -0.0202856854172969
27 -0.0181283708483473
28 -0.0162496702232593
29 -0.0157335091684378
30 -0.0142977780996754
31 -0.013723494983846
32 -0.0129620717861743
33 -0.0130071538281876
34 -0.0131204455382761
35 -0.01339154302112
36 -0.0138412489388375
37 -0.0142161488892784
38 -0.014848601244433
39 -0.0152443045784218
40 -0.0158274725028442
41 -0.0162862920203861
42 -0.0167357553582932
43 -0.0172540503918048
44 -0.0176379300978972
45 -0.0188455083110599
46 -0.0185805823314127
47 -0.0187619464654179
48 -0.0187888568805605
49 -0.0189174479633435
50 -0.0191353978736185
51 -0.0210796133732526
52 -0.0204959309557444
53 -0.0209141463983726
54 -0.021232473594104
55 -0.0215772918447354
56 -0.0220018380767079
57 -0.0234770233267508
58 -0.0248161861230936
59 -0.0262470154288485
60 -0.0281239946437068
61 -0.0297288940627051
62 -0.0322145410559086
63 -0.0337358289250261
64 -0.0371120976761783
65 -0.0380744856529476
66 -0.0403709952854696
67 -0.043853258126198
68 -0.0467130384587537
69 -0.0482813645474267
70 -0.0526296783175407
71 -0.0558201531815363
72 -0.0565355925842471
73 -0.0603664751164604
74 -0.0635303573384401
75 -0.0680914850244058
76 -0.0717611201972237
77 -0.075620664603602
78 -0.0803238852249836
79 -0.0839495878119015
80 -0.0873649278523235
81 -0.0935183944497116
82 -0.0962487522731719
83 -0.0958164070592459
84 -0.0998276204387092
85 -0.102091183699205
86 -0.10481589908596
87 -0.104935693005934
88 -0.106232793656962
89 -0.104134671500955
90 -0.101797320382092
91 -0.0972139600577834
92 -0.0942315237047576
93 -0.0906353331853865
94 -0.0878350250560452
95 -0.0835541875495499
96 -0.0774880081995937
97 -0.0732324104752435
98 -0.0676031976234849
99 -0.0628857650317144
100 -0.0561294454685433
101 -0.0526810036337758
102 -0.0465611357427654
103 -0.0445118319256078
104 -0.0385292073479221
105 -0.034973132699558
106 -0.0297168897080358
107 -0.0287864258019627
108 -0.0243132151426584
109 -0.021267939760211
110 -0.0186511052748809
111 -0.0172470343347587
112 -0.0156558963501718
113 -0.015089357526842
114 -0.0134875589393653
115 -0.013561308851836
116 -0.0132769336424948
117 -0.0132504039953016
118 -0.0131289297626427
119 -0.0129465697886221
120 -0.0126302554633721
121 -0.013381484392495
122 -0.0115550928812368
123 -0.00995262730854833
124 -0.0104850592123872
125 -0.00800168808861146
126 -0.00542166107402981
127 -0.00294431883286752
128 -0.00228883050468123
129 -0.00189283604616039
130 -0.000277078070088055
131 1.75334144732737e-05
132 1.07416551770571e-05
133 -0.00240571403921519
134 -0.00305324490708474
135 -0.00514489495544147
136 -0.00822178372169179
137 -0.015450728116627
138 -0.0190873009159222
139 -0.0246976190957395
140 -0.0306748315312625
141 -0.039970393631276
142 -0.0522416871603268
143 -0.0595288170130695
144 -0.0702735148637738
145 -0.0946960802088021
146 -0.108805370980373
147 -0.125507432341464
148 -0.151059679472495
149 -0.169198507277243
150 -0.19146324108933
151 -0.209527482147094
152 -0.225794339388593
153 -0.243869684441402
154 -0.250324395413093
155 -0.26760913710094
156 -0.274157645882435
157 -0.257103279289154
158 -0.227533975872608
159 -0.198282129734726
160 -0.170665862223847
161 -0.144274034166574
162 -0.125502588988438
163 -0.107057361703514
164 -0.0911409164761959
165 -0.0744071276102517
166 -0.0634996991149755
167 -0.056262825764799
168 -0.04632055709275
169 -0.0400820174960161
170 -0.0246612498274447
171 -0.0183380872861423
172 -0.022126066977746
173 -0.020006307342359
174 -0.00996976900743664
175 -0.00910933229309822
176 -0.0117323990600946
177 -0.0092857564064858
178 -0.00587364026048423
179 -0.000667137595165178
180 0.00526420281479427
181 0.0178191760445173
182 0.0430726316145108
183 0.0542543382948145
184 0.0694260966950536
185 0.083086527897845
186 0.0997190771575908
187 0.114653432320843
188 0.154883712038778
189 0.183717718501769
190 0.19910057148664
191 0.230382276411089
192 0.249389049103973
193 0.266760861480606
194 0.293802578909717
195 0.292819371179237
196 0.278134458448465
197 0.257075265111903
198 0.223685694185327
199 0.177692371565365
200 0.150590458550247
201 0.112353476794806
202 0.0926865088737939
203 0.0677113561028977
204 0.0517034901542116
205 0.033675325689706
206 0.0202999093486516
207 0.0119963834489338
208 0.00247825966222964
209 -0.00270171139967009
210 -0.00876759454668198
211 -0.0123270081932603
212 -0.0166924447391513
213 -0.0226170508866488
214 -0.0253737296564378
215 -0.0288069475868165
216 -0.0307670182605988
217 -0.0361258777646957
218 -0.0434515382382591
219 -0.0475668803811189
220 -0.0540692259455947
221 -0.0589285879708951
222 -0.0657648478476546
223 -0.074181641771723
224 -0.104634599918386
225 -0.107929539875983
226 -0.129582497583013
227 -0.139156186888946
228 -0.161647309277084
229 -0.172903988276286
230 -0.193135188423672
231 -0.207788542827058
232 -0.215333142043183
233 -0.213042298337142
234 -0.203905915032456
235 -0.190904125055981
236 -0.173818392625888
237 -0.157843281911044
238 -0.138223768251391
239 -0.12629178662016
240 -0.113204126511491
241 -0.100197320066483
242 -0.0900673816831329
243 -0.0815299223799801
244 -0.0743022690967466
245 -0.06804473578206
246 -0.067579619567494
247 -0.0674119900617421
248 -0.0650629373311538
249 -0.0650109413145416
250 -0.063671512806584
251 -0.0634556761280504
252 -0.0641960343338755
253 -0.0637338745134559
254 -0.0637424412739534
255 -0.0642333292487619
256 -0.064604633140574
257 -0.0645066729063897
258 -0.0631559840775967
259 -0.0630248783652062
260 -0.0621606261151414
261 -0.0603860656135501
262 -0.0588175515181932
263 -0.055907620136669
264 -0.0554607561648439
265 -0.0515108544134216
266 -0.048852509969894
267 -0.0451287995736612
268 -0.0410050393321954
269 -0.0381827418823455
270 -0.0343545105711463
271 -0.0318955924439504
272 -0.0284242725270942
273 -0.0257337280538568
274 -0.0231072737732983
275 -0.0209738521343591
276 -0.018584183002244
277 -0.0182658043977857
278 -0.0169490408304778
279 -0.0161625766004115
280 -0.0165559935306812
281 -0.0151285524730094
282 -0.0154828750436133
283 -0.0153813047775548
284 -0.0155612752884577
285 -0.0156316539596171
286 -0.0161522040396699
287 -0.0162521848851911
288 -0.0160798333908149
289 -0.016707574187133
290 -0.0162407362930309
291 -0.0154939494978912
292 -0.0155793811546221
293 -0.0156067445648164
294 -0.0153989337165293
295 -0.0152588457432052
296 -0.0153442403472142
297 -0.0150985095734237
298 -0.0149266163309977
299 -0.0149796378259466
300 -0.0150951688615851
301 -0.0151641403329236
302 -0.0153415946918033
303 -0.0155716394242566
304 -0.0159574082138682
305 -0.0163994213258205
306 -0.0168487408329978
307 -0.0178663351549909
308 -0.0182836700019026
309 -0.0190628064033309
310 -0.01997097128143
311 -0.0216662456671398
312 -0.0223291350528951
313 -0.0235451250713599
314 -0.0247349460983311
315 -0.0259091578872631
316 -0.0283989366348959
317 -0.0302021914922092
318 -0.0320481548948814
319 -0.0340929357419729
320 -0.0356133195460767
321 -0.0394669348280186
322 -0.0404846662935357
323 -0.0453585461570081
324 -0.0477054406554593
325 -0.0502632760283911
326 -0.0543615980190185
327 -0.0560564044044023
328 -0.0585046380196914
329 -0.061745639750438
330 -0.0638131915292129
331 -0.0681948081361533
332 -0.0718943059943267
333 -0.0734416980739844
334 -0.078799090142723
335 -0.0807172393304075
336 -0.0835019681520316
337 -0.0889465930387416
338 -0.0908293088423039
339 -0.0958109069418168
340 -0.0984965659438232
341 -0.100028796869574
342 -0.10126705133729
343 -0.102186554314233
344 -0.103325749737294
345 -0.102627920620832
346 -0.101905109136134
347 -0.0985612818017707
348 -0.0968125462676271
349 -0.0943421095704768
350 -0.0893292798053517
351 -0.0821024786500408
352 -0.077652153699385
353 -0.0714205187573227
354 -0.0661388431054301
355 -0.0596384386268949
356 -0.0547559769877354
357 -0.0486589603952146
358 -0.0445289452583933
359 -0.0401254261028736
360 -0.0358020698349582
361 -0.0318861876412067
362 -0.0284406625116067
363 -0.0265526193555015
364 -0.023188871406354
365 -0.021316887318131
366 -0.0183148660670705
367 -0.0176595598759466
368 -0.0165873555327235
369 -0.0159235705004944
370 -0.0152725363582532
371 -0.0140736637380101
372 -0.0142176799722841
373 -0.0139318533098907
374 -0.0138352158007372
375 -0.0135816367497308
376 -0.013152335069656
377 -0.0139034725142591
378 -0.0119811154470614
379 -0.0103756012764303
380 -0.00976983639642036
381 -0.0075001933849421
382 -0.00561971791737811
383 -0.00337817638629259
384 -0.0011039331214791
385 -0.00178221245917739
386 9.33972958694858e-05
387 0.000503358314254208
388 0.000486758241185187
389 -0.00208724835887302
390 -0.00311720703973809
391 -0.00534203914222927
392 -0.00869054794215536
393 -0.0153638527911329
394 -0.0193238959269639
395 -0.0249154714178217
396 -0.0322692966484148
397 -0.0415609916997826
398 -0.0575239269700751
399 -0.060225371461267
400 -0.0727638023285797
401 -0.101868035830799
402 -0.108331832303195
403 -0.127996080805289
404 -0.160222393780025
405 -0.169235749581144
406 -0.191981598269967
407 -0.209780014674658
408 -0.226214323966563
409 -0.238110610240734
410 -0.253212158495903
411 -0.265822595371052
412 -0.276780905292311
413 -0.266917948930895
414 -0.244596047656055
415 -0.209873959401117
416 -0.184659900270026
417 -0.154115788218654
418 -0.129577389997346
419 -0.104905427906954
420 -0.0946567524232621
421 -0.0734289485866219
422 -0.0642742644693729
423 -0.0556891678054399
424 -0.0454652487258531
425 -0.0393793784147695
426 -0.0226169912531377
427 -0.0225716609667211
428 -0.0187315474543025
429 -0.0176730394577116
430 -0.00891248121149321
431 -0.0082036960483516
432 -0.0104181760436508
433 -0.0082775254945078
434 -0.00478821837681412
435 0.00145071632735665
436 0.00742170806471501
437 0.0187625256827904
438 0.038896608141646
439 0.0476108162840135
440 0.0643194756908761
441 0.0792478354906349
442 0.0922969806892524
443 0.112699747004021
444 0.150949243851576
445 0.172649261787224
446 0.209670058235869
447 0.2299858715978
448 0.259412254895469
449 0.269574785400832
450 0.292388407898221
451 0.293116772647585
452 0.274800607639531
453 0.249951375869558
454 0.216730094596989
455 0.183285183098221
456 0.140106060327229
457 0.107435159819822
458 0.0823679173734466
459 0.062371834402973
460 0.0419295649950201
461 0.0283698181745382
462 0.0154492050700222
463 0.00779519675268202
464 0.0002371863023278
465 -0.00494267852690508
466 -0.010242964575702
467 -0.0134958281464448
468 -0.0174091756778562
469 -0.0218914856548407
470 -0.025323678077133
471 -0.0264644864826843
472 -0.0304894405031251
473 -0.0342819819885868
474 -0.0422293614890027
475 -0.0452018433240339
476 -0.0504179944583238
477 -0.0570797908386961
478 -0.063300910021712
479 -0.0719592397455694
480 -0.101333868139603
481 -0.102836481550852
482 -0.123046533597148
483 -0.133361842584308
484 -0.1484085920298
485 -0.168521542580297
486 -0.181037458656968
487 -0.202703763706198
488 -0.206575273890873
489 -0.215280602972798
490 -0.210904493447672
491 -0.20289496362958
492 -0.188042111272501
493 -0.172049806190597
494 -0.156494929629284
495 -0.140523374004645
496 -0.125491635083828
497 -0.111658927566946
498 -0.0995608859410757
499 -0.0913617876954354
500 -0.0811370958919267
501 -0.076014872961351
502 -0.0702763364291447
503 -0.0670877097222465
504 -0.0680189912503129
505 -0.0649564815604683
506 -0.0652830390663791
507 -0.0637745837215346
508 -0.0633795170234626
509 -0.0641691019182036
510 -0.0635450918690468
511 -0.063754120720681
512 -0.063938461295518
513 -0.0642236846773606
514 -0.0643639594174589
515 -0.0643180165643244
516 -0.0623827820927907
517 -0.0619985122546147
518 -0.0601294180972813
519 -0.0585905560693217
520 -0.0557056399031614
521 -0.0547939861704992
522 -0.051175354725701
523 -0.048208641970627
524 -0.0452053283579826
525 -0.0409375469649184
526 -0.0382923419244935
527 -0.0345083505983339
528 -0.0321028764034268
529 -0.0286923601422461
530 -0.0269558649411048
531 -0.0237756584868218
532 -0.021984774872241
533 -0.0197065805522189
534 -0.0173560808816633
535 -0.0181268514680746
536 -0.0166751962374315
537 -0.0167525822277169
538 -0.0153848336878194
539 -0.0156047805287941
540 -0.0154632013436589
541 -0.0155537227163135
542 -0.0155906498989039
543 -0.0160688276061913
