0 0
1 1.99829924916821
2 1.99829924916821
3 2.01136818805685
4 1.90945672039533
5 1.71299436704264
6 1.38778873201034
7 0.952334891189571
8 0.246945053622324
9 -0.612084983349741
10 -1.85140528013352
11 -2.26028429606197
12 -2.02721653591504
13 -1.48847021615993
14 -0.907839549791267
15 -0.280010951875811
16 0.153687564235945
17 0.538347950217257
18 0.896274721787422
19 1.10936740408115
20 1.2453702041987
21 1.32117892068345
22 1.3519204116796
23 1.35237947945364
24 1.33213958898983
25 1.33202131030309
26 1.28964680936024
27 1.2269742809392
28 1.16348311364334
29 1.09405018195091
30 1.04422426314215
31 0.998952772264342
32 0.965736521679646
33 0.976309415035178
34 0.984913300440789
35 1.00171010995287
36 1.02523717273735
37 1.05889970116167
38 1.09255499880459
39 1.13429325526767
40 1.16464164723421
41 1.21167661797416
42 1.24808979473592
43 1.28942294505682
44 1.32516439927857
45 1.3915083336476
46 1.40428266287432
47 1.40929349976125
48 1.41275970004095
49 1.41735848316291
50 1.42732849594011
51 1.54180383324146
52 1.53884707417201
53 1.53334891324407
54 1.53253116327701
55 1.5434253211674
56 1.54667646678521
57 1.61999794787737
58 1.71866852239834
59 1.82515556891647
60 1.96977521643764
61 2.11728553218894
62 2.32694489763459
63 2.50297619537011
64 2.63624024256562
65 2.75967343433112
66 2.90810094730664
67 3.033607086972
68 3.15959699883656
69 3.35936825378538
70 3.6202099369273
71 3.82059721232722
72 4.06389629174635
73 4.3591988531664
74 4.68635363124135
75 4.87670959551147
76 5.29764290038728
77 5.71371594617654
78 6.0064765701637
79 6.41425154163589
80 6.75550599742609
81 7.03296151537602
82 7.35403030162704
83 7.67722101080287
84 7.83411625976491
85 8.06726743047321
86 8.26993608448094
87 8.40812762110337
88 8.4725209715203
89 8.43305632855266
90 8.29815252577088
91 8.09139460634336
92 7.84895852903005
93 7.66142472348864
94 7.32416043480572
95 7.03886321392911
96 6.62764437497607
97 6.27681353965804
98 5.83707973980134
99 5.45661181350147
100 5.07906549968921
101 4.6356476993337
102 4.28635353816778
103 3.95794686354138
104 3.59797470628196
105 3.19275690150971
106 2.85792305625302
107 2.59944303784892
108 2.2795046924226
109 1.95443788490899
110 1.65989578268201
111 1.4909213187602
112 1.3456362150727
113 1.2744767340113
114 1.14643749300537
115 1.12213102815007
116 1.13018215957514
117 1.15510812418419
118 1.18979492460935
119 1.2260801576779
120 1.25821822890717
121 1.44650393189768
122 1.39189578005674
123 1.31029194665478
124 1.37780491618001
125 1.19110467098642
126 0.898578048304636
127 0.645928352285667
128 0.353630906048295
129 0.249182713532548
130 -0.0540850337085827
131 -0.296666487056204
132 -0.524003824424885
133 -0.460049690231409
134 -0.607657805421165
135 -0.673164260604098
136 -0.655090597719801
137 -0.441333648187319
138 -0.37067767954868
139 -0.177391607370648
140 0.171839784073414
141 0.849819987366308
142 1.37195931145978
143 2.32566901040028
144 3.59222983962334
145 4.37009678620955
146 7.58420897439214
147 10.705312291607
148 14.7223169548784
149 19.0324324724249
150 23.9901378301028
151 26.2363424527828
152 26.6590732552088
153 27.9796680088736
154 26.1771265731039
155 23.6477231797246
156 21.3809425388293
157 19.3482571336391
158 16.782806398325
159 14.5019933630998
160 12.412458326178
161 10.5750910325086
162 9.19923543940228
163 7.72848188850989
164 6.66407472881911
165 5.6169956794413
166 4.82447450864526
167 4.31223737721275
168 3.83681604982808
169 3.22694739454181
170 2.52362514672959
171 2.21210546427391
172 2.00081331817876
173 1.90599285739691
174 1.55506811334803
175 1.54849564028309
176 1.54923435881037
177 1.53746884701475
178 1.4209763916626
179 1.17605315359298
180 0.828958111942124
181 0.0897248455546693
182 -0.803892701483059
183 -2.16590876432503
184 -3.66876470630226
185 -5.30389106056393
186 -7.7113911348173
187 -9.97598751685715
188 -16.2400373255398
189 -20.4108894635528
190 -30.8470250697494
191 -34.9181411917314
192 -34.0016659887563
193 -32.3319633284715
194 -28.8622721279396
195 -26.1793424238128
196 -22.6537941181857
197 -19.6621843062857
198 -16.5086697223818
199 -13.4950502747064
200 -10.5252669049848
201 -8.22866734236562
202 -6.67137776336623
203 -5.02554075195818
204 -3.87953800829575
205 -2.78066178304003
206 -1.8289327031155
207 -1.19139746421034
208 -0.566791608516376
209 -0.130986526831
210 0.276447842582152
211 0.576936903791428
212 0.873118490948878
213 1.16982165411764
214 1.42184161337903
215 1.59730292196101
216 1.81734064841316
217 2.14113946031677
218 2.39036256498649
219 2.7805477423216
220 3.17798444382455
221 3.75255646718657
222 4.35957585750594
223 5.17457369801953
224 7.02717499376007
225 8.80958439784111
226 11.2530631914297
227 13.5420968152091
228 16.3300022915986
229 17.8237018389001
230 18.8300171505833
231 20.3567401959319
232 20.0261824974539
233 18.9219346280642
234 17.453822490334
235 16.029852367112
236 14.3441279649698
237 12.6269418308561
238 11.1269398002594
239 10.0454946032864
240 8.88234022130455
241 7.95827750816294
242 7.18660562720737
243 6.71101824166209
244 6.16410426565564
245 5.8385374441075
246 5.56058135371922
247 5.32874562342744
248 5.20777734044945
249 5.10150119908458
250 5.0561607955411
251 5.04265241021934
252 5.00812487372743
253 5.02370403641944
254 5.04660641796727
255 5.10893482609024
256 5.17381128503575
257 5.24612008084805
258 5.31973997721125
259 5.35964705297173
260 5.37273698198525
261 5.35600057606998
262 5.30251504268245
263 5.18300069063714
264 4.99944225526375
265 4.7895958935435
266 4.58674528348346
267 4.32660813371409
268 3.99831850071767
269 3.73373716592868
270 3.43245356443548
271 3.15221266598541
272 2.82311927521151
273 2.53353323901646
274 2.25925416596173
275 2.01664271116624
276 1.79398366437579
277 1.60955869562395
278 1.46699261107542
279 1.34629167969775
280 1.27103583200365
281 1.30679433827187
282 1.30669260380477
283 1.30944758643787
284 1.35586318363022
285 1.41044343244407
286 1.44491509193195
287 1.48017031140971
288 1.51684207258513
289 1.59793374514837
290 1.59284023693134
291 1.50389746497595
292 1.49628875162202
293 1.52470420506753
294 1.51962872591374
295 1.51098803204406
296 1.52826374096545
297 1.49045273603218
298 1.45437265335321
299 1.41410314589819
300 1.41659947194369
301 1.40406494671234
302 1.39997946891515
303 1.39944700684205
304 1.41441518246684
305 1.44292140910465
306 1.48100681718259
307 1.53762716603617
308 1.56086050848128
309 1.59432892419654
310 1.63270102502468
311 1.77253156313998
312 1.80245457346911
313 1.84220540027773
314 1.88514971612235
315 1.96784198431552
316 2.14740993090454
317 2.32534319915978
318 2.50463900340302
319 2.71035983413687
320 2.8932582112886
321 2.99060222980136
322 3.14522108358592
323 3.31267527208834
324 3.47977925150316
325 3.6464584341016
326 3.86976155928086
327 4.04820604253858
328 4.25070133969959
329 4.47313141094944
330 4.76748507773794
331 4.91570888878933
332 5.20209297935123
333 5.55200304729965
334 5.82377404221401
335 6.16548520541726
336 6.46926251348551
337 6.6948049292291
338 7.00179920013449
339 7.40682938171453
340 7.66075254021341
341 7.95989925870365
342 8.16775755137262
343 8.33809404558797
344 8.43671373897051
345 8.44496868232245
346 8.39484948961594
347 8.25794884562593
348 8.08900981341473
349 7.85013822715848
350 7.52912474174927
351 7.03291029121749
352 6.64103377804445
353 6.16666786509038
354 5.73691117347792
355 5.2574323442972
356 4.84081510125764
357 4.37716158826849
358 4.00328880692111
359 3.64160156094697
360 3.27256976247023
361 2.92174422059278
362 2.60303345383509
363 2.40840289096239
364 2.18207869278087
365 1.91764689763753
366 1.62730577342943
367 1.50313306121949
368 1.41455676397015
369 1.35119747998853
370 1.32208279285397
371 1.20871205061371
372 1.20937228854097
373 1.23010494865837
374 1.25848068076914
375 1.28880287542837
376 1.31789178690345
377 1.51480674437187
378 1.4307598686618
379 1.31968207556178
380 1.38930609708682
381 1.15322815633222
382 0.912244092610795
383 0.615978720104629
384 0.353595151771197
385 0.207818286555916
386 -0.062480074210489
387 -0.344761258684067
388 -0.575566936665769
389 -0.529819440914392
390 -0.678203199336167
391 -0.722405013690414
392 -0.675809162516392
393 -0.464695539210253
394 -0.382498000518349
395 -0.177791939364662
396 0.257318798270124
397 0.990625528562876
398 1.49851924241174
399 2.49701679662001
400 3.79894178168793
401 4.72585809999098
402 7.78574590445455
403 10.9455820432451
404 15.1166493193658
405 19.4820190798592
406 24.0433973047361
407 26.2309910990678
408 26.6330689516101
409 27.9344207691212
410 26.0690377912141
411 23.7889276710319
412 21.9704788879269
413 19.9042740048401
414 17.9208952292686
415 15.2678011003704
416 13.2557818492542
417 11.2339035266533
418 9.50620675154024
419 8.0904365339096
420 6.75721173467178
421 5.7851738080061
422 4.8253350476594
423 4.28708286018611
424 3.64786376639631
425 3.17114934360864
426 2.40306538207216
427 2.09329676528244
428 1.90326665880303
429 1.79029883032648
430 1.44748971328761
431 1.45502980885107
432 1.46875800434349
433 1.46349407733111
434 1.35115936267704
435 1.06134318942959
436 0.686255753056316
437 -0.00188089040185657
438 -0.573182229335629
439 -1.58915628147692
440 -3.06240542126464
441 -4.81164834636635
442 -6.89012523490543
443 -9.12102569250198
444 -15.8685109122757
445 -21.043745644211
446 -32.1046866951552
447 -35.8527602745
448 -35.1307072330996
449 -33.0872087446777
450 -29.9795381680571
451 -27.0299594707821
452 -22.5497256755995
453 -19.1429890292425
454 -16.0124040342058
455 -13.0448488607321
456 -10.17154341737
457 -7.85731270203463
458 -5.96286925480871
459 -4.62950021103202
460 -3.35562073998282
461 -2.36403882404831
462 -1.50880037835325
463 -0.902311217618694
464 -0.380241597342818
465 0.0231592603160107
466 0.394456989494309
467 0.665642680713615
468 0.932291676028774
469 1.14527001801439
470 1.31663996261202
471 1.51929140881922
472 1.74294959821205
473 2.01973490759691
474 2.27029354001302
475 2.60046727045781
476 2.97788054583739
477 3.52730298541171
478 4.12456594289427
479 4.93190782030339
480 6.17761547928644
481 8.07578409251623
482 10.3729004269268
483 12.6686779658801
484 14.7605771012185
485 17.2206015215063
486 18.3606563207717
487 18.9432484809884
488 20.290081579816
489 19.9068690916165
490 18.7808784351492
491 17.3379150928857
492 15.7787084203729
493 14.1395579198779
494 12.4862898136394
495 11.2115398678464
496 10.0359480228667
497 8.77634526667601
498 7.88997238671878
499 7.23905673276419
500 6.71594232008981
501 6.2470813340751
502 5.85039366520523
503 5.58316390385324
504 5.34528760314649
505 5.21671376995729
506 5.11359026471235
507 5.06221082795525
508 5.03763224074416
509 4.99653663937458
510 5.00760814120659
511 5.02851581044103
512 5.08093290952162
513 5.14322344191753
514 5.20798134948564
515 5.26501137495403
516 5.33882182693459
517 5.34633716587623
518 5.32435178505039
519 5.269212499371
520 5.15122957991433
521 4.94514026313557
522 4.75959290403263
523 4.52894234239913
524 4.30210434218138
525 3.98373322696039
526 3.7294813580214
527 3.43801751488507
528 3.16484261617938
529 2.8801045782325
530 2.62877239691316
531 2.39358682793095
532 2.11750986271495
533 1.9144287289901
534 1.73723064105995
535 1.54495179714175
536 1.40016184681354
537 1.32029385879867
538 1.34304989197177
539 1.33475461842109
540 1.32951637804596
541 1.36124088951406
542 1.41265878246811
543 1.44000749840339
