0 0
1 3.733651
2 3.733651
3 3.733212
4 3.736572
5 3.743028
6 3.75368
7 3.767862
8 3.790645
9 3.81805
10 3.856819
11 3.868684
12 3.860096
13 3.843172
14 3.824442
15 3.805107
16 3.792577
17 3.782601
18 3.775127
19 3.772267
20 3.77245
21 3.77502
22 3.779395
23 3.7843
24 3.790775
25 3.796931
26 3.803358
27 3.811234
28 3.818445
29 3.826632
30 3.833508
31 3.841103
32 3.84928
33 3.858041
34 3.864869
35 3.870814
36 3.87682
37 3.883833
38 3.890172
39 3.897714
40 3.90464
41 3.914017
42 3.921709
43 3.930928
44 3.939371
45 3.949487
46 3.960089
47 3.969872
48 3.981504
49 3.992004
50 4.004336
51 4.015392
52 4.028346
53 4.041916
54 4.054225
55 4.068715
56 4.083673
57 4.101003
58 4.116927
59 4.13147
60 4.148932
61 4.165062
62 4.187287
63 4.205804
64 4.228451
65 4.249662
66 4.275868
67 4.300346
68 4.330169
69 4.366291
70 4.399443
71 4.428301
72 4.457072
73 4.490358
74 4.523376
75 4.558836
76 4.602317
77 4.644058
78 4.681437
79 4.72378
80 4.76031
81 4.809986
82 4.858195
83 4.916847
84 4.969976
85 5.020904
86 5.069374
87 5.119547
88 5.172964
89 5.228801
90 5.294138
91 5.35371
92 5.421482
93 5.466626
94 5.533682
95 5.585067
96 5.650339
97 5.70018
98 5.755415
99 5.801806
100 5.846305
101 5.894789
102 5.934515
103 5.97736
104 6.012112
105 6.049419
106 6.079644
107 6.111471
108 6.140299
109 6.169703
110 6.190262
111 6.21154
112 6.235263
113 6.252342
114 6.266145
115 6.280825
116 0.01125532
117 0.02253354
118 0.03336968
119 0.0439323
120 0.05428827
121 0.06607835
122 0.07746577
123 0.08732904
124 0.09850261
125 0.1077797
126 0.1191907
127 0.1274208
128 0.1357456
129 0.1417551
130 0.1472768
131 0.1511693
132 0.1545243
133 0.1566354
134 0.1583758
135 0.1598604
136 0.1618744
137 0.1646069
138 0.168677
139 0.1744357
140 0.182717
141 0.1943996
142 0.2088531
143 0.2292629
144 0.255523
145 0.2873755
146 0.3346809
147 0.380484
148 0.4340051
149 0.502627
150 0.571564
151 0.6570998
152 0.738999
153 0.814277
154 0.9132779
155 1.012966
156 1.109419
157 1.19524
158 1.302242
159 1.400932
160 1.497321
161 1.588203
162 1.661395
163 1.736643
164 1.795903
165 1.85614
166 1.903001
167 1.944175
168 1.975366
169 2.016525
170 2.044261
171 2.072169
172 2.095343
173 2.111457
174 2.127345
175 2.140004
176 2.153371
177 2.160535
178 2.170209
179 2.177859
180 2.18352
181 2.188979
182 2.190674
183 2.185948
184 2.17309
185 2.154389
186 2.121296
187 2.085115
188 2.042649
189 1.994026
190 1.936882
191 1.841512
192 1.757025
193 1.688102
194 1.577246
195 1.49469
196 1.38686
197 1.282148
198 1.16058
199 1.039482
200 0.9106663
201 0.8064296
202 0.7344685
203 0.6642143
204 0.6120921
205 0.562946
206 0.5192826
207 0.4933411
208 0.4709576
209 0.4566563
210 0.4458454
211 0.4404217
212 0.4382977
213 0.4402
214 0.446017
215 0.4520652
216 0.4613177
217 0.4765564
218 0.4906389
219 0.5120265
220 0.5318615
221 0.55795
222 0.584169
223 0.6182368
224 0.6711264
225 0.707134
226 0.753916
227 0.8053094
228 0.8762028
229 0.9362724
230 1.015768
231 1.089014
232 1.174557
233 1.263204
234 1.361307
235 1.453661
236 1.559801
237 1.665375
238 1.767703
239 1.843999
240 1.925227
241 2.00085
242 2.070849
243 2.127442
244 2.194061
245 2.241746
246 2.292226
247 2.333422
248 2.378396
249 2.422314
250 2.470863
251 2.50835
252 2.545753
253 2.588567
254 2.626308
255 2.669907
256 2.708493
257 2.753131
258 2.792815
259 2.83887
260 2.873628
261 2.926064
262 2.967079
263 3.01415
264 3.054884
265 3.100816
266 3.140198
267 3.184047
268 3.231859
269 3.267344
270 3.305841
271 3.337813
272 3.375948
273 3.407443
274 3.436836
275 3.463833
276 3.491658
277 3.514074
278 3.531965
279 3.550876
280 3.566563
281 3.583508
282 3.597785
283 3.613491
284 3.630587
285 3.645485
286 3.660298
287 3.673234
288 3.688104
289 3.703192
290 3.718418
291 3.731899
292 3.749408
293 3.76683
294 3.782229
295 3.797657
296 3.811151
297 3.826504
298 3.839956
299 3.855339
300 3.868714
301 3.883996
302 3.897425
303 3.910871
304 3.926359
305 3.942053
306 3.955949
307 3.972155
308 3.986697
309 4.001649
310 4.014854
311 4.033113
312 4.049736
313 4.067161
314 4.087872
315 4.103606
316 4.129817
317 4.150346
318 4.16892
319 4.192172
320 4.214169
321 4.237661
322 4.269798
323 4.303038
324 4.343808
325 4.373567
326 4.403669
327 4.433444
328 4.465352
329 4.50027
330 4.542251
331 4.579584
332 4.611812
333 4.648139
334 4.686953
335 4.728874
336 4.768227
337 4.815789
338 4.857041
339 4.914584
340 4.964964
341 5.019279
342 5.071074
343 5.132576
344 5.18976
345 5.248466
346 5.300559
347 5.360709
348 5.421299
349 5.481771
350 5.542365
351 5.618087
352 5.670346
353 5.728193
354 5.777101
355 5.830253
356 5.874638
357 5.92211
358 5.961103
359 6.002412
360 6.03585
361 6.066988
362 6.095569
363 6.121863
364 6.142596
365 6.167763
366 6.190149
367 6.20811
368 6.22459
369 6.241896
370 6.255975
371 6.272983
372 0.002300705
373 0.01587284
374 0.0272745
375 0.03837895
376 0.05081404
377 0.06433678
378 0.07692181
379 0.08872773
380 0.09901087
381 0.1101558
382 0.1193077
383 0.1288158
384 0.1361281
385 0.1431444
386 0.1479146
387 0.1522079
388 0.1553201
389 0.1573747
390 0.1588373
391 0.159997
392 0.1617362
393 0.163953
394 0.1679464
395 0.1736786
396 0.183175
397 0.1952828
398 0.2114766
399 0.2340619
400 0.2628448
401 0.2968997
402 0.3411057
403 0.3894013
404 0.4450417
405 0.5153658
406 0.5780224
407 0.666383
408 0.750414
409 0.8273677
410 0.9292405
411 1.019634
412 1.097593
413 1.184817
414 1.266832
415 1.379082
416 1.46709
417 1.562556
418 1.65059
419 1.720407
420 1.791844
421 1.846393
422 1.901685
423 1.943483
424 1.984775
425 2.016463
426 2.048085
427 2.075552
428 2.097735
429 2.115933
430 2.129543
431 2.143196
432 2.154352
433 2.162152
434 2.170999
435 2.178817
436 2.183846
437 2.1878
438 2.188344
439 2.184065
440 2.170781
441 2.15072
442 2.123545
443 2.090107
444 2.040174
445 1.980691
446 1.916779
447 1.843712
448 1.771141
449 1.693275
450 1.601628
451 1.517715
452 1.383681
453 1.263655
454 1.140963
455 1.020235
456 0.8935813
457 0.78902
458 0.707867
459 0.6475684
460 0.5903987
461 0.5442097
462 0.5083175
463 0.4843113
464 0.4663574
465 0.4535841
466 0.444405
467 0.4402653
468 0.43941
469 0.4414938
470 0.4459693
471 0.4539313
472 0.4648683
473 0.4781774
474 0.4917898
475 0.5098889
476 0.5286474
477 0.5535224
478 0.5783138
479 0.6107247
480 0.6521411
481 0.6921536
482 0.737944
483 0.7881665
484 0.8429267
485 0.9161106
486 0.9771749
487 1.048923
488 1.105742
489 1.174579
490 1.262522
491 1.359188
492 1.461235
493 1.565611
494 1.668974
495 1.757953
496 1.843199
497 1.933077
498 2.007257
499 2.067618
500 2.131246
501 2.189859
502 2.250391
503 2.300303
504 2.341679
505 2.386764
506 2.425329
507 2.468624
508 2.511509
509 2.548905
510 2.591635
511 2.62926
512 2.667217
513 2.705579
514 2.744359
515 2.789308
516 2.840762
517 2.881299
518 2.927824
519 2.968672
520 3.015463
521 3.061715
522 3.10171
523 3.146389
524 3.184504
525 3.231901
526 3.267029
527 3.305225
528 3.337013
529 3.370944
530 3.398761
531 3.424853
532 3.45595
533 3.481315
534 3.504714
535 3.526185
536 3.547839
537 3.563694
538 3.580955
539 3.597524
540 3.613445
541 3.628857
542 3.645797
543 3.660708
