0 0
1 -0.00214534
2 -0.00261211
3 0.000616632
4 0.00678154
5 0.0169521
6 0.0304826
7 0.0522187
8 0.0783551
9 0.115046
10 0.124835
11 0.113838
12 0.0869964
13 0.0656284
14 0.0430005
15 0.0276697
16 0.0142448
17 0.00208915
18 -0.00480807
19 -0.00891786
20 -0.0108922
21 -0.0113091
22 -0.0107969
23 -0.0095668
24 -0.0173591
25 -0.0143784
26 -0.0107144
27 -0.0074361
28 -0.00403506
29 -0.00160799
30 0.000597138
31 0.00231192
32 0.00105141
33 0.00122785
34 0.00108053
35 0.000737576
36 0.000177168
37 -0.000391165
38 -0.00106707
39 -0.00108667
40 -0.00163076
41 -0.00199319
42 -0.00234249
43 -0.00258969
44 -0.013414
45 -0.00981933
46 -0.00684771
47 -0.0037854
48 -0.00147562
49 0.000701286
50 -0.0253855
51 -0.0166732
52 -0.00912279
53 -0.00354116
54 0.00159376
55 0.0114246
56 0.0121148
57 0.0114329
58 0.00953346
59 0.00807421
60 0.00610956
61 0.00308633
62 0.00051726
63 -0.0345291
64 -0.0221588
65 -0.0111604
66 -0.0425378
67 -0.0176245
68 0.00163279
69 -0.0184747
70 -0.000457388
71 0.0100425
72 0.0162325
73 0.0176271
74 -0.00423749
75 0.0108871
76 0.015873
77 -0.0194281
78 -0.00568003
79 -0.000494178
80 -0.0566241
81 -0.0268801
82 -0.0081476
83 -0.00566161
84 0.00554678
85 0.00770682
86 0.00623005
87 -0.0196394
88 -0.0151346
89 -0.0126027
90 0.0170976
91 0.0079762
92 0.00316395
93 -0.0180805
94 -0.0162513
95 -0.0121992
96 -0.00813223
97 -0.0140747
98 -0.00682558
99 1.63e-06
100 0.00919403
101 0.0126697
102 -0.0157846
103 -0.00445414
104 0.00689298
105 0.0150166
106 0.00250745
107 0.0116403
108 0.0192604
109 0.0374023
110 0.0346487
111 0.0298127
112 0.0251822
113 0.0378829
114 0.0296795
115 0.0217535
116 0.0152755
117 0.0093784
118 0.00423991
119 -5.99776e-05
120 -0.0341585
121 -0.0263765
122 -0.0195893
123 -0.0481564
124 -0.031622
125 -0.0123561
126 0.000811495
127 0.0134986
128 -0.0101598
129 0.00889306
130 0.0220116
131 0.0328886
132 0.00193361
133 0.0187392
134 0.0289308
135 0.0357007
136 -0.023359
137 0.00849382
138 0.0273353
139 0.0380059
140 0.0393642
141 -0.0674942
142 -0.0103227
143 0.0188462
144 -0.195004
145 0.0141383
146 0.0756137
147 -0.160269
148 0.00346888
149 -0.198594
150 -0.0246923
151 -0.02261
152 -0.177484
153 -0.103404
154 -0.115939
155 -0.11145
156 -0.108387
157 -0.0913765
158 -0.0539378
159 -0.0405339
160 -0.0202122
161 -0.00205206
162 -0.0311869
163 -0.0124752
164 0.0059432
165 0.0190071
166 0.00939242
167 0.0148387
168 0.0199408
169 0.108385
170 0.0887953
171 0.0679599
172 0.0484701
173 0.0920633
174 0.0604129
175 0.0229047
176 0.000450866
177 -0.027099
178 -0.0446727
179 -0.0545335
180 -0.05982
181 0.0909834
182 0.0062886
183 -0.0373755
184 -0.0564742
185 -0.0564171
186 -0.0395972
187 0.0631485
188 -0.0128655
189 0.209672
190 0.0422967
191 -0.0141117
192 0.020678
193 0.0744385
194 0.117046
195 0.123275
196 0.146743
197 0.137515
198 0.149821
199 0.0993249
200 0.0521771
201 0.0195286
202 0.0165766
203 -0.0096183
204 -0.0313418
205 -0.0339266
206 -0.041408
207 -0.0488333
208 -0.0480561
209 -0.0437088
210 -0.0380286
211 -0.0302885
212 -0.0511212
213 -0.0309596
214 -0.0191173
215 -0.00716457
216 0.00486695
217 -0.0387796
218 -0.00403077
219 0.0147804
220 0.027778
221 0.0325822
222 0.0315192
223 -0.0426662
224 0.0116387
225 -0.00127166
226 0.0349242
227 0.00982286
228 0.0103972
229 -0.0181665
230 -0.0784863
231 -0.0725231
232 -0.0887586
233 -0.0868278
234 -0.093979
235 -0.0718682
236 -0.102412
237 -0.0562032
238 -0.0279142
239 -0.0436066
240 -0.00796113
241 0.0173002
242 0.059668
243 0.0550408
244 0.0487566
245 0.0391096
246 0.00594025
247 0.00832946
248 0.00292255
249 0.00618514
250 0.00685847
251 -0.00832907
252 -0.00204904
253 0.00818851
254 0.00845409
255 0.00728381
256 -0.00174616
257 0.0131477
258 0.00453648
259 -0.000828214
260 -0.00320758
261 -0.00797002
262 -0.0107255
263 -0.0219227
264 -0.0142801
265 -0.00559552
266 -8.89811e-06
267 0.00500273
268 0.00993354
269 0.0148062
270 0.0165039
271 0.0123893
272 0.019119
273 0.0242186
274 0.0273871
275 0.0297943
276 0.0159795
277 0.0204108
278 0.0232533
279 0.0243039
280 0.0245673
281 0.0199614
282 0.0176218
283 0.0117794
284 0.00710251
285 -0.000365726
286 -0.000770114
287 -0.0010601
288 -0.0158892
289 -0.0101412
290 0.0108394
291 0.00954405
292 0.00242293
293 0.00340801
294 0.00430838
295 -0.00378248
296 0.000972986
297 0.00444574
298 0.00764027
299 0.00730008
300 0.00873896
301 0.00952381
302 0.010368
303 0.0104294
304 0.0100159
305 0.00928776
306 0.00162038
307 0.00483297
308 0.00709559
309 0.00837674
310 -0.0113667
311 -0.00277349
312 0.00383052
313 0.0150515
314 0.0155827
315 0.0144647
316 0.012144
317 0.00980615
318 0.0070934
319 0.00470786
320 -0.0264806
321 -0.00981582
322 -0.0396007
323 -0.00680439
324 0.00764416
325 -0.0135736
326 0.00487722
327 0.0166277
328 0.0235224
329 0.026172
330 0.0110768
331 0.0204664
332 0.0243312
333 -0.0116481
334 0.00251083
335 0.00869179
336 -0.0486395
337 -0.0226961
338 -0.00443093
339 -0.005867
340 0.0057822
341 0.00812281
342 0.00561657
343 -0.0192752
344 -0.0173536
345 -0.0172658
346 0.00868288
347 -0.000135445
348 -0.0260297
349 -0.0237077
350 -0.0176304
351 -0.0120338
352 -0.0181908
353 -0.00935376
354 -4.69127e-05
355 0.0074433
356 0.0154498
357 0.0194105
358 -0.00428837
359 0.00612235
360 0.0148344
361 0.021521
362 0.0078108
363 0.0137925
364 0.0195583
365 0.0370517
366 0.0339149
367 0.0301074
368 0.0251849
369 0.0206388
370 0.0299588
371 0.0230887
372 0.0157799
373 0.0100117
374 0.00497971
375 0.000251807
376 -0.0355101
377 -0.0265413
378 -0.0182569
379 -0.0485861
380 -0.0290892
381 -0.0137044
382 0.00167293
383 0.0130037
384 -0.0103174
385 0.00674447
386 0.0221045
387 0.0330668
388 0.00310937
389 0.0209864
390 0.0301354
391 0.0357977
392 -0.0232023
393 0.00827649
394 0.026814
395 0.0378311
396 0.0375116
397 -0.0562487
398 -0.00272218
399 0.0233023
400 -0.144342
401 0.0260489
402 0.0805387
403 -0.123103
404 0.0147792
405 -0.174877
406 -0.0198273
407 -0.0271762
408 -0.159438
409 -0.103868
410 -0.121936
411 -0.119814
412 -0.117722
413 -0.10657
414 -0.0795951
415 -0.0498371
416 -0.0279284
417 -0.00414997
418 -0.0341909
419 -0.0103158
420 0.00700075
421 0.0231143
422 0.013635
423 0.0205792
424 0.024196
425 0.112767
426 0.0926687
427 0.0707442
428 0.0483935
429 0.0946827
430 0.0578517
431 0.0240104
432 -0.00246059
433 -0.0298858
434 -0.048799
435 -0.0574461
436 -0.0612251
437 0.108277
438 0.0229701
439 -0.0349341
440 -0.0607946
441 -0.0635213
442 -0.0493636
443 0.0616951
444 -0.0211471
445 0.131853
446 0.0459097
447 -0.00640116
448 0.0297982
449 0.0696094
450 0.111355
451 0.125371
452 0.147525
453 0.134029
454 0.144144
455 0.093286
456 0.044572
457 0.0392375
458 0.00666504
459 -0.0214682
460 -0.0263993
461 -0.0398395
462 -0.0456821
463 -0.0513988
464 -0.0492028
465 -0.0434457
466 -0.0367546
467 -0.0281365
468 -0.0515964
469 -0.0348719
470 -0.0179005
471 -0.00364418
472 0.00705543
473 -0.0394106
474 -0.00744279
475 0.0127715
476 0.0273141
477 0.0329907
478 0.0327002
479 -0.0884758
480 -0.00600109
481 -0.026032
482 0.0289605
483 0.039334
484 0.0158091
485 -0.00182613
486 -0.0319516
487 -0.0750032
488 -0.0713789
489 -0.0867943
490 -0.0847631
491 -0.0910429
492 -0.070051
493 -0.100739
494 -0.0611296
495 -0.0301976
496 -0.0411309
497 -0.0073694
498 0.0139227
499 0.0557814
500 0.0515685
501 0.0433698
502 0.0339426
503 0.00503159
504 0.0075494
505 0.00276187
506 0.00599711
507 0.00702728
508 -0.00745708
509 -0.00128956
510 0.00877419
511 0.00899148
512 0.00789286
513 -0.00131861
514 -0.00173956
515 0.00442137
516 -0.00156311
517 -0.00309637
518 -0.00780775
519 -0.0106234
520 -0.0207676
521 -0.0141317
522 -0.00492164
523 -0.000106781
524 0.00461852
525 0.0092762
526 0.0139354
527 0.0155364
528 0.0197887
529 0.0165501
530 0.0213028
531 0.0254845
532 0.0287156
533 0.0280733
534 0.0186769
535 0.0224498
536 0.0237791
537 0.0250871
538 0.0200545
539 0.017958
540 0.0129524
541 0.00783395
542 0.000400937
