0 0
1 0
2 -0.1634202
3 -0.1634202
4 -0.1634202
5 -0.1634202
6 -0.1634202
7 -0.1634202
8 -0.1634202
9 -0.1418368
10 -0.01886863
11 0.04550701
12 0.0524471
13 0.04657782
14 0.03544359
15 0.02379108
16 0.01281078
17 0.006670923
18 0.0007311389
19 -0.004168734
20 -0.00629984
21 -0.007909164
22 -0.008602371
23 -0.008867756
24 -0.008807085
25 -0.00856711
26 -0.00856711
27 -0.008851298
28 -0.008851298
29 -0.007090256
30 -0.007090256
31 -0.006238583
32 -0.005988006
33 -0.00565577
34 -0.00567544
35 -0.005724876
36 -0.005724876
37 -0.006039385
38 -0.006039385
39 -0.006478924
40 -0.006478924
41 -0.006906036
42 -0.007106234
43 -0.007302348
44 -0.0075285
45 -0.007695999
46 -0.008222905
47 -0.008107307
48 -0.008186445
49 -0.008198187
50 -0.008254295
51 -0.008349393
52 -0.009197715
53 -0.008943036
54 -0.008943036
55 -0.009264413
56 -0.009414868
57 -0.009600114
58 -0.01024378
59 -0.01082811
60 -0.01145242
61 -0.01227141
62 -0.01297168
63 -0.01405624
64 -0.01472003
65 -0.01619321
66 -0.01661313
67 -0.01761517
68 -0.01761517
69 -0.02038241
70 -0.02106672
71 -0.02106672
72 -0.02435613
73 -0.02466831
74 -0.02633984
75 -0.02772035
76 -0.02971051
77 -0.03131169
78 -0.03299575
79 -0.03504791
80 -0.03662992
81 -0.03812014
82 -0.03812014
83 -0.04199644
84 -0.04180779
85 -0.04355801
86 -0.04454569
87 -0.04573457
88 -0.04578684
89 -0.0463528
90 -0.04543734
91 -0.04441745
92 -0.04241759
93 -0.04241759
94 -0.03954712
95 -0.03832526
96 -0.03645739
97 -0.03381052
98 -0.03195367
99 -0.02949746
100 -0.02949746
101 -0.02449109
102 -0.02449109
103 -0.02031613
104 -0.02031613
105 -0.01681154
106 -0.01681154
107 -0.01296644
108 -0.01256045
109 -0.01060864
110 -0.009279889
111 -0.008138081
112 -0.007525437
113 -0.006831175
114 -0.006583976
115 -0.005885058
116 -0.005917238
117 -0.005793153
118 -0.005781577
119 -0.005728576
120 -0.005649007
121 -0.005510991
122 -0.005838772
123 -0.005838772
124 -0.004342653
125 -0.004342653
126 -0.003491395
127 -0.003491395
128 -0.001284702
129 -0.0009986905
130 -0.0008259055
131 -0.0001208981
132 7.650398e-06
133 4.686934e-06
134 -0.001049691
135 -0.001332229
136 -0.002244884
137 -0.00358743
138 -0.006741653
139 -0.008328406
140 -0.01077637
141 -0.01338442
142 -0.01744037
143 -0.02279474
144 -0.02597435
145 -0.03066261
146 -0.04131896
147 -0.04747531
148 -0.05476293
149 -0.06591223
150 -0.07382677
151 -0.08354158
152 -0.09142362
153 -0.09142362
154 -0.1064082
155 -0.1092246
156 -0.1167665
157 -0.1196238
158 -0.1121825
159 -0.09928043
160 -0.08651688
161 -0.07446706
162 -0.06295141
163 -0.05476084
164 -0.0467126
165 -0.03976773
166 -0.03246623
167 -0.02770697
168 -0.02770697
169 -0.02021116
170 -0.01748908
171 -0.01748908
172 -0.008001502
173 -0.008001502
174 -0.0087294
175 -0.0087294
176 -0.003974696
177 -0.005119225
178 -0.004051676
179 -0.002562859
180 -0.0002910937
181 0.002296942
182 0.007775084
183 0.01879398
184 0.02367292
185 0.03029285
186 0.03625334
187 0.04351065
188 0.05002698
189 0.05002698
190 0.08016197
191 0.08687402
192 0.1005232
193 0.1088165
194 0.1163964
195 0.1281956
196 0.1277666
197 0.1213591
198 0.1121703
199 0.1121703
200 0.07753293
201 0.0657075
202 0.04902346
203 0.04044212
204 0.02954465
205 0.0225599
206 0.01469363
207 0.008857506
208 0.005234408
209 0.001081345
210 -0.001178844
211 -0.003825585
212 -0.005378672
213 -0.007283451
214 -0.009868549
215 -0.009868549
216 -0.0125694
217 -0.01342464
218 -0.01576289
219 -0.01895931
220 -0.01895931
221 -0.02359215
222 -0.02571245
223 -0.02869532
224 -0.03236784
225 -0.04565546
226 -0.04565546
227 -0.05654103
228 -0.06071835
229 -0.07053194
230 -0.0754436
231 -0.08427113
232 -0.09066484
233 -0.09395679
234 -0.09295724
235 -0.08897073
236 -0.08329763
237 -0.07584258
238 -0.06887213
239 -0.06031151
240 -0.05510519
241 -0.0493946
242 -0.04371932
243 -0.03929931
244 -0.03557414
245 -0.03557414
246 -0.02969012
247 -0.02969012
248 -0.02941403
249 -0.02838906
250 -0.02836638
251 -0.02778194
252 -0.02778194
253 -0.02801081
254 -0.02801081
255 -0.02781289
256 -0.02781289
257 -0.02818909
258 -0.02818909
259 -0.027557
260 -0.027557
261 -0.02712269
262 -0.02634839
263 -0.025664
264 -0.0243943
265 -0.02419932
266 -0.02247585
267 -0.02131593
268 -0.01969115
269 -0.01789182
270 -0.01666036
271 -0.01498998
272 -0.01391708
273 -0.01240243
274 -0.01122846
275 -0.01008245
276 -0.009151568
277 -0.008108879
278 -0.008108879
279 -0.007969959
280 -0.007052256
281 -0.007223913
282 -0.006601075
283 -0.006755677
284 -0.006711358
285 -0.006789889
286 -0.006820593
287 -0.006820593
288 -0.007091351
289 -0.007016149
290 -0.007290052
291 -0.007086359
292 -0.006760511
293 -0.006797787
294 -0.006809724
295 -0.006719051
296 -0.006719051
297 -0.006695188
298 -0.006695188
299 -0.006512966
300 -0.006512966
301 -0.00658651
302 -0.006616604
303 -0.006694032
304 -0.006794409
305 -0.006962733
306 -0.007155597
307 -0.007351649
308 -0.007795661
309 -0.007977757
310 -0.007977757
311 -0.008713979
312 -0.009453685
313 -0.009742921
314 -0.0102735
315 -0.01079266
316 -0.011305
317 -0.01239138
318 -0.01317819
319 -0.01398364
320 -0.01487585
321 -0.01487585
322 -0.0172207
323 -0.01766477
324 -0.0197914
325 -0.02081542
326 -0.02193149
327 -0.02371972
328 -0.02445922
329 -0.02445922
330 -0.02694162
331 -0.02784375
332 -0.02784375
333 -0.03136981
334 -0.03204499
335 -0.03438259
336 -0.03521954
337 -0.0364346
338 -0.03881028
339 -0.03963177
340 -0.04180539
341 -0.04297723
342 -0.0436458
343 -0.04418611
344 -0.04458731
345 -0.04508434
346 -0.04477987
347 -0.04446449
348 -0.04300547
349 -0.04224245
350 -0.04116451
351 -0.03897725
352 -0.03582396
353 -0.03388214
354 -0.03116308
355 -0.02885851
356 -0.02602218
357 -0.0238918
358 -0.02123148
359 -0.01942942
360 -0.01750802
361 -0.0156216
362 -0.01391298
363 -0.01240958
364 -0.01240958
365 -0.01011805
366 -0.009301248
367 -0.00799137
368 -0.007705436
369 -0.007237601
370 -0.007237601
371 -0.006663903
372 -0.006140792
373 -0.006203633
374 -0.006078917
375 -0.006036753
376 -0.005926108
377 -0.005738786
378 -0.005738786
379 -0.00522775
380 -0.00522775
381 -0.004262895
382 -0.003272577
383 -0.002452065
384 -0.002452065
385 -0.0004816816
386 -0.0007776367
387 4.075226e-05
388 0.0002196315
389 0.0002196315
390 -0.0009107337
391 -0.001360138
392 -0.002330904
393 -0.003791967
394 -0.006703744
395 -0.008431641
396 -0.01087142
397 -0.01408014
398 -0.01408014
399 -0.02509955
400 -0.02627828
401 -0.02627828
402 -0.0444483
403 -0.04726866
404 -0.04726866
405 -0.06991021
406 -0.07384305
407 -0.08376778
408 -0.09153379
409 -0.09870461
410 -0.1038954
411 -0.1104847
412 -0.1104847
413 -0.1207685
414 -0.1164649
415 -0.1067251
416 -0.09157481
417 -0.08057308
418 -0.0672457
419 -0.0672457
420 -0.04577361
421 -0.04577361
422 -0.03203942
423 -0.02804494
424 -0.02429898
425 -0.01983796
426 -0.0171825
427 -0.009868523
428 -0.009848746
429 -0.00817318
430 -0.007711318
431 -0.007711318
432 -0.003888804
433 -0.004545789
434 -0.003611752
435 -0.002089255
436 0.0006329943
437 0.003238331
438 0.008186699
439 0.01697185
440 0.02077414
441 0.02806467
442 0.03457839
443 0.03457839
444 0.04917452
445 0.06586401
446 0.07533246
447 0.09148584
448 0.09148584
449 0.11319
450 0.1176242
451 0.1275785
452 0.1278963
453 0.1199044
454 0.1090619
455 0.09456635
456 0.07997325
457 0.06113281
458 0.04687745
459 0.03593978
460 0.02721485
461 0.01829523
462 0.01237867
463 0.00674099
464 0.003401296
465 0.000103492
466 -0.00215665
467 -0.004469335
468 -0.005888667
469 -0.007596187
470 -0.007596187
471 -0.01104954
472 -0.01154731
473 -0.01330353
474 -0.01495834
475 -0.01842603
476 -0.01972302
477 -0.021999
478 -0.02490576
479 -0.02762023
480 -0.02762023
481 -0.04421526
482 -0.04487089
483 -0.05368916
484 -0.05819006
485 -0.06475547
486 -0.07353137
487 -0.07353137
488 -0.08844621
489 -0.08844621
490 -0.09393389
491 -0.09202445
492 -0.08852964
493 -0.08204885
494 -0.07507089
495 -0.06828378
496 -0.0613149
497 -0.05475604
498 -0.04872039
499 -0.04344163
500 -0.0398641
501 -0.03540274
502 -0.03316775
503 -0.03066383
504 -0.02927253
505 -0.02967888
506 -0.02834261
507 -0.0284851
508 -0.02782692
509 -0.02765453
510 -0.02799905
511 -0.02772678
512 -0.02781798
513 -0.02789842
514 -0.02802286
515 -0.02808407
516 -0.02806403
517 -0.02721962
518 -0.02705195
519 -0.02623641
520 -0.02556495
521 -0.02430617
522 -0.02430617
523 -0.02232946
524 -0.02103499
525 -0.01972455
526 -0.01786238
527 -0.01670819
528 -0.01505711
529 -0.01400752
530 -0.0125194
531 -0.0125194
532 -0.01037409
533 -0.009592665
534 -0.009592665
535 -0.007573018
536 -0.00790933
537 -0.007275929
538 -0.007309692
539 -0.006712898
540 -0.00680887
541 -0.006747094
542 -0.00678659
543 -0.00678659
