0 0
1 0.4380091
2 4.380013
3 3.243323
4 1.97689
5 1.766747
6 2.835827
7 4.066533
8 5.794615
9 7.585615
10 9.822601
11 11.65438
12 13.4202
13 15.12948
14 16.79231
15 18.45327
16 20.02972
17 21.60577
18 23.54051
19 25.07241
20 26.58536
21 28.07429
22 29.53876
23 30.8003
24 32.21997
25 33.44293
26 34.64827
27 36.00441
28 37.17273
29 38.48739
30 39.61986
31 40.89418
32 42.30275
33 43.83715
34 45.04192
35 46.07977
36 47.10253
37 48.2535
38 49.24489
39 50.36039
40 51.32132
41 52.53638
42 53.46582
43 54.51155
44 55.41233
45 56.42587
46 57.42261
47 58.28123
48 59.24722
49 60.07934
50 61.01559
51 61.82196
52 62.72942
53 63.62151
54 64.39008
55 65.25458
56 66.10504
57 67.04462
58 67.86504
59 68.57163
60 69.36638
61 70.05071
62 70.91566
63 71.57707
64 72.32047
65 72.96052
66 73.67988
67 74.29893
68 74.99474
69 74.76336
70 70.86311
71 67.53214
72 64.26305
73 60.60922
74 59.08204
75 60.00891
76 61.0515
77 61.43209
78 58.28043
79 54.76523
80 52.27337
81 53.4128
82 54.44721
83 55.58852
84 52.12408
85 48.75066
86 46.60966
87 47.73975
88 48.86769
89 49.97699
90 51.20253
91 52.27285
92 53.4551
93 54.23143
94 55.37729
95 56.25394
96 57.36217
97 58.20737
98 59.16637
99 59.98557
100 60.80232
101 61.71485
102 62.502
103 63.39531
104 64.15597
105 65.02209
106 65.76371
107 66.60444
108 67.42875
109 68.34107
110 69.04029
111 69.8244
112 70.7896
113 71.54723
114 72.20028
115 72.9352
116 73.65835
117 74.28127
118 74.89541
119 75.50074
120 76.09731
121 76.70222
122 77.43458
123 77.97207
124 78.62722
125 79.17225
126 79.86784
127 80.39944
128 80.99792
129 81.51376
130 82.09425
131 82.59444
132 83.15735
133 83.6424
134 84.1882
135 84.65839
136 85.18742
137 85.70773
138 86.21932
139 86.65973
140 86.97111
141 87.60777
142 83.49597
143 79.59579
144 75.54228
145 71.63793
146 66.86668
147 63.14012
148 59.49543
149 55.48869
150 52.00592
151 48.18003
152 44.85788
153 42.01739
154 38.45064
155 34.98265
156 31.61654
157 32.14099
158 33.68435
159 35.04249
160 36.38557
161 37.70977
162 38.84558
163 40.12828
164 41.23509
165 42.47976
166 43.55299
167 44.61097
168 45.50563
169 46.82635
170 47.83676
171 48.97377
172 50.09323
173 51.05758
174 52.14218
175 53.07668
176 54.25916
177 55.0352
178 56.18122
179 57.18222
180 58.04469
181 59.25533
182 60.44102
183 61.60128
184 62.5102
185 63.29173
186 59.20941
187 55.67472
188 52.21478
189 48.833
190 45.5125
191 41.06321
192 37.5375
193 34.85164
194 30.75073
195 31.24664
196 32.79552
197 34.157
198 35.66999
199 37.158
200 38.78878
201 40.23306
202 41.33671
203 42.58318
204 43.65818
205 44.8662
206 46.202
207 47.22377
208 48.37067
209 49.3606
210 50.47398
211 51.43342
212 52.51277
213 53.70592
214 54.87683
215 55.64519
216 56.5294
217 57.64711
218 58.50187
219 59.58165
220 60.40678
221 61.33428
222 62.13181
223 63.02807
224 61.71542
225 58.55945
226 55.02768
227 51.57548
228 47.36806
229 44.08969
230 40.09499
231 36.60269
232 36.54924
233 38.01779
234 39.4534
235 40.70948
236 42.1002
237 43.45562
238 44.79586
239 45.8223
240 46.97977
241 48.12405
242 49.24535
243 50.21558
244 51.44598
245 52.38071
246 53.43948
247 54.34851
248 55.37117
249 56.37699
250 57.48864
251 58.33886
252 59.17676
253 60.1191
254 60.93033
255 61.84301
256 62.62892
257 63.51214
258 64.2728
259 65.1282
260 65.76009
261 66.69311
262 67.40735
263 68.20829
264 68.89743
265 69.68222
266 70.3448
267 71.1024
268 71.94427
269 72.5751
270 73.29901
271 73.92447
272 74.70553
273 75.39671
274 76.08002
275 76.7401
276 77.48245
277 78.13055
278 78.68275
279 79.31071
280 79.84998
281 80.45757
282 80.98104
283 81.57035
284 82.22177
285 82.79081
286 83.3505
287 83.83267
288 84.37518
289 84.90874
290 85.43351
291 85.88544
292 86.45699
293 87.01797
294 87.50774
295 87.98943
296 88.40435
297 88.87115
298 89.27325
299 89.72578
300 90.11546
301 90.55396
302 90.93165
303 91.3038
304 91.72253
305 92.13428
306 92.48883
307 92.88767
308 93.23117
309 93.56943
310 93.85538
311 94.23096
312 94.55415
313 94.48931
314 93.22209
315 89.9713
316 84.68614
317 80.89058
318 81.25769
319 81.83913
320 82.3393
321 82.57513
322 82.04018
323 77.47178
324 72.05669
325 68.22268
326 64.4779
327 61.64188
328 62.47325
329 63.36192
330 62.97411
331 59.25324
332 56.15617
333 54.06551
334 55.06872
335 56.07809
336 56.94669
337 57.26514
338 53.63916
339 49.39066
340 48.46822
341 49.71477
342 50.81036
343 52.02103
344 53.07744
345 53.3076
346 53.49889
347 53.80321
348 54.31696
349 54.73683
350 55.72813
351 56.9665
352 57.81748
353 58.78264
354 59.61025
355 60.53916
356 61.34882
357 62.24911
358 63.03493
359 63.91216
360 64.67209
361 65.42412
362 66.15803
363 66.89052
364 67.50626
365 68.31659
366 69.11478
367 69.80125
368 70.47946
369 71.24211
370 71.89949
371 72.73088
372 73.3671
373 74.08312
374 74.69997
375 75.30805
376 75.99222
377 76.71476
378 77.42245
379 78.03513
380 78.6053
381 79.22938
382 79.77051
383 80.37926
384 80.90369
385 81.49412
386 82.0029
387 82.57545
388 83.13869
389 83.69276
390 84.30524
391 84.77374
392 85.30089
393 85.75499
394 86.26582
395 86.70557
396 86.95824
397 87.79905
398 83.94737
399 79.98808
400 75.92752
401 72.01585
402 67.70226
403 63.95297
404 60.29001
405 56.25863
406 53.18451
407 49.32696
408 45.9761
409 43.10763
410 39.51027
411 36.39663
412 33.73622
413 32.19772
414 33.43574
415 34.9593
416 36.13314
417 37.46346
418 38.7616
419 39.88659
420 41.15569
421 42.24737
422 43.47699
423 44.53626
424 45.72834
425 46.7546
426 47.90955
427 49.0457
428 50.16399
429 51.26344
430 52.21079
431 53.27673
432 54.32561
433 55.22914
434 56.37163
435 57.49312
436 58.35112
437 59.43616
438 60.2661
439 61.31501
440 62.34235
441 63.23849
442 59.6043
443 56.06221
444 51.7389
445 47.53567
446 43.85057
447 40.25097
448 37.12408
449 34.06661
450 30.71796
451 31.29029
452 33.17756
453 34.70189
454 36.20585
455 37.68727
456 39.30424
457 40.73796
458 41.99295
459 43.07269
460 44.29169
461 45.48874
462 46.6681
463 47.68169
464 48.6811
465 49.66633
466 50.77467
467 51.72973
468 52.80424
469 53.72997
470 54.64225
471 55.6685
472 56.6776
473 57.6699
474 58.52427
475 59.48505
476 60.31161
477 61.24115
478 62.04071
479 62.93882
480 62.79174
481 59.59166
482 56.03762
483 52.56359
484 49.16611
485 45.02903
486 41.80475
487 38.26498
488 35.57773
489 35.87613
490 37.3544
491 38.80406
492 40.2295
493 41.63029
494 42.99723
495 44.19754
496 45.37964
497 46.69053
498 47.8385
499 48.82629
500 49.94241
501 51.04053
502 52.24875
503 53.30794
504 54.21857
505 55.24412
506 56.12689
507 57.12026
508 58.09708
509 58.93854
510 59.8849
511 60.69976
512 61.50268
513 62.29385
514 63.07247
515 63.94852
516 64.91609
517 65.65562
518 66.48786
519 67.20487
520 68.01025
521 68.80083
522 69.49088
523 70.25079
524 70.91689
525 71.76256
526 72.39609
527 73.12309
528 73.75127
529 74.44852
530 75.0573
531 75.66007
532 76.41244
533 77.07674
534 77.73215
535 78.37036
536 79.08223
537 79.62425
538 80.23556
539 80.83687
540 81.42853
541 82.01044
542 82.65387
543 83.2158
