0 0
1 4.12033
2 4.12033
3 4.12077
4 4.11741
5 4.110953
6 4.100301
7 4.08612
8 4.063336
9 4.035932
10 3.997163
11 3.985297
12 3.993885
13 4.01081
14 4.02954
15 4.048874
16 4.061405
17 4.07138
18 4.078854
19 4.081715
20 4.081532
21 4.078962
22 4.074587
23 4.069682
24 4.063206
25 4.057051
26 4.050623
27 4.042747
28 4.035536
29 4.02735
30 4.020473
31 4.012878
32 4.004702
33 3.99594
34 3.989112
35 3.983167
36 3.977162
37 3.970149
38 3.963809
39 3.956268
40 3.949342
41 3.939964
42 3.932273
43 3.923054
44 3.914611
45 3.904494
46 3.893892
47 3.88411
48 3.872478
49 3.861977
50 3.849646
51 3.83859
52 3.825636
53 3.812065
54 3.799756
55 3.785266
56 3.770308
57 3.752979
58 3.737055
59 3.722511
60 3.70505
61 3.688919
62 3.666694
63 3.648177
64 3.625531
65 3.60432
66 3.578114
67 3.553636
68 3.523812
69 3.487691
70 3.454539
71 3.42568
72 3.396909
73 3.363624
74 3.330606
75 3.295145
76 3.251665
77 3.209924
78 3.172545
79 3.130201
80 3.093672
81 3.043996
82 2.995787
83 2.937135
84 2.884006
85 2.833078
86 2.784608
87 2.734434
88 2.681018
89 2.62518
90 2.559843
91 2.500271
92 2.4325
93 2.387356
94 2.3203
95 2.268914
96 2.203642
97 2.153802
98 2.098567
99 2.052176
100 2.007677
101 1.959192
102 1.919467
103 1.876621
104 1.841869
105 1.804562
106 1.774338
107 1.742511
108 1.713683
109 1.684278
110 1.66372
111 1.642442
112 1.618718
113 1.60164
114 1.587837
115 1.573156
116 1.559541
117 1.548263
118 1.537427
119 1.526864
120 1.516508
121 1.504718
122 1.493331
123 1.483467
124 1.472294
125 1.463017
126 1.451606
127 1.443375
128 1.435051
129 1.429041
130 1.423519
131 1.419627
132 1.416272
133 1.414161
134 1.412421
135 1.410936
136 1.408922
137 1.406189
138 1.402119
139 1.396361
140 1.388079
141 1.376397
142 1.361943
143 1.341533
144 1.315273
145 1.283421
146 1.236115
147 1.190312
148 1.136791
149 1.068169
150 0.9992323
151 0.9136965
152 0.8317973
153 0.7565193
154 0.6575184
155 0.55783
156 0.4613777
157 0.375556
158 0.2685539
159 0.1698646
160 0.07347511
161 6.265779
162 6.192586
163 6.117339
164 6.058079
165 5.997841
166 5.95098
167 5.909807
168 5.878615
169 5.837457
170 5.809721
171 5.781813
172 5.758639
173 5.742525
174 5.726636
175 5.713978
176 5.700611
177 5.693447
178 5.683772
179 5.676123
180 5.670461
181 5.665002
182 5.663308
183 5.668034
184 5.680892
185 5.699593
186 5.732686
187 5.768867
188 5.811333
189 5.859956
190 5.917099
191 6.01247
192 6.096957
193 6.165879
194 6.276736
195 0.07610627
196 0.183936
197 0.2886483
198 0.4102164
199 0.5313139
200 0.66013
201 0.7643667
202 0.8363279
203 0.9065821
204 0.9587042
205 1.00785
206 1.051514
207 1.077455
208 1.099839
209 1.11414
210 1.124951
211 1.130375
212 1.132499
213 1.130596
214 1.124779
215 1.118731
216 1.109479
217 1.09424
218 1.080157
219 1.05877
220 1.038935
221 1.012846
222 0.9866273
223 0.9525595
224 0.8996699
225 0.8636624
226 0.8168803
227 0.7654869
228 0.6945935
229 0.6345239
230 0.5550286
231 0.4817819
232 0.3962396
233 0.3075922
234 0.2094894
235 0.1171351
236 0.01099502
237 6.188607
238 6.086278
239 6.009982
240 5.928754
241 5.853132
242 5.783133
243 5.726539
244 5.659921
245 5.612236
246 5.561756
247 5.520559
248 5.475586
249 5.431667
250 5.383118
251 5.345631
252 5.308228
253 5.265415
254 5.227674
255 5.184074
256 5.145489
257 5.100851
258 5.061166
259 5.015111
260 4.980353
261 4.927917
262 4.886903
263 4.839832
264 4.799097
265 4.753166
266 4.713783
267 4.669935
268 4.622122
269 4.586637
270 4.54814
271 4.516168
272 4.478034
273 4.446539
274 4.417145
275 4.390149
276 4.362324
277 4.339907
278 4.322017
279 4.303106
280 4.287418
281 4.270473
282 4.256197
283 4.24049
284 4.223394
285 4.208497
286 4.193684
287 4.180748
288 4.165877
289 4.150789
290 4.135563
291 4.122083
292 4.104574
293 4.087151
294 4.071752
295 4.056324
296 4.042831
297 4.027478
298 4.014026
299 3.998642
300 3.985268
301 3.969986
302 3.956556
303 3.94311
304 3.927622
305 3.911929
306 3.898033
307 3.881827
308 3.867285
309 3.852333
310 3.839128
311 3.820869
312 3.804245
313 3.786821
314 3.76611
315 3.750376
316 3.724165
317 3.703635
318 3.685061
319 3.661809
320 3.639813
321 3.616321
322 3.584183
323 3.550944
324 3.510174
325 3.480414
326 3.450313
327 3.420537
328 3.388629
329 3.353712
330 3.31173
331 3.274398
332 3.24217
333 3.205842
334 3.167029
335 3.125108
336 3.085755
337 3.038193
338 2.996941
339 2.939397
340 2.889018
341 2.834703
342 2.782908
343 2.721406
344 2.664222
345 2.605515
346 2.553423
347 2.493273
348 2.432683
349 2.372211
350 2.311616
351 2.235894
352 2.183636
353 2.125789
354 2.07688
355 2.023729
356 1.979343
357 1.931872
358 1.892878
359 1.85157
360 1.818132
361 1.786994
362 1.758412
363 1.732119
364 1.711386
365 1.686219
366 1.663833
367 1.645872
368 1.629392
369 1.612086
370 1.598007
371 1.580999
372 1.568496
373 1.554924
374 1.543522
375 1.532417
376 1.519982
377 1.50646
378 1.493875
379 1.482069
380 1.471785
381 1.460641
382 1.451489
383 1.441981
384 1.434668
385 1.427652
386 1.422882
387 1.418588
388 1.415476
389 1.413422
390 1.411959
391 1.410799
392 1.40906
393 1.406843
394 1.40285
395 1.397118
396 1.387621
397 1.375514
398 1.35932
399 1.336734
400 1.307951
401 1.273897
402 1.229691
403 1.181395
404 1.125755
405 1.055431
406 0.992774
407 0.9044133
408 0.8203824
409 0.7434286
410 0.6415558
411 0.551162
412 0.4732029
413 0.3859793
414 0.3039648
415 0.1917148
416 0.1037059
417 0.008240712
418 6.203391
419 6.133574
420 6.062137
421 6.007588
422 5.952297
423 5.910499
424 5.869207
425 5.837519
426 5.805897
427 5.77843
428 5.756247
429 5.738049
430 5.724439
431 5.710786
432 5.699629
433 5.69183
434 5.682982
435 5.675165
436 5.670135
437 5.666182
438 5.665638
439 5.669916
440 5.6832
441 5.703262
442 5.730436
443 5.763875
444 5.813808
445 5.87329
446 5.937203
447 6.010269
448 6.082841
449 6.160707
450 6.252354
451 0.05308103
452 0.1871155
453 0.3071417
454 0.429833
455 0.5505611
456 0.677215
457 0.7817763
458 0.8629293
459 0.9232279
460 0.9803977
461 1.026587
462 1.062479
463 1.086485
464 1.104439
465 1.117212
466 1.126391
467 1.130531
468 1.131386
469 1.129303
470 1.124827
471 1.116865
472 1.105928
473 1.092619
474 1.079007
475 1.060907
476 1.042149
477 1.017274
478 0.9924825
479 0.9600716
480 0.9186552
481 0.8786427
482 0.8328523
483 0.7826298
484 0.7278696
485 0.6546857
486 0.5936214
487 0.5218729
488 0.4650541
489 0.3962174
490 0.3082743
491 0.2116085
492 0.1095611
493 0.005185059
494 6.185008
495 6.096029
496 6.010783
497 5.920904
498 5.846725
499 5.786364
500 5.722735
501 5.664123
502 5.603591
503 5.553679
504 5.512303
505 5.467217
506 5.428652
507 5.385358
508 5.342473
509 5.305077
510 5.262347
511 5.224721
512 5.186765
513 5.148402
514 5.109622
515 5.064674
516 5.013219
517 4.972682
518 4.926157
519 4.88531
520 4.838519
521 4.792266
522 4.752271
523 4.707593
524 4.669477
525 4.622081
526 4.586953
527 4.548757
528 4.516969
529 4.483037
530 4.45522
531 4.429129
532 4.398032
533 4.372666
534 4.349268
535 4.327797
536 4.306143
537 4.290288
538 4.273027
539 4.256457
540 4.240537
541 4.225124
542 4.208184
543 4.193274
