0 0
1 -40.62
2 -40.62
3 -40.62776
4 -40.66714
5 -40.75361
6 -40.89565
7 -41.08568
8 -41.38602
9 -41.74113
10 -42.30617
11 -42.87455
12 -43.55243
13 -44.3398
14 -45.23348
15 -46.36319
16 -47.33269
17 -48.53204
18 -50.16492
19 -51.57463
20 -53.07169
21 -54.65224
22 -56.31268
23 -57.82837
24 -59.62947
25 -61.26347
26 -62.9497
27 -64.93806
28 -66.72926
29 -68.83302
30 -70.72206
31 -72.93449
32 -75.48971
33 -78.40836
34 -80.80141
35 -82.93615
36 -85.10756
37 -87.63218
38 -89.87704
39 -92.48125
40 -94.79166
41 -97.80237
42 -100.1727
43 -102.9094
44 -105.3258
45 -108.1092
46 -110.9126
47 -113.3789
48 -116.2092
49 -118.6933
50 -121.5379
51 -124.0291
52 -126.8755
53 -129.7171
54 -132.1961
55 -135.017
56 -137.8208
57 -140.9492
58 -143.702
59 -146.0848
60 -148.7729
61 -151.0891
62 -154.0088
63 -156.227
64 -158.696
65 -160.7907
66 -163.0981
67 -165.0313
68 -167.1307
69 -169.3263
70 -171.047
71 -172.3528
72 -173.4824
73 -174.5697
74 -175.4625
75 -176.2125
76 -176.8771
77 -177.2889
78 -177.494
79 -177.5556
80 -177.4725
81 -177.1754
82 -176.7135
83 -175.9492
84 -175.0801
85 -174.0862
86 -172.9895
87 -171.7271
88 -170.2667
89 -168.5995
90 -166.4676
91 -164.3389
92 -161.679
93 -159.7507
94 -156.6299
95 -154.0182
96 -150.4316
97 -147.4703
98 -143.9122
99 -140.656
100 -137.2756
101 -133.2702
102 -129.6514
103 -125.3952
104 -121.5744
105 -117.1064
106 -113.1149
107 -108.4674
108 -103.7352
109 -98.3187
110 -94.04263
111 -89.09272
112 -82.81628
113 -77.72782
114 -73.22868
115 -68.03549
116 -62.78958
117 -58.15764
118 -53.48795
119 -48.7816
120 -44.03969
121 -38.57972
122 -33.07179
123 -28.22201
124 -22.64051
125 -17.72443
126 -11.36102
127 -6.37923
128 -0.6516269
129 4.38974
130 10.18528
131 15.28611
132 21.14971
133 26.31031
134 32.24238
135 37.46265
136 43.46194
137 49.49569
138 55.56231
139 60.89545
140 66.24798
141 72.37624
142 77.5974
143 83.27916
144 88.65231
145 93.71265
146 99.59737
147 103.9463
148 107.9675
149 112.0888
150 115.3835
151 118.6633
152 121.1934
153 123.1088
154 125.1715
155 126.8053
156 128.0482
157 128.9003
158 129.6519
159 130.1063
160 130.3423
161 130.3551
162 130.192
163 129.7951
164 129.2746
165 128.4947
166 127.6614
167 126.6979
168 125.7764
169 124.2399
170 122.9258
171 121.3058
172 119.5707
173 117.9688
174 116.05
175 114.2975
176 111.9512
177 110.3339
178 107.8326
179 105.5364
180 103.4744
181 100.4515
182 97.35112
183 94.19641
184 91.66425
185 89.46982
186 86.83726
187 84.76148
188 82.94389
189 81.38924
190 80.10627
191 78.80672
192 78.13165
193 77.83045
194 77.7097
195 77.84852
196 78.27596
197 78.9267
198 79.98502
199 81.39872
200 83.38055
201 85.50864
202 87.36847
203 89.68784
204 91.86831
205 94.51305
206 97.66037
207 100.2193
208 103.2491
209 105.9839
210 109.1961
211 112.0761
212 115.4397
213 119.3075
214 123.255
215 125.9262
216 129.0779
217 133.1785
218 136.3991
219 140.5703
220 143.8295
221 147.559
222 150.816
223 154.5164
224 159.4303
225 162.3341
226 165.3577
227 168.0645
228 171.0036
229 173.0058
230 175.0863
231 176.5796
232 177.905
233 178.8832
234 179.6168
235 180.0259
236 180.1793
237 180.0021
238 179.4537
239 178.7714
240 177.7272
241 176.4135
242 174.8428
243 173.2704
244 170.9943
245 169.0379
246 166.6154
247 164.3421
248 161.5761
249 158.6362
250 155.127
251 152.2533
252 149.2563
253 145.6835
254 142.4309
255 138.573
256 135.0775
257 130.9503
258 127.2276
259 122.8511
260 119.4878
261 114.3212
262 110.209
263 105.4179
264 101.1538
265 96.20799
266 91.82544
267 86.76409
268 81.01452
269 76.51098
270 71.33812
271 66.79447
272 60.93637
273 55.71898
274 50.49593
275 45.27067
276 39.39159
277 34.16586
278 29.59393
279 24.36892
280 19.79745
281 14.57396
282 10.00494
283 4.785816
284 -1.081109
285 -6.290611
286 -11.4931
287 -16.03792
288 -21.22161
289 -26.39167
290 -31.54536
291 -36.03928
292 -41.79263
293 -47.5152
294 -52.57372
295 -57.60331
296 -61.9786
297 -66.94783
298 -71.26705
299 -76.16824
300 -80.4246
301 -85.25048
302 -89.43767
303 -93.59008
304 -98.29108
305 -102.9417
306 -106.9674
307 -111.5152
308 -115.4453
309 -119.3261
310 -122.6109
311 -126.9265
312 -130.6379
313 -134.2764
314 -138.3037
315 -141.1736
316 -145.6027
317 -148.834
318 -151.5362
319 -154.5385
320 -157.0819
321 -159.5345
322 -162.522
323 -165.2222
324 -168.0709
325 -169.849
326 -171.3947
327 -172.723
328 -173.9057
329 -174.9554
330 -175.9552
331 -176.6379
332 -177.0783
333 -177.4189
334 -177.6077
335 -177.6364
336 -177.5176
337 -177.2045
338 -176.7913
339 -176.0159
340 -175.1453
341 -174.052
342 -172.8727
343 -171.2973
344 -169.6644
345 -167.82
346 -166.0424
347 -163.8239
348 -161.403
349 -158.7834
350 -155.9574
351 -152.1223
352 -149.2452
353 -145.7746
354 -142.5869
355 -138.7839
356 -135.3262
357 -131.2379
358 -127.5511
359 -123.2227
360 -119.3439
361 -115.386
362 -111.3555
363 -107.2578
364 -103.6954
365 -98.87873
366 -93.99054
367 -89.65842
368 -85.27749
369 -80.21372
370 -75.73513
371 -69.91415
372 -65.33968
373 -60.06319
374 -55.40521
375 -50.71013
376 -45.30037
377 -39.16122
378 -33.6558
379 -28.11137
380 -23.22673
381 -17.60775
382 -12.66024
383 -6.971293
384 -1.963625
385 3.79329
386 8.860309
387 14.68528
388 20.54676
389 26.44496
390 33.12444
391 38.35149
392 44.35868
393 49.64336
394 55.71383
395 61.05038
396 67.17116
397 73.30897
398 78.55067
399 84.25818
400 89.65079
401 94.72662
402 100.0571
403 104.4496
404 108.5072
405 112.6616
406 115.5812
407 118.9207
408 121.4925
409 123.4357
410 125.5201
411 127.0008
412 128.0296
413 128.939
414 129.5711
415 130.1564
416 130.4154
417 130.4931
418 130.3512
419 130.0354
420 129.468
421 128.8049
422 127.8702
423 126.91
424 125.6648
425 124.4555
426 122.9471
427 121.3136
428 119.5675
429 117.7205
430 116.0277
431 114.0112
432 111.914
433 110.0188
434 107.5042
435 104.9059
436 102.8306
437 100.1002
438 97.93588
439 95.11663
440 92.28552
441 89.79156
442 87.44696
443 85.34368
444 83.06493
445 81.1853
446 79.84517
447 78.842
448 78.22967
449 77.86833
450 77.73701
451 77.82841
452 78.32106
453 79.09008
454 80.21175
455 81.69251
456 83.74659
457 85.94116
458 88.13915
459 90.23012
460 92.78758
461 95.50317
462 98.35722
463 100.9547
464 103.6356
465 106.3923
466 109.6271
467 112.525
468 115.9069
469 118.9222
470 121.9853
471 125.5387
472 129.1416
473 132.7873
474 136.007
475 139.7134
476 142.9723
477 146.7044
478 149.9671
479 153.6787
480 157.7716
481 161.2064
482 164.3265
483 167.1296
484 169.6163
485 172.2858
486 174.0817
487 175.756
488 176.8196
489 177.8329
490 178.7916
491 179.5147
492 179.9583
493 180.0865
494 179.8936
495 179.4207
496 178.6654
497 177.4859
498 176.157
499 174.7876
500 173.0009
501 170.9911
502 168.4804
503 166.0399
504 163.7513
505 160.9683
506 158.3909
507 155.2872
508 152.0188
509 149.0271
510 145.461
511 142.2149
512 138.8543
513 135.3823
514 131.8022
515 127.583
516 122.6811
517 118.7609
518 114.1734
519 110.0722
520 105.294
521 100.429
522 96.10902
523 91.11017
524 86.6903
525 80.95557
526 76.46326
527 71.30273
528 66.76941
529 61.57417
530 57.0196
531 52.45944
532 46.59205
533 41.37502
534 36.15766
535 30.94092
536 25.07242
537 20.5081
538 15.29277
539 10.0794
540 4.869015
541 -0.3373192
542 -6.188015
543 -11.38111
