0 0
1 108.73
2 108.73
3 108.7236
4 108.6915
5 108.6202
6 108.5012
7 108.338
8 108.0707
9 107.7391
10 107.1887
11 106.6634
12 106.0813
13 105.4362
14 104.7293
15 103.8619
16 103.1343
17 102.2458
18 101.0478
19 100.019
20 98.92477
21 97.76299
22 96.53177
23 95.39617
24 94.03053
25 92.77553
26 91.46397
27 89.89483
28 88.45968
29 86.74845
30 85.18936
31 83.33736
32 81.16512
33 78.64227
34 76.54184
35 74.64433
36 72.69118
37 70.39078
38 68.31793
39 65.87997
40 63.68582
41 60.78021
42 58.4537
43 55.7225
44 53.26862
45 50.38992
46 47.43087
47 44.7747
48 41.66133
49 38.86841
50 35.59722
51 32.66502
52 29.23342
53 25.71481
54 22.56376
55 18.87922
56 15.10499
57 10.75096
58 6.784048
59 3.237537
60 -0.9031235
61 -4.603884
62 -9.470695
63 -13.34225
64 -17.86123
65 -21.89936
66 -26.61232
67 -30.82313
68 -35.73556
69 -41.36832
70 -46.26457
71 -50.37766
72 -54.32849
73 -58.64233
74 -62.77908
75 -66.97513
76 -71.80473
77 -76.16787
78 -79.89375
79 -83.91964
80 -87.23615
81 -91.48118
82 -95.31523
83 -99.68059
84 -103.4166
85 -106.868
86 -110.055
87 -113.1888
88 -116.3252
89 -119.4477
90 -122.9214
91 -125.9538
92 -129.2794
93 -131.4342
94 -134.5565
95 -136.8818
96 -139.7228
97 -141.8048
98 -144.0395
99 -145.863
100 -147.5616
101 -149.3474
102 -150.7753
103 -152.2556
104 -153.4213
105 -154.6104
106 -155.5294
107 -156.4482
108 -157.2347
109 -157.9717
110 -158.4448
111 -158.8877
112 -159.3056
113 -159.5392
114 -159.6749
115 -159.7558
116 -159.7616
117 -159.7078
118 -159.6007
119 -159.4413
120 -159.2302
121 -158.9265
122 -158.5524
123 -158.1709
124 -157.6723
125 -157.1824
126 -156.4814
127 -155.8829
128 -155.1461
129 -154.4604
130 -153.6367
131 -152.8856
132 -151.9982
133 -151.2008
134 -150.27
135 -149.4402
136 -148.4737
137 -147.4855
138 -146.4702
139 -145.5505
140 -144.5897
141 -143.4377
142 -142.3803
143 -141.1344
144 -139.8297
145 -138.449
146 -136.5981
147 -135.0039
148 -133.2968
149 -131.2384
150 -129.2905
151 -126.9802
152 -124.8444
153 -122.9345
154 -120.4628
155 -118.0222
156 -115.6674
157 -113.5789
158 -111.0335
159 -108.6126
160 -106.0637
161 -103.4085
162 -101.0138
163 -98.21214
164 -95.71507
165 -92.81904
166 -90.25414
167 -87.66396
168 -85.42506
169 -82.0365
170 -79.3766
171 -76.31094
172 -73.21618
173 -70.48109
174 -67.32257
175 -64.53016
176 -60.89825
177 -58.449
178 -54.73243
179 -51.38556
180 -48.42281
181 -44.13123
182 -39.7633
183 -35.30549
184 -31.65499
185 -28.38243
186 -24.23848
187 -20.71187
188 -17.32688
189 -14.08224
190 -10.97882
191 -6.948592
192 -3.876891
193 -1.644644
194 1.557548
195 3.746745
196 6.29349
197 8.603107
198 11.2113
199 13.78386
200 16.54732
201 18.91661
202 20.67156
203 22.58457
204 24.18258
205 25.93233
206 27.81964
207 29.24286
208 30.83775
209 32.2167
210 33.78699
211 35.16637
212 36.76068
213 38.59108
214 40.47528
215 41.76885
216 43.32334
217 45.4054
218 47.09842
219 49.38283
220 51.25475
221 53.50923
222 55.59405
223 58.11934
224 61.78596
225 64.15752
226 66.84538
227 69.50695
228 72.78468
229 75.35121
230 78.46339
231 81.14436
232 84.08879
233 86.93125
234 89.96613
235 92.80849
236 96.14162
237 99.58404
238 103.0968
239 105.8532
240 109.0083
241 112.1505
242 115.2635
243 117.9541
244 121.3585
245 123.9574
246 126.8708
247 129.3678
248 132.1572
249 134.8708
250 137.8229
251 140.0379
252 142.1751
253 144.5142
254 146.4625
255 148.567
256 150.2931
257 152.1236
258 153.592
259 155.1072
260 156.1232
261 157.444
262 158.295
263 159.0696
264 159.5691
265 159.9333
266 160.069
267 160.0166
268 159.6944
269 159.254
270 158.5549
271 157.7773
272 156.5601
273 155.2845
274 153.8359
275 152.2243
276 150.2301
277 148.3077
278 146.5186
279 144.3605
280 142.3777
281 140.0082
282 137.8474
283 135.281
284 132.2735
285 129.4955
286 126.62
287 124.0244
288 120.9672
289 117.8125
290 114.5598
291 111.6328
292 107.758
293 103.7579
294 100.0979
295 96.33987
296 92.9715
297 89.03095
298 85.50379
299 81.38259
300 77.69827
301 73.39889
302 69.55965
303 65.64857
304 61.09119
305 56.44041
306 52.29428
307 47.46799
308 43.16761
309 38.79425
310 34.98697
311 29.82514
312 25.22716
313 20.56183
314 15.19415
315 11.22395
316 4.824222
317 -0.08696276
318 -4.379957
319 -9.383767
320 -13.85013
321 -18.3925
322 -24.3065
323 -30.10484
324 -36.85531
325 -41.52736
326 -45.99592
327 -50.26059
328 -54.54057
329 -58.92064
330 -63.93507
331 -68.23199
332 -71.80211
333 -75.6835
334 -79.58556
335 -83.56476
336 -87.10335
337 -91.17767
338 -94.59369
339 -99.11298
340 -102.9024
341 -106.7035
342 -110.1046
343 -113.9355
344 -117.3258
345 -120.6548
346 -123.4857
347 -126.6179
348 -129.6351
349 -132.5264
350 -135.2919
351 -138.5658
352 -140.7221
353 -143.0405
354 -144.9351
355 -146.9432
356 -148.5613
357 -150.2518
358 -151.5946
359 -152.9773
360 -154.0593
361 -155.0266
362 -155.8845
363 -156.6392
364 -157.2085
365 -157.8631
366 -158.4091
367 -158.8042
368 -159.1271
369 -159.413
370 -159.5942
371 -159.7368
372 -159.7802
373 -159.7602
374 -159.6834
375 -159.5522
376 -159.3364
377 -159.0116
378 -158.6462
379 -158.2089
380 -157.7691
381 -157.2023
382 -156.6523
383 -155.9657
384 -155.3181
385 -154.5305
386 -153.8058
387 -152.9435
388 -152.0509
389 -151.1346
390 -150.0816
391 -149.2481
392 -148.2793
393 -147.415
394 -146.4024
395 -145.4855
396 -144.3881
397 -143.23
398 -142.1605
399 -140.89
400 -139.5496
401 -138.1223
402 -136.4027
403 -134.7571
404 -132.9895
405 -130.8576
406 -129.0955
407 -126.7082
408 -124.4968
409 -122.5174
410 -119.9518
411 -117.6949
412 -115.7709
413 -113.6336
414 -111.6729
415 -108.9784
416 -106.7641
417 -104.128
418 -101.4005
419 -98.95502
420 -96.1075
421 -93.57838
422 -90.65305
423 -88.06673
424 -85.08267
425 -82.44838
426 -79.4117
427 -76.34741
428 -73.25291
429 -70.12523
430 -67.35992
431 -64.16576
432 -60.93357
433 -58.07188
434 -54.34563
435 -50.5663
436 -47.58925
437 -43.70978
438 -40.64792
439 -36.64452
440 -32.5477
441 -28.80777
442 -25.11239
443 -21.56957
444 -17.34704
445 -13.34888
446 -9.944183
447 -6.730875
448 -4.047854
449 -1.542419
450 1.043977
451 3.236566
452 6.374323
453 9.000399
454 11.6292
455 14.21312
456 16.9817
457 19.3457
458 21.33368
459 22.98838
460 24.79235
461 26.51542
462 28.17419
463 29.58753
464 30.97782
465 32.35601
466 33.9293
467 35.31468
468 36.91952
469 38.35128
470 39.81637
471 41.54086
472 43.32946
473 45.19195
474 46.88968
475 48.91728
476 50.77755
477 53.01473
478 55.07997
479 57.57737
480 60.55109
481 63.26168
482 65.94992
483 68.61469
484 71.24812
485 74.47837
486 76.99301
487 79.72498
488 81.76216
489 84.07639
490 86.86852
491 89.8517
492 93.00571
493 96.30176
494 99.70605
495 102.7929
496 105.9108
497 109.4275
498 112.541
499 115.2428
500 118.2951
501 121.3012
502 124.6188
503 127.5047
504 129.9767
505 132.7361
506 135.0877
507 137.6961
508 140.2122
509 142.331
510 144.6495
511 146.5802
512 148.4123
513 150.1382
514 151.7503
515 153.4436
516 155.1444
517 156.3075
518 157.4567
519 158.2978
520 159.0627
521 159.6118
522 159.9127
523 160.0491
524 159.9882
525 159.6647
526 159.2255
527 158.5297
528 157.7564
529 156.6922
530 155.6114
531 154.3976
532 152.6512
533 150.9349
534 149.0739
535 147.0777
536 144.6837
537 142.7201
538 140.3713
539 137.9148
540 135.3538
541 132.6912
542 129.5769
543 126.7045
