0 0
1 0.197698556271362
2 1.97083960089889
3 0.371247800621049
4 0.634763278721441
5 0.885010749651748
6 1.41174117569726
7 1.88561073566127
8 2.62359160463491
9 3.3562678771635
10 4.06991272443129
11 4.90148540580082
12 5.43721335837915
13 6.09268411139389
14 6.92660722361759
15 7.60083453706047
16 8.22447064994516
17 8.90853324340384
18 9.62313066942483
19 10.2334383672046
20 10.9096930612622
21 11.5738683617486
22 12.1539838206993
23 12.7246956401802
24 13.2861564300887
25 13.9737274859147
26 14.5150501978045
27 15.0475305291378
28 15.6363087885347
29 16.2141394535207
30 16.6560388039362
31 17.2145973307316
32 17.7018121296348
33 18.1214397848462
34 18.5933060948103
35 19.0571333317096
36 19.5130056578144
37 19.9054630185773
38 20.3468680017456
39 20.7807917317751
40 21.2072001575659
41 21.626347565354
42 22.0384388147489
43 22.3931743045025
44 22.7907032847935
45 23.2327685275284
46 23.5707039230871
47 23.9035700114683
48 24.2313557256653
49 24.6451121539983
50 24.9553307320729
51 25.3115529656574
52 25.6171963565147
53 25.9602389643417
54 26.256417049138
55 26.5845141035004
56 26.8648373042386
57 27.1766973096978
58 27.4796748684429
59 27.7363725448214
60 28.0232295999834
61 28.2651388338407
62 28.5691629933551
63 28.8178374578478
64 29.0719462854971
65 29.2788965825192
66 29.4388888381829
67 29.4771730012796
68 28.0154844972928
69 26.6931029225094
70 25.429663687462
71 24.3697945425805
72 24.3961056187392
73 24.5500018265721
74 24.4957882158749
75 24.2137894006182
76 23.0009753975668
77 21.6335426395079
78 20.5416061511646
79 20.7539909844223
80 21.0448555458198
81 21.0598033099427
82 19.4360306052298
83 18.3555986677003
84 17.812496284191
85 18.2305615768515
86 18.7016739140371
87 19.1080128667705
88 19.530633247575
89 20.0760807307236
90 20.4937877429936
91 20.7676866542195
92 21.0588753732492
93 21.6552865744505
94 22.0941779053115
95 22.5376678553287
96 22.9754336827093
97 23.5203826188421
98 23.8967726774203
99 24.3180068055453
100 24.6773189024535
101 25.1186479234673
102 25.5619100644582
103 25.8949205686528
104 26.2660852609279
105 26.6621643340178
106 27.052372875341
107 27.4333747944333
108 27.8778051392441
109 28.2698870017832
110 28.6520419478145
111 28.9187773114347
112 29.3216157506417
113 29.6087146148038
114 29.8911557438189
115 30.1350624331484
116 30.4324266052458
117 30.7598308473185
118 31.0408923948866
119 31.2737614767519
120 31.568989053807
121 31.8261873793189
122 32.0457039926474
123 32.2904818543595
124 32.4994781824642
125 32.7639495089235
126 32.9944088351368
127 33.1930534852466
128 33.4158614111431
129 33.6071199804115
130 33.8186163707724
131 33.9950512271511
132 34.1604037922536
133 34.3187318038544
134 34.4241800209112
135 34.298161562908
136 34.1480932855177
137 31.9364281677298
138 29.7653154010862
139 27.6999727115318
140 25.838762872111
141 24.1558652915196
142 22.7352430720366
143 20.9984653262706
144 19.3534264338291
145 17.9157182677475
146 16.6597687694961
147 15.4751886837387
148 14.3874555825683
149 13.3713674090229
150 12.3927732457977
151 11.5947008112139
152 11.7771726152436
153 12.2911342588334
154 13.0177381269784
155 13.7020845841002
156 14.3062827795454
157 14.9527985074018
158 15.4901034765346
159 16.1063240942475
160 16.6275369526495
161 17.2008523560719
162 17.6666878531833
163 18.1927276196475
164 18.6976125566237
165 19.1280728202985
166 19.6234997288479
167 20.0793304418368
168 20.5251045296578
169 20.971672805315
170 21.3976255825157
171 21.817369466996
172 22.3334455618295
173 22.7396596970201
174 23.0877910511165
175 23.5191276094444
176 23.8758841429162
177 24.1644577976974
178 24.4368801678778
179 24.5405173137769
180 24.4272566563479
181 22.8507585482915
182 21.3166561380406
183 19.1098365021736
184 17.6783871361734
185 15.6595154557911
186 14.0910623852143
187 12.8702936495927
188 11.8456866832151
189 10.539912570763
190 10.9204047407227
191 11.7264806395985
192 12.5083111450519
193 13.3206428621348
194 14.1568601132264
195 14.9621076087621
196 15.630173172057
197 16.1693034431392
198 16.7529479081471
199 17.3635248166355
200 17.8097258909368
201 18.3047716668869
202 18.7822724141436
203 19.2468604921519
204 19.7000701345925
205 20.0885008071405
206 20.5236069862255
207 20.8965923289244
208 21.3101293414049
209 21.6672109657948
210 22.0635185443746
211 22.399499306776
212 22.7418182406137
213 23.0552163993806
214 23.3880663494993
215 23.7296997176969
216 24.0148416479604
217 24.2396811469951
218 23.7720818137991
219 22.2814316476324
220 20.5659185712187
221 18.8308636723918
222 16.8397247506363
223 15.6232042590136
224 14.4609001504812
225 13.3776584131377
226 13.0737081068646
227 13.4947212304241
228 14.1016436051212
229 14.7900983691266
230 15.449846604261
231 16.047682192549
232 16.707979103123
233 17.3436352247124
234 17.9875517930818
235 18.5318222813708
236 19.0500539342183
237 19.4937841053842
238 20.0199870027346
239 20.580726822406
240 21.1494036184736
241 21.5652800213383
242 21.959576665078
243 22.3512128976004
244 22.7314855003167
245 23.0448614095917
246 23.408266546716
247 23.760695113958
248 24.0608881971026
249 24.3952396405394
250 24.6833598299846
251 25.0053406288043
252 25.2129969841846
253 25.4766458105736
254 25.7693461903802
255 26.1173808393223
256 26.4502795394134
257 26.7638113503488
258 27.1236479652121
259 27.4355680471437
260 27.7901942482471
261 28.2275445829377
262 28.5678724658288
263 28.8601162227922
264 29.1852397992519
265 29.4555229549227
266 29.8034141661368
267 30.1359162827455
268 30.4245284105548
269 30.8699623458514
270 31.1374067493867
271 31.396645381184
272 31.6492596089803
273 31.9949887450577
274 32.4138247217923
275 32.6760047490859
276 32.9333802292128
277 33.1546231908822
278 33.3477119912503
279 33.5657123058031
280 33.7759939300535
281 34.0205732688646
282 34.2275582410473
283 34.4044392221353
284 34.6311457858485
285 34.8046657349492
286 35.0001971904114
287 35.190537916198
288 35.3567131523018
289 35.5429657641486
290 35.7469900001112
291 35.9469519582802
292 36.1419564690292
293 36.3109720884341
294 36.4553737544267
295 36.6165461883161
296 36.7540889142041
297 36.9030170129058
298 37.0333232708407
299 37.1727959843635
300 37.2785554787651
301 37.2684841162056
302 37.1728423711179
303 36.8352522698131
304 36.2710846493144
305 34.6349009544234
306 33.1964018249915
307 31.8554422222629
308 31.8680073643119
309 32.0452640173778
310 32.1519014492993
311 31.9870689217366
312 31.7220231719533
313 30.1417891913439
314 28.572504682116
315 26.8895479495323
316 25.2384698220935
317 24.3746551603933
318 24.5080833706091
319 24.7398872945636
320 24.7439610454942
321 24.5023486358131
322 24.1274669816852
323 23.7500227246659
324 22.1903497973307
325 20.7066607192811
326 20.1039713453756
327 20.403328759533
328 20.7221313831848
329 21.0031673285375
330 20.9291041788987
331 19.6753764645683
332 18.6023437178551
333 18.116957760843
334 18.5564674448285
335 18.9178809860762
336 19.3877070777708
337 19.8283273654913
338 20.3031191596628
339 20.6557435884002
340 21.1249084817603
341 21.5147862366229
342 22.0150058289902
343 22.4548098433964
344 22.9583073787264
345 23.395618268344
346 23.7754683213498
347 24.1975490571294
348 24.5584767351247
349 24.9511216579404
350 25.3966097470292
351 25.7792360115287
352 26.1051880645138
353 26.4592297709854
354 26.7664504564811
355 27.1083865943597
356 27.4039365729218
357 27.8473810138624
358 28.3171717392279
359 28.6273152456263
360 29.0375638753424
361 29.4739052907579
362 29.7942004730977
363 30.0049451241626
364 30.2826981531491
365 30.5789871015383
366 30.8471213955038
367 31.1244007547183
368 31.3833102119093
369 31.6766039763504
370 31.9617701899276
371 32.2084786606106
372 32.4487461750451
373 32.6851504101607
374 32.8882013289047
375 33.1166824129723
376 33.3130331333432
377 33.5334557954978
378 33.7207704860236
379 33.9001645571423
380 34.073663530625
381 34.2175727247422
382 34.3578408640473
383 34.4191469228261
384 34.308887054008
385 31.9217613616515
386 29.8183546645791
387 28.087426097959
388 26.1485135050287
389 24.7658492816664
390 21.689013337064
391 19.8758819931687
392 18.4320621464341
393 17.1993645595749
394 15.7221523354227
395 14.7343013938017
396 13.7910996288387
397 12.6994194915451
398 11.7479546538995
399 11.3490962146803
400 11.8246362369419
401 12.3970725642454
402 12.9340947034587
403 13.4990145869732
404 14.2235854852444
405 14.7794665323168
406 15.3979359343097
407 15.9080694595013
408 16.5063883021437
409 17.0129379532787
410 17.5789693839671
411 18.0998686366301
412 18.5566142824901
413 19.0563895212632
414 19.5106135278328
415 20.0301495386374
416 20.4809286072748
417 20.879103084283
418 21.3604224905608
419 21.7291061112432
420 22.143822799567
421 22.502275816967
422 22.9058450322198
423 23.2996015234089
424 23.6764680468195
425 24.0662371303599
426 24.2980644976617
427 24.5269519408013
428 24.6227316471147
429 24.4373736299355
430 22.8507959735693
431 20.5721367533517
432 18.712952347073
433 16.7480140156427
434 14.990588167142
435 13.523927703253
436 12.4631646773566
437 10.9810035104314
438 10.6847406456936
439 11.3697362080192
440 12.2126478425385
441 13.2267855296927
442 14.0785827872301
443 14.8977656017926
444 15.5681500098232
445 16.1070323783879
446 16.6886634398116
447 17.2309927347062
448 17.6796713317827
449 18.175489554577
450 18.5965409561079
451 19.0654751393495
452 19.5231567954988
453 19.9710830107285
454 20.3553313586991
455 20.7855966720416
456 21.1508548067464
457 21.56267815
458 21.9133946612003
459 22.3016115585341
460 22.6473347475788
461 23.0074876795559
462 23.3418437245889
463 23.6521247838319
464 23.8872317800981
465 24.1415405484171
466 23.9991158042094
467 22.1480917965762
468 20.6272954184615
469 19.2417660421204
470 18.0572940395887
471 16.4611760346589
472 15.1287058493381
473 14.1469811953604
474 13.6307732335494
475 14.0473049442714
476 14.4893904554088
477 14.7690781468336
478 14.9705119078713
479 15.2885020492892
480 15.6634085352523
481 16.2808726810773
482 16.9564943991074
483 17.5261850988258
484 18.0318292028058
485 18.5784455088682
486 19.0310222441077
487 19.5382219504701
488 20.0066606898341
489 20.5149235046781
490 21.0324404457909
491 21.4500228591879
492 21.8956917849153
493 22.2389945639015
494 22.6214885368995
495 22.9813830714096
496 23.3442583967053
497 23.6957326137469
498 23.9957601907691
499 24.3303233974237
500 24.619203616247
501 24.9630720072082
502 25.182681854386
503 25.421356654318
504 25.7670393203771
505 26.0715627335507
506 26.4259110864267
507 26.712738827025
508 27.0738657157812
509 27.4279944046937
510 27.7839970317004
511 28.1358076408535
512 28.4332460745371
513 28.7719036823492
514 29.0589798686821
515 29.4117520385275
516 29.7229571367665
517 29.9519863318158
518 30.242767791368
519 30.5304084085518
520 30.9374899289231
521 31.2348417317254
522 31.4919912344438
523 31.7726854662189
524 32.0867154949267
525 32.3564756033585
