0 0
1 0.000946993872146732
2 0.135387242602322
3 0.00487535416983686
4 0.0141234718069973
5 0.0273522353101167
6 0.0694224460744531
7 0.123900835941534
8 0.164906194454387
9 0.0662181306618694
10 -0.056238963801435
11 -0.237059809725084
12 -0.24717609421795
13 -0.24441858970855
14 -0.196137061641461
15 -0.124461099297116
16 -0.0635369844331038
17 0.00758582836407454
18 0.0697052749660246
19 0.137433151128438
20 0.178785625722184
21 0.218837417556277
22 0.246142678895111
23 0.268630380872067
24 0.288196577415701
25 0.334778033475969
26 0.348325538876512
27 0.350856470213636
28 0.35251745970094
29 0.352745683787229
30 0.354992802111991
31 0.364561181124309
32 0.385049930538726
33 0.40682084826036
34 0.435599423881964
35 0.469452916054247
36 0.507464049594001
37 0.543958862924648
38 0.584418860766624
39 0.631304477663364
40 0.677024546195814
41 0.723063340537329
42 0.775173085398361
43 0.817541898278524
44 0.884414207967677
45 0.928711993225718
46 0.958435477183134
47 0.990308047711199
48 1.02568041285984
49 1.07752699102385
50 1.17793215643466
51 1.23112352304597
52 1.27216644199888
53 1.33233976210782
54 1.37761703855702
55 1.46740043838629
56 1.56895467592106
57 1.70115491554872
58 1.85549047794913
59 1.99516980766794
60 2.19193897305874
61 2.34936553540221
62 2.58199785144848
63 2.83745302757599
64 3.04803569146991
65 3.23421002739188
66 3.50952811197627
67 3.73728274408064
68 3.52105002790284
69 3.42030051201512
70 3.24080789524062
71 3.14651074047916
72 3.3419902656815
73 3.58237078935248
74 3.79410699687057
75 3.91704735813702
76 3.70200554441766
77 3.4969988912241
78 3.4135054984012
79 3.78608169546432
80 4.01938266482181
81 4.11979671109269
82 3.62664724859175
83 3.30429230844069
84 3.19688407316797
85 3.36308600463564
86 3.5305624528534
87 3.68021213833702
88 3.78017940440741
89 3.8154630552349
90 3.84761492719558
91 3.8252724164582
92 3.82488340213204
93 3.78673389922914
94 3.68808175827787
95 3.56798211026404
96 3.43028808347833
97 3.21930391242826
98 3.03170552006813
99 2.83468962093398
100 2.65488671356631
101 2.47679501124881
102 2.23374531654619
103 2.03596417353837
104 1.86068936520332
105 1.68070805683971
106 1.52715407347542
107 1.35064756274883
108 1.24846711818339
109 1.19054132151935
110 1.15947795677816
111 1.09146606397155
112 1.08398532924576
113 1.09102806253375
114 1.09455698636664
115 1.09127086141222
116 1.1673084646405
117 1.08107621121206
118 0.950731918616833
119 0.928696830556417
120 0.740679992119891
121 0.533967479235016
122 0.365892339067315
123 0.194822397315668
124 0.14279244256218
125 0.0173494320070915
126 -0.0569190941053254
127 -0.0533301797863466
128 0.132725099609248
129 0.265384028349635
130 0.475845989998442
131 0.757764186543286
132 1.39748053323859
133 1.94303620420323
134 2.58287287361509
135 3.34243694800813
136 4.12049811945222
137 4.89740183971348
138 5.30065190336786
139 6.19071297782183
140 6.39259723196072
141 6.4794204188403
142 6.55115150484744
143 6.70958040013313
144 6.58112616930309
145 6.40469473978528
146 6.07755837564918
147 5.67226962431153
148 5.20898412404788
149 4.70003615247404
150 4.22614243194749
151 3.77316381623457
152 3.77681907647886
153 3.81744848946868
154 3.74937359833182
155 3.55239597365136
156 3.39162405150154
157 3.06535503912244
158 2.90006301926741
159 2.6262314159312
160 2.35942416802333
161 2.07520032667033
162 1.87857095509196
163 1.65789064103719
164 1.43789521795637
165 1.28611642700879
166 0.883020177795439
167 0.750093641911282
168 0.686605231752014
169 0.42116094321251
170 0.378764065431689
171 0.372580914952744
172 0.299768683106946
173 0.162678993555893
174 -0.023553328160105
175 -0.42218125792175
176 -0.890123766198098
177 -1.93606836971274
178 -2.75763981038053
179 -3.55752480137696
180 -4.4694415254674
181 -4.66356376266806
182 -4.76957326218679
183 -5.32249945268146
184 -5.40346843525447
185 -5.30262975634107
186 -4.90303989478952
187 -4.66605222223872
188 -4.20355384975029
189 -3.57713451473318
190 -3.81988609440067
191 -3.93172129952976
192 -3.79473401806343
193 -3.54499551025492
194 -3.14709251834187
195 -2.65285738511745
196 -2.1808085410745
197 -1.80743869838906
198 -1.40423335599524
199 -0.990653094896539
200 -0.735473001271125
201 -0.497673516560727
202 -0.233017705775304
203 -0.0344560233453136
204 0.148959344355312
205 0.291405617373713
206 0.446130613585149
207 0.587294173421119
208 0.79316458518229
209 0.950214111948271
210 1.13753091566656
211 1.33861677449197
212 1.75203727789599
213 2.0071759723631
214 2.30213608330893
215 2.73239941061997
216 3.25265943922207
217 3.92482353493569
218 5.12200813141674
219 5.19308168742509
220 5.179869753188
221 5.02427760687879
222 4.71344143483667
223 4.47532987757598
224 4.11906608254734
225 3.79889090998278
226 3.77441579322685
227 4.04221571054507
228 4.25665087026953
229 4.27176659895764
230 4.18841730486988
231 4.08774117306864
232 3.82538541014614
233 3.67879434161472
234 3.43984870555421
235 3.23788494135581
236 3.07518957094284
237 2.92918944471213
238 2.85114733514974
239 2.80652633310808
240 2.87354744700654
241 2.90036053125041
242 2.96475114766425
243 3.0301069437962
244 3.10027176984917
245 3.21185956336341
246 3.31020684981049
247 3.41163231054467
248 3.51207162888832
249 3.635257890553
250 3.72816782492957
251 3.77470916653024
252 3.80747643414639
253 3.83319710619617
254 3.8244960758994
255 3.7910014700859
256 3.78245610544967
257 3.70363425097789
258 3.57215766800069
259 3.42352646687094
260 3.25495604761467
261 3.01375210559774
262 2.79453604615109
263 2.61971327282567
264 2.41723213971083
265 2.26825904716143
266 2.07957932629439
267 1.89582701687367
268 1.74683950252416
269 1.63398829183461
270 1.57188663911983
271 1.51209361654322
272 1.51351772663882
273 1.45695192751157
274 1.4770716426163
275 1.50712092947462
276 1.54139942935411
277 1.59944252281695
278 1.6260924307383
279 1.6585140514264
280 1.71541872801953
281 1.68037870544649
282 1.6855813615561
283 1.72215694355299
284 1.73515838710346
285 1.74068017941286
286 1.74567548384106
287 1.76695282716524
288 1.76902148228361
289 1.77210923358133
290 1.79468846949976
291 1.82133582880272
292 1.85800750032891
293 1.90252920130438
294 1.95182220979524
295 2.01729393734557
296 2.0853929374093
297 2.20303616996511
298 2.29409224190384
299 2.40542117351277
300 2.52154335985928
301 2.72823812645684
302 2.8531967578764
303 2.9317230904807
304 3.00638798616504
305 2.89170203390903
306 2.81222404212166
307 2.76941223734025
308 2.9441605152369
309 3.15097614012046
310 3.37786161515204
311 3.63776564185344
312 3.77954666761155
313 3.58875413749772
314 3.48135183142956
315 3.26208126588211
316 3.10341384456475
317 3.02428710759295
318 3.15998027291064
319 3.35231653399136
320 3.48432834768865
321 3.57423240844967
322 3.67940007458844
323 3.76201875785043
324 3.52863859886123
325 3.25048492144381
326 3.21598215327111
327 3.43213120059132
328 3.74534202506526
329 3.96389051562908
330 4.04395601173319
331 3.67051599350499
332 3.36316308556263
333 3.29160174834312
334 3.53854317345559
335 3.67260373400562
336 3.79755215371114
337 3.82564529126844
338 3.87299871223307
339 3.85158590854025
340 3.82731727717052
341 3.78656178453118
342 3.65268111967397
343 3.54398548616409
344 3.36448947667088
345 3.17299456939272
346 2.99688763726857
347 2.79629437149382
348 2.61896119365964
349 2.46689853185854
350 2.23525739372366
351 2.01744531234013
352 1.86782186013177
353 1.71557739538797
354 1.60123723304299
355 1.47194807709833
356 1.36243168128989
357 1.25831684115529
358 1.20935113397315
359 1.12665945112676
360 1.10857229646777
361 1.11019156102818
362 1.10788246083447
363 1.100793968219
364 1.0812505739605
365 1.11657560903508
366 1.02288183828203
367 0.913961299637538
368 0.823012393874695
369 0.638346910187825
370 0.417252091646862
371 0.241063581174397
372 0.166648842135139
373 0.0442622725229846
374 -0.0346571050336014
375 -0.0497011622611492
376 0.115040168846464
377 0.24031467218557
378 0.406775253215965
379 0.639591765427702
380 1.28553907456369
381 1.65882960031216
382 2.31786692077158
383 3.01481963468812
384 3.89627184698907
385 4.45563678379402
386 4.89555873453305
387 5.16579840106823
388 5.87067986639028
389 5.24563031845204
390 5.93438799557099
391 6.31165111215995
392 6.14428083129562
393 5.91911293841963
394 5.53588223378205
395 5.14774335739331
396 4.71091245775658
397 4.18093405785373
398 3.66114208816332
399 3.47928518731607
400 3.64027844489152
401 3.6970459813284
402 3.67035767067123
403 3.62327713656733
404 3.40205911554731
405 3.24100298391532
406 3.04356542310115
407 2.88635674143026
408 2.65316450742869
409 2.40665487886072
410 2.17098475840749
411 1.91280187375378
412 1.73520368399152
413 1.49987736386906
414 1.13125342651588
415 0.89601071324149
416 0.802632286497573
417 0.522414534121064
418 0.420720973468241
419 0.417839620299574
420 0.371096644497597
421 0.296643818954466
422 0.138058004785892
423 -0.120700784557581
424 -0.494950970383949
425 -1.05857117709125
426 -2.07861447175627
427 -2.83035328289211
428 -3.58722434196717
429 -4.64870177291389
430 -4.83139392547287
431 -5.48882826682934
432 -5.60394354220684
433 -5.66380161703889
434 -5.37508237082926
435 -4.94937315279198
436 -4.57445855577191
437 -3.87264361228228
438 -3.79278279156389
439 -3.96995629643206
440 -3.88821623553052
441 -3.5855828220777
442 -3.13439956649794
443 -2.61861794751003
444 -2.12895281247172
445 -1.75347772891982
446 -1.35239621431719
447 -0.989183997606529
448 -0.785335245711025
449 -0.487035138710374
450 -0.321352718552367
451 -0.111009216397722
452 0.049733899887325
453 0.203593995957121
454 0.334820538535032
455 0.485699027597818
456 0.677780029062277
457 0.848416167951504
458 1.01379441622774
459 1.23389757376892
460 1.66436454057519
461 1.95029286920811
462 2.23930881525762
463 2.63126805464041
464 2.99383562600398
465 3.49393870177598
466 4.92737057137023
467 5.00728934290925
468 5.01884290185195
469 4.90344397797681
470 4.70115478805821
471 4.45263270972936
472 4.12517855076456
473 3.84508164194502
474 3.82447356554056
475 4.21230086089533
476 4.48553892926883
477 4.51828564380084
478 4.39613596514652
479 4.27432778335519
480 4.15821900610686
481 3.99235070673446
482 3.76321440374034
483 3.57299801444061
484 3.37128202048343
485 3.16595849023704
486 3.01203723099324
487 2.85796751584272
488 2.76912458967378
489 2.72437183113443
490 2.78927869379675
491 2.82144840809764
492 2.89605606417982
493 2.95542988040972
494 3.03608833636758
495 3.15695222394029
496 3.26540557075209
497 3.37483506095629
498 3.48346934267939
499 3.61046284780225
500 3.71068640926534
501 3.76450373447333
502 3.80550352405186
503 3.83989724055536
504 3.84654050632215
505 3.83318586279239
506 3.74709361858565
507 3.74162149669631
508 3.63615514052276
509 3.47434532797465
510 3.30060120700195
511 3.10871882841541
512 2.92770028414261
513 2.72348580891813
514 2.54800875894654
515 2.3580453269776
516 2.1663405860622
517 2.04802452328064
518 1.87068282888967
519 1.73677806582657
520 1.64122996479441
521 1.57670597525616
522 1.54761073216521
523 1.55439785967875
524 1.48927921183416
525 1.50329905552511
