0 0
1 -0.374531566539359
2 -0.374531566539359
3 -0.374531566539359
4 -0.374531566539359
5 -0.374531566539359
6 -0.374531566539359
7 -0.374531566539359
8 -0.201494848895248
9 0.00375988157857624
10 0.153721623678331
11 0.0835713036503173
12 0.0938457668506866
13 0.0652358972688344
14 0.0339804684148206
15 0.0181252665738768
16 0.0062681217948218
17 -0.00465734189787027
18 -0.0153293782847807
19 -0.0137075383843364
20 -0.017593043261381
21 -0.0178002849484324
22 -0.0182266892473917
23 -0.0181092091080298
24 -0.0175269514409613
25 -0.0191432647840983
26 -0.0173470915247152
27 -0.0165555181813617
28 -0.0152006031924221
29 -0.0142494408230163
30 -0.0137130589369094
31 -0.0131773557135234
32 -0.0134207035917271
33 -0.0134625349181951
34 -0.0137849232044924
35 -0.0141537502056259
36 -0.0146211387913586
37 -0.0150382267555142
38 -0.0156670629728787
39 -0.0159605293499996
40 -0.0165181057237354
41 -0.017175768758238
42 -0.0173801938374269
43 -0.0178331711801835
44 -0.018777492843675
45 -0.0185953549850253
46 -0.0187575775750092
47 -0.0188866112011928
48 -0.0190253815083405
49 -0.0193296521173089
50 -0.0210716934549268
51 -0.0206895561472672
52 -0.0211509935726479
53 -0.0215377338955632
54 -0.0216866469815203
55 -0.0228653907744046
56 -0.0238454420038658
57 -0.0254307559598349
58 -0.0271021449755556
59 -0.0292741471063937
60 -0.0305083026029269
61 -0.0328737680791298
62 -0.0345996755472321
63 -0.0377151054788649
64 -0.0391255027814342
65 -0.0410066720356655
66 -0.0452840029168467
67 -0.0461220108747188
68 -0.0486724879331447
69 -0.0523516937336588
70 -0.0539013533201571
71 -0.057640062723693
72 -0.0606076289611148
73 -0.0640795684215433
74 -0.0680559047900985
75 -0.0714689038291343
76 -0.0747844641190526
77 -0.0805533437010917
78 -0.0871486609020446
79 -0.0939431643422654
80 -0.0945590615827113
81 -0.0972900404427595
82 -0.10134802813348
83 -0.104976506635727
84 -0.105374898049388
85 -0.105707006787798
86 -0.104672416398026
87 -0.104677300726745
88 -0.101996354534579
89 -0.0966938205435575
90 -0.094709894266208
91 -0.0913669479900301
92 -0.0893522822346216
93 -0.0821562033527326
94 -0.0779586115103033
95 -0.0720786509417796
96 -0.0670425834413128
97 -0.0592022026549512
98 -0.0552441667190524
99 -0.0492275372810156
100 -0.0454446939112498
101 -0.0405070196750729
102 -0.03495345079176
103 -0.0316385337101638
104 -0.026225391304226
105 -0.0252324074573616
106 -0.0212663574041673
107 -0.0185325400490904
108 -0.0168524045696669
109 -0.0158007214629546
110 -0.0150727479893672
111 -0.0136987716984612
112 -0.0136643530110223
113 -0.0133998577787998
114 -0.0132330153369627
115 -0.0129371592088375
116 -0.014034757741793
117 -0.0115796581160343
118 -0.0102748601021678
119 -0.0103214649794003
120 -0.00694821979582025
121 -0.00511696814469787
122 -0.00324982474870549
123 -0.0014223682383536
124 -0.00149210505000844
125 0.000480413478915123
126 0.000611809330695417
127 0.000483145788838254
128 -0.00217586213275901
129 -0.00274081858412793
130 -0.00540606098503369
131 -0.00797429105826142
132 -0.0154804175497353
133 -0.019036381667654
134 -0.0257489953584838
135 -0.0328956086852397
136 -0.0401307984468517
137 -0.0559379702773087
138 -0.0658344997623602
139 -0.090694287157218
140 -0.0996155947803773
141 -0.116109063956843
142 -0.128974485171711
143 -0.154957359293853
144 -0.17230737656989
145 -0.193618168291482
146 -0.208631575674902
147 -0.225590534300911
148 -0.23911057632162
149 -0.251184741564277
150 -0.265414993492765
151 -0.270785838252495
152 -0.25782137335436
153 -0.238768040996287
154 -0.207759268488732
155 -0.180938059275988
156 -0.149167355294819
157 -0.137813342764192
158 -0.119957346040698
159 -0.0998424461114843
160 -0.0858204607098131
161 -0.0694228292068327
162 -0.0620350625548323
163 -0.0498110789617452
164 -0.0416483891738301
165 -0.0320962147010809
166 -0.0212448037839179
167 -0.019644023443143
168 -0.0159080891024937
169 -0.00765557239437997
170 -0.00964425753376425
171 -0.00793104840564858
172 -0.00582918990997018
173 -0.00221706546985541
174 0.00362116840666009
175 0.0106118873706625
176 0.0200805125023648
177 0.0435024197154521
178 0.0523069055905804
179 0.0676398640470642
180 0.0833483491235281
181 0.0966945914346443
182 0.112628036228663
183 0.159611336994671
184 0.172388838787083
185 0.220917123720689
186 0.261054968256702
187 0.263511768504451
188 0.290212641347809
189 0.31257184023779
190 0.296354954599089
191 0.260845938114386
192 0.224600032602457
193 0.18733193310032
194 0.147793142622453
195 0.112201813436446
196 0.0860581254695729
197 0.0679679497708214
198 0.0468984620838763
199 0.0299135639828178
200 0.0227591350463033
201 0.00925983001784537
202 0.00613608165479644
203 -0.00153995832151107
204 -0.00547749469576536
205 -0.00901908100928103
206 -0.0127330118082827
207 -0.0155235431286441
208 -0.0206417574943309
209 -0.0225798174291782
210 -0.0266563325374176
211 -0.0299503256840161
212 -0.0398010149099891
213 -0.0410608569462565
214 -0.0472220487472131
215 -0.054161814511353
216 -0.0627554888122132
217 -0.074030082967687
218 -0.102448704953766
219 -0.108485657127105
220 -0.130554208534686
221 -0.146703705860502
222 -0.173132557483472
223 -0.184415666141048
224 -0.204442707207665
225 -0.211899306378461
226 -0.219715956337894
227 -0.219037046016128
228 -0.203833300272221
229 -0.186527935358532
230 -0.168898843405052
231 -0.146572955151842
232 -0.136440673937481
233 -0.120664397096809
234 -0.105509019724638
235 -0.0953436999316975
236 -0.0861471030180709
237 -0.0791548265418397
238 -0.0735304150329462
239 -0.0688007250306997
240 -0.0679511149645773
241 -0.0654392341492858
242 -0.0652584982670575
243 -0.0639297602644441
244 -0.0636106861122164
245 -0.0644341462699215
246 -0.0638550281885169
247 -0.0640970489005017
248 -0.0643912313422769
249 -0.0646845649641918
250 -0.0647860589471638
251 -0.063304791747252
252 -0.0632805897344696
253 -0.061989633292979
254 -0.0603806917101068
255 -0.0580933396440603
256 -0.0568939109160339
257 -0.0538816932229543
258 -0.0505435306794176
259 -0.0474652763221084
260 -0.0438237419001118
261 -0.0388913644563576
262 -0.0357174365330295
263 -0.0328931361093505
264 -0.0294243699295255
265 -0.0275900291311929
266 -0.0241412934024665
267 -0.0217907092076971
268 -0.0197403906074402
269 -0.0179820904000574
270 -0.0164760724940594
271 -0.0166909047633783
272 -0.0162123993001606
273 -0.0150329689972182
274 -0.0153376452853434
275 -0.0154283699917942
276 -0.0153861316229804
277 -0.0159533881254495
278 -0.0160681859363885
279 -0.0158866933325187
280 -0.0164857069983388
281 -0.0153512005485483
282 -0.0157042618761164
283 -0.0157881962037355
284 -0.015614189957452
285 -0.0155415848411995
286 -0.015384558866413
287 -0.0154911191940016
288 -0.0152484033312252
289 -0.015169401230595
290 -0.0152354142255963
291 -0.0152830606551886
292 -0.0154665838780917
293 -0.0157057689870415
294 -0.0159997234682411
295 -0.0164310490634405
296 -0.0168458227086046
297 -0.0178268790953748
298 -0.0182213030601757
299 -0.0191154572498283
300 -0.0198510693692551
301 -0.0218807526571233
302 -0.0224786657378407
303 -0.0240099171230886
304 -0.0249388340691009
305 -0.0264924395904177
306 -0.0279833344781691
307 -0.0300731508741605
308 -0.0317156614103891
309 -0.034373597392998
310 -0.035358994136625
311 -0.0393628252357145
312 -0.040503894644385
313 -0.0430363299948031
314 -0.0467452254710296
315 -0.0488583931827311
316 -0.053511010548747
317 -0.0546494244874208
318 -0.0566821379680762
319 -0.0589452611040258
320 -0.0610714965336119
321 -0.0640194244100942
322 -0.0681380953326217
323 -0.0713809521228558
324 -0.0775473688903832
325 -0.0810966426832557
326 -0.0850998413724453
327 -0.0891875434647981
328 -0.0919993842549031
329 -0.0942684942009775
330 -0.097802427484562
331 -0.0992589942382062
332 -0.102561743113951
333 -0.105671373132576
334 -0.107363604841578
335 -0.106070285321279
336 -0.104124284454626
337 -0.0995390697130878
338 -0.0967518249448017
339 -0.0926802240474027
340 -0.0879858934056287
341 -0.0821113760827408
342 -0.0777366113777519
343 -0.0722758606381047
344 -0.0652282026382756
345 -0.0597787782310072
346 -0.054864688550749
347 -0.0491532836639204
348 -0.0452217911654017
349 -0.0412070309186801
350 -0.035355347358378
351 -0.0314334609641404
352 -0.0267284515539512
353 -0.0263663717543141
354 -0.0229069165902993
355 -0.0210752208263373
356 -0.0180318826806357
357 -0.0173634802359085
358 -0.0158450567086804
359 -0.0144423993849708
360 -0.0141681640659847
361 -0.0137083827255482
362 -0.0134520055376575
363 -0.0131688387782252
364 -0.012602548247748
365 -0.0131275290914455
366 -0.0109354677133999
367 -0.00880233862797326
368 -0.00920585518782457
369 -0.00576470502341959
370 -0.00377559953236803
371 -0.00190143799736174
372 -0.0016291007606991
373 0.000137284405232334
374 0.000453227934510968
375 0.000511937727729857
376 -0.00194274179272554
377 -0.0025109309664293
378 -0.00457169960431434
379 -0.00780518709926365
380 -0.0141036843616048
381 -0.0191040413889147
382 -0.0222656975718864
383 -0.0299439730339502
384 -0.0381333489677897
385 -0.0505045501675123
386 -0.0615676828594784
387 -0.071623747879732
388 -0.0956867480833167
389 -0.0843553308464745
390 -0.144981495759715
391 -0.158541134093592
392 -0.179092832685044
393 -0.203661909022212
394 -0.213881319427147
395 -0.227963770317588
396 -0.244642897805757
397 -0.249628936447956
398 -0.260407917767836
399 -0.263433894218467
400 -0.247734739501237
401 -0.22914204793347
402 -0.210510644787093
403 -0.18336061593577
404 -0.164315065247117
405 -0.146143073487777
406 -0.126579169169829
407 -0.115339032004898
408 -0.0961957189779142
409 -0.0841711322080968
410 -0.0643947316001416
411 -0.061653163091586
412 -0.0490830270717088
413 -0.0422660005790748
414 -0.023737606622804
415 -0.0244310959181677
416 -0.0189152736668554
417 -0.00732489624492349
418 -0.0113497964288933
419 -0.00874353535284366
420 -0.00795774376406365
421 -0.00556943998485008
422 -0.0015088751465161
423 0.00436918159822867
424 0.01218443938936
425 0.023601018202678
426 0.0449973764456719
427 0.0529065885757816
428 0.0713591672998417
429 0.0856988387703505
430 0.0999667556736644
431 0.14361056012955
432 0.162499297312855
433 0.205672021496233
434 0.232231988942572
435 0.260744202307384
436 0.279607521871952
437 0.311990168275236
438 0.311161014192595
439 0.279041594723776
440 0.238178925095533
441 0.187555600082059
442 0.149329471304905
443 0.110761210200194
444 0.0846342106543038
445 0.0662858389691836
446 0.0453986220564593
447 0.031397023446909
448 0.0181947488388862
449 0.0149094748682722
450 0.00605860617546506
451 0.00195345783446681
452 -0.00309472282245088
453 -0.00676349389237922
454 -0.00977662741446829
455 -0.0134122647956407
456 -0.0179432740539492
457 -0.0207017931315987
458 -0.0239555751481094
459 -0.0282888478771915
460 -0.0383594880206373
461 -0.0403266261688138
462 -0.0470160084698772
463 -0.0519676336732526
464 -0.0603067384917209
465 -0.0650906340795457
466 -0.0997128571142608
467 -0.106583347772309
468 -0.12562722195174
469 -0.136842125264963
470 -0.153599912158772
471 -0.168532751804827
472 -0.184366862043697
473 -0.194330882524414
474 -0.207919232736588
475 -0.208672942269814
476 -0.206595727025731
477 -0.199041478419832
478 -0.189208048625791
479 -0.177082381831198
480 -0.165475350021168
481 -0.145830434896478
482 -0.128231935556913
483 -0.116229076086301
484 -0.10391105395094
485 -0.0923932769490003
486 -0.0852821617946911
487 -0.0762545243481899
488 -0.0720152967782713
489 -0.0672464394631609
490 -0.0669382064382622
491 -0.0643760984425523
492 -0.0641648677447389
493 -0.063218637938678
494 -0.0625008267500048
495 -0.0639279162865066
496 -0.0633777457502318
497 -0.0638584763667593
498 -0.0641525418692251
499 -0.0646768164242308
500 -0.0647043732289073
501 -0.0634121193703997
502 -0.0634007649321277
503 -0.0624739646495953
504 -0.0606541512922679
505 -0.0582941771221567
506 -0.0561872661428548
507 -0.0553392378600577
508 -0.0514294446047402
509 -0.0481013582911855
510 -0.04445087198366
511 -0.0408365206790564
512 -0.0378477654739235
513 -0.034118226123335
514 -0.0316623158417993
515 -0.0282533977315302
516 -0.0255831400837024
517 -0.0228771197441074
518 -0.0217411202682624
519 -0.0193806911651125
520 -0.0181620556567484
521 -0.0171777029089587
522 -0.0167694396302325
523 -0.0166370539752161
524 -0.0151971039190175
525 -0.0150245520713752
