0 0
1 1.0
2 1.0
3 1.0
4 1.0
5 1.0
6 1.0
7 1.0
8 1.0
9 1.0
10 1.0
11 1.0
12 1.0
13 1.0
14 1.0
15 1.0
16 1.0
17 1.0
18 1.0
19 1.0
20 1.0
21 1.0
22 1.0
23 1.0
24 1.0
25 1.0
26 1.0
27 1.0
28 1.0
29 1.0
30 1.0
31 1.0
32 1.0
33 1.0
34 1.0
35 1.0
36 1.0
37 1.0
38 1.0
39 1.0
40 1.0
41 1.0
42 1.0
43 1.0
44 1.0
45 1.0
46 1.0
47 1.0
48 1.0
49 1.0
50 1.0
51 1.0
52 1.0
53 1.0
54 1.0
55 1.0
56 1.0
57 1.0
58 1.0
59 1.0
60 1.0
61 1.0
62 1.0
63 1.0
64 1.0
65 0.7557988652736
66 -0.042912739930211
67 -0.697003165181487
68 -0.110311609125646
69 0.296071953505844
70 0.644431009606648
71 0.846706658653061
72 0.572977163430827
73 0.230970668249387
74 -0.320614660228842
75 -0.541894131116384
76 0.107129558654016
77 0.7756762101027
78 0.965262563484709
79 0.563163359575748
80 -0.0806011441991951
81 -0.389682293018644
82 0.550553891751941
83 1.0
84 1.0
85 1.0
86 1.0
87 1.0
88 1.0
89 0.773960391662534
90 0.881887905072985
91 1.0
92 1.0
93 1.0
94 1.0
95 1.0
96 1.0
97 1.0
98 1.0
99 1.0
100 1.0
101 1.0
102 1.0
103 1.0
104 1.0
105 1.0
106 1.0
107 1.0
108 1.0
109 1.0
110 1.0
111 1.0
112 1.0
113 1.0
114 1.0
115 1.0
116 1.0
117 1.0
118 1.0
119 1.0
120 1.0
121 1.0
122 1.0
123 1.0
124 1.0
125 1.0
126 1.0
127 1.0
128 1.0
129 1.0
130 1.0
131 1.0
132 1.0
133 1.0
134 0.566041077354241
135 -0.640831263411705
136 -1.0
137 -1.0
138 -1.0
139 -1.0
140 -1.0
141 -1.0
142 -1.0
143 -1.0
144 -1.0
145 -1.0
146 -1.0
147 -1.0
148 -1.0
149 -0.747991192490425
150 0.925261059253434
151 1.0
152 1.0
153 1.0
154 1.0
155 1.0
156 1.0
157 1.0
158 1.0
159 1.0
160 1.0
161 1.0
162 1.0
163 1.0
164 1.0
165 1.0
166 1.0
167 1.0
168 1.0
169 1.0
170 1.0
171 1.0
172 1.0
173 1.0
174 1.0
175 1.0
176 1.0
177 1.0
178 0.801336655843097
179 -0.974196343111493
180 -1.0
181 -1.0
182 -1.0
183 -1.0
184 -1.0
185 -1.0
186 -1.0
187 -0.352075224467952
188 0.927193071666679
189 1.0
190 1.0
191 1.0
192 1.0
193 1.0
194 1.0
195 1.0
196 1.0
197 1.0
198 1.0
199 1.0
200 1.0
201 1.0
202 1.0
203 1.0
204 1.0
205 1.0
206 1.0
207 1.0
208 1.0
209 1.0
210 1.0
211 1.0
212 1.0
213 1.0
214 1.0
215 1.0
216 0.589788649741424
217 -0.438260254830313
218 -1.0
219 -1.0
220 -1.0
221 -1.0
222 -1.0
223 -0.50000725544811
224 0.447197798440609
225 1.0
226 1.0
227 1.0
228 1.0
229 0.91653270291634
230 0.999999987045928
231 1.0
232 1.0
233 1.0
234 1.0
235 1.0
236 1.0
237 1.0
238 1.0
239 1.0
240 1.0
241 1.0
242 1.0
243 1.0
244 1.0
245 1.0
246 1.0
247 1.0
248 0.999999999671437
249 0.965805334791813
250 0.818773878551594
251 0.856527537574106
252 0.930441741180614
253 0.999999998111952
254 1.0
255 1.0
256 1.0
257 1.0
258 1.0
259 1.0
260 1.0
261 1.0
262 1.0
263 1.0
264 1.0
265 1.0
266 1.0
267 1.0
268 1.0
269 1.0
270 1.0
271 1.0
272 1.0
273 1.0
274 1.0
275 1.0
276 1.0
277 1.0
278 1.0
279 1.0
280 1.0
281 1.0
282 1.0
283 1.0
284 1.0
285 1.0
286 1.0
287 1.0
288 1.0
289 1.0
290 1.0
291 1.0
292 1.0
293 1.0
294 1.0
295 1.0
296 1.0
297 1.0
298 0.986637177612806
299 0.82777517898204
300 0.694072771431204
301 0.281372506916611
302 0.0276266892065976
303 -0.160097245097849
304 -0.135416568068091
305 0.445330114721069
306 0.785505915997202
307 1.0
308 0.87549156572861
309 0.588154725426717
310 0.400056198301004
311 -0.493797636316171
312 -0.876657704439115
313 -0.330482302796535
314 -0.267264548514392
315 0.293798860874473
316 0.80822690954656
317 0.923668471304092
318 0.602023962947984
319 0.260289251747812
320 0.108593844616954
321 0.0857021734748103
322 -0.276100450449602
323 -0.269170764228179
324 0.551227600007989
325 1.0
326 1.0
327 0.94268487136568
328 0.433091393955984
329 -0.0833968043182875
330 -0.38278472638041
331 0.511542076679547
332 1.0
333 1.0
334 1.0
335 1.0
336 1.0
337 0.815624042380899
338 0.922075870906727
339 1.0
340 1.0
341 1.0
342 1.0
343 1.0
344 1.0
345 1.0
346 1.0
347 1.0
348 1.0
349 1.0
350 1.0
351 1.0
352 1.0
353 1.0
354 1.0
355 1.0
356 1.0
357 1.0
358 1.0
359 1.0
360 1.0
361 1.0
362 1.0
363 1.0
364 1.0
365 1.0
366 1.0
367 1.0
368 1.0
369 1.0
370 1.0
371 1.0
372 1.0
373 1.0
374 1.0
375 1.0
376 1.0
377 1.0
378 1.0
379 1.0
380 1.0
381 1.0
382 0.999999984852919
383 -0.137294267060629
384 -1.0
385 -1.0
386 -1.0
387 -1.0
388 -1.0
389 -1.0
390 -1.0
391 -1.0
392 -1.0
393 -1.0
394 -1.0
395 -1.0
396 -1.0
397 0.107818746303632
398 1.0
399 1.0
400 1.0
401 1.0
402 1.0
403 1.0
404 1.0
405 1.0
406 1.0
407 1.0
408 1.0
409 1.0
410 1.0
411 1.0
412 1.0
413 1.0
414 1.0
415 1.0
416 1.0
417 1.0
418 1.0
419 1.0
420 1.0
421 1.0
422 1.0
423 1.0
424 1.0
425 1.0
426 1.0
427 0.700073912854429
428 -1.0
429 -1.0
430 -1.0
431 -1.0
432 -1.0
433 -1.0
434 -1.0
435 -1.0
436 0.0164587720335578
437 1.0
438 1.0
439 1.0
440 1.0
441 1.0
442 1.0
443 1.0
444 1.0
445 1.0
446 1.0
447 1.0
448 1.0
449 1.0
450 1.0
451 1.0
452 1.0
453 1.0
454 1.0
455 1.0
456 1.0
457 1.0
458 1.0
459 1.0
460 1.0
461 1.0
462 1.0
463 1.0
464 0.921630700612684
465 -1.0
466 -1.0
467 -1.0
468 -1.0
469 -1.0
470 -1.0
471 -0.919040459898891
472 0.269180403249207
473 1.0
474 1.0
475 0.657516575454189
476 0.487992223810446
477 0.631087510857958
478 0.724579538043786
479 0.925477262981411
480 1.0
481 1.0
482 1.0
483 1.0
484 1.0
485 1.0
486 1.0
487 1.0
488 1.0
489 1.0
490 1.0
491 1.0
492 1.0
493 1.0
494 1.0
495 1.0
496 1.0
497 1.0
498 1.0
499 1.0
500 0.87885663087966
501 0.913667841565348
502 0.954857821962786
503 1.0
504 1.0
505 1.0
506 1.0
507 1.0
508 1.0
509 1.0
510 1.0
511 1.0
512 1.0
513 1.0
514 1.0
515 1.0
516 1.0
517 1.0
518 1.0
519 1.0
520 1.0
521 1.0
522 1.0
523 1.0
524 1.0
525 1.0
