0 0
1 1.99829924916821
2 1.99829924916821
3 1.97689354754813
4 1.83153293095962
5 1.63490099127754
6 1.1900331000029
7 0.745297762361839
8 -0.048666859824225
9 -0.985385062451495
10 -1.7517739471335
11 -2.01625844653981
12 -1.61701647734878
13 -1.14642268182659
14 -0.496676486196879
15 0.00977531487533766
16 0.360773441964964
17 0.695196686270134
18 0.943980187506204
19 1.10267681832066
20 1.18879862958174
21 1.2345853361641
22 1.24950465847791
23 1.24633306122956
24 1.23210864504768
25 1.22275910121793
26 1.18646249790204
27 1.13972897022713
28 1.08483376924092
29 1.0350212250583
30 1.00434348525351
31 0.980190317283919
32 1.00056886172546
33 1.00904980341538
34 1.02754441722009
35 1.05355022877747
36 1.08582597956732
37 1.11781595727905
38 1.15039259703248
39 1.18916103937863
40 1.2279925286565
41 1.2672993765929
42 1.3074440326993
43 1.34084352331554
44 1.39283960528388
45 1.40371010294221
46 1.40812318833567
47 1.4128636110347
48 1.42024139662529
49 1.43691120289341
50 1.5393289691259
51 1.54067969652988
52 1.54249951777177
53 1.551895052392
54 1.54304538918191
55 1.59325790375321
56 1.66177747119522
57 1.76651999929703
58 1.89442378106981
59 2.02829825498336
60 2.20238606294947
61 2.36563705141423
62 2.58892743760138
63 2.69021377781148
64 2.83208944938791
65 2.96932737307759
66 3.07515036621303
67 3.22045488085234
68 3.38395269575321
69 3.62116304848854
70 3.80634046594392
71 4.09952862705155
72 4.4024287797132
73 4.7305135194204
74 4.88483054690807
75 5.27196571009277
76 5.63583315765485
77 5.97481902322471
78 6.63723679018017
79 7.03687780279415
80 7.38514081388017
81 7.68238533915117
82 7.85985257199076
83 8.07874931277029
84 8.30048397222421
85 8.40598429492057
86 8.43314641582913
87 8.39592491836376
88 8.28622345875556
89 8.04382969824992
90 7.83938797094096
91 7.61034955440272
92 7.37277503837893
93 6.94911407055659
94 6.5783772981237
95 6.17852025974753
96 5.73704852272589
97 5.19555068585912
98 4.80780622800549
99 4.37624856869245
100 4.03071141767804
101 3.65079510827129
102 3.19907426441602
103 2.85978591242576
104 2.51000054640298
105 2.24553395446767
106 1.95150315389248
107 1.63069103899471
108 1.44558695164349
109 1.3393207066577
110 1.28329719562102
111 1.16514565781402
112 1.16185585769604
113 1.18341256189017
114 1.21579726480749
115 1.24397203104262
116 1.46531813005705
117 1.38282623794496
118 1.26616643599101
119 1.34880550925823
120 1.09640909095558
121 0.823187390949835
122 0.566240794009779
123 0.274989493011744
124 0.176051433792852
125 -0.159200971434611
126 -0.423907290424611
127 -0.608021496445474
128 -0.549281056713802
129 -0.658791210359183
130 -0.71080909200036
131 -0.674099458561541
132 -0.440079476807931
133 -0.359492607745483
134 -0.119927728618803
135 0.347299692258781
136 0.959713372653549
137 1.68094126966384
138 3.05947835482321
139 3.63404021714565
140 6.08853656365073
141 8.91784953503282
142 11.6068771098539
143 15.6878326652534
144 19.6531815121922
145 24.2871176466651
146 25.9527566013385
147 26.2472735508535
148 27.3179879153414
149 25.7611224810525
150 23.6204852152402
151 21.9105401392183
152 19.896197645029
153 17.9362577976812
154 15.4318463967284
155 13.3062352430416
156 11.6270908316335
157 9.95024316480054
158 8.62125015283591
159 7.33572939843914
160 6.32419841451603
161 5.31624094084525
162 4.70424103168629
163 3.98636186386531
164 3.37097112314166
165 2.90329101044179
166 2.20308650362291
167 1.92060740710533
168 1.73909689970441
169 1.33723629424185
170 1.32354614028557
171 1.3385124498161
172 1.30624376517385
173 1.17485490071612
174 0.949284587875596
175 0.472324208993095
176 -0.147023792317023
177 -0.878655653044193
178 -2.03197766785949
179 -3.46537115870512
180 -5.30083473977786
181 -7.43981024148526
182 -9.6974043122585
183 -16.9810279500881
184 -21.2142308799186
185 -33.1338231054818
186 -36.0120316529124
187 -34.6352269460196
188 -32.0490028843328
189 -27.7981295013304
190 -23.32917088191
191 -19.1453106812235
192 -15.8737448427176
193 -12.8291395327539
194 -10.2258572099853
195 -7.94637123795069
196 -6.21399901151726
197 -4.80528183466575
198 -3.5878037183782
199 -2.48050186089483
200 -1.85192913653296
201 -1.21652699912651
202 -0.69511708178465
203 -0.253792402398122
204 0.0877062852860271
205 0.342964850464163
206 0.600751205769678
207 0.814591294003902
208 1.03048877303783
209 1.2232424553895
210 1.46692427673435
211 1.71773634784248
212 2.05830609115516
213 2.32857375566982
214 2.71391070357635
215 3.28922147821016
216 4.04167970504166
217 5.09592214989701
218 6.70700355326499
219 8.73315576447106
220 11.4877122015238
221 14.3547022785057
222 17.5211523315315
223 18.7773408826105
224 19.352617329229
225 20.7040669597697
226 20.1792971465956
227 19.1044164761891
228 17.4128901690166
229 15.5197968357732
230 13.7974511919282
231 12.123009498343
232 10.7011123745329
233 9.39053533816804
234 8.32575788651795
235 7.52873655780104
236 6.87405922123853
237 6.50002042235138
238 6.07237923350096
239 5.7226908713114
240 5.37161863138966
241 5.23441479730287
242 5.11732371594611
243 5.06872952364114
244 5.04821625453712
245 5.01167370048907
246 5.02682569086988
247 5.05627061249832
248 5.11123099345567
249 5.19254004958952
250 5.24539574799381
251 5.32493577999163
252 5.36010281050138
253 5.3682041147591
254 5.33451313895324
255 5.24700727085188
256 5.06527499595864
257 4.89336322764235
258 4.65464869013329
259 4.43589367802159
260 4.16007820816017
261 3.78395100658186
262 3.47501336359445
263 3.19531171572608
264 2.89615234370593
265 2.64734463805324
266 2.34596931929664
267 2.0706944660018
268 1.86742963154053
269 1.59355347600568
270 1.43559938464729
271 1.31138646702234
272 1.23150660001635
273 1.27471069768701
274 1.28063663802625
275 1.32568559079356
276 1.38564624037353
277 1.4098429958728
278 1.44598750480581
279 1.48353159406706
280 1.55554832153448
281 1.47371522675062
282 1.476533832734
283 1.51481536369784
284 1.52018935857452
285 1.52068439720893
286 1.51720502075129
287 1.52699073205788
288 1.49587658489758
289 1.45711893293855
290 1.44349229560124
291 1.42549553248944
292 1.41640737697618
293 1.41414820978726
294 1.42498510428171
295 1.44930432958897
296 1.48332848483338
297 1.53550775361625
298 1.55489009872572
299 1.5899684480585
300 1.6348099367004
301 1.76597138444948
302 1.80010329902905
303 1.84642319583183
304 1.90175860415044
305 2.00681806433676
306 2.13497235703375
307 2.30337912335213
308 2.471688002331
309 2.66735712472235
310 2.8690778603149
311 2.99164725729685
312 3.12694988566611
313 3.28134745084936
314 3.37579998838417
315 3.53410104047734
316 3.77615255226372
317 3.93195611985801
318 4.087981378639
319 4.28758851421276
320 4.49163951210696
321 4.75817323177147
322 4.92309150933932
323 5.29870527817085
324 5.68737550670883
325 6.13913636151712
326 6.53374180301258
327 6.85357930905872
328 7.06512403786132
329 7.41351141352341
330 7.64243632325048
331 7.89442754418617
332 8.11722422538021
333 8.37891625744553
334 8.5264695948957
335 8.53463701443155
336 8.439651367531
337 8.24568893834005
338 8.01156677565921
339 7.72487706272616
340 7.32167406659516
341 7.00392908437612
342 6.55281505872156
343 6.13122852432199
344 5.6266095278599
345 5.17464960182193
346 4.78417473657553
347 4.35009262108085
348 4.00269823752493
349 3.67427505497421
350 3.22873759742291
351 2.8465546014735
352 2.54440589691752
353 2.32666856510514
354 2.09723396970898
355 1.87652643461346
356 1.6394638328857
357 1.47441646448711
358 1.37073727796881
359 1.23933214501745
360 1.20830980554118
361 1.22142191501218
362 1.24726613057298
363 1.26433409667716
364 1.28190194854203
365 1.44218156976118
366 1.34989418390463
367 1.22407274070655
368 1.24081327053022
369 0.966270924390745
370 0.648498105342423
371 0.354498016239794
372 0.213884997689435
373 -0.0933292962912214
374 -0.338229311262329
375 -0.567587585285909
376 -0.49806785521313
377 -0.644058272891946
378 -0.709498305760444
379 -0.701224484133326
380 -0.454488147424625
381 -0.427768501738802
382 -0.262490870122288
383 0.0804459896841285
384 0.721279325741583
385 1.32529194228921
386 2.61161054683704
387 3.94919046365573
388 4.71090357268958
389 7.44816894760799
390 12.2217913061694
391 17.1252158830216
392 20.6121439717016
393 24.9737908656531
394 26.6825805851154
395 26.5661405919429
396 27.5650414714198
397 25.716645410504
398 23.8507160220755
399 21.7573099093541
400 19.9921624596606
401 17.8372046645694
402 16.0017953842642
403 14.2954599550011
404 12.2547198684971
405 10.8861272779016
406 9.52427615786629
407 8.33606888932453
408 7.18932008814824
409 6.26695854220839
410 5.32540643573298
411 4.63977960354989
412 4.02851003867767
413 3.41602955441255
414 2.65344823407248
415 2.21837769058056
416 1.95934068516346
417 1.472966306829
418 1.39383479687084
419 1.38787743688955
420 1.3773271192761
421 1.32115181451592
422 1.16269801339805
423 0.864918154670169
424 0.398179810055339
425 -0.355525919763848
426 -1.03150285909382
427 -2.08972164676167
428 -3.51800035916298
429 -5.61899664500941
430 -7.80099241774069
431 -13.374732186892
432 -18.8963308322672
433 -30.4940921269062
434 -35.882109331662
435 -35.1258378181518
436 -33.2846363524246
437 -28.6513456843678
438 -24.7009148026349
439 -20.7507897251257
440 -16.9342453030396
441 -13.0201148014618
442 -10.2577865785876
443 -7.88670919713282
444 -6.11789651833027
445 -4.70207457773217
446 -3.49252410859709
447 -2.52517353386681
448 -1.91235173953782
449 -1.28495774668916
450 -0.859530233337079
451 -0.431802536074577
452 -0.104048029482547
453 0.176152647610395
454 0.398499434519775
455 0.640095457011222
456 0.84294193562148
457 1.06408715090567
458 1.27972001827369
459 1.56596528620204
460 1.93970696058582
461 2.25106090119007
462 2.63771496275938
463 3.14191339533106
464 3.68902252998588
465 4.54742726938116
466 6.04656255977906
467 8.46968271042194
468 10.8557354046497
469 13.1549144298461
470 14.9577889637676
471 17.3939675799168
472 18.5427781300978
473 18.9424897650669
474 20.2384523231329
475 19.7046800824887
476 18.4760902205835
477 17.0248435367983
478 15.7017492924876
479 14.3327722434234
480 12.9146495594296
481 11.5108899833316
482 10.1488722572273
483 8.95236117720384
484 8.1126272786579
485 7.31031244240785
486 6.74181115656927
487 6.30133973816966
488 5.9089546056708
489 5.58761473111418
490 5.26539636371189
491 5.1384631494429
492 5.02334273511016
493 4.98869585438689
494 4.97757132273768
495 4.95065610622773
496 4.98140721851248
497 5.02789338269656
498 5.09453874998534
499 5.18495260084333
500 5.24624573947527
501 5.33307027661885
502 5.36779418743425
503 5.38195431233921
504 5.35679299520034
505 5.29163812854588
506 5.15706126892143
507 4.96329766442881
508 4.74480561411328
509 4.50444969271358
510 4.23003222444006
511 3.93008003528656
512 3.66755105523111
513 3.36951074039834
514 3.0933477432851
515 2.77089222228597
516 2.48669390891305
517 2.2845473526998
518 2.04503612283676
519 1.85458159408257
520 1.60667359900742
521 1.44890976582947
522 1.34220045380204
523 1.26656789686175
524 1.32472667997301
525 1.31308414937671
