0 0
1 0.744287
2 0.742257
3 0.734835
4 0.723132
5 0.696999
6 0.66679
7 0.605474
8 0.520324
9 0.417804
10 0.302706
11 0.173688
12 0.107205
13 0.040654
14 0.00388731
15 -0.0188796
16 -0.0373576
17 -0.0440823
18 -0.0419183
19 -0.0351609
20 -0.0251869
21 -0.0150194
22 -0.00494153
23 0.00433449
24 0.0264831
25 0.0488725
26 0.0650376
27 0.0755031
28 0.0782652
29 0.0757762
30 0.0681112
31 0.0140604
32 0.011271
33 0.00813502
34 0.00585302
35 0.00510248
36 0.00609656
37 0.0209896
38 0.0248051
39 0.0305279
40 0.0381523
41 0.0477025
42 0.057574
43 0.102305
44 0.149184
45 0.174752
46 0.191741
47 0.201282
48 0.204727
49 0.13915
50 0.218267
51 0.261615
52 0.286271
53 0.31636
54 0.277156
55 0.24002
56 0.199544
57 0.177802
58 0.157012
59 0.143432
60 0.142983
61 0.160399
62 0.196055
63 0.335475
64 0.412223
65 0.465539
66 0.606292
67 0.650936
68 0.639662
69 0.703814
70 0.696267
71 0.646939
72 0.583801
73 0.569632
74 0.567669
75 0.531254
76 0.432832
77 0.506865
78 0.38784
79 0.569136
80 0.64412
81 0.734333
82 0.747895
83 0.716288
84 0.672129
85 0.625933
86 0.550253
87 0.583535
88 0.7386
89 0.676959
90 0.652925
91 0.625216
92 0.738493
93 0.816115
94 0.879311
95 0.919005
96 0.994278
97 1.01841
98 1.0339
99 1.01351
100 0.946133
101 0.995537
102 0.99181
103 0.950424
104 0.80374
105 0.768164
106 0.677568
107 0.502136
108 0.369932
109 0.268876
110 0.356278
111 0.218619
112 0.160515
113 0.134976
114 0.136111
115 0.0343842
116 0.265671
117 0.436441
118 0.361502
119 0.639087
120 0.777317
121 0.82279
122 0.800157
123 0.603799
124 0.628675
125 0.544987
126 0.410033
127 0.162974
128 0.115188
129 -0.0182406
130 -0.1805
131 -0.283046
132 -0.221909
133 -0.327369
134 -0.528688
135 -0.72663
136 -0.686364
137 -0.564388
138 -0.628127
139 0.351005
140 0.25202
141 -0.0856129
142 -0.315083
143 -0.274256
144 -0.087964
145 -0.124734
146 -0.239314
147 -0.0935893
148 0.125584
149 0.07028
150 0.24623
151 0.421846
152 0.572548
153 0.743597
154 0.924519
155 0.977586
156 1.02343
157 0.892452
158 0.973931
159 1.00776
160 1.00131
161 0.776212
162 0.745061
163 0.692251
164 0.632843
165 0.665253
166 0.367921
167 0.138207
168 0.0371927
169 -0.268861
170 -0.443016
171 -0.487147
172 -0.403031
173 -0.259899
174 -0.0076982
175 0.252838
176 0.103371
177 -0.061093
178 0.0764107
179 0.370254
180 0.688226
181 0.932719
182 0.664351
183 0.713491
184 0.543919
185 0.568306
186 0.708727
187 0.684027
188 0.521909
189 0.162113
190 -0.173807
191 -0.471691
192 -0.616789
193 -0.866451
194 -1.01331
195 -1.05062
196 -1.00146
197 -0.979183
198 -0.885083
199 -0.688186
200 -0.58356
201 -0.465564
202 -0.388337
203 -0.267472
204 -0.17657
205 -0.0946804
206 -0.0438932
207 -0.0120239
208 0.06466
209 0.101593
210 0.0969409
211 0.120789
212 0.257998
213 0.289903
214 0.212277
215 0.0693136
216 -0.101357
217 -0.0372068
218 0.0981588
219 0.00689586
220 -0.0923602
221 -0.222956
222 -0.275326
223 -0.26861
224 -0.153193
225 -0.00803885
226 0.0575911
227 0.244287
228 0.497178
229 0.659595
230 0.728317
231 0.921026
232 0.8516
233 1.00919
234 1.03351
235 0.9825
236 0.911293
237 0.706924
238 0.52352
239 0.401223
240 0.401875
241 0.406207
242 0.413099
243 0.412275
244 0.397664
245 0.444614
246 0.501079
247 0.494172
248 0.449639
249 0.485705
250 0.557279
251 0.559211
252 0.605274
253 0.685496
254 0.764815
255 0.825788
256 0.958137
257 1.07609
258 1.14859
259 1.19054
260 1.22487
261 1.22185
262 1.20102
263 1.1647
264 1.09064
265 1.04254
266 0.959867
267 0.862462
268 0.714551
269 0.668476
270 0.597361
271 0.512169
272 0.352147
273 0.277939
274 0.2388
275 0.23176
276 0.271396
277 0.30691
278 0.349885
279 0.36832
280 0.583868
281 0.560973
282 0.492546
283 0.528077
284 0.551326
285 0.573354
286 0.608061
287 0.648867
288 0.671655
289 0.626381
290 0.626194
291 0.614494
292 0.610377
293 0.59221
294 0.571999
295 0.557302
296 0.596273
297 0.618188
298 0.624392
299 0.619766
300 0.602039
301 0.674758
302 0.70877
303 0.718145
304 0.682513
305 0.651736
306 0.638608
307 0.624255
308 0.618041
309 0.626681
310 0.661293
311 0.796659
312 0.86641
313 0.960264
314 1.03886
315 0.982627
316 1.04118
317 1.01951
318 0.943404
319 0.854485
320 0.748677
321 0.725476
322 0.649223
323 0.476557
324 0.517239
325 0.50884
326 0.488694
327 0.494236
328 0.564365
329 0.640439
330 0.636314
331 0.60704
332 0.563083
333 0.433534
334 0.48921
335 0.54902
336 0.72276
337 0.675718
338 0.670984
339 0.701919
340 0.777972
341 0.864038
342 0.877149
343 0.970429
344 1.02054
345 1.03882
346 1.04795
347 1.02212
348 0.938068
349 0.989628
350 0.985478
351 0.949797
352 0.795963
353 0.781364
354 0.739357
355 0.649149
356 0.486717
357 0.34713
358 0.47295
359 0.306701
360 0.201381
361 0.169421
362 0.167462
363 0.185301
364 0.210564
365 0.40277
366 0.527676
367 0.572633
368 0.773481
369 0.856309
370 0.843046
371 0.647638
372 0.672832
373 0.610582
374 0.464697
375 0.19802
376 0.155247
377 0.0437921
378 -0.114715
379 -0.310153
380 -0.211005
381 -0.273548
382 -0.461309
383 -0.693608
384 -0.8995
385 -0.564785
386 -0.555476
387 0.000424315
388 0.500762
389 0.0493611
390 -0.0785328
391 -0.0169537
392 0.106789
393 0.185242
394 0.0558324
395 -0.0677523
396 0.243132
397 0.33607
398 0.23094
399 0.330091
400 0.445389
401 0.545995
402 0.635053
403 0.785381
404 0.829557
405 0.879542
406 0.791364
407 0.889757
408 0.941121
409 0.956339
410 0.770469
411 0.760322
412 0.725993
413 0.950598
414 0.592457
415 0.337646
416 0.380531
417 -0.0442625
418 -0.259287
419 -0.383765
420 -0.395603
421 -0.313025
422 -0.14854
423 0.073288
424 0.357723
425 0.100042
426 -0.0496408
427 0.0738734
428 0.39888
429 0.707234
430 0.889381
431 0.623768
432 0.775263
433 0.514472
434 0.632907
435 0.670566
436 0.513902
437 0.208138
438 -0.122329
439 -0.46267
440 -0.66126
441 -0.900349
442 -1.03253
443 -1.05538
444 -0.984412
445 -0.951164
446 -0.862769
447 -0.65653
448 -0.554085
449 -0.455486
450 -0.389332
451 -0.275025
452 -0.178645
453 -0.112792
454 -0.0607321
455 -0.0725283
456 0.0214473
457 0.0594819
458 0.060345
459 0.018555
460 0.201731
461 0.248306
462 0.195648
463 0.0989262
464 -0.0526502
465 -0.215662
466 0.0713766
467 -0.0373569
468 -0.0482679
469 -0.160177
470 -0.262356
471 -0.334446
472 -0.341028
473 -0.23301
474 -0.0965549
475 0.00725869
476 0.200665
477 0.450789
478 0.631873
479 0.702691
480 0.963518
481 1.0951
482 1.10043
483 1.16278
484 1.14593
485 1.07508
486 0.93344
487 0.74794
488 0.572364
489 0.452356
490 0.435213
491 0.425619
492 0.419134
493 0.407435
494 0.394107
495 0.430325
496 0.47604
497 0.467295
498 0.429424
499 0.466005
500 0.531178
501 0.538047
502 0.573651
503 0.663954
504 0.733417
505 0.829704
506 0.922364
507 1.05373
508 1.14904
509 1.2068
510 1.23624
511 1.24689
512 1.23569
513 1.21519
514 1.13068
515 1.10043
516 1.05635
517 0.975521
518 0.872511
519 0.74986
520 0.691712
521 0.617468
522 0.520926
523 0.377248
524 0.342608
