0 0
1 -0.00214534
2 -0.00150415
3 0.0030694
4 0.0092034
5 0.0231087
6 0.0368871
7 0.0612571
8 0.0895764
9 0.111599
10 0.116479
11 0.0943961
12 0.0765208
13 0.052657
14 0.0345579
15 0.0221132
16 0.0103759
17 0.00188879
18 -0.00330362
19 -0.00592856
20 -0.00710777
21 -0.00725829
22 -0.00681322
23 -0.00603043
24 -0.0122203
25 -0.00954187
26 -0.00670735
27 -0.00368143
28 -0.00106467
29 0.000558517
30 0.00200131
31 0.000379476
32 0.000564166
33 0.000485609
34 0.000186699
35 -0.000269408
36 -0.000738575
37 -0.0007995
38 -0.00122552
39 -0.00159924
40 -0.001936
41 -0.00224824
42 -0.00242405
43 -0.0112799
44 -0.00745315
45 -0.00472593
46 -0.0023147
47 -0.000258888
48 0.00182329
49 -0.0197362
50 -0.0119569
51 -0.00609565
52 -0.000541074
53 0.0101548
54 0.0115201
55 0.0116476
56 0.0108066
57 0.00885696
58 0.00735552
59 0.00499401
60 0.00269603
61 -0.000444814
62 -0.0284992
63 -0.0158803
64 -0.00756959
65 -0.0318982
66 -0.0100659
67 0.00302367
68 -0.02044
69 -0.00246181
70 0.0105012
71 0.0158951
72 0.017474
73 -0.00289901
74 0.0108145
75 0.0155562
76 -0.0217025
77 -0.00368071
78 -0.0648081
79 -0.0328295
80 -0.0137528
81 -0.0157541
82 -0.00176801
83 0.00493956
84 0.0064895
85 0.00574385
86 -0.014149
87 -0.0109874
88 0.0216825
89 0.0129448
90 0.00562692
91 -0.0173858
92 -0.0153719
93 -0.0116397
94 -0.00707242
95 -0.0128568
96 -0.00278785
97 0.00404392
98 0.0116899
99 0.0151105
100 -0.00843408
101 0.00458123
102 0.0130806
103 0.0204169
104 0.010147
105 0.017045
106 0.0351144
107 0.0305129
108 0.0252632
109 0.0194061
110 0.030201
111 0.0199655
112 0.0131472
113 0.00705824
114 0.00251442
115 -0.0381276
116 -0.0280512
117 -0.0188433
118 -0.050989
119 -0.0293166
120 -0.0120083
121 0.00123299
122 0.0138151
123 -0.0115151
124 0.00970046
125 0.0239427
126 0.0327868
127 0.00344396
128 0.0174289
129 0.0284112
130 0.033821
131 -0.0268538
132 0.00528136
133 0.0265222
134 0.0365918
135 0.03723
136 -0.0471111
137 0.00770891
138 -0.316349
139 -0.0636425
140 0.048229
141 0.0819407
142 -0.0975656
143 0.0210689
144 -0.125524
145 -0.0165572
146 -0.0221585
147 -0.147701
148 -0.0991428
149 -0.115061
150 -0.110091
151 -0.108714
152 -0.0999858
153 -0.0792414
154 -0.0505049
155 -0.0360546
156 -0.0159676
157 -0.0488673
158 -0.0271209
159 -0.00863453
160 0.00942202
161 0.00307691
162 0.0129559
163 0.0197725
164 0.0234162
165 0.0962293
166 0.0768041
167 0.055979
168 0.101461
169 0.0645089
170 0.0297913
171 -0.00749955
172 -0.0307741
173 -0.0457724
174 -0.057378
175 -0.0606508
176 0.0787888
177 0.00155646
178 -0.0429404
179 -0.0635386
180 -0.0619731
181 -0.0449866
182 0.0319549
183 -0.0220164
184 0.0787542
185 0.00476923
186 0.0163117
187 0.0578161
188 0.112292
189 0.125457
190 0.147478
191 0.126696
192 0.135026
193 0.0896943
194 0.0432002
195 0.00757832
196 0.0122438
197 -0.0144914
198 -0.0346258
199 -0.0302912
200 -0.0366414
201 -0.0383433
202 -0.0400487
203 -0.0349562
204 -0.0291111
205 -0.0216275
206 -0.0151051
207 -0.0319183
208 -0.0183488
209 -0.00515898
210 0.00388947
211 -0.0560994
212 -0.0254659
213 0.00160927
214 0.0212842
215 0.0300498
216 0.0285819
217 -0.0720585
218 -0.000610389
219 -0.00962584
220 0.0311768
221 0.00736629
222 -0.00524203
223 -0.0295528
224 -0.0819522
225 -0.072325
226 -0.0863041
227 -0.0800028
228 -0.0823694
229 -0.0592022
230 -0.0904451
231 -0.0471929
232 -0.0754496
233 -0.02823
234 0.00126584
235 0.0216661
236 0.056403
237 0.0488345
238 0.0374529
239 0.00147817
240 0.00473955
241 0.000289846
242 0.00373718
243 0.00492407
244 -0.00984427
245 -0.00347878
246 0.00700213
247 0.00723501
248 -0.00324654
249 -0.00270263
250 0.0113853
251 0.00315792
252 -0.00414533
253 -0.00554655
254 -0.00966976
255 -0.0257189
256 -0.0189366
257 -0.010991
258 -0.00286046
259 0.00106757
260 0.00841273
261 0.0137009
262 0.0149389
263 0.0197058
264 0.0148133
265 0.0210607
266 0.0252726
267 0.0288888
268 0.0139143
269 0.0190925
270 0.0222499
271 0.0234079
272 0.0210301
273 0.0153538
274 0.00998613
275 0.00516576
276 -0.00045543
277 -0.000903783
278 -0.00122864
279 -0.0134253
280 0.0106492
281 0.00920552
282 0.000662655
283 0.00174227
284 0.00253731
285 0.00340733
286 -0.00277863
287 0.00115522
288 0.00491739
289 0.00585352
290 0.00786817
291 0.00913651
292 0.0101666
293 0.0103133
294 0.0100387
295 0.00942118
296 0.00182525
297 0.00509737
298 0.00766191
299 0.00900399
300 -0.00862946
301 -0.000785891
302 0.00510778
303 0.0151098
304 0.0152403
305 0.0142767
306 0.0121278
307 0.0100821
308 0.00757137
309 0.00493815
310 -0.0226114
311 -0.00880806
312 0.000532965
313 -0.0157252
314 0.00353228
315 -0.0196788
316 0.00111879
317 0.0134422
318 0.0224213
319 0.0263597
320 0.0272791
321 0.0173035
322 0.0245497
323 -0.015151
324 2.93217e-06
325 0.00496162
326 0.00609394
327 -0.0313417
328 -0.00990265
329 -0.00887505
330 0.00338316
331 0.00701981
332 0.00484033
333 -0.0239273
334 -0.0200157
335 -0.0171812
336 0.0160001
337 0.00699924
338 0.000305759
339 -0.0192266
340 -0.016227
341 -0.0108919
342 -0.0196332
343 -0.00981329
344 -0.00133918
345 0.00544698
346 0.0129803
347 0.0163376
348 -0.00904643
349 0.00382774
350 0.0133661
351 0.0196805
352 0.00762126
353 0.0134373
354 0.0178925
355 0.0331275
356 0.0283212
357 0.0218859
358 0.0344903
359 0.024202
360 0.014012
361 0.00741791
362 0.00367026
363 -0.000481325
364 -0.0317172
365 -0.0226089
366 -0.0145796
367 -0.0379595
368 -0.0180913
369 -0.000686642
370 0.0122914
371 -0.0109938
372 0.00826255
373 0.0215188
374 0.0325168
375 -2.94655e-05
376 0.017009
377 0.027426
378 0.0338707
379 -0.0344436
380 -0.00343856
381 0.0216725
382 0.0364329
383 0.0391637
384 -0.0848225
385 -0.0166244
386 0.00952401
387 -0.222047
388 -0.0200636
389 0.0769674
390 -0.095812
391 0.00563559
392 -0.214225
393 -0.0251576
394 -0.0153399
395 -0.204219
396 -0.0984546
397 -0.077222
398 -0.087303
399 -0.0843902
400 -0.0788874
401 -0.0694066
402 -0.0568106
403 -0.0374814
404 -0.0283318
405 -0.0152111
406 -0.0495328
407 -0.0303642
408 -0.0136176
409 0.00327263
410 -0.0011204
411 0.00767625
412 0.0150075
413 0.102198
414 0.0832233
415 0.0641366
416 0.12348
417 0.0819694
418 0.0504974
419 0.0176486
420 -0.00707228
421 -0.0297725
422 -0.0458877
423 -0.0551947
424 -0.0576246
425 0.0749564
426 0.00612967
427 -0.0400245
428 -0.0624495
429 -0.0589529
430 0.154813
431 0.00309927
432 0.229017
433 0.061817
434 -0.000998937
435 0.0495685
436 0.106071
437 0.148633
438 0.150298
439 0.136205
440 0.135754
441 0.0872353
442 0.0386331
443 0.00229521
444 0.0082061
445 -0.0179399
446 -0.0351261
447 -0.0298125
448 -0.0360415
449 -0.0367536
450 -0.0383642
451 -0.0332466
452 -0.0266097
453 -0.02029
454 -0.0130813
455 -0.0346312
456 -0.0191331
457 -0.00757583
458 0.00295397
459 -0.0651412
460 -0.0292805
461 -0.00159
462 0.0170861
463 0.0264393
464 0.0297152
465 -0.111557
466 -0.00822163
467 -0.0310677
468 0.0217584
469 0.0326342
470 0.0102659
471 -0.00316977
472 -0.0233875
473 -0.0741053
474 -0.0680604
475 -0.0826654
476 -0.0822936
477 -0.0891137
478 -0.0723474
479 -0.113166
480 -0.0677475
481 -0.031526
482 -0.0467663
483 -0.0143103
484 0.0126219
485 0.0288035
486 0.0569787
487 0.0506394
488 0.0403652
489 0.00640481
490 0.00872343
491 0.00431212
492 0.00653017
493 0.00701424
494 -0.0069871
495 -0.00175707
496 0.00759578
497 0.00717984
498 -0.0033843
499 -0.00328223
500 0.00932088
501 0.00213969
502 -0.00376807
503 -0.00588653
504 -0.0099055
505 -0.0119126
506 -0.0215397
507 -0.0138018
508 -0.00456235
509 0.00127553
510 0.00568259
511 0.010448
512 0.0151242
513 0.0167031
514 0.0124733
515 0.0189767
516 0.0227779
517 0.0260931
518 0.0288225
519 0.0148861
520 0.0198222
521 0.0222777
522 0.0230649
523 0.0195182
524 0.0171954
