0 0
1 0
2 -0.1634202
3 -0.1634202
4 -0.1634202
5 -0.1634202
6 -0.1634202
7 -0.1634202
8 -0.1634202
9 -0.08791868
10 -0.08791868
11 0.0670737
12 0.03646486
13 0.03646486
14 0.02846453
15 0.01482678
16 0.00790864
17 0.002734984
18 0.002734984
19 -0.006688704
20 -0.005981043
21 -0.007676411
22 -0.007766838
23 -0.007766838
24 -0.007901633
25 -0.007647575
26 -0.008352823
27 -0.007569096
28 -0.007223709
29 -0.006632513
30 -0.006217491
31 -0.005983451
32 -0.005749708
33 -0.005855885
34 -0.005874141
35 -0.006014806
36 -0.006175738
37 -0.006379676
38 -0.006379676
39 -0.006836045
40 -0.006964094
41 -0.006964094
42 -0.007494343
43 -0.007583538
44 -0.007781188
45 -0.008193226
46 -0.008113752
47 -0.008113752
48 -0.008184538
49 -0.008301388
50 -0.008434151
51 -0.009194259
52 -0.009027523
53 -0.00922886
54 -0.009397608
55 -0.009462587
56 -0.009976909
57 -0.01040454
58 -0.01109626
59 -0.01109626
60 -0.01277326
61 -0.01277326
62 -0.01434389
63 -0.01509696
64 -0.01645632
65 -0.01707172
66 -0.01707172
67 -0.01975887
68 -0.02012452
69 -0.02123738
70 -0.02284273
71 -0.0235189
72 -0.02515022
73 -0.02644507
74 -0.02795999
75 -0.02969499
76 -0.03118419
77 -0.03263088
78 -0.03514803
79 -0.03802577
80 -0.04099043
81 -0.04125917
82 -0.04245079
83 -0.04245079
84 -0.04580464
85 -0.04580464
86 -0.04612338
87 -0.04567195
88 -0.04567195
89 -0.04450433
90 -0.04219064
91 -0.04132499
92 -0.03986635
93 -0.03898729
94 -0.0358474
95 -0.03401586
96 -0.03145025
97 -0.02925284
98 -0.02583183
99 -0.02410482
100 -0.02147957
101 -0.01982899
102 -0.01767452
103 -0.01525132
104 -0.01525132
105 -0.01144299
106 -0.01100972
107 -0.0092792
108 -0.008086346
109 -0.007353246
110 -0.006894365
111 -0.006576728
112 -0.005977216
113 -0.005977216
114 -0.005846792
115 -0.005773994
116 -0.005644901
117 -0.006123819
118 -0.00505258
119 -0.004483253
120 -0.004503591
121 -0.003031733
122 -0.002232698
123 -0.001418004
124 -0.0006206251
125 -0.0006510536
126 0.0002096199
127 0.0002669522
128 0.0002108121
129 -0.0009493988
130 -0.001195908
131 -0.002358839
132 -0.003479441
133 -0.006754607
134 -0.008306188
135 -0.01123512
136 -0.01435342
137 -0.01751037
138 -0.02440754
139 -0.02872572
140 -0.03957285
141 -0.04346551
142 -0.05066215
143 -0.05627574
144 -0.06761292
145 -0.07518329
146 -0.08448188
147 -0.09103271
148 -0.09843242
149 -0.1043317
150 -0.1096
151 -0.1158092
152 -0.1181526
153 -0.1124958
154 -0.1041822
155 -0.09065209
156 -0.09065209
157 -0.06508656
158 -0.0601324
159 -0.05234125
160 -0.04356448
161 -0.03744624
162 -0.03029143
163 -0.0270679
164 -0.02173418
165 -0.02173418
166 -0.01400461
167 -0.009269793
168 -0.009269793
169 -0.006941214
170 -0.003340374
171 -0.004208101
172 -0.003460573
173 -0.002543464
174 -0.002543464
175 0.001580033
176 0.00463031
177 0.008761776
178 0.01898151
179 0.02282319
180 0.02951345
181 0.03636758
182 0.04219097
183 0.04914324
184 0.06964356
185 0.0752188
186 0.0752188
187 0.1139067
188 0.1139067
189 0.1266291
190 0.1363852
191 0.1293092
192 0.1138155
193 0.09800024
194 0.08173896
195 0.06448691
196 0.04895727
197 0.03754994
198 0.02965661
199 0.02046331
200 0.01305225
201 0.01305225
202 0.004040363
203 0.002677371
204 -0.0006719334
205 -0.002390008
206 -0.003935316
207 -0.005555824
208 -0.006773422
209 -0.009006667
210 -0.009852305
211 -0.01163102
212 -0.0130683
213 -0.01736647
214 -0.01791618
215 -0.02060451
216 -0.02363255
217 -0.02738225
218 -0.03230172
219 -0.04470168
220 -0.04733581
221 -0.05696502
222 -0.06401157
223 -0.07554334
224 -0.07554334
225 -0.08920495
226 -0.09245851
227 -0.09245851
228 -0.09557292
229 -0.08893905
230 -0.08138815
231 -0.08138815
232 -0.06395454
233 -0.05953348
234 -0.05264978
235 -0.04603698
236 -0.04160154
237 -0.03758876
238 -0.03453781
239 -0.03208369
240 -0.03001998
241 -0.02964927
242 -0.02855325
243 -0.02855325
244 -0.02789462
245 -0.0277554
246 -0.0281147
247 -0.02786201
248 -0.02786201
249 -0.02809598
250 -0.02809598
251 -0.02826825
252 -0.02762193
253 -0.02761137
254 -0.02704808
255 -0.02634604
256 -0.025348
257 -0.02482465
258 -0.02351032
259 -0.02205378
260 -0.02071064
261 -0.01912172
262 -0.01696956
263 -0.01558467
264 -0.01435234
265 -0.0128388
266 -0.01203842
267 -0.01053363
268 -0.00950799
269 -0.008613369
270 -0.008613369
271 -0.007189042
272 -0.007282779
273 -0.007073994
274 -0.006559371
275 -0.006559371
276 -0.006731896
277 -0.006713465
278 -0.006713465
279 -0.00701107
280 -0.006931876
281 -0.007193248
282 -0.006698225
283 -0.006852276
284 -0.006888902
285 -0.006812976
286 -0.006781298
287 -0.006712781
288 -0.006759276
289 -0.006653369
290 -0.006618899
291 -0.006647701
292 -0.006668493
293 -0.006748569
294 -0.006852935
295 -0.006981195
296 -0.007169398
297 -0.007350375
298 -0.007778443
299 -0.007950542
300 -0.008340692
301 -0.008661663
302 -0.009547278
303 -0.009547278
304 -0.0104763
305 -0.01088162
306 -0.01155951
307 -0.01221003
308 -0.01312189
309 -0.01312189
310 -0.01499831
311 -0.01542827
312 -0.01717527
313 -0.01767316
314 -0.01877814
315 -0.02039645
316 -0.02131849
317 -0.02334858
318 -0.02384531
319 -0.02473225
320 -0.02571972
321 -0.02664747
322 -0.02793374
323 -0.02973085
324 -0.03114581
325 -0.03383642
326 -0.03538508
327 -0.03538508
328 -0.0389154
329 -0.0401423
330 -0.0401423
331 -0.04267436
332 -0.04330991
333 -0.04475098
334 -0.04610784
335 -0.04684621
336 -0.0462819
337 -0.04543279
338 -0.04343211
339 -0.04221594
340 -0.04043938
341 -0.04043938
342 -0.03582785
343 -0.03391899
344 -0.03153629
345 -0.02846117
346 -0.02608341
347 -0.02393924
348 -0.02144716
349 -0.01973173
350 -0.01797996
351 -0.01542668
352 -0.01542668
353 -0.01166249
354 -0.01166249
355 -0.009995029
356 -0.009995029
357 -0.007867892
358 -0.007576247
359 -0.006913712
360 -0.006301686
361 -0.006182026
362 -0.005981409
363 -0.005869546
364 -0.00574599
365 -0.0054989
366 -0.005727965
367 -0.005727965
368 -0.003840745
369 -0.004016812
370 -0.002515327
371 -0.001647416
372 -0.0008296588
373 -0.0007108294
374 5.990162e-05
375 0.000197758
376 0.000223375
377 -0.0008476811
378 -0.0010956
379 -0.0010956
380 -0.003405655
381 -0.003405655
382 -0.00833571
383 -0.009715245
384 -0.01306552
385 -0.01663881
386 -0.02203677
387 -0.02686397
388 -0.03125175
389 -0.04175122
390 -0.03680696
391 -0.06326012
392 -0.06917661
393 -0.06917661
394 -0.08886427
395 -0.09332332
396 -0.09332332
397 -0.1067456
398 -0.1089212
399 -0.1136244
400 -0.1149447
401 -0.1080947
402 -0.0999821
403 -0.0999821
404 -0.08000616
405 -0.07169599
406 -0.06376696
407 -0.0552306
408 -0.05032614
409 -0.0419733
410 -0.0419733
411 -0.0280975
412 -0.0280975
413 -0.02141651
414 -0.02141651
415 -0.01035749
416 -0.01066008
417 -0.01066008
418 -0.003196089
419 -0.004952285
420 -0.003815087
421 -0.00347222
422 -0.002430127
423 -0.0006583709
424 0.001906415
425 0.005316465
426 0.01029789
427 0.01963381
428 0.01963381
429 0.03113631
430 0.03739318
431 0.04361872
432 0.06266194
433 0.07090369
434 0.08974133
435 0.1013303
436 0.1137711
437 0.1220018
438 0.1361314
439 0.1357696
440 0.1217549
441 0.1039252
442 0.08183657
443 0.06515729
444 0.04832869
445 0.03692864
446 0.02892265
447 0.01980888
448 0.01980888
449 0.007938957
450 0.007938957
451 0.002643565
452 0.0008523568
453 -0.001350328
454 -0.002951131
455 -0.004265858
456 -0.005852207
457 -0.007829228
458 -0.009032859
459 -0.01045259
460 -0.01234334
461 -0.01673749
462 -0.01673749
463 -0.0205146
464 -0.0205146
465 -0.02631378
466 -0.02840114
467 -0.04350794
468 -0.04650574
469 -0.05481521
470 -0.05481521
471 -0.0670206
472 -0.07353631
473 -0.08044523
474 -0.08479285
475 -0.09072186
476 -0.09105073
477 -0.09014438
478 -0.08684824
479 -0.08255756
480 -0.07726678
481 -0.07220227
482 -0.06363051
483 -0.05595172
484 -0.05071452
485 -0.04533977
486 -0.04031418
487 -0.03721136
488 -0.03327231
489 -0.0314226
490 -0.02934179
491 -0.0292073
492 -0.02808937
493 -0.02799721
494 -0.02799721
495 -0.02727113
496 -0.02789382
497 -0.02765376
498 -0.02786352
499 -0.02799182
500 -0.02822058
501 -0.02823261
502 -0.02766876
503 -0.02766876
504 -0.02725941
505 -0.02725941
506 -0.02543564
507 -0.02451632
508 -0.0241463
509 -0.02244033
510 -0.02098818
511 -0.01939535
512 -0.01781829
513 -0.0165142
514 -0.01488689
515 -0.01381529
516 -0.01232787
517 -0.01232787
518 -0.009982026
519 -0.009486353
520 -0.008456422
521 -0.007924689
522 -0.007495185
523 -0.007317049
524 -0.007259282
525 -0.007259282
