0 0
1 4.12033
2 4.12033
3 4.119631
4 4.114847
5 4.108396
6 4.093849
7 4.079406
8 4.053862
9 4.024145
10 4.000363
11 3.993072
12 4.005482
13 4.020962
14 4.04144
15 4.056524
16 4.066107
17 4.073871
18 4.07805
19 4.079141
20 4.076846
21 4.072791
22 4.068027
23 4.062425
24 4.05625
25 4.047945
26 4.041012
27 4.033622
28 4.025098
29 4.016579
30 4.010076
31 4.001979
32 3.994952
33 3.988894
34 3.981947
35 3.974883
36 3.967638
37 3.961086
38 3.953276
39 3.9451
40 3.936484
41 3.927446
42 3.917995
43 3.90931
44 3.898937
45 3.8867
46 3.8767
47 3.866374
48 3.855755
49 3.841706
50 3.830482
51 3.817343
52 3.805334
53 3.791086
54 3.778208
55 3.763037
56 3.749398
57 3.733213
58 3.716256
59 3.700676
60 3.681792
61 3.664076
62 3.63966
63 3.616221
64 3.591052
65 3.56744
66 3.542342
67 3.511881
68 3.484301
69 3.456914
70 3.429461
71 3.394312
72 3.361362
73 3.325833
74 3.292689
75 3.252835
76 3.217253
77 3.177049
78 3.112488
79 3.052984
80 3.005687
81 2.954501
82 2.904304
83 2.861966
84 2.808882
85 2.75861
86 2.698497
87 2.64272
88 2.585382
89 2.511809
90 2.452075
91 2.392845
92 2.341744
93 2.262528
94 2.205154
95 2.14895
96 2.094496
97 2.02972
98 1.986247
99 1.939629
100 1.901262
101 1.85548
102 1.813231
103 1.782656
104 1.750711
105 1.718035
106 1.689458
107 1.663879
108 1.63604
109 1.613473
110 1.593059
111 1.579783
112 1.560309
113 1.547089
114 1.534462
115 1.523727
116 1.510421
117 1.496267
118 1.483099
119 1.472992
120 1.460773
121 1.450491
122 1.44231
123 1.434247
124 1.428386
125 1.422579
126 1.41868
127 1.416265
128 1.414446
129 1.413416
130 1.412164
131 1.410754
132 1.408304
133 1.404465
134 1.397897
135 1.388598
136 1.377273
137 1.35732
138 1.328931
139 1.300517
140 1.261647
141 1.218703
142 1.174912
143 1.11808
144 1.046927
145 0.9767764
146 0.9005632
147 0.819242
148 0.734745
149 0.6486291
150 0.5627344
151 0.4889753
152 0.4037849
153 0.3220901
154 0.2128452
155 0.1158674
156 0.0341504
157 6.230008
158 6.161082
159 6.089448
160 6.032257
161 5.97387
162 5.928611
163 5.883522
164 5.844125
165 5.813813
166 5.783587
167 5.758136
168 5.737643
169 5.720822
170 5.706812
171 5.696008
172 5.685299
173 5.678142
174 5.672839
175 5.667671
176 5.665462
177 5.666852
178 5.673505
179 5.687157
180 5.709076
181 5.738324
182 5.774131
183 5.826938
184 5.87519
185 5.957342
186 6.041562
187 6.125519
188 6.208429
189 0.03979054
190 0.1706364
191 0.3111024
192 0.4330339
193 0.552404
194 0.6641763
195 0.7659212
196 0.8450999
197 0.9041196
198 0.9599038
199 1.010162
200 1.041005
201 1.06839
202 1.089318
203 1.104073
204 1.114066
205 1.119406
206 1.122077
207 1.121898
208 1.119067
209 1.114533
210 1.106767
211 1.097931
212 1.085438
213 1.072354
214 1.053733
215 1.028623
216 0.9990871
217 0.9605755
218 0.9155883
219 0.8757156
220 0.8238755
221 0.759416
222 0.6736213
223 0.6131282
224 0.5486705
225 0.4819724
226 0.403496
227 0.3254564
228 0.2179021
229 0.1026252
230 6.28042
231 6.17767
232 6.079266
233 5.987556
234 5.902132
235 5.831619
236 5.766172
237 5.713433
238 5.651158
239 5.587281
240 5.521626
241 5.476231
242 5.432093
243 5.388883
244 5.346126
245 5.308872
246 5.26629
247 5.223377
248 5.185439
249 5.14156
250 5.102688
251 5.057591
252 5.011887
253 4.960386
254 4.914385
255 4.868096
256 4.821821
257 4.78178
258 4.736441
259 4.697827
260 4.654943
261 4.603459
262 4.564419
263 4.532057
264 4.497375
265 4.469165
266 4.435559
267 4.404552
268 4.379263
269 4.342676
270 4.322271
271 4.303166
272 4.285368
273 4.262411
274 4.234628
275 4.217587
276 4.200953
277 4.186278
278 4.173529
279 4.158857
280 4.143977
281 4.127131
282 4.111928
283 4.098598
284 4.081495
285 4.068131
286 4.052793
287 4.037453
288 4.024034
289 4.008641
290 3.991333
291 3.974047
292 3.956687
293 3.941236
294 3.927618
295 3.911862
296 3.897928
297 3.881702
298 3.867166
299 3.850078
300 3.834639
301 3.816346
302 3.799843
303 3.782668
304 3.76239
305 3.744446
306 3.726498
307 3.706212
308 3.6878
309 3.664932
310 3.640209
311 3.610237
312 3.582037
313 3.553012
314 3.523788
315 3.490893
316 3.457793
317 3.428467
318 3.401024
319 3.367068
320 3.335532
321 3.297946
322 3.259199
323 3.219319
324 3.174297
325 3.130146
326 3.091194
327 3.054606
328 3.009262
329 2.953935
330 2.895486
331 2.850509
332 2.807348
333 2.74763
334 2.690584
335 2.643476
336 2.579801
337 2.521109
338 2.453798
339 2.38652
340 2.312559
341 2.261325
342 2.196315
343 2.140435
344 2.079603
345 2.027908
346 1.984706
347 1.938387
348 1.900269
349 1.859691
350 1.817596
351 1.782881
352 1.755076
353 1.725974
354 1.703259
355 1.679752
356 1.660751
357 1.633517
358 1.607166
359 1.591038
360 1.57046
361 1.549821
362 1.535235
363 1.525796
364 1.51354
365 1.501531
366 1.488424
367 1.476939
368 1.465815
369 1.454406
370 1.443803
371 1.435447
372 1.428473
373 1.422965
374 1.419161
375 1.415983
376 1.414087
377 1.412654
378 1.411477
379 1.410087
380 1.407895
381 1.4049
382 1.399186
383 1.390009
384 1.379033
385 1.368565
386 1.348523
387 1.325208
388 1.295512
389 1.254906
390 1.18036
391 1.124931
392 1.065624
393 1.00652
394 0.9134398
395 0.8429903
396 0.7706133
397 0.677276
398 0.5951012
399 0.5153254
400 0.4406084
401 0.3485202
402 0.2657306
403 0.1836886
404 0.08144902
405 0.006794315
406 6.210375
407 6.145643
408 6.077739
409 6.022871
410 5.966088
411 5.915031
412 5.87607
413 5.83669
414 5.80627
415 5.77217
416 5.747956
417 5.730372
418 5.711435
419 5.700288
420 5.689981
421 5.682391
422 5.675001
423 5.66891
424 5.664486
425 5.662323
426 5.663796
427 5.670083
428 5.684327
429 5.709883
430 5.740624
431 5.788098
432 5.843579
433 5.913072
434 6.003265
435 6.096351
436 6.176826
437 0.01976374
438 0.1369359
439 0.260148
440 0.3956729
441 0.5456719
442 0.6614922
443 0.7657149
444 0.8458351
445 0.9050273
446 0.9603929
447 1.004655
448 1.035406
449 1.063067
450 1.081101
451 1.096549
452 1.10728
453 1.114144
454 1.117429
455 1.118384
456 1.117105
457 1.113311
458 1.107849
459 1.099219
460 1.088174
461 1.074404
462 1.056591
463 1.035304
464 1.013611
465 0.9812851
466 0.9295378
467 0.8821322
468 0.8379281
469 0.7886156
470 0.7413218
471 0.668763
472 0.5995981
473 0.5439173
474 0.4700122
475 0.386783
476 0.2931035
477 0.1932505
478 0.10264
479 0.0122881
480 6.206508
481 6.108779
482 6.013451
483 5.933016
484 5.867262
485 5.797673
486 5.741433
487 5.682385
488 5.628009
489 5.571762
490 5.51344
491 5.469231
492 5.420795
493 5.383792
494 5.341922
495 5.300146
496 5.258363
497 5.216125
498 5.178692
499 5.135298
500 5.096786
501 5.051973
502 5.012148
503 4.972172
504 4.920422
505 4.879868
506 4.833298
507 4.793093
508 4.747751
509 4.703425
510 4.660183
511 4.618338
512 4.583521
513 4.54574
514 4.514377
515 4.476969
516 4.445997
517 4.424142
518 4.397145
519 4.372472
520 4.33936
521 4.317101
522 4.298488
523 4.278704
524 4.257876
525 4.239725
