0 0
1 -40.62
2 -40.62
3 -40.63694
4 -40.69998
5 -40.79372
6 -40.98242
7 -41.17486
8 -41.50906
9 -41.89621
10 -42.37888
11 -43.04784
12 -43.66608
13 -44.47097
14 -45.62481
15 -46.66487
16 -47.65683
17 -49.0392
18 -50.53991
19 -51.96907
20 -53.67826
21 -55.49084
22 -57.18534
23 -58.95503
24 -60.7971
25 -63.19732
26 -65.19247
27 -67.25116
28 -69.63997
29 -72.10278
30 -74.06763
31 -76.65526
32 -79.01148
33 -81.11504
34 -83.56517
35 -86.06235
36 -88.60433
37 -90.86337
38 -93.48254
39 -96.13892
40 -98.82955
41 -101.5513
42 -104.301
43 -106.7274
44 -109.5205
45 -112.6842
46 -115.1572
47 -117.6383
48 -120.1251
49 -123.3271
50 -125.8181
51 -128.6623
52 -131.1453
53 -133.9727
54 -136.4342
55 -139.2291
56 -141.6555
57 -144.402
58 -147.1151
59 -149.4565
60 -152.0889
61 -154.3477
62 -157.18
63 -159.619
64 -161.9722
65 -163.9511
66 -165.8458
67 -167.8917
68 -169.5155
69 -170.9492
70 -172.2074
71 -173.587
72 -174.6512
73 -175.5707
74 -176.2464
75 -176.8549
76 -177.2296
77 -177.4798
78 -177.5281
79 -177.2339
80 -176.8073
81 -176.1859
82 -175.4124
83 -174.6413
84 -173.5292
85 -172.3587
86 -170.8094
87 -169.2156
88 -167.4107
89 -164.8498
90 -162.5538
91 -160.0507
92 -157.6986
93 -153.689
94 -150.5347
95 -147.1877
96 -143.6582
97 -139.0078
98 -135.6061
99 -131.5827
100 -127.9529
101 -123.1483
102 -118.2028
103 -114.2668
104 -109.681
105 -104.419
106 -99.05737
107 -93.60397
108 -86.8232
109 -80.55574
110 -74.196
111 -69.69189
112 -62.53096
113 -57.26175
114 -51.94297
115 -47.24971
116 -41.16442
117 -35.02035
118 -28.82489
119 -23.97033
120 -17.68402
121 -12.05547
122 -7.099738
123 -1.401379
124 3.614868
125 10.1058
126 15.91479
127 21.02812
128 26.90693
129 32.08154
130 38.03003
131 43.26469
132 49.28009
133 55.329
134 61.40874
135 67.50934
136 72.8407
137 79.4498
138 86.3458
139 91.51312
140 96.95563
141 101.4579
142 105.1322
143 109.0209
144 112.9907
145 116.1504
146 118.9552
147 121.4014
148 123.4917
149 125.2364
150 126.6537
151 127.6453
152 128.5601
153 129.2241
154 129.8628
155 130.2047
156 130.3192
157 130.2453
158 130.0005
159 129.5146
160 128.9167
161 128.0491
162 127.1393
163 125.9418
164 124.5889
165 123.287
166 121.6743
167 119.9398
168 118.0964
169 116.1549
170 114.1235
171 112.0114
172 109.2688
173 106.9983
174 104.9595
175 102.2723
176 99.82861
177 97.03091
178 94.20036
179 91.68204
180 89.20107
181 86.88304
182 84.81331
183 82.58691
184 81.09638
185 79.4903
186 78.47576
187 77.91072
188 77.67805
189 77.7086
190 78.15253
191 79.01588
192 80.08669
193 81.4933
194 83.22571
195 85.26437
196 87.31125
197 89.26342
198 91.65691
199 94.53334
200 96.88965
201 99.69628
202 102.6136
203 105.6313
204 108.7409
205 111.5313
206 114.7939
207 117.7082
208 121.1019
209 124.1222
210 127.6266
211 130.7344
212 134.3275
213 137.5023
214 141.1571
215 145.2899
216 149.4291
217 154.0125
218 158.5117
219 161.8878
220 165.3131
221 168.6523
222 172.0154
223 173.8782
224 175.4464
225 176.7333
226 177.8981
227 178.761
228 179.584
229 180.0641
230 180.1635
231 179.9472
232 179.3781
233 178.4665
234 177.2228
235 175.8506
236 174.2397
237 172.6449
238 170.3571
239 167.5194
240 164.0574
241 161.3255
242 158.4201
243 155.3462
244 152.108
245 149.1431
246 145.6079
247 141.9195
248 138.5699
249 134.6057
250 131.0217
251 126.8008
252 122.465
253 117.4674
254 112.9208
255 108.2753
256 103.5357
257 99.31973
258 94.43182
259 90.10275
260 85.1045
261 78.79465
262 73.70887
263 69.2374
264 64.1086
265 59.60916
266 53.81209
267 48.00599
268 42.84073
269 34.4406
270 29.2684
271 24.09489
272 18.92068
273 11.80617
274 2.755426
275 -3.057657
276 -8.864717
277 -14.01951
278 -18.52299
279 -23.65994
280 -28.78383
281 -34.52935
282 -39.61678
283 -44.05089
284 -49.7255
285 -54.11655
286 -59.10841
287 -64.06966
288 -68.38391
289 -73.28169
290 -78.74699
291 -84.16214
292 -89.52379
293 -94.24205
294 -98.33179
295 -102.9589
296 -106.9644
297 -111.4897
298 -115.4007
299 -119.8106
300 -123.6131
301 -127.8826
302 -131.5383
303 -135.0986
304 -139.0232
305 -142.255
306 -145.2748
307 -148.4744
308 -151.156
309 -154.1317
310 -157.0067
311 -160.0891
312 -162.6687
313 -165.0266
314 -167.1253
315 -169.1928
316 -170.9681
317 -172.3225
318 -173.3927
319 -174.4918
320 -175.3335
321 -176.1407
322 -176.7727
323 -177.2256
324 -177.5144
325 -177.5857
326 -177.4861
327 -177.2697
328 -176.8601
329 -176.1736
330 -175.2407
331 -174.3787
332 -173.4389
333 -171.9553
334 -170.3882
335 -168.996
336 -166.9725
337 -164.9459
338 -162.4046
339 -159.5983
340 -156.1796
341 -153.5975
342 -150.0524
343 -146.698
344 -142.7091
345 -138.9852
346 -135.599
347 -131.5941
348 -127.981
349 -123.7371
350 -118.8293
351 -114.3577
352 -110.3682
353 -105.7272
354 -101.6003
355 -96.81361
356 -92.56734
357 -85.79198
358 -78.26632
359 -73.17587
360 -66.08578
361 -58.23711
362 -52.27626
363 -48.26833
364 -42.88348
365 -37.45342
366 -31.29093
367 -25.77144
368 -20.21061
369 -13.90809
370 -7.557285
371 -1.872571
372 3.849036
373 9.607503
374 14.67645
375 20.5043
376 25.63425
377 31.53207
378 36.72309
379 41.94199
380 47.93976
381 53.2158
382 59.27531
383 65.36292
384 71.46162
385 76.57964
386 83.47183
387 88.64928
388 93.52434
389 98.64573
390 105.3506
391 109.5097
392 112.8665
393 115.532
394 118.8908
395 120.9237
396 122.6974
397 124.6113
398 125.9859
399 127.1012
400 127.951
401 128.7787
402 129.3572
403 129.786
404 130.1006
405 130.1567
406 130.0307
407 129.7392
408 129.2063
409 128.5713
410 127.6627
411 126.5695
412 125.4732
413 124.0727
414 122.7271
415 120.8448
416 119.0429
417 117.3776
418 115.1251
419 113.2962
420 111.1324
421 109.1788
422 106.882
423 104.5212
424 102.1019
425 99.3195
426 96.80357
427 94.26313
428 91.72331
429 88.91611
430 86.59647
431 84.05491
432 81.9201
433 80.20963
434 78.83524
435 78.04086
436 77.70288
437 77.63557
438 77.95611
439 78.61001
440 79.6627
441 81.30606
442 83.0221
443 85.04967
444 87.08809
445 89.03295
446 91.41726
447 93.95423
448 96.28499
449 99.06317
450 101.5848
451 104.5615
452 107.6315
453 110.7877
454 113.6152
455 116.9164
456 119.8621
457 123.2889
458 126.3359
459 129.8681
460 133.4477
461 137.0677
462 140.7184
463 144.3895
464 147.6094
465 151.7447
466 157.2034
467 161.4527
468 164.5079
469 167.2533
470 169.4011
471 172.0615
472 174.057
473 175.3585
474 176.7564
475 177.9561
476 178.9388
477 179.6498
478 180.0224
479 180.1405
480 180.0143
481 179.5535
482 178.7473
483 177.7433
484 176.652
485 175.1728
486 173.6862
487 171.7806
488 169.6676
489 167.0576
490 163.8844
491 161.1482
492 157.8674
493 155.1712
494 151.939
495 148.5492
496 145.0056
497 141.3117
498 137.959
499 133.9933
500 130.4096
501 126.1886
502 122.3965
503 118.5217
504 113.4222
505 109.3667
506 104.6415
507 100.4361
508 95.55795
509 90.61388
510 85.61425
511 80.56863
512 76.12388
513 71.01705
514 66.53004
515 60.74285
516 55.58646
517 51.71395
518 46.54624
519 41.37509
520 33.61325
521 27.78876
522 22.60988
523 16.78321
524 10.31019
525 4.487393
