0 0
1 108.73
2 108.73
3 108.7161
4 108.6645
5 108.5869
6 108.4273
7 108.2599
8 107.9577
9 107.5895
10 107.1345
11 106.5361
12 106.0251
13 105.3773
14 104.4782
15 103.6909
16 102.9506
17 101.928
18 100.8248
19 99.77558
20 98.51406
21 97.16544
22 95.89228
23 94.5479
24 93.13156
25 91.25887
26 89.67835
27 88.0237
28 86.0731
29 84.02807
30 82.37237
31 80.16049
32 78.11632
33 76.26772
34 74.08664
35 71.83257
36 69.50525
37 67.40846
38 64.94258
39 62.40184
40 59.7853
41 57.09201
42 54.32103
43 51.83181
44 48.91211
45 45.53064
46 42.8286
47 40.06273
48 37.23246
49 33.49807
50 30.51868
51 27.03281
52 23.91113
53 20.26063
54 16.99328
55 13.17476
56 9.759232
57 5.770042
58 1.688295
59 -1.960243
60 -6.219456
61 -10.02617
62 -15.03251
63 -19.5905
64 -24.252
65 -28.41707
66 -32.66357
67 -37.60498
68 -41.86359
69 -45.95091
70 -49.87942
71 -54.71384
72 -59.01241
73 -63.37465
74 -67.2367
75 -71.65556
76 -75.41038
77 -79.47601
78 -85.66286
79 -90.87484
80 -94.71372
81 -98.56513
82 -102.1913
83 -105.129
84 -108.6469
85 -111.7547
86 -115.2619
87 -118.3713
88 -121.4555
89 -125.2478
90 -128.2092
91 -131.0758
92 -133.4917
93 -137.1115
94 -139.595
95 -141.9374
96 -144.13
97 -146.6506
98 -148.2658
99 -149.9603
100 -151.3128
101 -152.8764
102 -154.2493
103 -155.1893
104 -156.1339
105 -157.0405
106 -157.7948
107 -158.4119
108 -158.9949
109 -159.3734
110 -159.6184
111 -159.7149
112 -159.7481
113 -159.6851
114 -159.5517
115 -159.3782
116 -159.0786
117 -158.6911
118 -158.2126
119 -157.7806
120 -157.1501
121 -156.5213
122 -155.921
123 -155.183
124 -154.4972
125 -153.5688
126 -152.707
127 -151.93
128 -151.0214
129 -150.2119
130 -149.2718
131 -148.4355
132 -147.4613
133 -146.4615
134 -145.4246
135 -144.3374
136 -143.3361
137 -141.9876
138 -140.4182
139 -139.0917
140 -137.5028
141 -135.9866
142 -134.568
143 -132.8363
144 -130.751
145 -128.7854
146 -126.7295
147 -124.6059
148 -122.4444
149 -120.2802
150 -118.15
151 -116.3425
152 -114.2708
153 -112.3229
154 -109.6427
155 -107.1138
156 -104.8053
157 -102.0767
158 -99.62463
159 -96.76401
160 -94.22065
161 -91.27704
162 -88.67464
163 -85.67355
164 -82.64652
165 -79.97775
166 -76.90495
167 -73.8065
168 -70.67918
169 -67.51996
170 -64.32648
171 -61.09525
172 -56.99908
173 -53.67498
174 -50.73101
175 -46.8954
176 -43.43471
177 -39.4763
178 -35.43772
179 -31.76491
180 -28.00666
181 -24.29909
182 -20.74096
183 -16.49597
184 -13.26225
185 -9.05172
186 -5.475641
187 -2.484169
188 -0.02310294
189 3.026906
190 6.155399
191 9.117994
192 11.55807
193 13.96607
194 16.3055
195 18.54875
196 20.45065
197 22.04498
198 23.79569
199 25.68716
200 27.11316
201 28.70839
202 30.27843
203 31.83654
204 33.39465
205 34.76641
206 36.35332
207 37.76566
208 39.41511
209 40.89572
210 42.63894
211 44.21592
212 46.08567
213 47.7882
214 49.82201
215 52.23865
216 54.80952
217 57.87128
218 61.15026
219 63.83311
220 66.82222
221 70.10416
222 73.96439
223 76.46789
224 78.89758
225 81.23541
226 83.81015
227 86.233
228 89.47615
229 92.93241
230 96.19249
231 99.55096
232 102.9716
233 106.4302
234 109.8976
235 112.968
236 116.0129
237 118.6485
238 121.9899
239 125.6292
240 129.5277
241 132.2841
242 134.9663
243 137.5666
244 140.0768
245 142.1923
246 144.5091
247 146.7085
248 148.5281
249 150.4778
250 152.0616
251 153.721
252 155.2045
253 156.6501
254 157.7305
255 158.6121
256 159.2864
257 159.7026
258 159.9757
259 160.0368
260 159.9052
261 159.441
262 158.8358
263 158.1419
264 157.1682
265 156.1662
266 154.6838
267 152.9948
268 151.3312
269 148.329
270 146.3129
271 144.1762
272 141.9251
273 138.6521
274 134.2012
275 131.177
276 128.0292
277 125.1286
278 122.5119
279 119.4319
280 116.2556
281 112.5668
282 109.1846
283 106.1453
284 102.1281
285 98.91872
286 95.15977
287 91.30384
288 87.85072
289 83.81406
290 79.15818
291 74.38184
292 69.48568
293 65.03345
294 61.06088
295 56.43295
296 52.30662
297 47.5028
298 43.22203
299 38.24035
300 33.8029
301 28.64922
302 24.07888
303 19.47337
304 14.19853
305 9.680733
306 5.297098
307 0.4558749
308 -3.782836
309 -8.713161
310 -13.74427
311 -19.49464
312 -24.65747
313 -29.72709
314 -34.60138
315 -39.84745
316 -44.83749
317 -49.07479
318 -52.80175
319 -57.13969
320 -60.99019
321 -65.40479
322 -69.79809
323 -74.15281
324 -78.85876
325 -83.25445
326 -86.93889
327 -90.17954
328 -93.94016
329 -98.22399
330 -102.4883
331 -105.6471
332 -108.5749
333 -112.4715
334 -115.9411
335 -118.6349
336 -122.0715
337 -125.0813
338 -128.3924
339 -131.588
340 -134.9748
341 -137.2352
342 -139.9959
343 -142.2999
344 -144.7126
345 -146.6908
346 -148.2912
347 -149.9708
348 -151.3117
349 -152.7
350 -154.0843
351 -155.162
352 -155.9928
353 -156.8215
354 -157.4482
355 -158.0616
356 -158.5141
357 -159.0758
358 -159.4946
359 -159.6686
360 -159.7781
361 -159.7348
362 -159.5958
363 -159.4535
364 -159.203
365 -158.8842
366 -158.4405
367 -157.9749
368 -157.4418
369 -156.7659
370 -156.0134
371 -155.2844
372 -154.5053
373 -153.6831
374 -152.9339
375 -152.0493
376 -151.2555
377 -150.3302
378 -149.5067
379 -148.6701
380 -147.6961
381 -146.8243
382 -145.7962
383 -144.7177
384 -143.5835
385 -142.5669
386 -141.0978
387 -139.8782
388 -138.5965
389 -137.061
390 -134.6309
391 -132.8063
392 -131.0876
393 -129.506
394 -127.1381
395 -125.4225
396 -123.6812
397 -121.4429
398 -119.4911
399 -117.5726
400 -115.7892
401 -113.5895
402 -111.5322
403 -109.3628
404 -106.4294
405 -104.0525
406 -101.2515
407 -98.74026
408 -95.81499
409 -93.217
410 -90.21317
411 -87.18002
412 -84.50533
413 -81.42735
414 -78.71673
415 -75.20818
416 -72.06436
417 -69.29124
418 -65.69268
419 -62.86428
420 -59.59673
421 -56.70556
422 -53.36325
423 -49.97891
424 -46.55033
425 -42.63558
426 -39.09823
427 -35.49704
428 -31.81616
429 -27.57502
430 -23.85338
431 -19.40714
432 -15.18439
433 -11.18274
434 -7.044208
435 -3.545938
436 -0.9489251
437 2.570401
438 5.485802
439 8.15578
440 10.86221
441 13.80555
442 16.13725
443 18.36966
444 20.26095
445 21.84607
446 23.58748
447 25.26599
448 26.69466
449 28.29333
450 29.67326
451 31.23951
452 32.8047
453 34.37901
454 35.77119
455 37.38698
456 38.8285
457 40.5149
458 42.03112
459 43.81848
460 45.67253
461 47.60299
462 49.62373
463 51.74829
464 53.70324
465 56.36498
466 60.20273
467 63.50832
468 66.12133
469 68.70728
470 70.9433
471 74.0801
472 76.8233
473 78.88818
474 81.49026
475 84.2499
476 87.21667
477 90.34288
478 93.20035
479 96.10953
480 99.06352
481 102.4368
482 105.8514
483 108.9
484 111.5629
485 114.5874
486 117.2082
487 120.1668
488 123.0798
489 126.2954
490 129.7832
491 132.5013
492 135.4735
493 137.7157
494 140.196
495 142.5805
496 144.8597
497 147.0236
498 148.8136
499 150.7311
500 152.288
501 153.9185
502 155.2037
503 156.3487
504 157.6073
505 158.4137
506 159.142
507 159.6054
508 159.9338
509 160.0452
510 159.9405
511 159.621
512 159.1687
513 158.4616
514 157.6817
515 156.4677
516 155.2
517 154.1381
518 152.5818
519 150.8758
520 148.0581
521 145.7584
522 143.5887
523 141.0129
524 137.99
525 135.1292
