0 0
1 0.0225000002245707
2 1.62535245492182
3 2.74269166848987
4 0.805011727356723
5 0.704315489288619
6 1.18083331536474
7 1.69003027456032
8 2.39623509335209
9 3.03151913468676
10 3.84509773377249
11 4.54826809083493
12 5.1003903088374
13 5.87158229791632
14 6.58313337219237
15 7.34809490514431
16 8.00188918874092
17 8.64463189425434
18 9.27474847545235
19 9.89301798213203
20 10.4252927346639
21 11.0240304541144
22 11.5397976025421
23 12.1201874799468
24 12.6203149939702
25 13.2528924537183
26 13.8040381449827
27 14.2804552231365
28 14.8167045180974
29 15.2789038051792
30 15.7990263411728
31 16.2470659093302
32 16.7510634994766
33 17.185065165511
34 17.6728803037943
35 18.0930066241485
36 18.5654561404931
37 18.9722500631238
38 19.4296750549136
39 19.9348917451964
40 20.3212411347545
41 20.8630174059962
42 21.340649199258
43 21.8092274584432
44 22.1673207454964
45 22.5200615511269
46 22.9157549883636
47 23.2584188613458
48 23.6914503263079
49 24.0693446069394
50 24.4404706380853
51 24.8438135675334
52 25.2021416295723
53 25.6400329548478
54 26.0250688987521
55 26.3612583785412
56 26.6465712575138
57 26.964687586717
58 27.2357250500148
59 27.5363079563672
60 27.829249657847
61 28.0771681202331
62 28.3863779385683
63 28.6201423117497
64 28.8670039140347
65 29.0881438892837
66 29.2959850432703
67 29.4917049765785
68 29.6351205400261
69 29.4267193133034
70 28.0606977018385
71 26.4196347609922
72 24.7918991861184
73 23.7929858891553
74 23.8453605282746
75 23.9645763947952
76 23.8627150606816
77 23.6264966769982
78 23.3012399949694
79 22.6247019651884
80 20.6792319829381
81 20.2049268451042
82 20.3691211338756
83 20.5386759638804
84 20.575689754613
85 20.522095208203
86 20.5096452613041
87 20.587220063849
88 20.7534050790159
89 20.9663811430897
90 21.1896136773087
91 21.4292107033672
92 21.7091358674592
93 22.1681983760964
94 22.6124853844453
95 23.1127489273662
96 23.5551331572873
97 23.9930343115964
98 24.4179707746961
99 24.8343902043382
100 25.2227780363229
101 25.5687299034553
102 25.9524167261492
103 26.3213234671356
104 26.7640580300834
105 27.1109948867231
106 27.4882353521222
107 27.7767155259806
108 28.2106802206814
109 28.6320754796355
110 28.9730348258899
111 29.2296521514287
112 29.5886325721261
113 29.835712551443
114 30.1141276743606
115 30.4230633924078
116 30.6651885553287
117 30.987908618407
118 31.2878990390659
119 31.5462165995749
120 31.8050306345307
121 32.0893662208693
122 32.3347643182993
123 32.5147388156521
124 32.7497137335946
125 32.9520241188818
126 33.1793901784379
127 33.4026561193138
128 33.6220082013105
129 33.8090157500414
130 34.0394678541536
131 34.2100396538902
132 34.3570849724212
133 34.475237686779
134 34.5607974671295
135 34.4392879411598
136 33.9619725735098
137 32.4479927069492
138 30.6259295668235
139 28.0047391433947
140 26.0075158022926
141 24.0030170733555
142 22.0807147007853
143 20.5007661506399
144 18.7402936843014
145 17.391809654341
146 16.2417867730344
147 15.2830854865555
148 14.0689219237617
149 13.1353502385516
150 12.381490359357
151 12.3114335574464
152 12.9175701752068
153 13.6548292098896
154 14.3930813931195
155 15.0148070219175
156 15.6734203297315
157 16.2377168948161
158 16.9239907469172
159 17.4236344512889
160 17.8909602887544
161 18.4060002320605
162 18.8416138426114
163 19.3197876898948
164 19.7451220964672
165 20.2504566158841
166 20.6357086306797
167 21.2366050416884
168 21.6574024377755
169 22.124073821945
170 22.5328230814755
171 22.8857695588072
172 23.2806719153629
173 23.6137619844355
174 23.970326482009
175 24.2254487694437
176 24.5085284539256
177 24.6563700106546
178 24.6295276526305
179 23.8808931639978
180 21.5330026384699
181 19.1076671398733
182 16.5871165885002
183 14.6311309633881
184 13.3581843383339
185 12.1220523680619
186 11.292360409812
187 11.3410216185069
188 12.3886397059904
189 13.4396008459157
190 14.2821058000393
191 15.2356966755932
192 15.8270649316197
193 16.4394967775708
194 16.9293710133693
195 17.455533215482
196 17.9507186717229
197 18.3715939947669
198 18.8414703862159
199 19.3008810234587
200 19.8078277185044
201 20.2498914043018
202 20.7373057447337
203 21.1053976381224
204 21.5218892547436
205 21.8774752065427
206 22.2723850614744
207 22.6058924272763
208 22.948182431834
209 23.3772372400537
210 23.6866560779636
211 23.9238405269472
212 24.187278746354
213 24.3851685599314
214 23.9299990212834
215 22.9248900272387
216 21.1301043168
217 19.2359272126591
218 17.7549019920439
219 16.4695946092665
220 14.9562086155191
221 13.6878942070016
222 12.6253338458682
223 12.653944489418
224 13.4671039091239
225 14.2096922884142
226 14.8922399676525
227 15.5446229422895
228 16.060276025099
229 16.6502641428503
230 17.1334031237813
231 17.72039990995
232 18.2203258471425
233 18.6879847610707
234 19.1377230303896
235 19.7315767404278
236 20.1825726163305
237 20.6338833340714
238 21.0323373794559
239 21.3763377327866
240 21.7653652155263
241 22.234547258486
242 22.6609588465504
243 22.985368149467
244 23.3492846298616
245 23.6631555624908
246 24.0207501437764
247 24.3910175913157
248 24.7914665358403
249 25.1942987444403
250 25.5090064824207
251 25.8727919317927
252 26.1679135927308
253 26.533021708936
254 26.8486782699446
255 27.2036286133458
256 27.5122302397385
257 27.8205228779193
258 28.1566027090012
259 28.4525520419189
260 28.7784360823777
261 29.0552987562076
262 29.4028751021926
263 29.7083649809605
264 29.9652185699197
265 30.2550105592096
266 30.5361983400067
267 30.8692855542766
268 31.1338267380148
269 31.3906005627255
270 31.6186292161219
271 31.9902703521605
272 32.232065883771
273 32.4990342878001
274 32.703574543529
275 32.9305510657679
276 33.1846523644884
277 33.401726553393
278 33.5946358542374
279 33.7900815461465
280 34.0286107259054
281 34.2607843592675
282 34.4653115337906
283 34.6662359085448
284 34.8638468333748
285 35.0319495037439
286 35.2234277977669
287 35.4342165928182
288 35.5944288755073
289 35.7731302956581
290 35.9269836280489
291 36.0989008269617
292 36.2461131943859
293 36.4305618873124
294 36.5705834378902
295 36.7026499894745
296 36.8558594513279
297 36.9840041221669
298 37.12484152196
299 37.1956634373908
300 37.2664594212386
301 37.2250205862456
302 37.0192231637207
303 36.528357313803
304 35.9997617089288
305 35.5436699687455
306 34.9952740634457
307 34.484396368361
308 33.8810079328009
309 33.3961785747366
310 31.9676985875234
311 30.5313197177275
312 28.9845042266461
313 27.6521147903306
314 26.3425188024392
315 25.3784929694022
316 25.3251007580169
317 25.3440501626212
318 25.2846303770677
319 25.1148385745319
320 24.841418282553
321 24.5814493640087
322 22.2950290483721
323 20.8654058961539
324 20.3838490362988
325 20.7228024381602
326 21.0647145673934
327 21.3433176796798
328 21.4219317008404
329 21.3431885955557
330 21.1159772381232
331 20.9167819689613
332 20.8369876318905
333 20.9598128342084
334 21.1255913597638
335 21.3470420693183
336 21.5142177722611
337 21.8072168198474
338 22.2310723738979
339 22.6574124587767
340 23.165635041307
341 23.5562871462574
342 23.9999781868565
343 24.4291263096649
344 24.7931730296088
345 25.1898061756072
346 25.5849985361887
347 25.9226012054675
348 26.2934962471938
349 26.6045251264899
350 26.9537921124312
351 27.2517172476047
352 27.6269619000197
353 27.9467427620935
354 28.3366953243983
355 28.7537132975686
356 29.0183126464874
357 29.3818967104405
358 29.6674113148118
359 29.9133857873016
360 30.1909478628502
361 30.4650471934537
362 30.6696289545182
363 30.9979054600741
364 31.2263440386981
365 31.5216366429935
366 31.7805621013386
367 32.065784991017
368 32.3119177965694
369 32.5518803234996
370 32.7570926051498
371 32.9879793934852
372 33.1866240961175
373 33.4097520817205
374 33.6018837348711
375 33.8159284375692
376 34.0463755578768
377 34.2170012116733
378 34.3818772650575
379 34.5056501413581
380 34.5181078769497
381 34.4856794526119
382 33.5315558951436
383 31.9696502930531
384 30.1142409314779
385 27.8900536991368
386 25.8502610137131
387 23.8304864239351
388 21.4596076905923
389 19.3811824348997
390 17.8340208886307
391 16.444949122045
392 15.4938488654577
393 14.5094642822974
394 13.5912030979491
395 12.6386542432318
396 11.8131103476279
397 11.8433573330745
398 12.4964599121489
399 13.2500171900785
400 13.8898148001034
401 14.5888382303201
402 15.1419784885548
403 15.6950034254224
404 16.2790785204951
405 16.7708982760098
406 17.2905567542722
407 17.7380285282396
408 18.2320057020968
409 18.6740250491495
410 19.198055914983
411 19.5973884024542
412 20.0443711717387
413 20.5498290937515
414 20.9264232084099
415 21.2986666058698
416 21.7199572581081
417 22.0852874594143
418 22.4981582744045
419 22.852287683428
420 23.2890526383865
421 23.6340269965803
422 23.9720726760911
423 24.2088296265996
424 24.3050348931329
425 24.1812323430313
426 23.4942649153868
427 21.2278804462023
428 19.4704821359032
429 17.1631173415482
430 15.6784766699791
431 14.3320496116874
432 13.1419943839927
433 11.816973546639
434 11.4967981928438
435 12.3332162572448
436 13.3978899675082
437 14.6320332644542
438 15.5216558525768
439 16.1576536895685
440 16.7814139680288
441 17.2923686485234
442 17.8255445603557
443 18.2638449095902
444 18.7458250316147
445 19.2116633457536
446 19.7776639002547
447 20.2189525913445
448 20.6526359234022
449 21.024454649543
450 21.4376562395518
451 21.896384950361
452 22.2429681233736
453 22.6284076991012
454 22.9514677931942
455 23.3260619618638
456 23.6582499165951
457 23.9589809683198
458 24.251206876861
459 24.4968888660984
460 24.225296614119
461 23.8119052010049
462 22.1726906200822
463 20.5159926354417
464 19.0735396188598
465 17.7556974987069
466 16.3680952039364
467 15.1808758756027
468 13.9691358043948
469 13.5456678773834
470 13.8640280148138
471 14.4793106074407
472 15.0816882550437
473 15.8170470009
474 16.4634312431001
475 17.0801345169039
476 17.6474366917699
477 18.2127286847385
478 18.676244363323
479 19.1794561706383
480 19.6658222066547
481 20.1188351905865
482 20.6662737445953
483 21.2688054869779
484 21.6646449539698
485 22.0556596344114
486 22.4375716742752
487 22.7991748020351
488 23.1654085887278
489 23.522427815919
490 23.8701151060799
491 24.2099120260207
492 24.5027563594868
493 24.8689907484694
494 25.1319248475353
495 25.4377456539489
496 25.7569383550431
497 26.0546294947154
498 26.4109503891395
499 26.698158166254
500 27.1050169676055
501 27.5036962747729
502 27.8573099864862
503 28.2512580199637
504 28.5898604239779
505 28.9225307440356
506 29.2066596046559
507 29.5546219222321
508 29.8226580628571
509 30.1575593991576
510 30.444812866535
511 30.8289825679804
512 31.1894996060122
513 31.4488647894243
514 31.7309381345251
515 32.0757651285801
516 32.4338677068549
517 32.6384347650092
518 32.8969936709934
519 33.091551202024
520 33.31384967966
521 33.5052584641356
522 33.7432566642474
523 33.9566361749802
524 34.1455951761313
525 34.3508780166281
526 34.5261559726934
527 34.7261135154326
528 34.9225338392444
529 35.0920723379966
530 35.2807122795415
531 35.4915509362263
532 35.674842880403
533 35.8530839257129
