0 0
1 6.1820518576363e-39
2 0.0775543498007771
3 0.263227691118159
4 0.0226514390139661
5 0.0173650011365352
6 0.0485974233324776
7 0.0994934534393177
8 0.144217672911837
9 0.119899661074841
10 -0.019463834045542
11 -0.116763229704187
12 -0.181416153117456
13 -0.227077208588452
14 -0.219966082771412
15 -0.182152216949723
16 -0.127972590053566
17 -0.0655391396995407
18 -0.000338045736184334
19 0.0624352976708644
20 0.113509109631906
21 0.163161986515857
22 0.2020908222414
23 0.238486555069838
24 0.265919357651176
25 0.294372087944531
26 0.343317255548803
27 0.359778266196552
28 0.3650954127604
29 0.36653900951699
30 0.366160570035422
31 0.365562453096677
32 0.368349615165932
33 0.373634501852279
34 0.391992942099607
35 0.411078031221348
36 0.437275233050206
37 0.464357893066248
38 0.499225652670481
39 0.54339237230882
40 0.579331824095991
41 0.633455836122117
42 0.684356915826903
43 0.743386102953604
44 0.786547085864349
45 0.828913234203446
46 0.895636161493721
47 0.9300528966655
48 0.969891120032035
49 1.00896279930181
50 1.05208582781048
51 1.16684718212168
52 1.21904681278893
53 1.27493843099691
54 1.3434838742456
55 1.40208417904711
56 1.48590529942076
57 1.60466696406821
58 1.72737307299102
59 1.87458949311645
60 2.06066262757391
61 2.22112476468461
62 2.43853673371337
63 2.61920477325944
64 2.87417615441732
65 3.06517790234423
66 3.24402021913642
67 3.57653006657981
68 3.84963165881282
69 4.11902170037927
70 3.96115519973243
71 3.78816602821059
72 3.5545245364532
73 3.48394167515646
74 3.75132806111609
75 3.98740134567309
76 4.23104170049044
77 4.35072202476509
78 4.42044684763004
79 4.35334454605954
80 3.84267041671709
81 3.83259774806621
82 4.00218110411905
83 4.13074737432897
84 4.199870862323
85 4.21737593323436
86 4.24480994932376
87 4.25040257897392
88 4.24586152697196
89 4.18011806149582
90 4.12668381891789
91 4.07711377895191
92 3.99621799772291
93 3.87691666989135
94 3.73148889952985
95 3.5589877508555
96 3.35345977280766
97 3.13768477489748
98 2.9098682860056
99 2.71954580595981
100 2.49995472961617
101 2.32493048931644
102 2.0929235229891
103 1.89194963676754
104 1.71459010651785
105 1.56936832597216
106 1.39343247853671
107 1.29169720904928
108 1.20424693367025
109 1.17172030152763
110 1.10333353400724
111 1.10719253635806
112 1.11134124158652
113 1.1280334410548
114 1.13757719371579
115 1.12914346558468
116 1.1848489912267
117 1.10145824090894
118 0.963520082535107
119 0.895500829112289
120 0.713785489098874
121 0.484663509417464
122 0.291098230828765
123 0.177749137942009
124 0.101034195972067
125 -0.000246382865464869
126 -0.047586538673719
127 0.106935679667883
128 0.206691241690755
129 0.345715216741927
130 0.64397713207178
131 1.2750106727434
132 1.71659421018362
133 2.21329616528009
134 3.02100892036743
135 3.72544500744672
136 5.22595498137345
137 5.59575403928837
138 5.86601771842579
139 6.86496715919853
140 7.24272034466381
141 7.39720940103642
142 7.73631806225279
143 7.69007620589894
144 7.50972577295906
145 7.09033836105949
146 6.79964354980137
147 6.29156444216428
148 5.58437687935016
149 5.01635734541271
150 4.47957438489694
151 4.22700458185295
152 4.1318181011044
153 3.89316938786485
154 3.57137031868963
155 3.24373735947816
156 2.92770395919503
157 2.58893961748927
158 2.18167254396688
159 1.85422646869154
160 1.67107893959009
161 1.3800730073462
162 1.22143300799659
163 1.02466352477148
164 0.712896960136596
165 0.599042905646643
166 0.577669335551753
167 0.367588519458875
168 0.349484309878009
169 0.351891591332285
170 0.285500248456529
171 0.16259361371002
172 -0.0753231835299471
173 -0.387758372547937
174 -0.852979295941484
175 -1.83980512556805
176 -2.64553337913861
177 -3.55918075372722
178 -4.67536135419502
179 -5.58348915637129
180 -6.47655334581956
181 -6.66294675220542
182 -6.73629948781096
183 -6.38353165753458
184 -5.94520318823083
185 -5.25455292723051
186 -4.76838312256229
187 -4.44203306521896
188 -4.24255961879964
189 -3.73472708909396
190 -3.16710664326197
191 -2.44000198299839
192 -1.87805597738994
193 -1.43465207945306
194 -0.94901811211492
195 -0.608645577797087
196 -0.338312094593596
197 -0.162520135025602
198 0.0369882648503639
199 0.174768514233741
200 0.301526685168337
201 0.399211812768143
202 0.510391504086009
203 0.661637260126637
204 0.783919660736628
205 0.907679629828369
206 1.08767283920031
207 1.28930129129313
208 1.69827990325143
209 2.10126354174913
210 2.48986580649434
211 2.86622112816579
212 3.49791170881617
213 4.22310337392556
214 5.64882061507636
215 6.5250242543279
216 6.82428267697703
217 6.59257914220648
218 6.31542161254772
219 5.98660142740743
220 5.35426833703734
221 4.72523236297448
222 4.10486195134031
223 3.88946070575381
224 3.79218512023659
225 3.57598328978084
226 3.29949919686496
227 3.00557863651374
228 2.82171090808246
229 2.59994217324216
230 2.42242579427834
231 2.29588188317595
232 2.20242033581172
233 2.21121060533571
234 2.27950738581004
235 2.39898373199001
236 2.59705397221331
237 2.76790845732247
238 2.88979786181246
239 2.98914648017876
240 3.09551046801216
241 3.24511737983235
242 3.34337379395781
243 3.42089554754814
244 3.49873016730538
245 3.57425675326411
246 3.64114212259962
247 3.65085303690386
248 3.67538863451325
249 3.67664003708925
250 3.64612774297854
251 3.58633312365081
252 3.57220918946195
253 3.4831850670356
254 3.35668378457734
255 3.21991498989835
256 3.0837090594386
257 2.95484946163481
258 2.76226840355589
259 2.62861839877522
260 2.44886917464727
261 2.30979386683738
262 2.16139140634742
263 2.01387438117175
264 1.91237321741565
265 1.76522009040658
266 1.68112923334376
267 1.6505942902557
268 1.62276156429338
269 1.60737385833331
270 1.54640413947755
271 1.53167545653997
272 1.54227529767132
273 1.55314146504209
274 1.56171820386468
275 1.60018367895418
276 1.61540423769207
277 1.66865401020291
278 1.67126958967187
279 1.60874080035049
280 1.60615835687788
281 1.63594547774976
282 1.64463000971992
283 1.65185501551983
284 1.66039663578066
285 1.6870019328719
286 1.69682270039641
287 1.71654355698178
288 1.7393734431712
289 1.78160474283559
290 1.82069166672201
291 1.87233545764756
292 1.92648242012508
293 2.00544281305
294 2.07818421582868
295 2.18332136804063
296 2.28800857678139
297 2.37601007297575
298 2.50384338452673
299 2.68154671825808
300 2.85223229452719
301 2.96641188450774
302 3.08758660983867
303 3.24362380400525
304 3.41385622978835
305 3.52313114210299
306 3.68808151719303
307 3.79103126478975
308 4.03514798731186
309 4.14954256550325
310 3.99919004105216
311 3.93712356374302
312 3.78223777882875
313 3.59299082101151
314 3.49064835374303
315 3.35938864899243
316 3.50234938152581
317 3.63459344439061
318 3.7386871904095
319 3.87268311602244
320 4.01553583903967
321 4.15090379023249
322 3.63177959270649
323 3.33954529181812
324 3.33210601889615
325 3.6678741497393
326 3.87816612442459
327 4.11207863829493
328 4.24261733844232
329 4.31501827010923
330 4.31395377019175
331 4.33839641296438
332 4.36471389884191
333 4.38461953820499
334 4.33624896387818
335 4.27534487991905
336 4.21522300308783
337 4.11291694693889
338 3.95939138779827
339 3.78931997926634
340 3.59026710470653
341 3.38734337706614
342 3.15912617653976
343 2.90965929840716
344 2.70000644764568
345 2.51789486376449
346 2.2815514428602
347 2.07075061845451
348 1.8613581059202
349 1.76476096811739
350 1.56745300067398
351 1.45321144114547
352 1.3011244640123
353 1.22961593771552
354 1.1895691816924
355 1.17111578430575
356 1.11372454263879
357 1.11773448262902
358 1.13345999799668
359 1.14324896682604
360 1.14714687064674
361 1.13491561649427
362 1.18577586215789
363 1.09996296026604
364 0.994760358120811
365 0.925617329735044
366 0.744752991003484
367 0.5183814539226
368 0.324930186133834
369 0.159211343446098
370 0.100503315263896
371 0.00453911701650844
372 -0.0423910824853563
373 0.110223362074782
374 0.192248574458048
375 0.341215935758984
376 0.641255431782715
377 1.27078771828813
378 1.78005928325436
379 2.38918875700312
380 3.15001862575379
381 4.0863823621185
382 5.5109305835826
383 5.9545336729647
384 6.23714044061215
385 7.23065391780331
386 7.59272877177121
387 7.74001325685307
388 8.01163216114723
389 8.0029767587833
390 7.67921920939235
391 7.19448234560669
392 6.76259577883194
393 6.15702681824479
394 5.5583047180883
395 4.78960936682872
396 4.12972540937619
397 3.79984618193761
398 3.62208699491145
399 3.33188444536133
400 3.00658247102028
401 2.64225778948859
402 2.36012307869009
403 2.09263170524453
404 1.71601654931902
405 1.49699509022029
406 1.28292047062492
407 1.14900203707847
408 1.01030700287109
409 0.695025234007245
410 0.603558558334291
411 0.60637437969835
412 0.626520015079971
413 0.465925547586925
414 0.481751928543469
415 0.513810641070018
416 0.52815565008509
417 0.467876755605677
418 0.295045859373981
419 0.0763870802525592
420 -0.379340303369247
421 -1.4073223904949
422 -2.12806590430872
423 -2.93381781761896
424 -3.84805028904776
425 -4.67967379250185
426 -5.40982150227776
427 -6.21811235280578
428 -6.38980992566235
429 -6.45940520671369
430 -6.2844659284685
431 -5.84518321674789
432 -5.36296995117686
433 -4.65942693755322
434 -4.47197479484395
435 -4.55323620233937
436 -4.24028898796561
437 -3.57659988364135
438 -2.84276980701121
439 -2.35551266964227
440 -1.69105986157864
441 -1.30442314430916
442 -0.841145121180757
443 -0.597812061700868
444 -0.277738760524981
445 -0.07792837149991
446 0.181308954166169
447 0.323823170108568
448 0.484675133464604
449 0.590793691849247
450 0.782020234611819
451 0.939219002908144
452 1.07196336289243
453 1.27861953750296
454 1.47399499919254
455 1.93213042015553
456 2.26697740164877
457 2.64466583331204
458 3.16686130677563
459 3.85102668324807
460 5.15176315806062
461 5.90600658867313
462 5.98878114667028
463 5.89820601786465
464 5.77385922561529
465 5.52510993210598
466 5.16756268134689
467 4.83753295623277
468 4.35308457875915
469 4.24722982539822
470 4.38756380709017
471 4.43180355343437
472 4.32556215743035
473 4.10405882986383
474 3.80696732826075
475 3.54608796719556
476 3.34305925824771
477 3.11951149776406
478 2.94551579569582
479 2.81884193702079
480 2.70210052869064
481 2.6642076709489
482 2.66868744172734
483 2.80316437129457
484 2.90159711263485
485 2.98166591672672
486 3.07009293166875
487 3.20198937296038
488 3.30568186831541
489 3.40555342486866
490 3.5182095842622
491 3.63214374406878
492 3.72623173026914
493 3.77634146780396
494 3.81944801906153
495 3.85629248099987
496 3.85334474901406
497 3.82756997061666
498 3.75594302746496
499 3.7406755175703
500 3.62153136867431
501 3.43369732143555
502 3.25774133111725
503 3.03849669616566
504 2.8271746368539
505 2.63354479395418
506 2.45219613822852
507 2.26946337035883
508 2.1111536987225
509 1.93805904390422
510 1.7866193459899
511 1.64188238635221
512 1.58797716593711
513 1.55812264763671
514 1.54785218052549
515 1.48946831385526
516 1.49648639258202
517 1.51420531569085
518 1.54209323463445
519 1.58966981027347
520 1.6191006546494
521 1.63795365698067
522 1.70111269392033
523 1.71324543179732
524 1.67006975888799
525 1.67027487050619
526 1.7004433402361
527 1.71664828325059
528 1.72226458579979
529 1.7282725954641
530 1.75123168755331
531 1.76050208452842
532 1.77408296258413
533 1.80099234082519
