0 0
1 -0.193508915134957
2 -0.374531566539359
3 -0.374531566539359
4 -0.374531566539359
5 -0.374531566539359
6 -0.374531566539359
7 -0.374531566539359
8 -0.220154835807572
9 -0.0271139364379637
10 0.0345568576999127
11 0.0742162161217778
12 0.076150923666975
13 0.0689400112044806
14 0.0481122260783451
15 0.0308823371965164
16 0.017133915787459
17 0.0057474931000566
18 -0.00278476176736313
19 -0.00897864560416979
20 -0.0125074548632915
21 -0.0155990171496851
22 -0.0169059074539607
23 -0.0179759895317377
24 -0.0181929454038147
25 -0.0181889687637676
26 -0.0202292777618169
27 -0.0186071337826347
28 -0.0177712856020487
29 -0.0166787671107762
30 -0.0155467171626556
31 -0.0147772956680638
32 -0.0139883132058168
33 -0.0136080177549519
34 -0.0136328335933782
35 -0.0136314369687613
36 -0.0138412720517512
37 -0.0140842197371579
38 -0.0144876163051191
39 -0.0150157728233061
40 -0.0153288099950805
41 -0.0160223109193279
42 -0.0167888083157671
43 -0.0170371660868554
44 -0.0175239159348362
45 -0.0180697713166384
46 -0.0187052149707779
47 -0.0186099420575588
48 -0.0187962054477122
49 -0.018921875162197
50 -0.0191760233442873
51 -0.0211335956313185
52 -0.0206225075612085
53 -0.0211965070219657
54 -0.021621190371141
55 -0.0219557712101831
56 -0.0229947999421606
57 -0.0243106556891973
58 -0.0256054142294899
59 -0.0278988480564425
60 -0.029119389557618
61 -0.0310017935941993
62 -0.0333680838438652
63 -0.0348912173266181
64 -0.038076604524812
65 -0.0391989729387924
66 -0.041631904874205
67 -0.0449985725363643
68 -0.0474885695654725
69 -0.0519601891319712
70 -0.0562662053806814
71 -0.0581425202319937
72 -0.0628336040535244
73 -0.0662730819860479
74 -0.0711652998405947
75 -0.0738238273559969
76 -0.0796337764036294
77 -0.0821043904278291
78 -0.0859854427931103
79 -0.0895442773599578
80 -0.0956411310291149
81 -0.0986187266239474
82 -0.100698358018908
83 -0.101620974269211
84 -0.102925704485457
85 -0.103616292198923
86 -0.104347980779028
87 -0.103064140531524
88 -0.101209763344887
89 -0.0971202219452335
90 -0.0945142479906647
91 -0.0912399323070664
92 -0.0870194021390305
93 -0.0804010497282094
94 -0.0748773902573958
95 -0.0680740755900396
96 -0.0620780870763368
97 -0.0559728921116949
98 -0.0501977275932039
99 -0.0428708678714445
100 -0.0418390621943925
101 -0.0359540624066902
102 -0.0322699986516656
103 -0.0280967734355937
104 -0.0247711189041771
105 -0.0206199442706886
106 -0.0196511537145193
107 -0.0169081657649447
108 -0.0161527242407284
109 -0.0151710167561491
110 -0.0137995282089541
111 -0.0135001049805238
112 -0.0139018115467979
113 -0.0136659289743716
114 -0.0134581334347825
115 -0.0131204787625673
116 -0.013936384996643
117 -0.0117006562263177
118 -0.0101745378733215
119 -0.00956495879135653
120 -0.00671444246238313
121 -0.00431462252589975
122 -0.00238225060196174
123 -0.000587089252491958
124 -0.000346478518547317
125 0.000296249988279531
126 0.000556105889021161
127 -0.00183746272894711
128 -0.00206093955359636
129 -0.00389634084828312
130 -0.00710256733448371
131 -0.0141650298332785
132 -0.0165430430842994
133 -0.0219157629125521
134 -0.0298630026445575
135 -0.0394632168936851
136 -0.0519821213534094
137 -0.0575575512583653
138 -0.0686780386529486
139 -0.0980857086108008
140 -0.109961507549355
141 -0.131709510661312
142 -0.1576452502005
143 -0.174131211334262
144 -0.201875725759881
145 -0.226943990785793
146 -0.230368322152656
147 -0.247500044968648
148 -0.259529387065859
149 -0.270226042418196
150 -0.273614719381575
151 -0.259291550789424
152 -0.228573027389038
153 -0.195106172787464
154 -0.163735208292147
155 -0.139952658905192
156 -0.116340067597472
157 -0.0970547512553409
158 -0.073194152386043
159 -0.0615913857828768
160 -0.047644635416335
161 -0.0421111046144205
162 -0.0319878729143936
163 -0.0285903705898912
164 -0.0154764687983246
165 -0.0160385292261563
166 -0.0140680134418941
167 -0.00625503121315025
168 -0.0090061037554345
169 -0.00721124714381402
170 -0.00555830266418414
171 -0.00228411412798022
172 0.00339870569057255
173 0.00962005141298537
174 0.0193285562698448
175 0.0410054262127198
176 0.0502187630862012
177 0.0678220864688335
178 0.0862504304759679
179 0.106135559721971
180 0.150701620281875
181 0.182010877453045
182 0.23743374944646
183 0.271590483384464
184 0.297176705586664
185 0.332498856254728
186 0.330859880086021
187 0.306666295930028
188 0.240766954710542
189 0.187724742308852
190 0.144996144348077
191 0.0938184113291932
192 0.0732429997302946
193 0.0389436712317285
194 0.0342813482844691
195 0.0153943942743177
196 0.00941291680218518
197 0.000173653960516784
198 -0.00178130692202387
199 -0.00674489424113366
200 -0.00914272622625577
201 -0.0112813771655813
202 -0.0136808374190006
203 -0.0173283658197357
204 -0.0188668923873187
205 -0.0213999179927773
206 -0.0249187798438926
207 -0.0284825259800485
208 -0.0379339696730189
209 -0.043056507635665
210 -0.0497924797929453
211 -0.058589724701261
212 -0.0656491819823282
213 -0.0786974998481735
214 -0.110695171378536
215 -0.143349736910624
216 -0.148633801342841
217 -0.178156445388329
218 -0.192402897996278
219 -0.211867500133578
220 -0.229689921581688
221 -0.2424215599954
222 -0.249139730559499
223 -0.229689735089406
224 -0.195685807909558
225 -0.169949001688513
226 -0.143763249811783
227 -0.121982065854078
228 -0.110764079541695
229 -0.093052705898413
230 -0.0847276034226495
231 -0.0743934801614677
232 -0.0690058092542306
233 -0.0669166518005016
234 -0.0651794125757267
235 -0.066007610783143
236 -0.0687887158246937
237 -0.0692327685426421
238 -0.0694045611430986
239 -0.0694608662553021
240 -0.0691508997328199
241 -0.0696400796478041
242 -0.068500072026996
243 -0.0678895261476643
244 -0.0678067954848715
245 -0.0672237913551527
246 -0.0663863118236294
247 -0.064126981125612
248 -0.0628154205320076
249 -0.0605744099426477
250 -0.0587860539692243
251 -0.0559046641922585
252 -0.0551520698407153
253 -0.051391088241022
254 -0.0487650595532932
255 -0.0453332167452857
256 -0.0427230158179548
257 -0.038719324998881
258 -0.0367630079446174
259 -0.0330229271933929
260 -0.0312558287962913
261 -0.0286242973041032
262 -0.0261690072886996
263 -0.0238986053293612
264 -0.0214622510768158
265 -0.0205684939077132
266 -0.0189926685632176
267 -0.0186358296586668
268 -0.0176998873970331
269 -0.0176506039863071
270 -0.0162883836945882
271 -0.0161806017998945
272 -0.0159833033630098
273 -0.0159081577252715
274 -0.0157408890624155
275 -0.0160260350899602
276 -0.015826199103295
277 -0.0163879693583731
278 -0.0158688416191453
279 -0.0149674698889574
280 -0.0150615753448354
281 -0.0151211148920642
282 -0.0149426177703422
283 -0.0148695409935496
284 -0.0147679078506688
285 -0.0149566989659602
286 -0.0148432797821852
287 -0.0147967164574817
288 -0.0149119348117946
289 -0.0151655229742655
290 -0.0153351355452079
291 -0.0156727089485235
292 -0.0159803649671807
293 -0.0165457061516796
294 -0.0169527953637554
295 -0.0180267342698658
296 -0.0183102221991229
297 -0.0191539648722515
298 -0.0198669865822515
299 -0.0218084267795395
300 -0.022332167815494
301 -0.0237168672707639
302 -0.0245574170139815
303 -0.0269656107261157
304 -0.0289870681158776
305 -0.0314269363572668
306 -0.032717052283398
307 -0.0348457617124433
308 -0.0388913766265089
309 -0.0400796066908232
310 -0.0425468094120399
311 -0.0474120093107387
312 -0.0481796466126868
313 -0.0513195370398174
314 -0.054582657931159
315 -0.057533072458472
316 -0.0581820411258376
317 -0.0608442143697442
318 -0.0636958643805272
319 -0.065369960032148
320 -0.0700473719112493
321 -0.0731370263265365
322 -0.0787113709919519
323 -0.0817860182533786
324 -0.0855722505398136
325 -0.0911510658500033
326 -0.0938338850590622
327 -0.0937360719403491
328 -0.0968154787629543
329 -0.0985398732128011
330 -0.100654406879669
331 -0.104115437426333
332 -0.103326256969736
333 -0.102623355057203
334 -0.0992026970756437
335 -0.096079390957483
336 -0.0936459410154654
337 -0.0882062832070132
338 -0.0815599987646203
339 -0.0755189662968928
340 -0.0681594013936459
341 -0.0629449260341329
342 -0.0560632396043941
343 -0.0500778554616552
344 -0.0455243373221593
345 -0.0411311843590878
346 -0.0356991068481063
347 -0.0319870905415003
348 -0.0276239131402384
349 -0.0244364624790321
350 -0.0228002651952838
351 -0.0203828236491749
352 -0.0175199756167916
353 -0.0168381842704309
354 -0.0156745764795089
355 -0.0152016309708361
356 -0.0139175801174682
357 -0.0141045202988925
358 -0.0138985877341849
359 -0.0138362216446653
360 -0.0135573687708803
361 -0.0131172849354749
362 -0.0137289380790394
363 -0.0117667295289265
364 -0.010724287851885
365 -0.00980580778344542
366 -0.00711028601908113
367 -0.00466203568400259
368 -0.00274291143756245
369 -0.00107924051136748
370 -0.000987033632111422
371 0.000423947972293227
372 0.000415365119386162
373 -0.00181889268834389
374 -0.00186553627850049
375 -0.0039276695740232
376 -0.00704511984191236
377 -0.0141280537113545
378 -0.0173927290653683
379 -0.0238039476817038
380 -0.0307354449123639
381 -0.0396715467982577
382 -0.0573964757610265
383 -0.062347690652641
384 -0.0751888264778474
385 -0.101887819313003
386 -0.116046774385225
387 -0.137790058125166
388 -0.17143841111132
389 -0.199058470672383
390 -0.218480891120433
391 -0.23896320909501
392 -0.250003375767807
393 -0.262825312078528
394 -0.273140277148831
395 -0.281856726243543
396 -0.281322968699602
397 -0.250883955397643
398 -0.217117658267528
399 -0.178576936209119
400 -0.150926457739952
401 -0.119143746877502
402 -0.103337000821337
403 -0.0760741974069316
404 -0.0660736034871926
405 -0.0479265807194689
406 -0.0454897528231467
407 -0.0364724661850016
408 -0.0311121096942442
409 -0.016891057172279
410 -0.0182030390783506
411 -0.0165978808367555
412 -0.0170792523682005
413 -0.00944006867352156
414 -0.0131884806185726
415 -0.0137167606771481
416 -0.0113757262696723
417 -0.00877202067879086
418 -0.0051162573682375
419 0.00198695342655596
420 0.0103878481363759
421 0.035630069598823
422 0.0419324165229322
423 0.059085211856344
424 0.0733529761794345
425 0.0879103290004997
426 0.105781896371935
427 0.1495402364323
428 0.166996732169859
429 0.218397819709921
430 0.236736243016356
431 0.264074834517084
432 0.285367837501448
433 0.311024745800167
434 0.307400158008588
435 0.263741434644497
436 0.211164213847113
437 0.148546811516917
438 0.110598857885926
439 0.0693897977545359
440 0.0619573729762481
441 0.0359762064245836
442 0.0250492924688934
443 0.0112207873011117
444 0.0072711280601075
445 -0.00214831911385838
446 -0.00647099144389135
447 -0.0118134844909422
448 -0.0125957525119736
449 -0.0158446899192731
450 -0.0197538738232698
451 -0.0219687691656028
452 -0.0253189118144157
453 -0.027867613489785
454 -0.0326917428075366
455 -0.0410122921152824
456 -0.0447451227358907
457 -0.0515670268072101
458 -0.06011617641404
459 -0.0713620837867533
460 -0.099564269455665
461 -0.107878973915995
462 -0.12783291157865
463 -0.142951991299456
464 -0.160389354348819
465 -0.174417040914971
466 -0.191999093033053
467 -0.207252527619008
468 -0.220262196216693
469 -0.225570519586867
470 -0.217830418887018
471 -0.199725394868963
472 -0.181439565050789
473 -0.156238609934218
474 -0.136689160277538
475 -0.119812208346755
476 -0.107647791212708
477 -0.0941352017733164
478 -0.0864682750429484
479 -0.0784243663465154
480 -0.0720693527529445
481 -0.0689571427558356
482 -0.0653003505608157
483 -0.0661987902219287
484 -0.0654569648613561
485 -0.0649481296177343
486 -0.0646519556468729
487 -0.065659703086091
488 -0.0650891507819142
489 -0.065219920115569
490 -0.0653778147598536
491 -0.0655602767876571
492 -0.0655485964793805
493 -0.0639813409090866
494 -0.0638201142573975
495 -0.062532426997689
496 -0.0608484203534259
497 -0.059082566634011
498 -0.0560839515216523
499 -0.0554586066710197
500 -0.0508914936429793
501 -0.0471480208849783
502 -0.043717546114091
503 -0.0393264517233454
504 -0.0360444510371802
505 -0.032775733426406
506 -0.0300656357657908
507 -0.027013120653349
508 -0.0249463477803342
509 -0.0220864946732021
510 -0.0202423467578935
511 -0.0179398329766856
512 -0.0175510215980695
513 -0.0166308912282579
514 -0.0166667095790041
515 -0.0152012974785531
516 -0.0155237591067587
517 -0.0155045877770292
518 -0.0154094497386776
519 -0.015887613210566
520 -0.0157651198054219
521 -0.0158281174770626
522 -0.0163595228325474
523 -0.0159620908398676
524 -0.0150997418994137
525 -0.0154533870286785
526 -0.0156297082564829
527 -0.0153177608876949
528 -0.0152890144342831
529 -0.0151475393924351
530 -0.0152876338581271
531 -0.0150670627774494
532 -0.0150074756548919
533 -0.0152608516855948
