0 0
1 3.733651
2 3.733651
3 3.733879
4 3.735737
5 3.741301
6 3.753153
7 3.767375
8 3.790452
9 3.814503
10 3.840676
11 3.848777
12 3.847328
13 3.838713
14 3.824121
15 3.809849
16 3.79828
17 3.789112
18 3.782669
19 3.778953
20 3.777787
21 3.778602
22 3.780771
23 3.784646
24 3.788955
25 3.79546
26 3.801893
27 3.807889
28 3.815375
29 3.822206
30 3.830072
31 3.836899
32 3.844519
33 3.851023
34 3.858275
35 3.864514
36 3.871633
37 3.877925
38 3.885249
39 3.893735
40 3.900588
41 3.910855
42 3.920581
43 3.930794
44 3.939162
45 3.947906
46 3.95835
47 3.967918
48 3.980822
49 3.992742
50 4.005038
51 4.019285
52 4.032303
53 4.049485
54 4.065639
55 4.080491
56 4.093859
57 4.109603
58 4.123898
59 4.141029
60 4.159061
61 4.175901
62 4.199142
63 4.218477
64 4.242145
65 4.264287
66 4.287992
67 4.316884
68 4.351791
69 4.384909
70 4.423367
71 4.461843
72 4.501123
73 4.535807
74 4.572595
75 4.607483
76 4.650414
77 4.695793
78 4.743549
79 4.792838
80 4.835115
81 4.89404
82 4.951023
83 5.011872
84 5.082689
85 5.155293
86 5.214257
87 5.2665
88 5.327135
89 5.388495
90 5.449893
91 5.510723
92 5.563367
93 5.630235
94 5.688369
95 5.751672
96 5.805662
97 5.856962
98 5.90517
99 5.950196
100 5.992237
101 6.025808
102 6.061514
103 6.094122
104 6.130982
105 6.157335
106 6.183738
107 6.202137
108 6.228217
109 6.251269
110 6.268518
111 6.28114
112 0.01485045
113 0.02601948
114 0.03844806
115 0.05217612
116 0.06408151
117 0.07757429
118 0.09087384
119 0.1024398
120 0.1133391
121 0.1247849
122 0.133874
123 0.1397611
124 0.1462074
125 0.1505176
126 0.1541331
127 0.156621
128 0.1582385
129 0.1595095
130 0.161315
131 0.1634293
132 0.1662514
133 0.1711076
134 0.18081
135 0.1896883
136 0.2064283
137 0.2246018
138 0.2513023
139 0.2923639
140 0.3359178
141 0.3899438
142 0.4465671
143 0.5114906
144 0.5954288
145 0.6774802
146 0.7659805
147 0.8492236
148 0.9707471
149 1.067573
150 1.150828
151 1.245203
152 1.345815
153 1.449347
154 1.550329
155 1.632874
156 1.717905
157 1.784574
158 1.859552
159 1.910366
160 1.954211
161 1.996944
162 2.028023
163 2.05823
164 2.08061
165 2.104828
166 2.119642
167 2.138269
168 2.149613
169 2.159478
170 2.16672
171 2.172317
172 2.177784
173 2.181501
174 2.183736
175 2.183107
176 2.177282
177 2.161978
178 2.137097
179 2.102009
180 2.057374
181 1.983382
182 1.887739
183 1.773727
184 1.675839
185 1.555742
186 1.456552
187 1.297435
188 1.135453
189 0.9847201
190 0.8723953
191 0.7517427
192 0.6799072
193 0.6140131
194 0.5678889
195 0.5288675
196 0.50052
197 0.4825451
198 0.4682148
199 0.4595053
200 0.4544479
201 0.4532262
202 0.4548138
203 0.4577853
204 0.4629083
205 0.4690151
206 0.4777389
207 0.4868454
208 0.4991974
209 0.5178937
210 0.5366884
211 0.5562382
212 0.5860325
213 0.6263869
214 0.674164
215 0.7297604
216 0.7960629
217 0.8768198
218 0.9571263
219 1.034145
220 1.146272
221 1.250358
222 1.344455
223 1.449731
224 1.56548
225 1.67263
226 1.763613
227 1.848023
228 1.915099
229 1.983654
230 2.037895
231 2.09986
232 2.149385
233 2.194713
234 2.236554
235 2.291067
236 2.334418
237 2.377752
238 2.417337
239 2.452886
240 2.494463
241 2.547822
242 2.596894
243 2.635778
244 2.680854
245 2.720627
246 2.76648
247 2.812803
248 2.86526
249 2.917525
250 2.95787
251 3.003854
252 3.043526
253 3.087999
254 3.126235
255 3.168532
256 3.204452
257 3.239156
258 3.276865
259 3.308199
260 3.342275
261 3.370131
262 3.40373
263 3.431769
264 3.454662
265 3.479115
266 3.501329
267 3.526958
268 3.54616
269 3.564515
270 3.579905
271 3.605307
272 3.621579
273 3.639285
274 3.652797
275 3.668066
276 3.685009
277 3.700049
278 3.713236
279 3.726483
280 3.743568
281 3.760489
282 3.775347
283 3.790167
284 3.804978
285 3.817883
286 3.832601
287 3.849228
288 3.862172
289 3.876993
290 3.890039
291 3.905067
292 3.918344
293 3.935719
294 3.949467
295 3.963488
296 3.979947
297 3.994841
298 4.012415
299 4.026066
300 4.047339
301 4.064748
302 4.085507
303 4.112569
304 4.13782
305 4.158195
306 4.182507
307 4.204902
308 4.231738
309 4.256348
310 4.281824
311 4.307633
312 4.337259
313 4.363872
314 4.391219
315 4.422556
316 4.455578
317 4.491621
318 4.524736
319 4.563858
320 4.604671
321 4.646828
322 4.688587
323 4.728622
324 4.768654
325 4.817578
326 4.864766
327 4.921912
328 4.989489
329 5.052123
330 5.108663
331 5.165823
332 5.238421
333 5.313292
334 5.374534
335 5.451883
336 5.506151
337 5.5675
338 5.635858
339 5.695129
340 5.759635
341 5.807689
342 5.859806
343 5.908799
344 5.948805
345 5.991222
346 6.030078
347 6.061629
348 6.09446
349 6.120692
350 6.147896
351 6.16891
352 6.193253
353 6.212941
354 6.235072
355 6.257029
356 6.270075
357 0.004482633
358 0.01779564
359 0.02900941
360 0.04153506
361 0.0538398
362 0.06461322
363 0.07794739
364 0.08821428
365 0.1010997
366 0.1119877
367 0.123506
368 0.1326683
369 0.1404916
370 0.1461024
371 0.1510534
372 0.1543592
373 0.1570393
374 0.1586272
375 0.1602666
376 0.1621743
377 0.1643377
378 0.1676602
379 0.1735084
380 0.1823381
381 0.1934729
382 0.2132085
383 0.2324404
384 0.2607822
385 0.2954153
386 0.3417732
387 0.3990114
388 0.4746397
389 0.5615217
390 0.651177
391 0.7518125
392 0.8355793
393 0.9357905
394 1.037519
395 1.151018
396 1.247598
397 1.352881
398 1.439501
399 1.538696
400 1.6212
401 1.706595
402 1.773277
403 1.831713
404 1.889986
405 1.933174
406 1.97502
407 2.005179
408 2.034599
409 2.056883
410 2.081375
411 2.09661
412 2.11099
413 2.124878
414 2.134751
415 2.143198
416 2.151921
417 2.159449
418 2.167706
419 2.174239
420 2.1811
421 2.18486
422 2.184279
423 2.174915
424 2.158719
425 2.137555
426 2.104951
427 2.059096
428 2.004618
429 1.920445
430 1.839985
431 1.746061
432 1.644913
433 1.517025
434 1.41141
435 1.249945
436 1.087852
437 0.9145311
438 0.7960172
439 0.7168222
440 0.6421729
441 0.5913651
442 0.5452963
443 0.5146313
444 0.4886554
445 0.4706839
446 0.4560573
447 0.4495239
448 0.4468699
449 0.4474872
450 0.450754
451 0.4572022
452 0.4642327
453 0.4743183
454 0.4849895
455 0.5011778
456 0.5183454
457 0.5392862
458 0.5672019
459 0.6040306
460 0.6476054
461 0.6883169
462 0.7362594
463 0.7968206
464 0.8568017
465 0.9216425
466 0.999634
467 1.071786
468 1.155232
469 1.230614
470 1.324564
471 1.438973
472 1.546522
473 1.676962
474 1.779115
475 1.864359
476 1.942624
477 2.014361
478 2.07195
479 2.131858
480 2.186478
481 2.236983
482 2.295516
483 2.361537
484 2.403961
485 2.44596
486 2.48789
487 2.529944
488 2.572325
489 2.615287
490 2.658859
491 2.703083
492 2.742288
493 2.793462
494 2.833838
495 2.880159
496 2.926692
497 2.967531
498 3.014323
499 3.054765
500 3.105924
501 3.155804
502 3.198843
503 3.245398
504 3.284501
505 3.321378
506 3.351827
507 3.387998
508 3.414197
509 3.445451
510 3.470912
511 3.502547
512 3.530962
513 3.549999
514 3.570179
515 3.593328
516 3.617528
517 3.631106
518 3.648108
519 3.661169
520 3.675953
521 3.688889
522 3.705622
523 3.720574
524 3.733794
525 3.749051
526 3.762335
527 3.777418
528 3.792578
529 3.805886
530 3.821049
531 3.838114
532 3.853351
533 3.868565
