0 0
1 -32.16173
1 -43.49173
1 -61.09
1 -78.29172
1 -93.05002
1 -107.7717
2 -32.16173
2 -43.49173
2 -61.09
2 -78.29172
2 -93.05002
2 -107.7717
3 -32.16173
3 -43.49173
3 -61.09
3 -78.29172
3 -93.05002
3 -107.7717
4 -32.16173
4 -43.49173
4 -61.09
4 -78.29172
4 -93.05002
4 -107.7717
5 -32.16173
5 -43.49173
5 -61.09
5 -78.29172
5 -93.05002
5 -107.7717
6 -32.16173
6 -43.49173
6 -61.09
6 -78.29172
6 -93.05002
6 -107.7717
7 -32.16173
7 -43.49173
7 -61.09
7 -78.29172
7 -93.05002
7 -107.7717
8 -32.16173
8 -43.49173
8 -61.09
8 -78.29172
8 -93.05002
8 -107.7717
9 -32.16173
9 -43.49173
9 -61.09
9 -78.29172
9 -93.05002
9 -107.7717
10 -32.16173
10 -43.49173
10 -61.09
10 -78.29172
10 -93.05002
10 -107.7717
11 -32.16173
11 -43.49173
11 -61.09
11 -78.29172
11 -93.05002
11 -107.7717
12 -32.16173
12 -43.49173
12 -61.09
12 -78.29172
12 -93.05002
12 -107.7717
13 -43.49173
13 -61.09
13 -78.29172
13 -93.05002
13 -107.7717
13 -123.3917
14 -43.49173
14 -61.09
14 -78.29172
14 -93.05002
14 -107.7717
14 -123.3917
15 -43.49173
15 -61.09
15 -78.29172
15 -93.05002
15 -107.7717
15 -123.3917
16 -43.49173
16 -61.09
16 -78.29172
16 -93.05002
16 -107.7717
16 -123.3917
17 -43.49173
17 -61.09
17 -78.29172
17 -93.05002
17 -107.7717
17 -123.3917
18 -43.49173
18 -61.09
18 -78.29172
18 -93.05002
18 -107.7717
18 -123.3917
19 -43.49173
19 -61.09
19 -78.29172
19 -93.05002
19 -107.7717
19 -123.3917
20 -43.49173
20 -61.09
20 -78.29172
20 -93.05002
20 -107.7717
20 -123.3917
21 -43.49173
21 -61.09
21 -78.29172
21 -93.05002
21 -107.7717
21 -123.3917
22 -43.49173
22 -61.09
22 -78.29172
22 -93.05002
22 -107.7717
22 -123.3917
23 -43.49173
23 -61.09
23 -78.29172
23 -93.05002
23 -107.7717
23 -123.3917
24 -43.49173
24 -61.09
24 -78.29172
24 -93.05002
24 -107.7717
24 -123.3917
25 -43.49173
25 -61.09
25 -78.29172
25 -93.05002
25 -107.7717
25 -123.3917
26 -61.09
26 -78.29172
26 -93.05002
26 -107.7717
26 -123.3917
26 -134.97
27 -61.09
27 -78.29172
27 -93.05002
27 -107.7717
27 -123.3917
27 -134.97
28 -61.09
28 -78.29172
28 -93.05002
28 -107.7717
28 -123.3917
28 -134.97
29 -61.09
29 -78.29172
29 -93.05002
29 -107.7717
29 -123.3917
29 -134.97
30 -61.09
30 -78.29172
30 -93.05002
30 -107.7717
30 -123.3917
30 -134.97
31 -61.09
31 -78.29172
31 -93.05002
31 -107.7717
31 -123.3917
31 -134.97
32 -61.09
32 -78.29172
32 -93.05002
32 -107.7717
32 -123.3917
32 -134.97
33 -61.09
33 -78.29172
33 -93.05002
33 -107.7717
33 -123.3917
33 -134.97
34 -78.29172
34 -93.05002
34 -107.7717
34 -123.3917
34 -134.97
34 -145.1165
35 -78.29172
35 -93.05002
35 -107.7717
35 -123.3917
35 -134.97
35 -145.1165
36 -78.29172
36 -93.05002
36 -107.7717
36 -123.3917
36 -134.97
36 -145.1165
37 -78.29172
37 -93.05002
37 -107.7717
37 -123.3917
37 -134.97
37 -145.1165
38 -78.29172
38 -93.05002
38 -107.7717
38 -123.3917
38 -134.97
38 -145.1165
39 -78.29172
39 -93.05002
39 -107.7717
39 -123.3917
39 -134.97
39 -145.1165
40 -93.05002
40 -107.7717
40 -123.3917
40 -134.97
40 -145.1165
40 -158.3417
41 -93.05002
41 -107.7717
41 -123.3917
41 -134.97
41 -145.1165
41 -158.3417
42 -93.05002
42 -107.7717
42 -123.3917
42 -134.97
42 -145.1165
42 -158.3417
43 -93.05002
43 -107.7717
43 -123.3917
43 -134.97
43 -145.1165
43 -158.3417
44 -93.05002
44 -107.7717
44 -123.3917
44 -134.97
44 -145.1165
44 -158.3417
45 -93.05002
45 -107.7717
45 -123.3917
45 -134.97
45 -145.1165
45 -158.3417
46 -107.7717
46 -123.3917
46 -134.97
46 -145.1165
46 -158.3417
46 -164.3164
47 -107.7717
47 -123.3917
47 -134.97
47 -145.1165
47 -158.3417
47 -164.3164
48 -107.7717
48 -123.3917
48 -134.97
48 -145.1165
48 -158.3417
48 -164.3164
49 -107.7717
49 -123.3917
49 -134.97
49 -145.1165
49 -158.3417
49 -164.3164
50 -107.7717
50 -123.3917
50 -134.97
50 -145.1165
50 -158.3417
50 -164.3164
51 -123.3917
51 -134.97
51 -145.1165
51 -158.3417
51 -164.3164
51 -169.3365
52 -123.3917
52 -134.97
52 -145.1165
52 -158.3417
52 -164.3164
52 -169.3365
53 -123.3917
53 -134.97
53 -145.1165
53 -158.3417
53 -164.3164
53 -169.3365
54 -123.3917
54 -134.97
54 -145.1165
54 -158.3417
54 -164.3164
54 -169.3365
55 -134.97
55 -145.1165
55 -158.3417
55 -164.3164
55 -169.3365
55 -175.4917
56 -134.97
56 -145.1165
56 -158.3417
56 -164.3164
56 -169.3365
56 -175.4917
57 -134.97
57 -145.1165
57 -158.3417
57 -164.3164
57 -169.3365
57 -175.4917
58 -134.97
58 -145.1165
58 -158.3417
58 -164.3164
58 -169.3365
58 -175.4917
59 -145.1165
59 -158.3417
59 -164.3164
59 -169.3365
59 -175.4917
59 -176.9617
60 -145.1165
60 -158.3417
60 -164.3164
60 -169.3365
60 -175.4917
60 -176.9617
61 -145.1165
61 -158.3417
61 -164.3164
61 -169.3365
61 -175.4917
61 -176.9617
62 -145.1165
62 -158.3417
62 -164.3164
62 -169.3365
62 -175.4917
62 -176.9617
63 -145.1165
63 -158.3417
63 -164.3164
63 -169.3365
63 -175.4917
63 -176.9617
64 -158.3417
64 -164.3164
64 -169.3365
64 -175.4917
64 -176.9617
64 -176.8864
65 -158.3417
65 -164.3164
65 -169.3365
65 -175.4917
65 -176.9617
65 -176.8864
66 -158.3417
66 -164.3164
66 -169.3365
66 -175.4917
66 -176.9617
66 -176.8864
67 -164.3164
67 -169.3365
67 -175.4917
67 -176.9617
67 -176.8864
67 -175.0817
68 -164.3164
68 -169.3365
68 -175.4917
68 -176.9617
68 -176.8864
68 -175.0817
69 -169.3365
69 -175.4917
69 -176.9617
69 -176.8864
69 -175.0817
69 -170.3617
70 -169.3365
70 -175.4917
70 -176.9617
70 -176.8864
70 -175.0817
70 -170.3617
71 -169.3365
71 -175.4917
71 -176.9617
71 -176.8864
71 -175.0817
71 -170.3617
72 -169.3365
72 -175.4917
72 -176.9617
72 -176.8864
72 -175.0817
72 -170.3617
73 -169.3365
73 -175.4917
73 -176.9617
73 -176.8864
73 -175.0817
73 -170.3617
74 -175.4917
74 -176.9617
74 -176.8864
74 -175.0817
74 -170.3617
74 -164.4217
75 -175.4917
75 -176.9617
75 -176.8864
75 -175.0817
75 -170.3617
75 -164.4217
76 -176.9617
76 -176.8864
76 -175.0817
76 -170.3617
76 -164.4217
76 -158.9417
77 -176.9617
77 -176.8864
77 -175.0817
77 -170.3617
77 -164.4217
77 -158.9417
78 -176.9617
78 -176.8864
78 -175.0817
78 -170.3617
78 -164.4217
78 -158.9417
79 -176.9617
79 -176.8864
79 -175.0817
79 -170.3617
79 -164.4217
79 -158.9417
80 -176.8864
80 -175.0817
80 -170.3617
80 -164.4217
80 -158.9417
80 -146.6317
81 -176.8864
81 -175.0817
81 -170.3617
81 -164.4217
81 -158.9417
81 -146.6317
82 -175.0817
82 -170.3617
82 -164.4217
82 -158.9417
82 -146.6317
82 -134.6765
83 -175.0817
83 -170.3617
83 -164.4217
83 -158.9417
83 -146.6317
83 -134.6765
84 -175.0817
84 -170.3617
84 -164.4217
84 -158.9417
84 -146.6317
84 -134.6765
85 -175.0817
85 -170.3617
85 -164.4217
85 -158.9417
85 -146.6317
85 -134.6765
86 -170.3617
86 -164.4217
86 -158.9417
86 -146.6317
86 -134.6765
86 -126.4965
87 -170.3617
87 -164.4217
87 -158.9417
87 -146.6317
87 -134.6765
87 -126.4965
88 -170.3617
88 -164.4217
88 -158.9417
88 -146.6317
88 -134.6765
88 -126.4965
89 -164.4217
89 -158.9417
89 -146.6317
89 -134.6765
89 -126.4965
89 -108.5617
90 -164.4217
90 -158.9417
90 -146.6317
90 -134.6765
90 -126.4965
90 -108.5617
91 -158.9417
91 -146.6317
91 -134.6765
91 -126.4965
91 -108.5617
91 -95.20645
92 -158.9417
92 -146.6317
92 -134.6765
92 -126.4965
92 -108.5617
92 -95.20645
93 -158.9417
93 -146.6317
93 -134.6765
93 -126.4965
93 -108.5617
93 -95.20645
94 -158.9417
94 -146.6317
94 -134.6765
94 -126.4965
94 -108.5617
94 -95.20645
95 -146.6317
95 -134.6765
95 -126.4965
95 -108.5617
95 -95.20645
95 -73.86172
96 -146.6317
96 -134.6765
96 -126.4965
96 -108.5617
96 -95.20645
96 -73.86172
97 -146.6317
97 -134.6765
97 -126.4965
97 -108.5617
97 -95.20645
97 -73.86172
98 -134.6765
98 -126.4965
98 -108.5617
98 -95.20645
98 -73.86172
98 -42.38173
99 -134.6765
99 -126.4965
99 -108.5617
99 -95.20645
99 -73.86172
99 -42.38173
100 -126.4965
100 -108.5617
100 -95.20645
100 -73.86172
100 -42.38173
100 -24.50172
101 -126.4965
101 -108.5617
101 -95.20645
101 -73.86172
101 -42.38173
101 -24.50172
102 -126.4965
102 -108.5617
102 -95.20645
102 -73.86172
102 -42.38173
102 -24.50172
103 -126.4965
103 -108.5617
103 -95.20645
103 -73.86172
103 -42.38173
103 -24.50172
104 -108.5617
104 -95.20645
104 -73.86172
104 -42.38173
104 -24.50172
104 2.908264
105 -108.5617
105 -95.20645
105 -73.86172
105 -42.38173
105 -24.50172
105 2.908264
106 -108.5617
106 -95.20645
106 -73.86172
106 -42.38173
106 -24.50172
106 2.908264
107 -95.20645
107 -73.86172
107 -42.38173
107 -24.50172
107 2.908264
107 22.10828
108 -95.20645
108 -73.86172
108 -42.38173
108 -24.50172
108 2.908264
108 22.10828
109 -95.20645
109 -73.86172
109 -42.38173
109 -24.50172
109 2.908264
109 22.10828
110 -73.86172
110 -42.38173
110 -24.50172
110 2.908264
110 22.10828
110 47.20827
111 -73.86172
111 -42.38173
111 -24.50172
111 2.908264
111 22.10828
111 47.20827
112 -73.86172
112 -42.38173
112 -24.50172
112 2.908264
112 22.10828
112 47.20827
113 -73.86172
113 -42.38173
113 -24.50172
113 2.908264
113 22.10828
113 47.20827
114 -73.86172
114 -42.38173
114 -24.50172
114 2.908264
114 22.10828
114 47.20827
115 -73.86172
115 -42.38173
115 -24.50172
115 2.908264
115 22.10828
115 47.20827
116 -42.38173
116 -24.50172
116 2.908264
116 22.10828
116 47.20827
116 75.06355
117 -42.38173
117 -24.50172
117 2.908264
117 22.10828
117 47.20827
117 75.06355
118 -42.38173
118 -24.50172
118 2.908264
118 22.10828
118 47.20827
118 75.06355
119 -24.50172
119 2.908264
119 22.10828
119 47.20827
119 75.06355
119 91.19354
120 -24.50172
120 2.908264
120 22.10828
120 47.20827
120 75.06355
120 91.19354
121 -24.50172
121 2.908264
121 22.10828
121 47.20827
121 75.06355
121 91.19354
122 -24.50172
122 2.908264
122 22.10828
122 47.20827
122 75.06355
122 91.19354
123 -24.50172
123 2.908264
123 22.10828
123 47.20827
123 75.06355
123 91.19354
124 2.908264
124 22.10828
124 47.20827
124 75.06355
124 91.19354
124 107.3083
125 2.908264
125 22.10828
125 47.20827
125 75.06355
125 91.19354
125 107.3083
126 2.908264
126 22.10828
126 47.20827
126 75.06355
126 91.19354
126 107.3083
127 22.10828
127 47.20827
127 75.06355
127 91.19354
127 107.3083
127 114.2635
128 22.10828
128 47.20827
128 75.06355
128 91.19354
128 107.3083
128 114.2635
129 22.10828
129 47.20827
129 75.06355
129 91.19354
129 107.3083
129 114.2635
130 22.10828
130 47.20827
130 75.06355
130 91.19354
130 107.3083
130 114.2635
131 47.20827
131 75.06355
131 91.19354
131 107.3083
131 114.2635
131 122.5583
132 47.20827
132 75.06355
132 91.19354
132 107.3083
132 114.2635
132 122.5583
133 47.20827
133 75.06355
133 91.19354
133 107.3083
133 114.2635
133 122.5583
134 47.20827
134 75.06355
134 91.19354
134 107.3083
134 114.2635
134 122.5583
135 47.20827
135 75.06355
135 91.19354
135 107.3083
135 114.2635
135 122.5583
136 75.06355
136 91.19354
136 107.3083
136 114.2635
136 122.5583
136 126.6183
137 75.06355
137 91.19354
137 107.3083
137 114.2635
137 122.5583
137 126.6183
138 75.06355
138 91.19354
138 107.3083
138 114.2635
138 122.5583
138 126.6183
139 91.19354
139 107.3083
139 114.2635
139 122.5583
139 126.6183
139 129.1083
140 91.19354
140 107.3083
140 114.2635
140 122.5583
140 126.6183
140 129.1083
141 91.19354
141 107.3083
141 114.2635
141 122.5583
141 126.6183
141 129.1083
142 107.3083
142 114.2635
142 122.5583
142 126.6183
142 129.1083
142 129.1283
143 107.3083
143 114.2635
143 122.5583
143 126.6183
143 129.1083
143 129.1283
144 114.2635
144 122.5583
144 126.6183
144 129.1083
144 129.1283
144 126.8983
145 114.2635
145 122.5583
145 126.6183
145 129.1083
145 129.1283
145 126.8983
146 114.2635
146 122.5583
146 126.6183
146 129.1083
146 129.1283
146 126.8983
147 122.5583
147 126.6183
147 129.1083
147 129.1283
147 126.8983
147 122.3383
148 122.5583
148 126.6183
148 129.1083
148 129.1283
148 126.8983
148 122.3383
149 126.6183
149 129.1083
149 129.1283
149 126.8983
149 122.3383
149 117.2083
150 126.6183
150 129.1083
150 129.1283
150 126.8983
150 122.3383
150 117.2083
151 126.6183
151 129.1083
151 129.1283
151 126.8983
151 122.3383
151 117.2083
152 126.6183
152 129.1083
152 129.1283
152 126.8983
152 122.3383
152 117.2083
153 129.1083
153 129.1283
153 126.8983
153 122.3383
153 117.2083
153 98.34827
154 129.1083
154 129.1283
154 126.8983
154 122.3383
154 117.2083
154 98.34827
155 129.1083
155 129.1283
155 126.8983
155 122.3383
155 117.2083
155 98.34827
156 129.1283
156 126.8983
156 122.3383
156 117.2083
156 98.34827
156 83.63827
157 129.1283
157 126.8983
157 122.3383
157 117.2083
157 98.34827
157 83.63827
158 129.1283
158 126.8983
158 122.3383
158 117.2083
158 98.34827
158 83.63827
159 129.1283
159 126.8983
159 122.3383
159 117.2083
159 98.34827
159 83.63827
160 126.8983
160 122.3383
160 117.2083
160 98.34827
160 83.63827
160 79.68355
161 126.8983
161 122.3383
161 117.2083
161 98.34827
161 83.63827
161 79.68355
162 126.8983
162 122.3383
162 117.2083
162 98.34827
162 83.63827
162 79.68355
163 126.8983
163 122.3383
163 117.2083
163 98.34827
163 83.63827
163 79.68355
164 122.3383
164 117.2083
164 98.34827
164 83.63827
164 79.68355
164 78.52827
165 122.3383
165 117.2083
165 98.34827
165 83.63827
165 79.68355
165 78.52827
166 122.3383
166 117.2083
166 98.34827
166 83.63827
166 79.68355
166 78.52827
167 117.2083
167 98.34827
167 83.63827
167 79.68355
167 78.52827
167 77.04827
168 117.2083
168 98.34827
168 83.63827
168 79.68355
168 78.52827
168 77.04827
169 117.2083
169 98.34827
169 83.63827
169 79.68355
169 78.52827
169 77.04827
170 117.2083
170 98.34827
170 83.63827
170 79.68355
170 78.52827
170 77.04827
171 117.2083
171 98.34827
171 83.63827
171 79.68355
171 78.52827
171 77.04827
172 117.2083
172 98.34827
172 83.63827
172 79.68355
172 78.52827
172 77.04827
173 117.2083
173 98.34827
173 83.63827
173 79.68355
173 78.52827
173 77.04827
174 117.2083
174 98.34827
174 83.63827
174 79.68355
174 78.52827
174 77.04827
175 98.34827
175 83.63827
175 79.68355
175 78.52827
175 77.04827
175 77.87827
176 98.34827
176 83.63827
176 79.68355
176 78.52827
176 77.04827
176 77.87827
177 98.34827
177 83.63827
177 79.68355
177 78.52827
177 77.04827
177 77.87827
178 98.34827
178 83.63827
178 79.68355
178 78.52827
178 77.04827
178 77.87827
179 98.34827
179 83.63827
179 79.68355
179 78.52827
179 77.04827
179 77.87827
180 83.63827
180 79.68355
180 78.52827
180 77.04827
180 77.87827
180 81.37827
181 83.63827
181 79.68355
181 78.52827
181 77.04827
181 77.87827
181 81.37827
182 79.68355
182 78.52827
182 77.04827
182 77.87827
182 81.37827
182 88.33827
183 78.52827
183 77.04827
183 77.87827
183 81.37827
183 88.33827
183 95.31827
184 77.04827
184 77.87827
184 81.37827
184 88.33827
184 95.31827
184 102.9283
185 77.04827
185 77.87827
185 81.37827
185 88.33827
185 95.31827
185 102.9283
186 77.04827
186 77.87827
186 81.37827
186 88.33827
186 95.31827
186 102.9283
187 77.87827
187 81.37827
187 88.33827
187 95.31827
187 102.9283
187 118.5435
188 77.87827
188 81.37827
188 88.33827
188 95.31827
188 102.9283
188 118.5435
189 81.37827
189 88.33827
189 95.31827
189 102.9283
189 118.5435
189 133.2435
190 81.37827
190 88.33827
190 95.31827
190 102.9283
190 118.5435
190 133.2435
191 81.37827
191 88.33827
191 95.31827
191 102.9283
191 118.5435
191 133.2435
192 81.37827
192 88.33827
192 95.31827
192 102.9283
192 118.5435
192 133.2435
193 88.33827
193 95.31827
193 102.9283
193 118.5435
193 133.2435
193 156.5083
194 88.33827
194 95.31827
194 102.9283
194 118.5435
194 133.2435
194 156.5083
195 88.33827
195 95.31827
195 102.9283
195 118.5435
195 133.2435
195 156.5083
196 95.31827
196 102.9283
196 118.5435
196 133.2435
196 156.5083
196 164.2383
197 95.31827
197 102.9283
197 118.5435
197 133.2435
197 156.5083
197 164.2383
198 95.31827
198 102.9283
198 118.5435
198 133.2435
198 156.5083
198 164.2383
199 102.9283
199 118.5435
199 133.2435
199 156.5083
199 164.2383
199 170.2883
200 102.9283
200 118.5435
200 133.2435
200 156.5083
200 164.2383
200 170.2883
201 102.9283
201 118.5435
201 133.2435
201 156.5083
201 164.2383
201 170.2883
202 102.9283
202 118.5435
202 133.2435
202 156.5083
202 164.2383
202 170.2883
203 118.5435
203 133.2435
203 156.5083
203 164.2383
203 170.2883
203 176.0983
204 118.5435
204 133.2435
204 156.5083
204 164.2383
204 170.2883
204 176.0983
205 118.5435
205 133.2435
205 156.5083
205 164.2383
205 170.2883
205 176.0983
206 118.5435
206 133.2435
206 156.5083
206 164.2383
206 170.2883
206 176.0983
207 118.5435
207 133.2435
207 156.5083
207 164.2383
207 170.2883
207 176.0983
208 133.2435
208 156.5083
208 164.2383
208 170.2883
208 176.0983
208 178.1583
209 133.2435
209 156.5083
209 164.2383
209 170.2883
209 176.0983
209 178.1583
210 133.2435
210 156.5083
210 164.2383
210 170.2883
210 176.0983
210 178.1583
211 133.2435
211 156.5083
211 164.2383
211 170.2883
211 176.0983
211 178.1583
212 133.2435
212 156.5083
212 164.2383
212 170.2883
212 176.0983
212 178.1583
213 133.2435
213 156.5083
213 164.2383
213 170.2883
213 176.0983
213 178.1583
214 156.5083
214 164.2383
214 170.2883
214 176.0983
214 178.1583
214 179.4383
215 164.2383
215 170.2883
215 176.0983
215 178.1583
215 179.4383
215 179.3083
216 164.2383
216 170.2883
216 176.0983
216 178.1583
216 179.4383
216 179.3083
217 170.2883
217 176.0983
217 178.1583
217 179.4383
217 179.3083
217 177.7183
218 170.2883
218 176.0983
218 178.1583
218 179.4383
218 179.3083
218 177.7183
219 176.0983
219 178.1583
219 179.4383
219 179.3083
219 177.7183
219 172.4083
220 176.0983
220 178.1583
220 179.4383
220 179.3083
220 177.7183
220 172.4083
221 178.1583
221 179.4383
221 179.3083
221 177.7183
221 172.4083
221 165.5735
222 178.1583
222 179.4383
222 179.3083
222 177.7183
222 172.4083
222 165.5735
223 179.4383
223 179.3083
223 177.7183
223 172.4083
223 165.5735
223 160.3583
224 179.4383
224 179.3083
224 177.7183
224 172.4083
224 165.5735
224 160.3583
225 179.3083
225 177.7183
225 172.4083
225 165.5735
225 160.3583
225 150.8283
226 179.3083
226 177.7183
226 172.4083
226 165.5735
226 160.3583
226 150.8283
227 179.3083
227 177.7183
227 172.4083
227 165.5735
227 160.3583
227 150.8283
228 177.7183
228 172.4083
228 165.5735
228 160.3583
228 150.8283
228 144.6183
229 177.7183
229 172.4083
229 165.5735
229 160.3583
229 150.8283
229 144.6183
230 177.7183
230 172.4083
230 165.5735
230 160.3583
230 150.8283
230 144.6183
231 177.7183
231 172.4083
231 165.5735
231 160.3583
231 150.8283
231 144.6183
232 172.4083
232 165.5735
232 160.3583
232 150.8283
232 144.6183
232 134.5383
233 172.4083
233 165.5735
233 160.3583
233 150.8283
233 144.6183
233 134.5383
234 172.4083
234 165.5735
234 160.3583
234 150.8283
234 144.6183
234 134.5383
235 172.4083
235 165.5735
235 160.3583
235 150.8283
235 144.6183
235 134.5383
236 165.5735
236 160.3583
236 150.8283
236 144.6183
236 134.5383
236 127.2283
237 160.3583
237 150.8283
237 144.6183
237 134.5383
237 127.2283
237 114.8083
238 160.3583
238 150.8283
238 144.6183
238 134.5383
238 127.2283
238 114.8083
239 160.3583
239 150.8283
239 144.6183
239 134.5383
239 127.2283
239 114.8083
240 160.3583
240 150.8283
240 144.6183
240 134.5383
240 127.2283
240 114.8083
241 150.8283
241 144.6183
241 134.5383
241 127.2283
241 114.8083
241 103.8935
242 144.6183
242 134.5383
242 127.2283
242 114.8083
242 103.8935
242 94.21827
243 144.6183
243 134.5383
243 127.2283
243 114.8083
243 103.8935
243 94.21827
244 144.6183
244 134.5383
244 127.2283
244 114.8083
244 103.8935
244 94.21827
245 134.5383
245 127.2283
245 114.8083
245 103.8935
245 94.21827
245 85.37355
246 134.5383
246 127.2283
246 114.8083
246 103.8935
246 94.21827
246 85.37355
247 127.2283
247 114.8083
247 103.8935
247 94.21827
247 85.37355
247 70.40827
248 127.2283
248 114.8083
248 103.8935
248 94.21827
248 85.37355
248 70.40827
249 127.2283
249 114.8083
249 103.8935
249 94.21827
249 85.37355
249 70.40827
250 114.8083
250 103.8935
250 94.21827
250 85.37355
250 70.40827
250 61.24355
251 114.8083
251 103.8935
251 94.21827
251 85.37355
251 70.40827
251 61.24355
252 103.8935
252 94.21827
252 85.37355
252 70.40827
252 61.24355
252 45.30827
253 103.8935
253 94.21827
253 85.37355
253 70.40827
253 61.24355
253 45.30827
254 94.21827
254 85.37355
254 70.40827
254 61.24355
254 45.30827
254 36.03354
255 94.21827
255 85.37355
255 70.40827
255 61.24355
255 45.30827
255 36.03354
256 85.37355
256 70.40827
256 61.24355
256 45.30827
256 36.03354
256 15.90826
257 85.37355
257 70.40827
257 61.24355
257 45.30827
257 36.03354
257 15.90826
258 85.37355
258 70.40827
258 61.24355
258 45.30827
258 36.03354
258 15.90826
259 85.37355
259 70.40827
259 61.24355
259 45.30827
259 36.03354
259 15.90826
260 70.40827
260 61.24355
260 45.30827
260 36.03354
260 15.90826
260 5.64827
261 70.40827
261 61.24355
261 45.30827
261 36.03354
261 15.90826
261 5.64827
262 61.24355
262 45.30827
262 36.03354
262 15.90826
262 5.64827
262 -9.99173
263 61.24355
263 45.30827
263 36.03354
263 15.90826
263 5.64827
263 -9.99173
264 61.24355
264 45.30827
264 36.03354
264 15.90826
264 5.64827
264 -9.99173
265 45.30827
265 36.03354
265 15.90826
265 5.64827
265 -9.99173
265 -24.01645
266 45.30827
266 36.03354
266 15.90826
266 5.64827
266 -9.99173
266 -24.01645
267 36.03354
267 15.90826
267 5.64827
267 -9.99173
267 -24.01645
267 -32.16173
268 36.03354
268 15.90826
268 5.64827
268 -9.99173
268 -24.01645
268 -32.16173
269 36.03354
269 15.90826
269 5.64827
269 -9.99173
269 -24.01645
269 -32.16173
270 15.90826
270 5.64827
270 -9.99173
270 -24.01645
270 -32.16173
270 -43.49173
271 15.90826
271 5.64827
271 -9.99173
271 -24.01645
271 -32.16173
271 -43.49173
272 5.64827
272 -9.99173
272 -24.01645
272 -32.16173
272 -43.49173
272 -61.09
273 5.64827
273 -9.99173
273 -24.01645
273 -32.16173
273 -43.49173
273 -61.09
274 5.64827
274 -9.99173
274 -24.01645
274 -32.16173
274 -43.49173
274 -61.09
275 -9.99173
275 -24.01645
275 -32.16173
275 -43.49173
275 -61.09
275 -78.29172
276 -9.99173
276 -24.01645
276 -32.16173
276 -43.49173
276 -61.09
276 -78.29172
277 -24.01645
277 -32.16173
277 -43.49173
277 -61.09
277 -78.29172
277 -93.05002
278 -24.01645
278 -32.16173
278 -43.49173
278 -61.09
278 -78.29172
278 -93.05002
279 -32.16173
279 -43.49173
279 -61.09
279 -78.29172
279 -93.05002
279 -107.7717
280 -32.16173
280 -43.49173
280 -61.09
280 -78.29172
280 -93.05002
280 -107.7717
281 -43.49173
281 -61.09
281 -78.29172
281 -93.05002
281 -107.7717
281 -123.3917
282 -43.49173
282 -61.09
282 -78.29172
282 -93.05002
282 -107.7717
282 -123.3917
283 -43.49173
283 -61.09
283 -78.29172
283 -93.05002
283 -107.7717
283 -123.3917
284 -43.49173
284 -61.09
284 -78.29172
284 -93.05002
284 -107.7717
284 -123.3917
285 -61.09
285 -78.29172
285 -93.05002
285 -107.7717
285 -123.3917
285 -134.97
286 -61.09
286 -78.29172
286 -93.05002
286 -107.7717
286 -123.3917
286 -134.97
287 -61.09
287 -78.29172
287 -93.05002
287 -107.7717
287 -123.3917
287 -134.97
288 -61.09
288 -78.29172
288 -93.05002
288 -107.7717
288 -123.3917
288 -134.97
289 -78.29172
289 -93.05002
289 -107.7717
289 -123.3917
289 -134.97
289 -145.1165
290 -78.29172
290 -93.05002
290 -107.7717
290 -123.3917
290 -134.97
290 -145.1165
291 -78.29172
291 -93.05002
291 -107.7717
291 -123.3917
291 -134.97
291 -145.1165
292 -93.05002
292 -107.7717
292 -123.3917
292 -134.97
292 -145.1165
292 -158.3417
293 -93.05002
293 -107.7717
293 -123.3917
293 -134.97
293 -145.1165
293 -158.3417
294 -93.05002
294 -107.7717
294 -123.3917
294 -134.97
294 -145.1165
294 -158.3417
295 -107.7717
295 -123.3917
295 -134.97
295 -145.1165
295 -158.3417
295 -164.3164
296 -107.7717
296 -123.3917
296 -134.97
296 -145.1165
296 -158.3417
296 -164.3164
297 -107.7717
297 -123.3917
297 -134.97
297 -145.1165
297 -158.3417
297 -164.3164
298 -107.7717
298 -123.3917
298 -134.97
298 -145.1165
298 -158.3417
298 -164.3164
299 -123.3917
299 -134.97
299 -145.1165
299 -158.3417
299 -164.3164
299 -169.3365
300 -123.3917
300 -134.97
300 -145.1165
300 -158.3417
300 -164.3164
300 -169.3365
301 -123.3917
301 -134.97
301 -145.1165
301 -158.3417
301 -164.3164
301 -169.3365
302 -134.97
302 -145.1165
302 -158.3417
302 -164.3164
302 -169.3365
302 -175.4917
303 -134.97
303 -145.1165
303 -158.3417
303 -164.3164
303 -169.3365
303 -175.4917
304 -145.1165
304 -158.3417
304 -164.3164
304 -169.3365
304 -175.4917
304 -176.9617
305 -145.1165
305 -158.3417
305 -164.3164
305 -169.3365
305 -175.4917
305 -176.9617
306 -145.1165
306 -158.3417
306 -164.3164
306 -169.3365
306 -175.4917
306 -176.9617
307 -145.1165
307 -158.3417
307 -164.3164
307 -169.3365
307 -175.4917
307 -176.9617
308 -158.3417
308 -164.3164
308 -169.3365
308 -175.4917
308 -176.9617
308 -176.8864
309 -158.3417
309 -164.3164
309 -169.3365
309 -175.4917
309 -176.9617
309 -176.8864
310 -158.3417
310 -164.3164
310 -169.3365
310 -175.4917
310 -176.9617
310 -176.8864
311 -164.3164
311 -169.3365
311 -175.4917
311 -176.9617
311 -176.8864
311 -175.0817
312 -164.3164
312 -169.3365
312 -175.4917
312 -176.9617
312 -176.8864
312 -175.0817
313 -164.3164
313 -169.3365
313 -175.4917
313 -176.9617
313 -176.8864
313 -175.0817
314 -169.3365
314 -175.4917
314 -176.9617
314 -176.8864
314 -175.0817
314 -170.3617
315 -169.3365
315 -175.4917
315 -176.9617
315 -176.8864
315 -175.0817
315 -170.3617
316 -169.3365
316 -175.4917
316 -176.9617
316 -176.8864
316 -175.0817
316 -170.3617
317 -169.3365
317 -175.4917
317 -176.9617
317 -176.8864
317 -175.0817
317 -170.3617
318 -169.3365
318 -175.4917
318 -176.9617
318 -176.8864
318 -175.0817
318 -170.3617
319 -169.3365
319 -175.4917
319 -176.9617
319 -176.8864
319 -175.0817
319 -170.3617
320 -175.4917
320 -176.9617
320 -176.8864
320 -175.0817
320 -170.3617
320 -164.4217
321 -175.4917
321 -176.9617
321 -176.8864
321 -175.0817
321 -170.3617
321 -164.4217
322 -176.9617
322 -176.8864
322 -175.0817
322 -170.3617
322 -164.4217
322 -158.9417
323 -176.9617
323 -176.8864
323 -175.0817
323 -170.3617
323 -164.4217
323 -158.9417
324 -176.9617
324 -176.8864
324 -175.0817
324 -170.3617
324 -164.4217
324 -158.9417
325 -176.8864
325 -175.0817
325 -170.3617
325 -164.4217
325 -158.9417
325 -146.6317
326 -176.8864
326 -175.0817
326 -170.3617
326 -164.4217
326 -158.9417
326 -146.6317
327 -176.8864
327 -175.0817
327 -170.3617
327 -164.4217
327 -158.9417
327 -146.6317
328 -175.0817
328 -170.3617
328 -164.4217
328 -158.9417
328 -146.6317
328 -134.6765
329 -175.0817
329 -170.3617
329 -164.4217
329 -158.9417
329 -146.6317
329 -134.6765
330 -175.0817
330 -170.3617
330 -164.4217
330 -158.9417
330 -146.6317
330 -134.6765
331 -170.3617
331 -164.4217
331 -158.9417
331 -146.6317
331 -134.6765
331 -126.4965
332 -170.3617
332 -164.4217
332 -158.9417
332 -146.6317
332 -134.6765
332 -126.4965
333 -170.3617
333 -164.4217
333 -158.9417
333 -146.6317
333 -134.6765
333 -126.4965
334 -164.4217
334 -158.9417
334 -146.6317
334 -134.6765
334 -126.4965
334 -108.5617
335 -164.4217
335 -158.9417
335 -146.6317
335 -134.6765
335 -126.4965
335 -108.5617
336 -158.9417
336 -146.6317
336 -134.6765
336 -126.4965
336 -108.5617
336 -95.20645
337 -158.9417
337 -146.6317
337 -134.6765
337 -126.4965
337 -108.5617
337 -95.20645
338 -158.9417
338 -146.6317
338 -134.6765
338 -126.4965
338 -108.5617
338 -95.20645
339 -158.9417
339 -146.6317
339 -134.6765
339 -126.4965
339 -108.5617
339 -95.20645
340 -146.6317
340 -134.6765
340 -126.4965
340 -108.5617
340 -95.20645
340 -73.86172
341 -146.6317
341 -134.6765
341 -126.4965
341 -108.5617
341 -95.20645
341 -73.86172
342 -146.6317
342 -134.6765
342 -126.4965
342 -108.5617
342 -95.20645
342 -73.86172
343 -134.6765
343 -126.4965
343 -108.5617
343 -95.20645
343 -73.86172
343 -42.38173
344 -134.6765
344 -126.4965
344 -108.5617
344 -95.20645
344 -73.86172
344 -42.38173
345 -126.4965
345 -108.5617
345 -95.20645
345 -73.86172
345 -42.38173
345 -24.50172
346 -126.4965
346 -108.5617
346 -95.20645
346 -73.86172
346 -42.38173
346 -24.50172
347 -126.4965
347 -108.5617
347 -95.20645
347 -73.86172
347 -42.38173
347 -24.50172
348 -126.4965
348 -108.5617
348 -95.20645
348 -73.86172
348 -42.38173
348 -24.50172
349 -108.5617
349 -95.20645
349 -73.86172
349 -42.38173
349 -24.50172
349 2.908264
350 -108.5617
350 -95.20645
350 -73.86172
350 -42.38173
350 -24.50172
350 2.908264
351 -108.5617
351 -95.20645
351 -73.86172
351 -42.38173
351 -24.50172
351 2.908264
352 -95.20645
352 -73.86172
352 -42.38173
352 -24.50172
352 2.908264
352 22.10828
353 -95.20645
353 -73.86172
353 -42.38173
353 -24.50172
353 2.908264
353 22.10828
354 -95.20645
354 -73.86172
354 -42.38173
354 -24.50172
354 2.908264
354 22.10828
355 -95.20645
355 -73.86172
355 -42.38173
355 -24.50172
355 2.908264
355 22.10828
356 -73.86172
356 -42.38173
356 -24.50172
356 2.908264
356 22.10828
356 47.20827
357 -73.86172
357 -42.38173
357 -24.50172
357 2.908264
357 22.10828
357 47.20827
358 -73.86172
358 -42.38173
358 -24.50172
358 2.908264
358 22.10828
358 47.20827
359 -73.86172
359 -42.38173
359 -24.50172
359 2.908264
359 22.10828
359 47.20827
360 -73.86172
360 -42.38173
360 -24.50172
360 2.908264
360 22.10828
360 47.20827
361 -73.86172
361 -42.38173
361 -24.50172
361 2.908264
361 22.10828
361 47.20827
362 -42.38173
362 -24.50172
362 2.908264
362 22.10828
362 47.20827
362 75.06355
363 -42.38173
363 -24.50172
363 2.908264
363 22.10828
363 47.20827
363 75.06355
364 -42.38173
364 -24.50172
364 2.908264
364 22.10828
364 47.20827
364 75.06355
365 -24.50172
365 2.908264
365 22.10828
365 47.20827
365 75.06355
365 91.19354
366 -24.50172
366 2.908264
366 22.10828
366 47.20827
366 75.06355
366 91.19354
367 -24.50172
367 2.908264
367 22.10828
367 47.20827
367 75.06355
367 91.19354
368 -24.50172
368 2.908264
368 22.10828
368 47.20827
368 75.06355
368 91.19354
369 -24.50172
369 2.908264
369 22.10828
369 47.20827
369 75.06355
369 91.19354
370 2.908264
370 22.10828
370 47.20827
370 75.06355
370 91.19354
370 107.3083
371 2.908264
371 22.10828
371 47.20827
371 75.06355
371 91.19354
371 107.3083
372 2.908264
372 22.10828
372 47.20827
372 75.06355
372 91.19354
372 107.3083
373 22.10828
373 47.20827
373 75.06355
373 91.19354
373 107.3083
373 114.2635
374 22.10828
374 47.20827
374 75.06355
374 91.19354
374 107.3083
374 114.2635
375 22.10828
375 47.20827
375 75.06355
375 91.19354
375 107.3083
375 114.2635
376 22.10828
376 47.20827
376 75.06355
376 91.19354
376 107.3083
376 114.2635
377 47.20827
377 75.06355
377 91.19354
377 107.3083
377 114.2635
377 122.5583
378 47.20827
378 75.06355
378 91.19354
378 107.3083
378 114.2635
378 122.5583
379 47.20827
379 75.06355
379 91.19354
379 107.3083
379 114.2635
379 122.5583
380 47.20827
380 75.06355
380 91.19354
380 107.3083
380 114.2635
380 122.5583
381 47.20827
381 75.06355
381 91.19354
381 107.3083
381 114.2635
381 122.5583
382 75.06355
382 91.19354
382 107.3083
382 114.2635
382 122.5583
382 126.6183
383 75.06355
383 91.19354
383 107.3083
383 114.2635
383 122.5583
383 126.6183
384 75.06355
384 91.19354
384 107.3083
384 114.2635
384 122.5583
384 126.6183
385 91.19354
385 107.3083
385 114.2635
385 122.5583
385 126.6183
385 129.1083
386 91.19354
386 107.3083
386 114.2635
386 122.5583
386 126.6183
386 129.1083
387 91.19354
387 107.3083
387 114.2635
387 122.5583
387 126.6183
387 129.1083
388 107.3083
388 114.2635
388 122.5583
388 126.6183
388 129.1083
388 129.1283
389 114.2635
389 122.5583
389 126.6183
389 129.1083
389 129.1283
389 126.8983
390 114.2635
390 122.5583
390 126.6183
390 129.1083
390 129.1283
390 126.8983
391 114.2635
391 122.5583
391 126.6183
391 129.1083
391 129.1283
391 126.8983
392 122.5583
392 126.6183
392 129.1083
392 129.1283
392 126.8983
392 122.3383
393 122.5583
393 126.6183
393 129.1083
393 129.1283
393 126.8983
393 122.3383
394 126.6183
394 129.1083
394 129.1283
394 126.8983
394 122.3383
394 117.2083
395 126.6183
395 129.1083
395 129.1283
395 126.8983
395 122.3383
395 117.2083
396 126.6183
396 129.1083
396 129.1283
396 126.8983
396 122.3383
396 117.2083
397 126.6183
397 129.1083
397 129.1283
397 126.8983
397 122.3383
397 117.2083
398 129.1083
398 129.1283
398 126.8983
398 122.3383
398 117.2083
398 98.34827
399 129.1083
399 129.1283
399 126.8983
399 122.3383
399 117.2083
399 98.34827
400 129.1083
400 129.1283
400 126.8983
400 122.3383
400 117.2083
400 98.34827
401 129.1083
401 129.1283
401 126.8983
401 122.3383
401 117.2083
401 98.34827
402 129.1283
402 126.8983
402 122.3383
402 117.2083
402 98.34827
402 83.63827
403 129.1283
403 126.8983
403 122.3383
403 117.2083
403 98.34827
403 83.63827
404 129.1283
404 126.8983
404 122.3383
404 117.2083
404 98.34827
404 83.63827
405 129.1283
405 126.8983
405 122.3383
405 117.2083
405 98.34827
405 83.63827
406 126.8983
406 122.3383
406 117.2083
406 98.34827
406 83.63827
406 79.68355
407 126.8983
407 122.3383
407 117.2083
407 98.34827
407 83.63827
407 79.68355
408 126.8983
408 122.3383
408 117.2083
408 98.34827
408 83.63827
408 79.68355
409 122.3383
409 117.2083
409 98.34827
409 83.63827
409 79.68355
409 78.52827
410 122.3383
410 117.2083
410 98.34827
410 83.63827
410 79.68355
410 78.52827
411 122.3383
411 117.2083
411 98.34827
411 83.63827
411 79.68355
411 78.52827
412 122.3383
412 117.2083
412 98.34827
412 83.63827
412 79.68355
412 78.52827
413 117.2083
413 98.34827
413 83.63827
413 79.68355
413 78.52827
413 77.04827
414 117.2083
414 98.34827
414 83.63827
414 79.68355
414 78.52827
414 77.04827
415 117.2083
415 98.34827
415 83.63827
415 79.68355
415 78.52827
415 77.04827
416 117.2083
416 98.34827
416 83.63827
416 79.68355
416 78.52827
416 77.04827
417 117.2083
417 98.34827
417 83.63827
417 79.68355
417 78.52827
417 77.04827
418 117.2083
418 98.34827
418 83.63827
418 79.68355
418 78.52827
418 77.04827
419 117.2083
419 98.34827
419 83.63827
419 79.68355
419 78.52827
419 77.04827
420 117.2083
420 98.34827
420 83.63827
420 79.68355
420 78.52827
420 77.04827
421 98.34827
421 83.63827
421 79.68355
421 78.52827
421 77.04827
421 77.87827
422 98.34827
422 83.63827
422 79.68355
422 78.52827
422 77.04827
422 77.87827
423 98.34827
423 83.63827
423 79.68355
423 78.52827
423 77.04827
423 77.87827
424 98.34827
424 83.63827
424 79.68355
424 78.52827
424 77.04827
424 77.87827
425 98.34827
425 83.63827
425 79.68355
425 78.52827
425 77.04827
425 77.87827
426 98.34827
426 83.63827
426 79.68355
426 78.52827
426 77.04827
426 77.87827
427 83.63827
427 79.68355
427 78.52827
427 77.04827
427 77.87827
427 81.37827
428 83.63827
428 79.68355
428 78.52827
428 77.04827
428 77.87827
428 81.37827
429 79.68355
429 78.52827
429 77.04827
429 77.87827
429 81.37827
429 88.33827
430 78.52827
430 77.04827
430 77.87827
430 81.37827
430 88.33827
430 95.31827
431 78.52827
431 77.04827
431 77.87827
431 81.37827
431 88.33827
431 95.31827
432 77.04827
432 77.87827
432 81.37827
432 88.33827
432 95.31827
432 102.9283
433 77.04827
433 77.87827
433 81.37827
433 88.33827
433 95.31827
433 102.9283
434 77.87827
434 81.37827
434 88.33827
434 95.31827
434 102.9283
434 118.5435
435 77.87827
435 81.37827
435 88.33827
435 95.31827
435 102.9283
435 118.5435
436 77.87827
436 81.37827
436 88.33827
436 95.31827
436 102.9283
436 118.5435
437 81.37827
437 88.33827
437 95.31827
437 102.9283
437 118.5435
437 133.2435
438 81.37827
438 88.33827
438 95.31827
438 102.9283
438 118.5435
438 133.2435
439 81.37827
439 88.33827
439 95.31827
439 102.9283
439 118.5435
439 133.2435
440 88.33827
440 95.31827
440 102.9283
440 118.5435
440 133.2435
440 156.5083
441 88.33827
441 95.31827
441 102.9283
441 118.5435
441 133.2435
441 156.5083
442 88.33827
442 95.31827
442 102.9283
442 118.5435
442 133.2435
442 156.5083
443 95.31827
443 102.9283
443 118.5435
443 133.2435
443 156.5083
443 164.2383
444 95.31827
444 102.9283
444 118.5435
444 133.2435
444 156.5083
444 164.2383
445 95.31827
445 102.9283
445 118.5435
445 133.2435
445 156.5083
445 164.2383
446 102.9283
446 118.5435
446 133.2435
446 156.5083
446 164.2383
446 170.2883
447 102.9283
447 118.5435
447 133.2435
447 156.5083
447 164.2383
447 170.2883
448 102.9283
448 118.5435
448 133.2435
448 156.5083
448 164.2383
448 170.2883
449 102.9283
449 118.5435
449 133.2435
449 156.5083
449 164.2383
449 170.2883
450 118.5435
450 133.2435
450 156.5083
450 164.2383
450 170.2883
450 176.0983
451 118.5435
451 133.2435
451 156.5083
451 164.2383
451 170.2883
451 176.0983
452 118.5435
452 133.2435
452 156.5083
452 164.2383
452 170.2883
452 176.0983
453 118.5435
453 133.2435
453 156.5083
453 164.2383
453 170.2883
453 176.0983
454 118.5435
454 133.2435
454 156.5083
454 164.2383
454 170.2883
454 176.0983
455 133.2435
455 156.5083
455 164.2383
455 170.2883
455 176.0983
455 178.1583
456 133.2435
456 156.5083
456 164.2383
456 170.2883
456 176.0983
456 178.1583
457 133.2435
457 156.5083
457 164.2383
457 170.2883
457 176.0983
457 178.1583
458 133.2435
458 156.5083
458 164.2383
458 170.2883
458 176.0983
458 178.1583
459 133.2435
459 156.5083
459 164.2383
459 170.2883
459 176.0983
459 178.1583
460 156.5083
460 164.2383
460 170.2883
460 176.0983
460 178.1583
460 179.4383
461 156.5083
461 164.2383
461 170.2883
461 176.0983
461 178.1583
461 179.4383
462 164.2383
462 170.2883
462 176.0983
462 178.1583
462 179.4383
462 179.3083
463 164.2383
463 170.2883
463 176.0983
463 178.1583
463 179.4383
463 179.3083
464 170.2883
464 176.0983
464 178.1583
464 179.4383
464 179.3083
464 177.7183
465 170.2883
465 176.0983
465 178.1583
465 179.4383
465 179.3083
465 177.7183
466 170.2883
466 176.0983
466 178.1583
466 179.4383
466 179.3083
466 177.7183
467 176.0983
467 178.1583
467 179.4383
467 179.3083
467 177.7183
467 172.4083
468 176.0983
468 178.1583
468 179.4383
468 179.3083
468 177.7183
468 172.4083
469 178.1583
469 179.4383
469 179.3083
469 177.7183
469 172.4083
469 165.5735
470 178.1583
470 179.4383
470 179.3083
470 177.7183
470 172.4083
470 165.5735
471 179.4383
471 179.3083
471 177.7183
471 172.4083
471 165.5735
471 160.3583
472 179.4383
472 179.3083
472 177.7183
472 172.4083
472 165.5735
472 160.3583
473 179.3083
473 177.7183
473 172.4083
473 165.5735
473 160.3583
473 150.8283
474 179.3083
474 177.7183
474 172.4083
474 165.5735
474 160.3583
474 150.8283
475 179.3083
475 177.7183
475 172.4083
475 165.5735
475 160.3583
475 150.8283
476 177.7183
476 172.4083
476 165.5735
476 160.3583
476 150.8283
476 144.6183
477 177.7183
477 172.4083
477 165.5735
477 160.3583
477 150.8283
477 144.6183
478 177.7183
478 172.4083
478 165.5735
478 160.3583
478 150.8283
478 144.6183
479 177.7183
479 172.4083
479 165.5735
479 160.3583
479 150.8283
479 144.6183
480 172.4083
480 165.5735
480 160.3583
480 150.8283
480 144.6183
480 134.5383
481 172.4083
481 165.5735
481 160.3583
481 150.8283
481 144.6183
481 134.5383
482 172.4083
482 165.5735
482 160.3583
482 150.8283
482 144.6183
482 134.5383
483 165.5735
483 160.3583
483 150.8283
483 144.6183
483 134.5383
483 127.2283
484 160.3583
484 150.8283
484 144.6183
484 134.5383
484 127.2283
484 114.8083
485 160.3583
485 150.8283
485 144.6183
485 134.5383
485 127.2283
485 114.8083
486 160.3583
486 150.8283
486 144.6183
486 134.5383
486 127.2283
486 114.8083
487 150.8283
487 144.6183
487 134.5383
487 127.2283
487 114.8083
487 103.8935
488 150.8283
488 144.6183
488 134.5383
488 127.2283
488 114.8083
488 103.8935
489 144.6183
489 134.5383
489 127.2283
489 114.8083
489 103.8935
489 94.21827
490 144.6183
490 134.5383
490 127.2283
490 114.8083
490 103.8935
490 94.21827
491 144.6183
491 134.5383
491 127.2283
491 114.8083
491 103.8935
491 94.21827
492 134.5383
492 127.2283
492 114.8083
492 103.8935
492 94.21827
492 85.37355
493 127.2283
493 114.8083
493 103.8935
493 94.21827
493 85.37355
493 70.40827
494 127.2283
494 114.8083
494 103.8935
494 94.21827
494 85.37355
494 70.40827
495 127.2283
495 114.8083
495 103.8935
495 94.21827
495 85.37355
495 70.40827
496 114.8083
496 103.8935
496 94.21827
496 85.37355
496 70.40827
496 61.24355
497 114.8083
497 103.8935
497 94.21827
497 85.37355
497 70.40827
497 61.24355
498 114.8083
498 103.8935
498 94.21827
498 85.37355
498 70.40827
498 61.24355
499 103.8935
499 94.21827
499 85.37355
499 70.40827
499 61.24355
499 45.30827
500 103.8935
500 94.21827
500 85.37355
500 70.40827
500 61.24355
500 45.30827
501 94.21827
501 85.37355
501 70.40827
501 61.24355
501 45.30827
501 36.03354
502 85.37355
502 70.40827
502 61.24355
502 45.30827
502 36.03354
502 15.90826
503 85.37355
503 70.40827
503 61.24355
503 45.30827
503 36.03354
503 15.90826
504 85.37355
504 70.40827
504 61.24355
504 45.30827
504 36.03354
504 15.90826
505 70.40827
505 61.24355
505 45.30827
505 36.03354
505 15.90826
505 5.64827
506 70.40827
506 61.24355
506 45.30827
506 36.03354
506 15.90826
506 5.64827
507 61.24355
507 45.30827
507 36.03354
507 15.90826
507 5.64827
507 -9.99173
508 61.24355
508 45.30827
508 36.03354
508 15.90826
508 5.64827
508 -9.99173
509 61.24355
509 45.30827
509 36.03354
509 15.90826
509 5.64827
509 -9.99173
510 45.30827
510 36.03354
510 15.90826
510 5.64827
510 -9.99173
510 -24.01645
511 45.30827
511 36.03354
511 15.90826
511 5.64827
511 -9.99173
511 -24.01645
512 36.03354
512 15.90826
512 5.64827
512 -9.99173
512 -24.01645
512 -32.16173
513 36.03354
513 15.90826
513 5.64827
513 -9.99173
513 -24.01645
513 -32.16173
514 36.03354
514 15.90826
514 5.64827
514 -9.99173
514 -24.01645
514 -32.16173
515 15.90826
515 5.64827
515 -9.99173
515 -24.01645
515 -32.16173
515 -43.49173
516 5.64827
516 -9.99173
516 -24.01645
516 -32.16173
516 -43.49173
516 -61.09
517 5.64827
517 -9.99173
517 -24.01645
517 -32.16173
517 -43.49173
517 -61.09
518 5.64827
518 -9.99173
518 -24.01645
518 -32.16173
518 -43.49173
518 -61.09
519 -9.99173
519 -24.01645
519 -32.16173
519 -43.49173
519 -61.09
519 -78.29172
520 -9.99173
520 -24.01645
520 -32.16173
520 -43.49173
520 -61.09
520 -78.29172
521 -9.99173
521 -24.01645
521 -32.16173
521 -43.49173
521 -61.09
521 -78.29172
522 -24.01645
522 -32.16173
522 -43.49173
522 -61.09
522 -78.29172
522 -93.05002
523 -24.01645
523 -32.16173
523 -43.49173
523 -61.09
523 -78.29172
523 -93.05002
524 -32.16173
524 -43.49173
524 -61.09
524 -78.29172
524 -93.05002
524 -107.7717
525 -32.16173
525 -43.49173
525 -61.09
525 -78.29172
525 -93.05002
525 -107.7717
526 -43.49173
526 -61.09
526 -78.29172
526 -93.05002
526 -107.7717
526 -123.3917
527 -43.49173
527 -61.09
527 -78.29172
527 -93.05002
527 -107.7717
527 -123.3917
528 -43.49173
528 -61.09
528 -78.29172
528 -93.05002
528 -107.7717
528 -123.3917
529 -43.49173
529 -61.09
529 -78.29172
529 -93.05002
529 -107.7717
529 -123.3917
530 -61.09
530 -78.29172
530 -93.05002
530 -107.7717
530 -123.3917
530 -134.97
531 -61.09
531 -78.29172
531 -93.05002
531 -107.7717
531 -123.3917
531 -134.97
532 -61.09
532 -78.29172
532 -93.05002
532 -107.7717
532 -123.3917
532 -134.97
533 -78.29172
533 -93.05002
533 -107.7717
533 -123.3917
533 -134.97
533 -145.1165
