0 0
1 -0.00214534
2 -0.00191962
3 -0.00018433
4 0.00513421
5 0.0164643
6 0.0300302
7 0.0520467
8 0.0749911
9 0.0993355
10 0.105427
11 0.101947
12 0.083381
13 0.0658951
14 0.048381
15 0.0336429
16 0.0210392
17 0.0108974
18 0.00322265
19 -0.00161753
20 -0.00523873
21 -0.00715597
22 -0.00818124
23 -0.00835842
24 -0.00788882
25 -0.0150546
26 -0.0126819
27 -0.00961523
28 -0.00690286
29 -0.00404008
30 -0.00185643
31 0.000146174
32 0.00145707
33 9.07784e-05
34 0.000474959
35 0.000590435
36 0.000478429
37 0.000165024
38 -0.000351438
39 -0.000330043
40 -0.000846623
41 -0.00134143
42 -0.0018393
43 -0.00214075
44 -0.00236288
45 -0.0101617
46 -0.00726901
47 -0.00388765
48 -0.00132759
49 0.000760795
50 -0.0226214
51 -0.014398
52 -0.00571002
53 0.000422196
54 0.0108133
55 0.0117202
56 0.0116
57 0.0106391
58 0.00870535
59 0.00675208
60 0.00461756
61 0.00154914
62 -0.000971348
63 -0.0260086
64 -0.0154279
65 -0.00728427
66 -0.0275165
67 -0.0049673
68 -0.0313433
69 -0.0033631
70 0.0101402
71 0.0153981
72 0.0152829
73 0.000263022
74 0.00978538
75 -0.0384377
76 -0.0142401
77 -0.00203364
78 0.00243852
79 -0.0382776
80 -0.0139815
81 -0.0139485
82 0.00431535
83 0.00968036
84 0.00743808
85 -0.0140402
86 -0.0124386
87 -0.0116884
88 0.0116771
89 0.00444458
90 -0.018396
91 -0.016067
92 -0.0111591
93 -0.0057792
94 -0.010901
95 -0.00165441
96 0.00679563
97 0.015561
98 0.0197379
99 -0.00674405
100 0.00363142
101 0.0135837
102 0.021141
103 0.010421
104 0.0172781
105 0.0220936
106 0.0350794
107 0.0292507
108 0.0223137
109 0.032498
110 0.0254118
111 0.0159338
112 0.00988382
113 0.00389437
114 -0.00147008
115 -0.0359928
116 -0.0265521
117 -0.0171837
118 -0.0413755
119 -0.0226958
120 -0.00407841
121 0.00994957
122 0.0186379
123 0.000811146
124 0.0158674
125 0.0287673
126 -0.00608687
127 0.0128687
128 0.0248748
129 0.0342985
130 -0.035553
131 -0.0041457
132 0.0189547
133 0.036483
134 0.0392742
135 -0.0794745
136 -0.0209213
137 0.0164337
138 -0.172323
139 0.0159691
140 0.0796421
141 -0.108548
142 0.0111993
143 -0.111306
144 -0.0216215
145 -0.0440698
146 -0.140454
147 -0.108073
148 -0.126263
149 -0.1247
150 -0.115029
151 -0.0923704
152 -0.0551504
153 -0.0301102
154 -0.00536426
155 -0.0303199
156 -0.00650807
157 0.0198171
158 0.0361281
159 0.0277586
160 0.035774
161 0.0384646
162 0.0381909
163 0.106612
164 0.0803359
165 0.0589815
166 0.0860033
167 0.0481508
168 0.00977453
169 -0.0187086
170 -0.0383251
171 -0.0542549
172 -0.0623531
173 -0.0652157
174 0.0797627
175 0.00162454
176 -0.0482949
177 -0.0672464
178 -0.0578657
179 0.117619
180 -0.0180294
181 0.0532306
182 0.0210341
183 0.0923273
184 0.151895
185 0.183313
186 0.176088
187 0.135617
188 0.116357
189 0.0597389
190 -0.00230882
191 -0.0372076
192 -0.0349867
193 -0.0561705
194 -0.0684277
195 -0.058581
196 -0.0579232
197 -0.0526889
198 -0.0482297
199 -0.0361208
200 -0.0248753
201 -0.0128073
202 -0.0346495
203 -0.0164404
204 -0.00301805
205 0.00905184
206 0.0165193
207 -0.0329506
208 0.00160809
209 0.0193939
210 0.0281034
211 0.0307202
212 0.0243863
213 -0.0300713
214 -0.0343704
215 0.0194322
216 -0.00808667
217 -0.0237183
218 -0.119604
219 -0.0931194
220 -0.109858
221 -0.103546
222 -0.100546
223 -0.0620006
224 -0.0834482
225 -0.0334687
226 0.00427717
227 -0.026929
228 0.00946107
229 0.0310522
230 0.0468289
231 0.0789457
232 0.0657878
233 0.0500968
234 0.0273564
235 -0.00813729
236 -0.0194558
237 -0.0162643
238 -0.0143178
239 -0.0127229
240 -0.022209
241 -0.00647332
242 -0.00261439
243 8.99831e-05
244 -0.00717857
245 -0.00423267
246 0.00928048
247 0.0032742
248 -0.00133003
249 -0.00142435
250 -0.00439759
251 -0.0190695
252 -0.01198
253 -0.00301616
254 0.00150003
255 0.0036536
256 0.00765843
257 0.0115448
258 0.0143195
259 0.0152644
260 0.0177726
261 0.0149028
262 0.0191507
263 0.0215842
264 0.0242637
265 0.022916
266 0.0147019
267 0.0181091
268 0.0199824
269 0.0211207
270 0.0150201
271 0.0138281
272 0.00943275
273 0.00640411
274 0.00119563
275 0.00128266
276 -0.015692
277 -0.0103912
278 0.0141894
279 0.0126256
280 0.00393826
281 0.00461711
282 0.00513529
283 0.00553371
284 -0.00126878
285 0.00261362
286 0.00605558
287 0.00803575
288 0.00709554
289 0.00783093
290 0.00820455
291 0.00877048
292 0.00844702
293 0.00786026
294 -0.00198876
295 0.00231278
296 0.00510882
297 0.00725036
298 -0.0161166
299 -0.00415713
300 0.00284938
301 0.014834
302 0.0157118
303 0.0137235
304 0.0120918
305 0.00913604
306 0.00616544
307 -0.0305552
308 -0.016457
309 -0.00638242
310 -0.035129
311 -0.0118348
312 0.00236243
313 -0.0246415
314 -0.0011977
315 0.0137143
316 0.0231252
317 0.0271749
318 0.0278668
319 0.0210713
320 0.027093
321 -0.00941487
322 0.00340926
323 0.00862432
324 -0.0474215
325 -0.0190893
326 -0.00163323
327 0.00475089
328 0.0121579
329 0.0102377
330 -0.0198771
331 -0.0178509
332 -0.0184848
333 0.00507063
334 -0.0042472
335 -0.0252101
336 -0.0214375
337 -0.014742
338 -0.00784444
339 -0.0106162
340 -0.0014743
341 0.0079293
342 0.0174737
343 0.0217388
344 -0.00544522
345 0.00690766
346 0.0159304
347 0.0236692
348 0.00925244
349 0.0168256
350 0.0209074
351 0.0373794
352 0.0331858
353 0.0269196
354 0.0194523
355 0.0303368
356 0.0203573
357 0.013119
358 0.0074497
359 0.00194661
360 -0.00241025
361 -0.0355947
362 -0.0263086
363 -0.0191065
364 -0.0434676
365 -0.0246836
366 -0.00586055
367 0.00836158
368 0.019869
369 0.00119638
370 0.018116
371 0.0292686
372 -0.00494112
373 0.0119398
374 0.0259853
375 0.0352794
376 -0.0331752
377 0.00143978
378 0.0250235
379 0.037686
380 0.0387565
381 -0.0497758
382 -0.00427476
383 0.0207698
384 -0.133792
385 0.0328229
386 0.0798729
387 -0.0333535
388 -0.219467
389 -0.033515
390 -0.0469967
391 -0.15546
392 -0.116017
393 -0.132171
394 -0.12564
395 -0.113296
396 -0.0877444
397 -0.0513154
398 -0.0239957
399 0.0034835
400 0.0317293
401 0.00189073
402 0.0226511
403 0.04153
404 0.0524639
405 0.0392415
406 0.0407405
407 0.0392418
408 0.123714
409 0.0961131
410 0.0735505
411 0.0478283
412 0.0836738
413 0.0504082
414 0.0197961
415 -0.0105102
416 -0.0317654
417 -0.0497887
418 -0.0600534
419 -0.0656513
420 0.126956
421 0.0398647
422 -0.022979
423 -0.0545495
424 -0.0634612
425 -0.0546513
426 0.120733
427 -0.00376104
428 0.138558
429 0.0386835
430 0.0115755
431 0.0705982
432 0.1388
433 0.145558
434 0.166808
435 0.124206
436 0.0923843
437 0.0310983
438 -0.00881534
439 -0.0124596
440 -0.037143
441 -0.055428
442 -0.0496655
443 -0.0536394
444 -0.0515042
445 -0.0483644
446 -0.0397367
447 -0.0299711
448 -0.02101
449 -0.0417102
450 -0.0206175
451 -0.00683176
452 0.0057081
453 0.0137521
454 -0.0250118
455 0.00248627
456 0.0211018
457 0.0315606
458 0.031505
459 -0.0946263
460 -0.00944993
461 -0.0262109
462 0.0286286
463 -0.00470707
464 0.00618847
465 -0.0198744
466 -0.0891942
467 -0.0782772
468 -0.0979617
469 -0.0935336
470 -0.0988661
471 -0.0713792
472 -0.0908848
473 -0.0427806
474 -0.0103625
475 -0.0264565
476 0.00619121
477 0.0258794
478 0.0395368
479 0.0605016
480 0.0504384
481 0.0353502
482 0.00375953
483 -0.00370721
484 -0.000423875
485 0.000805161
486 -0.0162966
487 -0.00901464
488 0.00283039
489 0.00411416
490 0.00374826
491 -0.00462337
492 0.0106667
493 0.00387886
494 -0.00242834
495 -0.00327222
496 -0.00746815
497 -0.00975174
498 -0.0209073
499 -0.0121923
500 -0.0021794
501 0.00175864
502 0.00835263
503 0.0134257
504 0.0148997
505 0.0190328
506 0.0152225
507 0.0200916
508 0.0244269
509 0.0282998
510 0.0268302
511 0.0183563
512 0.0214193
513 0.0228008
514 0.0200278
515 0.0159329
516 0.0118988
517 0.00710421
518 0.000413272
519 5.93096e-05
520 -0.000178507
521 -0.0144764
522 -0.00903018
523 0.0110504
524 0.00969304
525 0.00201744
526 0.00279934
527 0.00354035
528 0.00414433
529 -0.00115384
530 0.00332005
531 0.00647981
532 0.00641014
533 0.0076836
