0 0
1 -40.62
2 -40.62
3 -40.62078
4 -40.65694
5 -40.72997
6 -40.88429
7 -41.07573
8 -41.38005
9 -41.69038
10 -42.19797
11 -42.76108
12 -43.33664
13 -44.09439
14 -45.07038
15 -46.17675
16 -47.26699
17 -48.4554
18 -49.73917
19 -51.11509
20 -52.39199
21 -53.93148
22 -55.3462
23 -57.0373
24 -58.57963
25 -60.645
26 -62.55558
27 -64.28271
28 -66.31697
29 -68.14766
30 -70.29573
31 -72.2225
32 -74.47676
33 -76.49358
34 -78.84761
35 -80.94901
36 -83.39644
37 -85.57646
38 -88.10993
39 -91.01085
40 -93.30206
41 -96.6243
42 -99.65955
43 -102.7333
44 -105.1475
45 -107.58
46 -110.3793
47 -112.8428
48 -116.0252
49 -118.8644
50 -121.7096
51 -124.9132
52 -127.7594
53 -131.3083
54 -134.4874
55 -137.2961
56 -139.7369
57 -142.5033
58 -144.8998
59 -147.6059
60 -150.2709
61 -152.5632
62 -155.446
63 -157.6304
64 -160.0549
65 -162.105
66 -164.0793
67 -166.2315
68 -168.4999
69 -170.3525
70 -172.1873
71 -173.7222
72 -174.9653
73 -175.8443
74 -176.5579
75 -177.0474
76 -177.438
77 -177.6346
78 -177.628
79 -177.4163
80 -177.0852
81 -176.3957
82 -175.5257
83 -174.3981
84 -172.8374
85 -170.9587
86 -169.2311
87 -167.5538
88 -165.4425
89 -163.1225
90 -160.5959
91 -157.8687
92 -155.3199
93 -151.8179
94 -148.4943
95 -144.5298
96 -140.818
97 -136.9434
98 -132.9187
99 -128.7574
100 -124.4705
101 -120.6262
102 -116.1346
103 -111.5471
104 -105.6897
105 -100.9136
106 -95.45253
107 -91.14503
108 -84.27659
109 -77.29377
110 -71.5003
111 -66.94658
112 -60.37178
113 -55.72251
114 -50.36344
115 -44.27832
116 -38.8222
117 -32.62808
118 -26.38609
119 -20.79402
120 -15.16366
121 -8.784759
122 -3.075859
123 1.229485
124 7.001469
125 12.08165
126 17.92177
127 23.7986
128 29.71229
129 34.91683
130 41.64893
131 47.67042
132 52.96696
133 58.28761
134 65.15997
135 70.51543
136 76.63715
137 81.83922
138 87.49184
139 94.10551
140 99.6283
141 104.734
142 108.9103
143 112.7336
144 116.5936
145 119.6186
146 122.2519
147 124.2278
148 126.5285
149 127.9493
150 128.9101
151 129.7352
152 130.3349
153 130.6983
154 130.813
155 130.7198
156 130.3834
157 129.8953
158 129.0229
159 128.1688
160 127.1755
161 125.8857
162 124.636
163 123.0835
164 121.6261
165 119.6284
166 117.9884
167 115.2753
168 113.2054
169 110.7891
170 108.5696
171 106.5749
172 104.2382
173 102.1471
174 99.71011
175 97.23158
176 94.41017
177 91.58615
178 88.79996
179 86.13811
180 83.75082
181 81.12075
182 79.16675
183 77.91809
184 77.43989
185 77.34807
186 77.55861
187 78.34324
188 79.61015
189 81.25104
190 82.88605
191 85.28628
192 87.17525
193 89.51309
194 91.69543
195 94.32358
196 97.07661
197 99.57648
198 102.5272
199 105.5691
200 109.0907
201 112.3029
202 116.0016
203 118.9365
204 122.3485
205 125.3811
206 128.896
207 132.0107
208 135.6098
209 140.1581
210 143.8255
211 147.046
212 151.188
213 155.7657
214 160.2632
215 164.5683
216 168.4817
217 171.8386
218 174.3731
219 176.2403
220 178.2286
221 179.4929
222 180.2326
223 180.6855
224 180.7932
225 180.5829
226 180.1256
227 179.42
228 178.6081
229 177.4728
230 176.3075
231 174.59
232 172.8695
233 170.9759
234 168.9174
235 165.8267
236 163.0781
237 160.1335
238 157.3506
239 154.7867
240 151.7088
241 147.6404
242 143.7709
243 140.6271
244 136.8936
245 133.5073
246 129.5053
247 125.3686
248 120.5624
249 115.6061
250 111.6557
251 107.0473
252 102.9405
253 98.17113
254 93.93893
255 89.04446
256 84.71802
257 80.35692
258 75.33818
259 70.9216
260 65.85094
261 61.39847
262 55.65714
263 50.54188
264 46.05982
265 40.93216
266 35.79947
267 29.37772
268 24.2369
269 19.09454
270 14.59477
271 6.883084
272 1.745556
273 -4.028905
274 -8.515038
275 -13.63494
276 -19.38363
277 -24.48146
278 -28.93085
279 -33.36803
280 -39.05249
281 -44.71118
282 -49.71743
283 -54.69942
284 -59.65502
285 -63.9679
286 -68.86859
287 -74.34316
288 -78.5708
289 -83.3679
290 -87.53341
291 -92.25514
292 -96.35071
293 -101.5638
294 -105.5746
295 -109.5446
296 -114.0284
297 -117.9013
298 -122.2655
299 -125.4914
300 -130.2444
301 -133.8571
302 -137.8766
303 -142.7001
304 -146.8293
305 -149.8942
306 -153.2323
307 -156.0027
308 -158.9921
309 -161.451
310 -163.7217
311 -165.7805
312 -167.8841
313 -169.5162
314 -170.9604
315 -172.3965
316 -173.6709
317 -174.7889
318 -175.6306
319 -176.4278
320 -177.0403
321 -177.4622
322 -177.6839
323 -177.7255
324 -177.6081
325 -177.2769
326 -176.7888
327 -176.0027
328 -174.8199
329 -173.4771
330 -172.071
331 -170.473
332 -168.2048
333 -165.6216
334 -163.3217
335 -160.1581
336 -157.7579
337 -154.8293
338 -151.2971
339 -147.949
340 -143.9564
341 -140.6952
342 -136.8146
343 -132.7829
344 -129.1421
345 -124.8631
346 -120.4696
347 -116.5391
348 -111.9571
349 -107.8754
350 -103.1337
351 -98.92266
352 -93.42899
353 -88.47514
354 -82.19477
355 -75.17963
356 -70.66002
357 -64.13203
358 -58.85143
359 -54.18999
360 -48.81746
361 -43.39832
362 -38.62121
363 -32.42562
364 -27.57409
365 -21.28992
366 -15.66287
367 -9.287597
368 -3.581788
369 2.16012
370 7.213813
371 13.02334
372 18.13647
373 24.01429
374 29.18748
375 35.13389
376 41.86654
377 47.8884
378 53.94392
379 60.03062
380 66.14388
381 72.26729
382 79.12622
383 84.27186
384 89.85295
385 95.11174
386 100.6388
387 105.742
388 110.895
389 115.4816
390 119.1023
391 122.2197
392 124.288
393 126.2688
394 127.8529
395 129.1898
396 130.0233
397 130.6342
398 130.9192
399 131.0353
400 130.9584
401 130.6618
402 130.2227
403 129.6295
404 128.7766
405 127.8911
406 126.7354
407 125.6114
408 124.2107
409 122.8903
410 121.0727
411 119.5743
412 117.7798
413 115.663
414 113.9478
415 112.1761
416 110.0852
417 108.1985
418 105.9778
419 103.9802
420 101.3415
421 98.63273
422 95.86868
423 93.07697
424 90.60252
425 88.47243
426 86.1449
427 83.79295
428 81.79361
429 79.86198
430 78.71618
431 77.97207
432 77.61729
433 77.6456
434 77.99655
435 78.98332
436 80.47179
437 82.74735
438 84.87385
439 86.74485
440 89.08278
441 91.27698
442 93.93168
443 96.36743
444 99.26362
445 102.2662
446 106.1538
447 109.3612
448 112.6473
449 115.5818
450 118.9975
451 122.913
452 126.0068
453 129.5889
454 132.7593
455 136.8774
456 140.5697
457 144.2813
458 148.4653
459 153.1024
460 157.6857
461 161.2493
462 164.5695
463 167.9039
464 170.507
465 172.7696
466 174.9127
467 176.4712
468 177.8552
469 178.7962
470 179.6094
471 180.1841
472 180.3682
473 180.1474
474 179.5716
475 178.7639
476 177.6909
477 176.3671
478 175.0139
479 173.2594
480 171.297
481 169.1392
482 166.1817
483 162.269
484 159.4483
485 156.4624
486 153.3138
487 150.0056
488 146.5405
489 142.9213
490 139.1514
491 135.2346
492 131.6907
493 126.9831
494 123.2118
495 118.792
496 114.2625
497 110.2142
498 105.4965
499 101.2963
500 95.80854
501 90.23727
502 85.22688
503 79.53717
504 74.4433
505 69.32277
506 64.82568
507 59.02763
508 54.50871
509 48.69059
510 43.51443
511 36.39225
512 29.26582
513 24.08139
514 18.24853
515 11.12074
516 3.349823
517 -1.179097
518 -6.996143
519 -11.51462
520 -16.6706
521 -21.17362
522 -26.94902
523 -32.0667
524 -36.53022
525 -41.61239
526 -46.04095
527 -51.07946
528 -56.0915
529 -60.4534
530 -65.40942
531 -70.94537
532 -75.82847
533 -80.67364
