0 0
-40.62 108.73
-40.62 108.73
-40.62078 108.7294
-40.65694 108.6998
-40.72997 108.6397
-40.88429 108.5108
-41.07573 108.3466
-41.38005 108.0759
-41.69038 107.787
-42.19797 107.3182
-42.76108 106.8238
-43.33664 106.3351
-44.09439 105.7116
-45.07038 104.9316
-46.17675 104.0715
-47.26699 103.2406
-48.4554 102.3479
-49.73917 101.3932
-51.11509 100.3754
-52.39199 99.43214
-53.93148 98.29228
-55.3462 97.23972
-57.0373 95.97226
-58.57963 94.8058
-60.645 93.22597
-62.55558 91.74501
-64.28271 90.38934
-66.31697 88.77049
-68.14766 87.29259
-70.29573 85.5332
-72.2225 83.93218
-74.47676 82.03238
-76.49358 80.30904
-78.84761 78.2702
-80.94901 76.42589
-83.39644 74.24931
-85.57646 72.28461
-88.10993 69.97034
-91.01085 67.27855
-93.30206 65.11996
-96.6243 61.93666
-99.65955 58.97039
-102.7333 55.90691
-105.1475 53.45607
-107.58 50.94475
-110.3793 47.99967
-112.8428 45.35617
-116.0252 41.86463
-118.8644 38.67233
-121.7096 35.39563
-124.9132 31.6075
-127.7594 28.14898
-131.3083 23.70319
-134.4874 19.58372
-137.2961 15.82697
-139.7369 12.46582
-142.5033 8.539333
-144.8998 5.028481
-147.6059 0.9290037
-150.2709 -3.264635
-152.5632 -7.012728
-155.446 -11.942
-157.6304 -15.86335
-160.0549 -20.4404
-162.105 -24.5303
-164.0793 -28.70079
-166.2315 -33.56681
-168.4999 -39.16091
-170.3525 -44.20602
-172.1873 -49.79897
-173.7222 -55.15538
-174.9653 -60.2367
-175.8443 -64.52911
-176.5579 -68.81893
-177.0474 -72.62068
-177.438 -77.00006
-177.6346 -81.37331
-177.628 -85.70794
-177.4163 -89.94746
-177.0852 -93.41195
-176.3957 -98.05854
-175.5257 -102.1905
-174.3981 -106.3068
-172.8374 -110.8163
-170.9587 -115.2033
-169.2311 -118.6027
-167.5538 -121.4937
-165.4425 -124.702
-163.1225 -127.8
-160.5959 -130.7756
-157.8687 -133.6185
-155.3199 -135.9912
-151.8179 -138.8831
-148.4943 -141.2971
-144.5298 -143.8284
-140.818 -145.9057
-136.9434 -147.8171
-132.9187 -149.5617
-128.7574 -151.1416
-124.4705 -152.5598
-120.6262 -153.6735
-116.1346 -154.8073
-111.5471 -155.7992
-105.6897 -156.8523
-100.9136 -157.5549
-95.45253 -158.2108
-91.14503 -158.631
-84.27659 -159.1443
-77.29377 -159.4912
-71.5003 -159.6603
-66.94658 -159.724
-60.37178 -159.7165
-55.72251 -159.645
-50.36344 -159.4981
-44.27832 -159.2504
-38.8222 -158.9577
-32.62808 -158.543
-26.38609 -158.0409
-20.79402 -157.5208
-15.16366 -156.9335
-8.784759 -156.1956
-3.075859 -155.4754
1.229485 -154.8994
7.001469 -154.0895
12.08165 -153.3476
17.92177 -152.4687
23.7986 -151.5632
29.71229 -150.6367
34.91683 -149.8112
41.64893 -148.73
47.67042 -147.7491
52.96696 -146.8718
58.28761 -145.9692
65.15997 -144.7539
70.51543 -143.7634
76.63715 -142.546
81.83922 -141.4232
87.49184 -140.0777
94.10551 -138.2765
99.6283 -136.5258
104.734 -134.6314
108.9103 -132.8111
112.7336 -130.8577
116.5936 -128.5009
119.6186 -126.2784
122.2519 -123.9602
124.2278 -121.8751
126.5285 -118.861
127.9493 -116.4741
128.9101 -114.4411
129.7352 -112.1531
130.3349 -109.741
130.6983 -107.1923
130.813 -104.5257
130.7198 -102.1151
130.3834 -99.29202
129.8953 -96.77666
129.0229 -93.49583
128.1688 -90.91582
127.1755 -88.31487
125.8857 -85.31866
124.636 -82.67593
123.0835 -79.63026
121.6261 -76.94186
119.6284 -73.45112
117.9884 -70.70654
115.2753 -66.3362
113.2054 -63.11196
110.7891 -59.4353
108.5696 -56.1212
106.5749 -53.1855
104.2382 -49.78867
102.1471 -46.77888
99.71011 -43.29335
97.23158 -39.75419
94.41017 -35.69869
91.58615 -31.54481
88.79996 -27.2686
86.13811 -22.91242
83.75082 -18.645
81.12075 -13.23264
79.16675 -8.134703
77.91809 -3.377264
77.43989 -0.06670451
77.34807 3.311133
77.55861 5.756963
78.34324 9.121485
79.61015 12.14234
81.25104 14.81199
82.88605 16.85376
85.28628 19.26569
87.17525 20.85608
89.51309 22.58583
91.69543 24.03349
94.32358 25.63248
97.07661 27.19108
99.57648 28.53572
102.5272 30.06433
105.5691 31.59732
109.0907 33.34096
112.3029 34.91769
116.0016 36.73212
118.9365 38.17891
122.3485 39.87649
125.3811 41.40559
128.896 43.20927
132.0107 44.84164
135.6098 46.77596
140.1581 49.30948
143.8255 51.44274
147.046 53.3987
151.188 56.05267
155.7657 59.21278
160.2632 62.61265
164.5683 66.22339
168.4817 69.92808
171.8386 73.61854
174.3731 76.91453
176.2403 79.80121
178.2286 83.65912
179.4929 86.99709
180.2326 89.81627
180.6855 92.82803
180.7932 95.97785
180.5829 98.93353
180.1256 101.6284
179.42 104.3651
178.6081 106.7801
177.4728 109.5524
176.3075 111.9815
174.59 115.1016
172.8695 117.8666
170.9759 120.6185
168.9174 123.3534
165.8267 127.076
163.0781 130.0784
160.1335 133.0294
157.3506 135.5973
154.7867 137.7919
151.7088 140.2293
147.6404 143.1519
143.7709 145.6454
140.6271 147.4833
136.8936 149.4634
133.5073 151.0818
129.5053 152.7907
125.3686 154.3387
120.5624 155.8743
115.6061 157.1796
111.6557 158.0288
107.0473 158.815
102.9405 159.3364
98.17113 159.74
93.93893 159.9228
89.04446 159.938
84.71802 159.7833
80.35692 159.4735
75.33818 158.934
70.9216 158.305
65.85094 157.4124
61.39847 156.4852
55.65714 155.1029
50.54188 153.7019
46.05982 152.3494
40.93216 150.6669
35.79947 148.8479
29.37772 146.3966
24.2369 144.3002
19.09454 142.0883
14.59477 140.061
6.883084 136.3925
1.745556 133.8148
-4.028905 130.7923
-8.515038 128.3535
-13.63494 125.4732
-19.38363 122.1152
-24.48146 119.0267
-28.93085 116.2444
-33.36803 113.3873
-39.05249 109.6041
-44.71118 105.6983
-49.71743 102.1244
-54.69942 98.45534
-59.65502 94.69145
-63.9679 91.32067
-68.86859 87.38055
-74.34316 82.8364
-78.5708 79.22063
-83.3679 75.00159
-87.53341 71.23424
-92.25514 66.8422
-96.35071 62.9236
-101.5638 57.78147
-105.5746 53.70083
-109.5446 49.54881
-114.0284 44.71552
-117.9013 40.40829
-122.2655 35.3953
-125.4914 31.5723
-130.2444 25.73919
-133.8571 21.12879
-137.8766 15.79638
-142.7001 9.075129
-146.8293 2.996694
-149.8942 -1.741871
-153.2323 -7.161723
-156.0027 -11.90264
-158.9921 -17.31754
-161.451 -22.05333
-163.7217 -26.7046
-165.7805 -31.20852
-167.8841 -36.17268
-169.5162 -40.3532
-170.9604 -44.37961
-172.3965 -48.80469
-173.6709 -53.23104
-174.7889 -57.70625
-175.6306 -61.65679
-176.4278 -66.19003
-177.0403 -70.71934
-177.4622 -75.23306
-177.6839 -79.50535
-177.7255 -83.4299
-177.6081 -87.15666
-177.2769 -91.3893
-176.7888 -95.20969
-176.0027 -99.54948
-174.8199 -104.3599
-173.4771 -108.6176
-172.071 -112.3012
-170.473 -115.8662
-168.2048 -120.1565
-165.6216 -124.2738
-163.3217 -127.4388
-160.1581 -131.2148
-157.7579 -133.7261
-154.8293 -136.456
-151.2971 -139.346
-147.949 -141.7479
-143.9564 -144.2576
-140.6952 -146.0627
-136.8146 -147.9666
-132.7829 -149.6996
-129.1421 -151.0782
-124.8631 -152.5007
-120.4696 -153.7661
-116.5391 -154.7498
-111.9571 -155.7401
-107.8754 -156.4966
-103.1337 -157.243
-98.92266 -157.8017
-93.42899 -158.403
-88.47514 -158.8342
-82.19477 -159.2465
-75.17963 -159.5491
-70.66002 -159.6637
-64.13203 -159.7267
-58.85143 -159.6949
-54.18999 -159.6088
-48.81746 -159.4448
-43.39832 -159.2111
-38.62121 -158.9502
-32.42562 -158.5328
-27.57409 -158.1483
-21.28992 -157.5766
-15.66287 -156.9971
-9.287597 -156.268
-3.581788 -155.5554
2.16012 -154.788
7.213813 -154.0772
13.02334 -153.2271
18.13647 -152.4556
24.01429 -151.548
29.18748 -150.7359
35.13389 -149.7897
41.86654 -148.7033
47.8884 -147.7172
53.94392 -146.7075
60.03062 -145.6636
66.14388 -144.5701
72.26729 -143.4229
79.12622 -142.0231
84.27186 -140.8754
89.85295 -139.498
95.11174 -138.0295
100.6388 -136.2504
105.742 -134.3145
110.895 -131.9584
115.4816 -129.3882
119.1023 -126.9034
122.2197 -124.277
124.288 -122.1618
126.2688 -119.7023
127.8529 -117.2419
129.1898 -114.5327
130.0233 -112.2262
130.6342 -109.7142
130.9192 -107.6664
131.0353 -105.2147
130.9584 -102.9883
130.6618 -100.3697
130.2227 -98.02683
129.6295 -95.64452
128.7766 -92.88142
127.8911 -90.43199
126.7354 -87.59869
125.6114 -85.08952
124.2107 -82.18712
122.8903 -79.61702
121.0727 -76.26998
119.5743 -73.63163
117.7798 -70.57635
115.663 -67.08727
113.9478 -64.33559
112.1761 -61.55002
110.0852 -58.32462
108.1985 -55.46679
105.9778 -52.16098
103.9802 -49.2337
101.3415 -45.42147
98.63273 -41.55021
95.86868 -37.61178
93.07697 -33.58899
90.60252 -29.92347
88.47243 -26.64008
86.1449 -22.8396
83.79295 -18.65503
81.79361 -14.64673
79.86198 -9.982728
78.71618 -6.368286
77.97207 -2.95571
77.61729 0.2266694
77.6456 3.756366
77.99655 6.383561
78.98332 9.869001
80.47179 13.03532
82.74735 16.34842
84.87385 18.67679
86.74485 20.38512
89.08278 22.23351
91.27698 23.77418
93.93168 25.46279
96.36743 26.89129
99.26362 28.48678
102.2662 30.06023
106.1538 32.01759
109.3612 33.59064
112.6473 35.18265
115.5818 36.5999
118.9975 38.2558
122.913 40.17465
126.0068 41.71532
129.5889 43.53558
132.7593 45.18679
136.8774 47.3997
140.5697 49.4619
144.2813 51.62742
148.4653 54.20436
153.1024 57.26654
157.6857 60.55876
161.2493 63.35015
164.5695 66.19433
167.9039 69.37934
170.507 72.19168
172.7696 74.97484
174.9127 78.05058
176.4712 80.71174
177.8552 83.59354
178.7962 86.07425
179.6094 88.97707
180.1841 92.38258
180.3682 95.59211
180.1474 99.6423
179.5716 103.0167
178.7639 106.0402
177.6909 109.0708
176.3671 112.0932
175.0139 114.7206
173.2594 117.6959
171.297 120.6359
169.1392 123.5347
166.1817 127.0922
162.269 131.2483
159.4483 133.94
156.4624 136.5592
153.3138 139.0966
150.0056 141.5426
146.5405 143.8871
142.9213 146.1186
139.1514 148.2258
135.2346 150.1971
131.6907 151.8011
126.9831 153.6832
123.2118 154.9964
118.792 156.326
114.2625 157.4649
110.2142 158.2987
105.4965 159.0577
101.2963 159.5475
95.80854 159.9351
90.23727 160.0472
85.22688 159.9171
79.53717 159.5147
74.4433 158.9353
69.32277 158.1556
64.82568 157.3148
59.02763 156.028
54.50871 154.8755
48.69059 153.2094
43.51443 151.565
36.39225 149.0714
29.26582 146.3319
24.08139 144.1957
18.24853 141.6553
11.12074 138.3617
3.349823 134.5415
-1.179097 132.2067
-6.996143 129.0929
-11.51462 126.5853
-16.6706 123.6285
-21.17362 120.962
-26.94902 117.425
-32.0667 114.1782
-36.53022 111.2576
-41.61239 107.8282
-46.04095 104.7476
-51.07946 101.1362
-56.0915 97.42831
-60.4534 94.10471
-65.40942 90.21616
-70.94537 85.72729
-75.82847 81.63591
-80.67364 77.44963
