0 0
1 0.396555325490066
2 3.17838034599741
3 2.40396711814509
4 1.54775461918036
5 1.47082137483236
6 2.14710409164183
7 3.10870848399943
8 4.49775484892586
9 5.61039845235208
10 7.1748753829208
11 9.03029189288503
12 10.6696149745478
13 12.2653561776316
14 13.9964694505514
15 15.536476875327
16 16.6329327184666
17 17.8434533691881
18 19.0302137114365
19 20.0661595434455
20 20.9579171601607
21 22.0850213628978
22 23.1903593423424
23 24.1538666063253
24 25.1022359490105
25 26.0348749170017
26 27.1782847470449
27 28.0756227785714
28 29.0666577226565
29 30.03865147652
30 30.885950064985
31 31.822644954924
32 32.6400294012629
33 33.4433246088993
34 34.23262424071
35 35.0081071278799
36 35.6753851890453
37 36.5182464321114
38 37.2533994981778
39 37.9753485446158
40 38.6842614958983
41 39.2941520158528
42 39.8779234145974
43 40.5471080873456
44 40.9936375226444
45 40.3977823048764
46 38.6763366925186
47 36.6722239971709
48 35.3780313600078
49 36.0398645354598
50 36.6009524465149
51 37.171595884247
52 36.7673157710607
53 34.7695112005281
54 32.8421253455649
55 31.3453694210022
56 32.0486554133832
57 32.8381973603692
58 33.4416192661178
59 33.9956610082337
60 33.5823031885848
61 31.4823501755132
62 29.3388062127322
63 29.1914808567309
64 30.0269289180987
65 30.8304444668514
66 31.4448685177814
67 31.8873906546645
68 29.9791290658871
69 28.2219522209828
70 26.0780655364298
71 26.6581797932836
72 27.3577952187282
73 28.0454751628091
74 28.4327330730118
75 26.6041497136207
76 24.7025268466044
77 22.6542656060868
78 22.8105272072627
79 23.6218512782099
80 24.4143569737611
81 25.0685568008761
82 23.416798405723
83 21.7501580173759
84 21.395100623099
85 22.1786224542734
86 22.8718078129165
87 23.7441253799932
88 22.0578750935338
89 20.2175865030095
90 18.3687878543473
91 19.0529329865941
92 20.0097146955626
93 20.759329830424
94 21.5310780899202
95 21.9642209563213
96 20.2988314716435
97 18.355636198711
98 16.5688234474648
99 17.34364260182
100 18.5867186456258
101 19.6035279279472
102 19.6891237942024
103 18.0825629258643
104 16.4224519567379
105 14.2519387323308
106 15.1869379738681
107 16.1908053106508
108 17.1545333665147
109 18.0321129719801
110 16.3757335581261
111 14.4796211807661
112 15.5986184521919
113 16.601795967625
114 17.5469036199287
115 18.3260784854143
116 16.8393961181582
117 15.1439683260601
118 14.8525962517504
119 15.8883920596389
120 16.7215373886791
121 17.5040266237987
122 17.5826237786622
123 15.673677036875
124 13.8963871872057
125 14.5404321491572
126 15.6172151708837
127 16.8089199706407
128 17.9678022885081
129 19.2017144125353
130 20.0331394471107
131 20.6607645632489
132 20.0116765544346
133 20.1584142110975
134 21.2985460828441
135 22.2269038131853
136 23.059883005566
137 23.2905462563815
138 23.2048465250914
139 23.4139645547169
140 24.3898680926887
141 25.3171596413678
142 26.2534523236663
143 27.176887782967
144 28.0866722382955
145 29.2040510641683
146 30.1918101573172
147 31.1488843612559
148 31.9964789355629
149 32.8328195608179
150 33.755234847296
151 34.6671539032436
152 35.4552210661907
153 36.1339909835709
154 36.8963016725875
155 37.5534151233749
156 38.2945566122379
157 38.9410962948956
158 39.5679012132284
159 40.1883777717536
160 40.972230676068
161 41.5717864563049
162 42.2497463629142
163 42.9163399123134
164 43.4915852007801
165 44.0586406421117
166 44.7434634193347
167 45.3566143533682
168 45.9017641994473
169 46.4736671012487
170 47.0699183440291
171 47.7969404707837
172 48.2954225599118
173 48.8545350698556
174 49.1179313222332
175 49.595259131054
176 47.6047175022978
177 45.3297649384201
178 42.312557784385
179 40.1454652713637
180 38.928546137569
181 39.5313761438991
182 40.2097079548374
183 40.7311080078597
184 38.3200486003179
185 35.6669792184534
186 35.1764884223415
187 35.7198910826542
188 36.3815202950661
189 34.382855865207
190 32.2888987486107
191 31.3445486539038
192 32.1616363787647
193 32.6425465578742
194 33.1673047413032
195 31.2657244716891
196 29.10419150917
197 26.9008072444045
198 24.6828008384532
199 24.6822640318166
200 25.2832005083953
201 23.578005470136
202 21.3466479775142
203 19.4894327159165
204 19.6012826800796
205 20.2098021757614
206 20.5750752402649
207 20.0261114238595
208 18.0135263280343
209 16.5413108226985
210 14.9888107075238
211 15.4472177398636
212 15.8897066317374
213 16.2996138219373
214 14.6406374227663
215 13.276732071505
216 11.8076174216538
217 12.47610232562
218 13.206225541048
219 13.9527985375825
220 12.7396413598214
221 11.4044976024271
222 9.7823113800186
223 10.72513654154
224 11.7398775677947
225 12.793068491844
226 13.4718587723046
227 12.0863598893508
228 10.3711864398578
229 11.6720382581221
230 13.0930896013727
231 14.4408124386318
232 15.6841178788443
233 16.9534955085098
234 18.0594438174884
235 19.2678556233868
236 20.3387151441626
237 21.2669552483743
238 22.3028798379664
239 23.3290039798458
240 24.3944549089323
241 25.2542027419509
242 26.1059205518327
243 27.1780765365663
244 28.0004729966042
245 28.9595717715973
246 29.8626407424299
247 30.7504084659775
248 31.6143187440949
249 32.4593384934496
250 33.2769662741526
251 34.0592948550331
252 34.8867197097472
253 35.6443375180469
254 35.8555882107836
255 36.2812465435113
256 33.4344762765468
257 30.6760693038941
258 27.3946323253376
259 24.0862165470428
260 23.3480215919207
261 23.3084018129363
262 20.7969869349879
263 18.1360839265195
264 16.4260286293738
265 14.7073984722872
266 12.9019569344239
267 13.8245035859439
268 14.5158641544785
269 15.3037036231216
270 13.3877779419339
271 11.3710002888046
272 9.53062464266087
273 10.5415175606304
274 11.7320007324532
275 13.1900087146535
276 14.3090329862143
277 15.7047409121266
278 16.6437830308697
279 17.6702511893164
280 19.1246672786451
281 20.4156730170785
282 21.688813075186
283 22.9208097071974
284 24.1411831964215
285 25.1913207489639
286 26.3334479964631
287 27.1995809992626
288 28.161029317727
289 28.9771573521639
290 29.882363719909
291 30.8618629819973
292 31.7905216861465
293 32.5785231821276
294 33.2358049814792
295 33.8594423639987
296 34.5393665313563
297 34.9645753745901
298 35.4600225280224
299 35.8579338083987
300 33.5938378906969
301 31.1191699546144
302 28.578730384031
303 26.5637787872199
304 26.3135332672568
305 26.2825205513939
306 26.5219771820644
307 24.5901848021791
308 22.1342528687194
309 19.9021230777587
310 18.2819828430951
311 16.5417536374535
312 16.9306655234912
313 17.5095612957
314 18.0808779877146
315 16.4285288155168
316 14.733566697925
317 12.7500861580628
318 13.545502062869
319 14.1024191771187
320 15.1517261098324
321 13.1143465487019
322 11.4815173749738
323 9.36351484091338
324 10.9240185278078
325 12.185658546806
326 13.308408568808
327 14.2365955826154
328 12.6400489472282
329 10.5105383474479
330 11.8006796674682
331 13.0997740644983
332 14.4095573070646
333 14.7047290770437
334 12.9797117313552
335 10.9394271306064
336 12.2731423473827
337 13.6632348684857
338 14.8347716943323
339 15.9614942256786
340 16.5861875115471
341 14.9275911500229
342 13.2111618739897
343 14.0584227260956
344 15.1537919352158
345 16.1175680812354
346 17.1634965721173
347 18.1695028599934
348 19.1229854891535
349 20.0296469402006
350 20.158234827399
351 18.6393426665265
352 16.1455916920404
353 16.7305037677736
354 17.8964784034238
355 18.9169061737588
356 19.8819587216858
357 20.7362389305977
358 21.009486308404
359 19.4925401063266
360 17.8403276592896
361 18.1621828996805
362 19.0501041958959
363 20.0077146480354
364 20.8652715513182
365 21.1992012192187
366 19.6678493892287
367 17.5923052734215
368 18.2188645646061
369 19.22885819525
370 20.2194456844005
371 21.180184656518
372 21.9434528719447
373 22.441364671952
374 22.203913793621
375 20.3224618143735
376 20.1002269344909
377 21.2302239428585
378 22.1939099808336
379 23.0266735038419
380 23.9652224515599
381 24.8671874285611
382 25.5857351958396
383 26.0914502478517
384 23.9695293617383
385 21.5372083912147
386 22.4391849152351
387 23.4065871049955
388 24.5978783738432
389 25.5355417545103
390 26.5758981324716
391 27.3721913194098
392 28.3809365476326
393 29.1530161430795
394 30.0152465712317
395 30.7625074460422
396 31.7094320120661
397 32.4944803422947
398 33.2750682804232
399 33.7240650841231
400 33.912151762459
401 34.2684995573675
402 34.8594899666807
403 35.7328731557746
404 36.219503584499
405 36.962886109046
406 34.4909182590274
407 32.0119305929735
408 31.3732569245678
409 32.0945834632307
410 33.041957374775
411 33.9505975060964
412 34.8449336258872
413 35.6218218290753
414 36.3856594668757
415 37.045324459894
416 37.8793749973277
417 38.7717974275302
418 39.5691957574198
419 40.2659546001055
420 40.8665890703585
421 41.5226913499119
422 42.1867027859986
423 42.9072043212279
424 43.4904811986123
425 44.0102585661553
426 44.6247093053198
427 45.3465901990068
428 45.827570254222
429 45.9879444758851
430 45.8925309088361
431 45.6058266654119
432 45.4760723130086
433 43.0438930492889
434 40.9346383734608
435 39.8541882920835
436 40.4895964183893
437 41.1621902805291
438 41.9016935734785
439 42.5752540454335
440 43.1085960834984
441 42.9727012475686
442 39.4106968689702
443 37.3109116301242
444 36.5074158602373
445 37.1521937251639
446 37.8656645268704
447 38.4891285192926
448 39.1283947162535
449 39.6298182511798
450 39.3973470624895
451 37.4151273209089
452 34.8015997553603
453 34.5835481490536
454 35.2481387788721
455 35.9431935338585
456 36.4993416084813
457 36.4360923375347
458 34.5313965590388
459 32.6095554340355
460 31.7144383692833
461 32.5128270301986
462 33.1843361828175
463 33.7763988782195
464 34.1158076481835
465 33.1366337900031
466 31.2563649985386
467 29.8412047327023
468 30.5628134076877
469 31.3570587397773
470 32.0441120381789
471 32.4364425791176
472 30.2673761581951
473 27.92661476087
474 26.9250820004993
475 27.8014741124094
476 28.4304532079471
477 28.9979800123674
478 27.1962323079325
479 25.2320802736297
480 23.5029592135415
481 23.9043281887761
482 24.8826942560843
483 25.5981589821497
484 26.1643373816463
485 24.4331131636178
486 22.815691837727
487 20.897704296839
488 21.5607817660464
489 22.5668945046523
490 23.3072905948802
491 23.606990760281
492 21.9277007164185
493 20.0892781499379
494 18.2451309767945
495 18.8142549437937
496 19.7741269893478
497 20.7189419986245
498 21.59023243991
499 21.2418130482994
500 19.4458847434698
501 17.8960426105525
502 17.3586079250843
503 18.2369400525925
504 19.2568768730645
505 20.337155505954
506 18.4959922622743
507 16.6150020531649
508 14.8709425782618
509 16.0106341824515
510 16.9325435121364
511 17.7588584555074
512 17.6455959161785
513 15.5651627427301
514 13.6962094367505
515 15.2652287809958
516 15.9977764474613
517 17.0221197165777
518 17.9739050244979
519 17.2891888406151
520 15.4272763759753
521 13.3559014901631
522 15.2296150532527
523 16.2447873752604
524 17.1709395883967
525 17.9596661654691
526 17.8095146033345
527 15.8529697771116
528 15.6436047547332
529 16.7192036366989
530 17.8758909036952
531 18.8390745933295
532 19.9725525962057
533 20.1948701600511
534 18.1909028461001
535 16.4024676118483
536 17.2348231904757
537 18.4065949868541
538 19.4403851064306
539 20.5823156678474
540 21.5842443876373
541 22.577705944525
542 23.5480349847429
543 24.3868129054631
544 25.3300046015421
545 26.2440984173207
546 27.1649213459551
547 28.0704445236635
548 28.9630015416725
549 29.9506739179843
550 30.9196584791216
551 31.8605254472992
552 32.6925535725943
553 33.5131495090911
554 34.4211572927662
555 35.4183841123584
556 36.0968024144313
557 36.8617330036161
558 37.51787485366
559 38.2590946024253
560 38.9079909333035
561 39.6246853215672
562 40.2436807638245
563 40.855555204685
564 41.5417668326551
565 42.2201311296808
566 42.9707763798311
567 43.6266162006665
568 44.2636321825698
569 45.0302850979382
570 45.8015047138248
571 46.3036598089431
572 46.9765742556353
573 47.5637603712861
574 48.1392022795047
575 48.8423629286319
576 49.3125948707909
577 49.5793927911898
578 50.054757284383
579 48.0500482517796
580 45.1208584605087
581 42.603922177105
582 40.5396234786926
583 38.1735643085316
584 37.3704502682018
585 38.0849902043291
586 38.7810090802766
587 39.1487278385533
588 39.6567056357281
589 37.5476737415923
590 35.0402893021196
591 32.5291103834012
592 31.8596014531117
593 32.5888238507991
594 33.417413145046
595 33.8079086557984
596 31.8324078477573
597 29.4596533120785
598 27.4466620118191
599 25.4325156569437
600 25.4559703757463
601 26.032761103902
602 26.5684232879038
603 24.6182012380683
604 22.6967328752804
605 20.5067430232027
606 18.3726267845645
607 19.0354902798388
608 19.5355445228367
609 20.0103338599721
610 18.4349617822695
611 16.7303848158044
612 15.1982366652005
613 15.1064419430079
614 15.5543830539716
615 16.0085085484884
616 14.7259737133073
617 12.9838203546964
618 11.3385812606197
619 12.0449910129196
620 12.8271791852609
621 13.4185095306373
622 13.189953178806
623 11.4925825822088
624 9.86945468855809
625 10.8469823417613
626 11.8591159093103
627 12.9459853086785
628 13.870247255949
629 12.6784351131371
630 10.5363457595821
631 11.84480037257
632 12.9555631733041
633 14.0794796839028
634 15.3146456254105
635 16.4520269812058
636 17.7115121788364
637 18.7897187256828
638 20.0033192316057
639 20.9299763820681
640 21.9805296845094
641 23.1341445381805
642 24.0734646720801
643 25.059474669713
644 26.0295213969088
645 27.1026068221735
646 27.9622034556296
647 28.8775221127002
648 29.668624499988
649 30.8832809998839
650 31.6376435984011
651 32.5809067433048
652 33.4853419864983
653 34.2456243340958
654 35.1304809768492
655 35.8425661543701
656 35.8602029908566
657 35.8902992164507
658 33.6087361787816
659 30.9174373180636
660 27.0343845265284
661 26.7209951935404
662 25.1613269226839
663 22.9519107649606
664 20.5770599829779
665 17.8882687772073
666 16.1520701667665
667 14.551804131218
668 13.011018173669
669 11.1554628407315
670 12.2421628280671
671 13.0186570154232
672 13.7939469074556
673 12.435024855169
674 10.5487786944845
675 8.76556375120711
676 10.2602573367875
677 11.5264866983673
678 12.635331987325
679 14.0435432217944
680 15.6363800732686
681 16.9293555933649
682 18.3615497115934
683 19.5113944116627
684 20.9267062244967
685 22.1749350270004
686 23.2510700881134
687 24.3149396294534
688 25.357813901813
689 26.4905880503142
690 27.3512430375076
691 28.3076731360265
692 29.1202403287192
693 30.0221824984357
694 30.8926326816977
695 31.6268255114082
696 32.4251642569909
697 33.1895142533233
698 33.9099103824963
699 34.6760500358799
700 35.1637929424891
701 35.6032334907246
702 33.3534939765143
703 31.1976394914011
704 28.6318277842448
705 26.334485551661
706 26.541260215546
707 27.1502615488589
708 27.1935050499301
709 25.2591668868507
710 22.8592525523612
711 20.9306269944464
712 19.2884915717295
713 17.8020435930502
714 18.255493497049
715 18.9004390600994
716 18.7922528837152
717 16.7320208557842
718 15.4360636234042
719 13.8245648550879
720 14.5826887470453
721 15.2402547956156
722 13.427276930432
723 11.7518274837196
724 12.5399016545025
725 13.4605922179198
726 14.4142024315781
727 12.7949934419873
728 10.4346702811045
729 8.53918628807995
730 10.1011658677256
731 11.7519471837129
732 13.2039939563818
733 14.2543901078406
734 14.7573165295392
735 13.2000435545191
736 11.3808485838503
737 12.387858596885
738 13.7677816824538
739 14.7997118635083
740 15.6303105999247
741 15.9327911001689
742 14.3318298358538
743 12.4346407049076
744 13.6118596520852
745 14.7028662018022
746 15.6706941608136
747 16.7210592250001
748 17.6268826472414
749 18.6046800182235
750 19.3131251441629
751 19.5705434891025
752 17.6280900723829
753 15.3335389240942
754 15.8097927124034
755 16.8596399797224
756 17.8987670819548
757 18.7947391440401
758 19.8583110764172
759 20.7128465087747
760 20.4269038255899
761 19.0882048308524
762 17.5010404901478
763 18.1353492170848
764 19.1518956634165
765 20.0866396276117
766 20.9015536301821
767 20.9617792282593
768 19.4156110852548
769 17.8166189643514
770 18.4270795136286
771 19.432168620475
772 20.2958528332139
773 21.2038720134767
774 21.9214103617771
775 21.9484148088284
776 20.0853146593557
777 19.2899447781846
778 20.3345856021779
779 21.188444123755
780 22.1528428974366
781 22.9736744129266
782 23.8634814604299
783 24.6030629254509
784 24.7734984243589
785 24.5915834963587
786 25.0786454947759
787 25.0768198459732
788 23.8236564728726
789 23.8255845970742
790 25.1414249655119
791 26.1811476013901
792 27.1916691770394
793 28.28711698289
794 29.0375021446475
795 29.5003720608995
796 30.0582887355346
797 30.9108276925947
798 31.6946541570971
799 32.3009104556194
800 33.2985962575177
801 33.3703246629589
802 33.2399470195346
803 33.5075381750664
804 34.399929858587
805 35.2854548156482
806 35.7967444413885
807 36.629044076861
808 34.4468415468115
809 32.4979980193791
810 31.5337642731471
811 32.4577617475274
812 33.4008550225841
813 34.1062315619455
814 34.8975414215849
815 35.7707309392012
816 36.4379339655238
817 37.1896101242904
818 37.9292264105677
819 38.6579344686723
820 39.2655472356489
821 40.0519204469797
822 40.8253273019104
823 41.4168880832549
824 42.0623942237115
825 42.713639950653
826 43.3755234464016
