0 0
1 0.00475400678095654
2 0.360301853013709
3 0.216528655214564
4 0.090772146337075
5 0.0819469451255199
6 0.175223534638072
7 0.251321538786312
8 0.154330735288984
9 0.0519433649014042
10 -0.123420666811841
11 -0.190493576822615
12 -0.21215778934614
13 -0.18732907336825
14 -0.128329444502766
15 -0.0465365924132081
16 0.0275645149490506
17 0.114430850835387
18 0.204349699485302
19 0.300254807919957
20 0.377020082413228
21 0.484503698206651
22 0.592676939612954
23 0.711729832073451
24 0.803908499876623
25 0.902715020320245
26 1.01871762960815
27 1.11475810771898
28 1.22308414141945
29 1.33879437181479
30 1.45109977559087
31 1.57102996913102
32 1.67911033370894
33 1.78888073707594
34 1.90112698234022
35 2.01597866161676
36 2.12008009747099
37 2.25560910362756
38 2.38001341355345
39 2.50759554429789
40 2.63886333261169
41 2.75641980714879
42 2.97883718559245
43 3.14286247954204
44 3.25702399834404
45 3.21770087458582
46 2.98907819380694
47 2.73187668187312
48 2.70601252759292
49 2.8679397185876
50 2.99342412780379
51 3.13516836489064
52 3.1070890707208
53 2.78217001581515
54 2.50642095712858
55 2.31417194425488
56 2.47644420029444
57 2.68018327036067
58 2.84864155344051
59 3.03455658210546
60 3.04288877031084
61 2.7347592216226
62 2.41295068390502
63 2.44747273092738
64 2.67676938879317
65 2.91440423945847
66 3.10280377863606
67 3.47898974095153
68 3.10841487508129
69 2.80583655333984
70 2.40612860297439
71 2.58453351542833
72 2.93345795731305
73 3.16415970889003
74 3.33332628608147
75 2.93424112916284
76 2.54892337921006
77 2.23690962824066
78 2.32231944111386
79 2.5617817209113
80 2.81768823583678
81 3.0642026800808
82 2.69809948328897
83 2.32865246113292
84 2.30826025641117
85 2.59282692034642
86 2.85829359344234
87 3.25206342334788
88 2.90846201182473
89 2.4681317638039
90 2.01928751099377
91 2.28255949780422
92 2.6590189203509
93 3.07848183798119
94 3.41295256039451
95 3.71398681406612
96 3.1945963711888
97 2.65676557192918
98 2.17062349124116
99 2.47244030056135
100 3.06203794487244
101 3.50093835341671
102 3.60590531361755
103 3.07289917853779
104 2.60612942272752
105 1.97447279121118
106 2.27523658465516
107 2.62168090678826
108 2.96181021954025
109 3.31119660122168
110 2.78385529665696
111 2.2102014363618
112 2.65054072443056
113 3.00629894701471
114 3.31888435909811
115 3.59720990511469
116 3.08769614438471
117 2.5656738011277
118 2.43162357543324
119 2.73557416788911
120 2.97401285560265
121 3.18958319013492
122 3.18223984738134
123 2.64564695886464
124 2.16126551787839
125 2.32486638694797
126 2.56357731321982
127 2.79322190328559
128 3.01318779873547
129 3.22671712331589
130 3.34197654296912
131 3.40555125741819
132 3.16185391799297
133 3.12642817253942
134 3.29794461758914
135 3.4009476343806
136 3.48305476480239
137 3.374748533653
138 3.23665247015299
139 3.17608697393292
140 3.26299652397682
141 3.36267380670659
142 3.39654832418254
143 3.40627851371203
144 3.40429992905435
145 3.39395268699352
146 3.36854291095877
147 3.39549950280402
148 3.36296782987167
149 3.33559199413072
150 3.28641154552714
151 3.16882864762698
152 3.12673475296531
153 3.0911520582624
154 3.05248712222706
155 3.01381368008498
156 2.96730497193723
157 2.85990418833578
158 2.80929786853938
159 2.76558216113819
160 2.68311120619946
161 2.61279784350628
162 2.52197461808274
163 2.41245502304941
164 2.31132302159486
165 2.44608980138739
166 2.3488577805069
167 2.2170573071924
168 2.08837778511379
169 2.25601996978229
170 2.14724529852029
171 1.99289782319226
172 1.89526078644338
173 1.81140761130799
174 2.17891003198649
175 2.21378819204674
176 1.97531540455911
177 1.7049199573603
178 1.39683489824449
179 1.43664478229185
180 1.31305928208012
181 1.42225398389931
182 1.59980836369047
183 1.80867250276209
184 1.60061987427697
185 1.75686635051679
186 1.80669241703441
187 2.07433445284813
188 2.50640017575108
189 2.26333088975755
190 1.98621582679425
191 1.98272587742514
192 2.59986411987269
193 3.94620911681537
194 4.59773753697674
195 4.36732529361238
196 3.85999741284401
197 3.36820009119322
198 3.66244083357435
199 3.96080582128773
200 4.67337110737297
201 4.09959094135137
202 3.34549781691965
203 2.66740081913931
204 3.72294699578965
205 4.62457112968443
206 5.39627422558202
207 5.64504534911336
208 4.91629190486253
209 4.15675926445709
210 3.32017189157626
211 3.99225536461877
212 4.66744561926331
213 5.65961349167712
214 4.60657970955472
215 3.8621411397002
216 3.04257040636303
217 3.65334980980947
218 4.37203969700484
219 5.02630404221772
220 4.28174387034192
221 3.56103600091217
222 2.73845555754003
223 3.24360732172949
224 3.64419964254305
225 4.00787771096876
226 4.13152728953507
227 3.41696276307324
228 2.67059879959767
229 3.08641303943931
230 3.33505560529404
231 3.47934643727097
232 3.53619271428228
233 3.56119281423949
234 3.54581654957453
235 3.55775376315238
236 3.5110336576497
237 3.47390832732042
238 3.36120579082318
239 3.26042273752639
240 2.91329479678275
241 2.77442640808815
242 2.66397005902917
243 2.46367942024285
244 2.28568855888074
245 1.81440496548325
246 1.52175380201957
247 1.21708565156099
248 0.808781086162149
249 0.353157138015464
250 -0.193793152824829
251 -0.833053080419662
252 -1.66320164230872
253 -2.6233254462587
254 -5.07478794698129
255 -6.38865580108004
256 -5.78606340727688
257 -5.16490499669183
258 -4.54837778588123
259 -4.07508017042162
260 -6.37844589473307
261 -7.77957106120638
262 -6.70129918016251
263 -6.10846392751682
264 -5.09135935988932
265 -4.20695458431085
266 -2.97837785522754
267 -4.05134327350626
268 -5.0075252279884
269 -6.05172401135076
270 -4.84915490673526
271 -3.67869140893706
272 -2.68836181526499
273 -3.38858223028767
274 -4.00432216444158
275 -4.58832863952441
276 -4.83541074310084
277 -5.01574571976762
278 -4.82652218414005
279 -4.61974016093889
280 -4.48919276567026
281 -4.26664915524737
282 -3.98827990706318
283 -3.68958891852387
284 -3.35713621329727
285 -2.97462617889886
286 -2.46587863778816
287 -2.09086766461948
288 -1.64485643406961
289 -1.22272506715526
290 -0.723238657468124
291 -0.0996125725446079
292 0.728222086339801
293 1.37460807268894
294 1.95289766639763
295 2.52360554582205
296 3.27198122789779
297 4.4285986072811
298 5.20322242054704
299 5.89229200100133
300 5.35164942243034
301 4.81844102082635
302 4.22071057128492
303 3.73383419403584
304 4.11214213355965
305 5.68954039388224
306 6.798120943354
307 6.05443190228739
308 5.36008385265018
309 4.39315059752961
310 3.76517439444435
311 3.02461367916137
312 3.71551764331781
313 4.43707943622557
314 5.27687123303312
315 4.44745859255203
316 3.71745084443621
317 2.85899493163212
318 3.55430174904815
319 4.06281150390108
320 5.04465457878295
321 3.91250232075796
322 3.11858649346851
323 2.16363019422898
324 2.91532924827408
325 3.46224413716363
326 3.86295967385513
327 4.24305433488636
328 3.42056689313273
329 2.51414859474009
330 2.92626030310514
331 3.2115187798873
332 3.50312080670249
333 3.39846511759194
334 2.70409919980859
335 2.05534043295681
336 2.30742527583289
337 2.51086078922485
338 2.63913422749729
339 2.72351198464926
340 2.7514160525598
341 2.26406768043216
342 1.83907860771394
343 1.99717304751782
344 2.18741013511351
345 2.35166463793737
346 2.53046243135254
347 2.79058464836872
348 2.96880696433791
349 3.1363355953049
350 3.08853309441199
351 2.71415284385099
352 2.11203170455146
353 2.21965515394723
354 2.44029035014591
355 2.62398453790604
356 2.80120047606781
357 3.00561912259363
358 3.03598982342462
359 2.64857570528129
360 2.25230585588391
361 2.30665392623414
362 2.49322907629798
363 2.6904715138805
364 2.87266213066253
365 2.9383805669742
366 2.57059391395868
367 2.11554706326389
368 2.25213693266251
369 2.47537741624388
370 2.69270546018283
371 2.85971262873992
372 3.02150708751052
373 3.1286017357108
374 3.06747773565207
375 2.63363678904101
376 2.59235186823249
377 2.8241280175358
378 3.00994293618977
379 3.16191488098312
380 3.32353633430379
381 3.4605271537832
382 3.656427483009
383 3.71215472142298
384 3.20541599045445
385 2.6798515799334
386 2.78496180739637
387 2.87746723474181
388 2.98329577092479
389 3.04266548823242
390 3.09803514499909
391 3.13236522119292
392 3.17866833967679
393 3.20412337025338
394 3.26418379652963
395 3.29224214475582
396 3.32339819100825
397 3.40606956449311
398 3.4315629176724
399 3.38809090039405
400 3.32851080815652
401 3.22919426590313
402 3.22155854233529
403 3.22380088905811
404 3.40866664187666
405 3.45189845527915
406 3.02769218697233
407 2.64913615603361
408 2.53128396226749
409 2.58135252487113
410 2.46248389283234
411 2.43518953494644
412 2.4229553570791
413 2.43113383111759
414 2.42943122677933
415 2.42574414123422
416 2.42272202542743
417 2.54270208465324
418 2.57248866168131
419 2.59241254483132
420 2.61443479272655
421 2.77176898660368
422 2.82064233257065
423 2.86770485486325
424 2.75130367411739
425 2.76774221920484
426 2.81367351797556
427 2.92983847595052
428 2.98279892721894
429 3.00058129004879
430 3.00427479569971
431 3.11820274799752
432 3.13338810013455
433 2.85964841753485
434 2.64152140410858
435 2.54310621392597
436 2.62376221582957
437 2.71351812327727
438 2.83181782397669
439 2.94348313972257
440 3.03216898760036
441 3.04390962048299
442 2.62866792395299
443 2.40515119257026
444 2.34873849017877
445 2.44710368877801
446 2.64193440315106
447 2.75297180804485
448 2.86408404564296
449 2.95998600573105
450 2.95897944190342
451 2.70567311047192
452 2.50045195754673
453 2.50219256246909
454 2.62573328312029
455 2.76381601540838
456 2.8833402033722
457 2.92065198686931
458 2.61588606997702
459 2.3500565512336
460 2.26897088479553
461 2.46257707552695
462 2.64390630614137
463 2.81896238762722
464 2.96477001643431
465 2.87603941915794
466 2.60521131777501
467 2.43691821987348
468 2.64423146236146
469 2.88851631586582
470 3.11755929201088
471 3.2835050413626
472 3.08767082070618
473 2.67853102910179
474 2.53255995065017
475 2.79276841412501
476 2.99515398063537
477 3.35681196004395
478 2.9799950001573
479 2.57731422924591
480 2.22566277572841
481 2.37751955758432
482 2.80489238071063
483 3.05610261981177
484 3.29083847314487
485 2.89147243125893
486 2.53969526650217
487 2.11826816800382
488 2.36908842201146
489 2.74569099114726
490 3.05520228179053
491 3.27052147288899
492 2.92645085496738
493 2.47151247875704
494 2.02920026899396
495 2.24994742506969
496 2.61593574692223
497 3.11408620829213
498 3.51887601869324
499 3.50555487522389
500 2.98032926119871
501 2.54877242269275
502 2.46083398026914
503 2.91192495616625
504 3.31726213952521
505 3.79263066216448
506 3.15656110462574
507 2.5930044407086
508 2.11462983656437
509 2.49707724649694
510 2.81845783087878
511 3.1278117872829
512 3.12410815771311
513 2.48798828190003
514 1.95163323798533
515 2.46477816285238
516 2.76958375662082
517 3.12808471019503
518 3.45853248904961
519 3.22033685259447
520 2.6417915383987
521 2.05134304723297
522 2.53426090164253
523 2.80885413628714
524 3.05649189292003
525 3.2694826170099
526 3.22600969901042
527 2.64197383501647
528 2.5787533517842
529 2.83847907973612
530 3.08612311420425
531 3.26562376445548
532 3.4575630399247
533 3.41987614693487
534 2.86835367021369
535 2.42639182420781
536 2.56194967016497
537 2.71848523059443
538 2.84121082202898
539 2.93553458452614
540 3.02097802533472
541 3.09152893121348
542 3.13828426387742
543 3.1937470747518
544 3.25271886068179
545 3.35726371963731
546 3.39790914403823
547 3.40580454937656
548 3.41530633836201
549 3.42882624897695
550 3.40297282644177
551 3.44818475274247
552 3.42916107870187
553 3.4014607452461
554 3.36592320172063
555 3.26704137703929
556 3.22612176605063
557 3.18941758837768
558 3.1515188231832
559 3.10722306069864
560 2.99714047688016
561 2.94057131672779
562 2.8883602514189
563 2.8376969256105
564 2.75251743821777
565 2.67188317389436
566 2.54074458248931
567 2.41251904058189
568 2.57969588586544
569 2.41382698759172
570 2.2331510680515
571 2.41554834340579
572 2.25583485104656
573 2.1084531165701
574 1.97508463348092
575 1.83871299326198
576 1.76238754682661
577 2.16245566748873
578 2.19793170620563
579 1.99129082431694
580 1.66816912104955
581 1.69959315602276
582 1.47282599546551
583 1.21683899895491
584 1.15364733875185
585 1.33756328132823
586 1.59311303749827
587 2.34600234971262
588 2.74921389151576
589 2.45627394306777
590 2.12611824206914
591 1.74279082954684
592 1.80941967790871
593 2.31603116430344
594 2.99346529141168
595 4.37877317573319
596 3.9709814884915
597 3.54743805946258
598 3.07824603247536
599 2.5822101904873
600 4.01814056980822
601 4.68105347821388
602 5.50299406998629
603 4.8103410132322
604 4.0957820329
605 3.35006475915867
606 2.97727483828826
607 3.88423225835529
608 4.72551850896984
609 5.73874748088658
610 5.37028014161357
611 4.43757041422005
612 3.62323262235895
613 3.9381974412166
614 4.59009925526392
615 5.53640239273842
616 4.72747162642114
617 3.74498513484958
618 2.84758200254083
619 3.5256989906815
620 4.20171382812725
621 4.69187307447344
622 4.58313683345671
623 3.62463770669968
624 2.80090249844804
625 3.23908519346169
626 3.64638720910367
627 3.98701114463791
628 4.24741532125983
629 3.55921141160013
630 2.70060065308241
631 3.07282715492295
632 3.24049805833081
633 3.35577901535859
634 3.42182437184399
635 3.44111874914052
636 3.43008669959251
637 3.4331575247907
638 3.38838900458473
639 3.32067868523396
640 3.25787715474702
641 3.1116646721475
642 2.78373412318588
643 2.63997432824048
644 2.49959080185819
645 2.31303399537652
646 1.90623336375553
647 1.63905671837112
648 1.42935919649908
649 0.988951081675807
650 0.628636811519584
651 0.0976335709681596
652 -0.558627968803958
653 -1.21175071241618
654 -2.24280353113326
655 -3.26610280271246
656 -5.45406876990372
657 -6.64428287444568
658 -6.12045659542279
659 -4.1669774406191
660 -4.66637679003819
661 -6.28299922269424
662 -9.39686191926773
663 -8.61268774545461
664 -8.79429818642901
665 -7.11144561686115
666 -6.00157929622774
667 -4.61342123472314
668 -3.62106495236625
669 -2.57487260500939
670 -3.6405133237671
671 -4.57911746669576
672 -5.38349432144925
673 -4.49902254692938
674 -3.43138190800847
675 -2.52433742545637
676 -3.31475869094527
677 -3.80913852007533
678 -4.09572217252389
679 -4.36699835593009
680 -4.51325555559785
681 -4.50439254682441
682 -4.44763830218328
683 -4.29694903565973
684 -4.06963415432915
685 -3.78629313227873
686 -3.52926916358316
687 -3.21750712794558
688 -2.90480985686287
689 -2.42730849831507
690 -2.06300029013738
691 -1.62880235616797
692 -1.21593721677732
693 -0.725725813792796
694 -0.1949978085575
695 0.271222806161272
696 1.0605422426088
697 1.7106091385254
698 2.36164727229247
699 3.21446700282061
700 4.52062437369301
701 5.26510596211509
702 4.81069201392496
703 4.36458807793801
704 3.78167959632203
705 3.22928663973597
706 3.78616977133392
707 4.5224083797984
708 6.65775889251224
709 6.06465345928449
710 5.17408376473064
711 4.63443571209219
712 3.99002041651614
713 3.37335437463574
714 4.00841279844431
715 5.06872947651725
716 5.64025104361345
717 4.61635166600578
718 4.05529338469339
719 3.38990048630214
720 4.1289408211978
721 4.81033218891232
722 3.88974100792678
723 3.04119691735316
724 3.61326174009491
725 4.18087442372021
726 4.74468316032104
727 3.78093545650982
728 2.69065675338604
729 1.93780988752309
730 2.57146358965727
731 3.0183062277931
732 3.31195313095888
733 3.44642844672738
734 3.5308544349538
735 2.88287903385108
736 2.25840427188935
737 2.47264080565687
738 2.7209579561515
739 2.85459868506489
740 2.97054495896252
741 2.90806206327627
742 2.39558261486571
743 1.85269316044317
744 2.07434462772247
745 2.25804903400137
746 2.42358066916954
747 2.60767916670654
748 2.76775290795761
749 2.93759149939643
750 3.14958414446485
751 3.16067180121385
752 2.61977285859308
753 2.06467240030045
754 2.16519854431078
755 2.34393887872732
756 2.51513138913657
757 2.66643086231706
758 2.84844066674992
759 2.99373876760927
760 2.92670675259901
761 2.58635893490634
762 2.21214639411165
763 2.3325110818033
764 2.52901285743823
765 2.71309048240148
766 2.8751928088062
767 2.87184811165214
768 2.5028365678417
769 2.14241879615092
770 2.292780153419
771 2.51456942776564
772 2.70837542185388
773 2.91198631836479
774 3.02060896616164
775 3.01718316547965
776 2.58597473256792
777 2.42142715434252
778 2.6549674198127
779 2.8347610887641
780 3.02466710840993
781 3.18451766823661
782 3.34830112122152
783 3.46876176157858
784 3.45240543887894
785 3.45194863666125
786 3.52093774407763
787 3.47078163756428
788 3.13961721475178
789 3.0793300431684
790 3.22401457874112
791 3.31268361657136
792 3.3780055734184
793 3.42962005080789
794 3.42533367420321
795 3.38775985365648
796 3.39697529562644
797 3.43571476410147
798 3.42739104825268
799 3.47610232253799
800 3.49181498098102
801 3.39078447386723
802 3.28000258578249
803 3.17075977094301
804 3.17272634344595
805 3.16196827904173
806 3.33514370370404
807 3.37039202883835
808 2.99391213453923
809 2.69141516633155
810 2.5262242399188
811 2.5866985568453
812 2.43973473948761
813 2.43219859628127
814 2.39496007815444
815 2.40844675944652
816 2.41124708822205
817 2.40161728674762
818 2.39981874077514
819 2.39424838486821
820 2.54017416277158
821 2.57598355284502
822 2.60792391303469
823 2.63117229740055
824 2.80860153198811
825 2.86783137024481
826 2.76346812317938
