0 0
1 -0.374531566539359
2 -0.343258208028672
3 -0.374531566539359
4 -0.374531566539359
5 -0.374531566539359
6 -0.374531566539359
7 -0.228857967290238
8 -0.0391173324569751
9 0.0349762006651838
10 0.0211813114578467
11 0.0237880104764834
12 0.017293654961373
13 0.0112143391348277
14 0.00537908408219074
15 0.00106992781822658
16 -0.00150388947172168
17 -0.0041001064444452
18 -0.00664938962950911
19 -0.00763322698158726
20 -0.00903422660719466
21 -0.0101215676552537
22 -0.0112023085336252
23 -0.0123975366727575
24 -0.0130894157208856
25 -0.0133149956070905
26 -0.0138437822252208
27 -0.0141454833615818
28 -0.014556834149353
29 -0.0148235696112357
30 -0.0152175694065871
31 -0.0154896684925677
32 -0.015724289363929
33 -0.0159507489547015
34 -0.016173133965628
35 -0.0163931376117178
36 -0.0165916300697081
37 -0.0168529064505438
38 -0.0170730897170298
39 -0.0173071297594819
40 -0.0175456771897884
41 -0.017749527488156
42 -0.0188193902202348
43 -0.0189720373673038
44 -0.0192608831231917
45 -0.0196025428107215
46 -0.0199364095109315
47 -0.020186264935598
48 -0.0217921167037176
49 -0.0218820132448473
50 -0.0222031717677187
51 -0.0225245456850538
52 -0.0228871403641376
53 -0.0227717370456433
54 -0.0230630168355838
55 -0.0234170677317145
56 -0.0240873007681523
57 -0.0247275632223235
58 -0.0253158410336436
59 -0.0261247541552242
60 -0.0268072508646739
61 -0.0274027440983729
62 -0.027824470593376
63 -0.0285584660098572
64 -0.0295289668377987
65 -0.0304434875479396
66 -0.0313011091479895
67 -0.034257342629441
68 -0.0347674932289602
69 -0.0347252534149996
70 -0.0349863943712839
71 -0.0360883915542994
72 -0.0394420401094551
73 -0.0395677085988992
74 -0.0407354847125052
75 -0.0407963562101781
76 -0.0412299714112552
77 -0.0435169377693171
78 -0.044075788438645
79 -0.0454108342251134
80 -0.0466664216137455
81 -0.0480884444755683
82 -0.0483733131957776
83 -0.0484424737463703
84 -0.0499016238442503
85 -0.0521551030405053
86 -0.0543835044554144
87 -0.0567615947187568
88 -0.0594087555274802
89 -0.0590997468888097
90 -0.0587493573659761
91 -0.0622453356989829
92 -0.0654581246167783
93 -0.0703297370795629
94 -0.0726909949871697
95 -0.0746064207280258
96 -0.0752310051678593
97 -0.0770372711464936
98 -0.0772638710868011
99 -0.0806229771355249
100 -0.0867372300477015
101 -0.0876616692617561
102 -0.0897295491663315
103 -0.0907989219672862
104 -0.094397199818034
105 -0.0947576612789507
106 -0.0959445393445945
107 -0.0967509586421986
108 -0.0968894925692989
109 -0.097754981347276
110 -0.100526917742369
111 -0.102581841712848
112 -0.105423206369334
113 -0.104302521392086
114 -0.102696360734747
115 -0.101883350658182
116 -0.104898304554265
117 -0.108452401638835
118 -0.105878506957706
119 -0.103828087308078
120 -0.101173680689487
121 -0.098795179787343
122 -0.0987226959028071
123 -0.104987544766586
124 -0.110749099059303
125 -0.105200493366704
126 -0.0991704387646322
127 -0.0943946775518041
128 -0.0888662487102442
129 -0.083242843329172
130 -0.079610727936742
131 -0.0763879214736142
132 -0.0764049305649414
133 -0.0740585410082557
134 -0.0695424946904157
135 -0.0660641251015194
136 -0.0620982353991953
137 -0.0601235527153337
138 -0.0581788853560316
139 -0.0560996143685112
140 -0.0524000669722744
141 -0.0509321661394509
142 -0.0474894227046098
143 -0.0445586442351805
144 -0.0417309362966237
145 -0.03839499065967
146 -0.0358019570768631
147 -0.0340725076519996
148 -0.0319086369933304
149 -0.029604072988447
150 -0.0275954578619222
151 -0.0256600805288141
152 -0.0243200703429055
153 -0.023190889327115
154 -0.0219418368687439
155 -0.0209654411877893
156 -0.0198172224816848
157 -0.0184203687218751
158 -0.0176430127451776
159 -0.016635789053566
160 -0.0156773586860258
161 -0.0148517880706317
162 -0.0138377553409065
163 -0.0128199345578435
164 -0.0117356955020858
165 -0.012726229647193
166 -0.0114086337992445
167 -0.0105551302860127
168 -0.00969715160270831
169 -0.0105689464098937
170 -0.00942000239638723
171 -0.00850668059695486
172 -0.00799283708751307
173 -0.0074554994263732
174 -0.00938040921464038
175 -0.00886220565977372
176 -0.00851245790722189
177 -0.0082114296459488
178 -0.00767033182601319
179 -0.00905164759649593
180 -0.00853246689214901
181 -0.00907340613602645
182 -0.0100542044780632
183 -0.0110626397103575
184 -0.0108063319162353
185 -0.014469832029062
186 -0.0145380695868409
187 -0.0165831826117532
188 -0.0193530565804947
189 -0.0189248306448441
190 -0.0188215537739234
191 -0.0203418269920903
192 -0.0260028951812439
193 -0.0388632304453568
194 -0.0443803902488221
195 -0.0433497148483194
196 -0.0448224988001788
197 -0.0457455879167464
198 -0.0614536135997669
199 -0.0632280089119651
200 -0.0716655884060731
201 -0.0707869059261023
202 -0.0709457913103077
203 -0.0679151326580073
204 -0.0983985555229784
205 -0.107836204269942
206 -0.11933456724735
207 -0.129710899967836
208 -0.140326936490478
209 -0.140456781184267
210 -0.138467764924804
211 -0.157558371954642
212 -0.168442989679986
213 -0.188071968033565
214 -0.191291791791355
215 -0.198948598203907
216 -0.201276833203752
217 -0.213487187324188
218 -0.221078270896955
219 -0.222872191584638
220 -0.232123138283729
221 -0.247824523491232
222 -0.262391296543134
223 -0.249668522399134
224 -0.23169017619409
225 -0.214112392562133
226 -0.200578884840583
227 -0.21150635518426
228 -0.232453932980062
229 -0.201834508966562
230 -0.174102024245152
231 -0.150601219535715
232 -0.131024095026135
233 -0.113787051906301
234 -0.10097644090069
235 -0.0894497026780708
236 -0.0797427378652887
237 -0.0704445583005771
238 -0.064369608682031
239 -0.0568807658885096
240 -0.0458148908688486
241 -0.0420143045709508
242 -0.036706411856183
243 -0.0320191361699438
244 -0.0280711470758381
245 -0.0198553239743486
246 -0.0162609941513433
247 -0.011075607531156
248 -0.00732326805190313
249 -0.00235676153389634
250 0.00276565650853507
251 0.00825331570066947
252 0.0149260453515207
253 0.021840089631719
254 0.0425320883492384
255 0.0476583244648298
256 0.050346110835894
257 0.0535643758210404
258 0.0596677896147645
259 0.0696000920775074
260 0.115483914618028
261 0.127492353791716
262 0.13882537979601
263 0.167402063741555
264 0.168119155685041
265 0.177703936083022
266 0.16476929897392
267 0.193739481577343
268 0.208832404077392
269 0.219582190511842
270 0.234158375154928
271 0.254389269414179
272 0.276262427079814
273 0.267209102825779
274 0.249507909567686
275 0.223158196740579
276 0.201818378122421
277 0.174611869349527
278 0.153078758870089
279 0.131856365340895
280 0.110396341616058
281 0.0935696198739461
282 0.0781543244970999
283 0.0653730864725862
284 0.0507361608567096
285 0.0412104449248354
286 0.0335947500559088
287 0.0266138847972271
288 0.0191247015009306
289 0.0133536471381492
290 0.00676782430930125
291 -0.000377411860702852
292 -0.00887654091153642
293 -0.0138940591255316
294 -0.0184788279675132
295 -0.023776584114167
296 -0.0278818611972525
297 -0.0372965683476642
298 -0.0409538212250581
299 -0.0450763501467767
300 -0.0471100534315483
301 -0.048519325251902
302 -0.050628630247881
303 -0.0517532867417452
304 -0.0589040530596426
305 -0.0838903600408726
306 -0.0903653451712941
307 -0.0934936062801024
308 -0.103715344961172
309 -0.104531081900163
310 -0.107267298060889
311 -0.106193283615695
312 -0.125671229032332
313 -0.13556798667418
314 -0.147841581489947
315 -0.154197452197728
316 -0.159142503964214
317 -0.166357577095045
318 -0.180452418397033
319 -0.185474910548045
320 -0.193926497948971
321 -0.206508535186731
322 -0.218149865144404
323 -0.233486292775796
324 -0.221229149859451
325 -0.208663927654516
326 -0.193978867911422
327 -0.186525063401234
328 -0.19592743636668
329 -0.215403757583793
330 -0.189595968897187
331 -0.169778704769807
332 -0.153645496215419
333 -0.145506021167425
334 -0.153405251798847
335 -0.166542226888391
336 -0.14458297994743
337 -0.124883313229784
338 -0.112694071895975
339 -0.100594410708923
340 -0.0955619528871706
341 -0.0992797458491437
342 -0.1034147758013
343 -0.0970707288032075
344 -0.0915175968092923
345 -0.0870979866604582
346 -0.0825308218783173
347 -0.0817614364320278
348 -0.0778841674225308
349 -0.0742462772094332
350 -0.0736125362907287
351 -0.0765199451653171
352 -0.0797651365166703
353 -0.0776192515346745
354 -0.0734708560762223
355 -0.0709408839429575
356 -0.0685253791860916
357 -0.067872491001234
358 -0.0667174337553028
359 -0.0683107946887838
360 -0.0698611435794837
361 -0.0680230203413954
362 -0.0664322195527955
363 -0.0653763282478216
364 -0.0641035640126457
365 -0.0636857547660429
366 -0.0652403142316023
367 -0.0674093428160455
368 -0.066711218975557
369 -0.0651256613424491
370 -0.0640840182400776
371 -0.0617302445924304
372 -0.0610516164898096
373 -0.0604320322312525
374 -0.0607166371973978
375 -0.0627178776587202
376 -0.0627124136069286
377 -0.0607851813908941
378 -0.0593108225250088
379 -0.0578428844193023
380 -0.0560297037735304
381 -0.0541572478559629
382 -0.0544360644296465
383 -0.0527879247971814
384 -0.0548768532521657
385 -0.056959877273497
386 -0.0534562548149428
387 -0.0509395668839768
388 -0.0476673994926136
389 -0.0452804946566475
390 -0.0424908045852417
391 -0.0406937029654851
392 -0.038301514071526
393 -0.0367583777909477
394 -0.0353538772099676
395 -0.0339520263725825
396 -0.0321913803112975
397 -0.0316529654727577
398 -0.0302528347100592
399 -0.0291468339080561
400 -0.0281229752279725
401 -0.0269012303695636
402 -0.026001096921729
403 -0.0246844359447248
404 -0.0258999295459054
405 -0.0247263196864349
406 -0.0252736917820817
407 -0.025658639929932
408 -0.0254088742718085
409 -0.0246614563486293
410 -0.0215997893317067
411 -0.0207900797529064
412 -0.0195511380623387
413 -0.018877470284935
414 -0.0180487732913857
415 -0.0174234216746135
416 -0.0166039584223303
417 -0.0168385963297115
418 -0.0161821880126511
419 -0.0158008663086776
420 -0.0153875319888963
421 -0.0160981336994774
422 -0.0156400697550871
423 -0.0154170125598952
424 -0.0142063093412515
425 -0.014189247116354
426 -0.0139946148598983
427 -0.0141867456536133
428 -0.0140829400570933
429 -0.0140905177204457
430 -0.0141828508261363
431 -0.0150564717079761
432 -0.0150364698149799
433 -0.0153954205313843
434 -0.0157176264856065
435 -0.0160254778273571
436 -0.0158570923247658
437 -0.015908932738049
438 -0.0160313443866628
439 -0.0161341204979117
440 -0.0162045222666085
441 -0.0164103786804157
442 -0.0168979453468465
443 -0.017342817759144
444 -0.0175364692581478
445 -0.0176628149445814
446 -0.0184319406897369
447 -0.0184293977412123
448 -0.018579468558566
449 -0.0187154616374686
450 -0.0189498362984138
451 -0.0192231175448915
452 -0.0207825877916243
453 -0.0207346978642234
454 -0.0209879752156983
455 -0.0212499918898179
456 -0.0215552306294074
457 -0.0218560144496376
458 -0.0217178495537854
459 -0.021964886860298
460 -0.0224708739808918
461 -0.0232357198425097
462 -0.0239074280181128
463 -0.0245904625615571
464 -0.0253521364292565
465 -0.0260456288752895
466 -0.0264735930701621
467 -0.0272353862489529
468 -0.0281752486987013
469 -0.0292174527132993
470 -0.0301395050516049
471 -0.030931499321606
472 -0.0337854629222807
473 -0.0339173059666643
474 -0.0346182164249995
475 -0.0358524072257636
476 -0.0366432835523986
477 -0.039849191176857
478 -0.0395835453822475
479 -0.0398942771402665
480 -0.0397255623083387
481 -0.0412854193231874
482 -0.0452908798884117
483 -0.0458719630938512
484 -0.0475102879207552
485 -0.0475446634560746
486 -0.0480516015810371
487 -0.0477164681366707
488 -0.0506767112896932
489 -0.0533536104829468
490 -0.055385000534884
491 -0.0576969725164607
492 -0.0598761201112788
493 -0.0605449027775497
494 -0.0597290815171463
495 -0.0629301058591368
496 -0.0666826849835025
497 -0.0713237219044764
498 -0.0733704273773005
499 -0.0754439809701593
500 -0.076677802451568
501 -0.0776398800591883
502 -0.07992158599727
503 -0.0863442000703764
504 -0.0860617876339014
505 -0.088167971413367
506 -0.0890980188526415
507 -0.0914156483976833
508 -0.0934201624821045
509 -0.0945156715546696
510 -0.0951473680232487
511 -0.0953949716319594
512 -0.0966809979214489
513 -0.0999379822775412
514 -0.101505703613377
515 -0.102334311488314
516 -0.10465625832393
517 -0.103051909498367
518 -0.101964571012002
519 -0.103386891388937
520 -0.107677900576691
521 -0.112311424192905
522 -0.103651229936088
523 -0.10202948766241
524 -0.0988947668725279
525 -0.0959850623420764
526 -0.0978909122978463
527 -0.102210987497596
528 -0.101519739041088
529 -0.0968608603806261
530 -0.091917807457121
531 -0.0876530798427712
532 -0.0823731203834642
533 -0.0804452779703151
534 -0.0847330789542498
535 -0.088258297793848
536 -0.0826266086429804
537 -0.0767785204702408
538 -0.0707212533946789
539 -0.066617041772708
540 -0.0623064069862489
541 -0.0572973578385422
542 -0.0547431095977138
543 -0.0519022565248575
544 -0.0489936203309819
545 -0.0473400152250524
546 -0.044105521399835
547 -0.0419243798638248
548 -0.0394472515162694
549 -0.0364506533772558
550 -0.0346343910922937
551 -0.033110601616256
552 -0.031209999649854
553 -0.0295037280627264
554 -0.027651442872601
555 -0.0252417578963327
556 -0.0242756744635594
557 -0.0229464280005906
558 -0.0219541472107756
559 -0.020781016978456
560 -0.019326406798218
561 -0.0183763005802976
562 -0.017515665570461
563 -0.0164926689294282
564 -0.0156694615478359
565 -0.0144882477617453
566 -0.013472420400027
567 -0.01238812935333
568 -0.0129907378131596
569 -0.0115536952954644
570 -0.0103558276449942
571 -0.0111214441601656
572 -0.00993872407523618
573 -0.00911629227262598
574 -0.00833360436431885
575 -0.0075174105158795
576 -0.00714955718370543
577 -0.00907429239664403
578 -0.00913517246801957
579 -0.00845966112051414
580 -0.00809626444052165
581 -0.00964005002838215
582 -0.00913971830513221
583 -0.00812146618810766
584 -0.00826316009082524
585 -0.00941981974169876
586 -0.0108311416887204
587 -0.0166608858205863
588 -0.017527055493967
589 -0.0174686289050311
590 -0.0171433116493991
591 -0.0161909674547273
592 -0.0180977552611982
593 -0.0225008980434848
594 -0.0274873220964229
595 -0.0399401074294189
596 -0.0410868382245088
597 -0.0398399663877275
598 -0.0402321756382907
599 -0.0391088681270541
600 -0.0650806268475233
601 -0.0665690540879079
602 -0.0756395706223645
603 -0.0756402801203105
604 -0.0764491439415344
605 -0.0770514912282223
606 -0.0871653927701819
607 -0.105096779939276
608 -0.117531852166822
609 -0.135332330748811
610 -0.144184662999519
611 -0.145617470780741
612 -0.146163333535991
613 -0.161459150644582
614 -0.172730604049525
615 -0.190547267206119
616 -0.192988557840755
617 -0.202346625781633
618 -0.205162912471695
619 -0.222445692751859
620 -0.224677341896279
621 -0.225292430677807
622 -0.228670546203974
623 -0.246510441455941
624 -0.263424932647188
625 -0.242881177707617
626 -0.228219115430602
627 -0.20823254195163
628 -0.189730830603949
629 -0.203557048538367
630 -0.228815903321635
631 -0.194923215917683
632 -0.17463088678598
633 -0.153560453990117
634 -0.132987242428253
635 -0.117167110867254
636 -0.101059916381072
637 -0.0912009116849909
638 -0.079219343925459
639 -0.0718881913521651
640 -0.0621324508314794
641 -0.0554098172655858
642 -0.045113689787527
643 -0.0404567938975012
644 -0.0353949587327278
645 -0.0300904170093228
646 -0.0214182074422692
647 -0.0190703746950086
648 -0.0148554768719987
649 -0.00921317030303523
650 -0.00553294051500372
651 0.000228215687917687
652 0.00614821153265931
653 0.0127943653101493
654 0.0193457889626187
655 0.0265365190063043
656 0.0447403048836929
657 0.0505168724194717
658 0.0537064889564749
659 0.0398053307355559
660 0.0666669660826909
661 0.0858447855206245
662 0.134723384552993
663 0.15007240461724
664 0.171823940451412
665 0.187381351914
666 0.19708169442696
667 0.191990716816782
668 0.194994793869841
669 0.192998299564242
670 0.223621559913512
671 0.235044990015864
672 0.236778183104635
673 0.251698163330098
674 0.275747656564419
675 0.301261617694627
676 0.271874946840611
677 0.246449635970854
678 0.221096557990993
679 0.191195826434825
680 0.160895064767294
681 0.139960328533787
682 0.118437747039398
683 0.1032053868119
684 0.0849830597166996
685 0.0714879158885552
686 0.061322634038875
687 0.0511385996221806
688 0.0401826160384231
689 0.0326736245503167
690 0.0260042905966138
691 0.0187646010552692
692 0.013166869646322
693 0.00675483962526565
694 0.000868238524111807
695 -0.00505487168943597
696 -0.0112938814612362
697 -0.0164766353945322
698 -0.0226208954864351
699 -0.0273287604920662
700 -0.0378297694249082
701 -0.0410002771112712
702 -0.043139046628604
703 -0.0438462887464136
704 -0.0453589339646236
705 -0.0456699954936815
706 -0.0539205084119577
707 -0.0625057384474562
708 -0.0886234797001375
709 -0.0884639344994159
710 -0.0939624251035024
711 -0.100851559282499
712 -0.103397996707459
713 -0.101185510909349
714 -0.116012728028377
715 -0.133162544833834
716 -0.145495045764677
717 -0.151347372863733
718 -0.157391341033535
719 -0.166130677009544
720 -0.178284151656789
721 -0.184864202843161
722 -0.196918869344025
723 -0.203839613154873
724 -0.208241356875979
725 -0.204558186561116
726 -0.198582598215377
727 -0.209850823307678
728 -0.231636102555296
729 -0.252869641106099
730 -0.227531472515252
731 -0.19506936151642
732 -0.171002675125721
733 -0.15459558875757
734 -0.150130430120995
735 -0.15710208487097
736 -0.167742506155656
737 -0.152074129689257
738 -0.132755351892827
739 -0.122182222984603
740 -0.112079373206392
741 -0.109280905899279
742 -0.113212679030646
743 -0.11701109739094
744 -0.106452457467325
745 -0.0999313829774077
746 -0.0945324044934057
747 -0.0892633868512791
748 -0.0854652238613884
749 -0.0813115029741432
750 -0.0816621465757556
751 -0.0794250696689553
752 -0.0824665831694702
753 -0.0872186069351316
754 -0.0837531578985117
755 -0.079484773316492
756 -0.075691474673823
757 -0.072915035213966
758 -0.0696326021402395
759 -0.0674865237041927
760 -0.0684710721337289
761 -0.0696832136329889
762 -0.0708761138705578
763 -0.0692312806156239
764 -0.066855144487102
765 -0.0653058525361293
766 -0.063928363981683
767 -0.0637350206555738
768 -0.0652016811030737
769 -0.0663662867868743
770 -0.0660171438450238
771 -0.0648460459625889
772 -0.0640062827924879
773 -0.0629394905077931
774 -0.0609018994639188
775 -0.0611327435926532
776 -0.0630529075858442
777 -0.063820759314767
778 -0.0624571642022955
779 -0.0614163862718126
780 -0.059773057133405
781 -0.0585536406332258
782 -0.0569567653230713
783 -0.0555356396484287
784 -0.0546395004465097
785 -0.055839992521849
786 -0.0542254326786633
787 -0.0533079327031752
788 -0.0542118692416138
789 -0.0527292494097685
790 -0.0491707713270426
791 -0.0468160775544845
792 -0.0442177756941951
793 -0.0414623174078705
794 -0.0394563529006077
795 -0.0379152792211382
796 -0.036690986330046
797 -0.0347069048295877
798 -0.0332782054408924
799 -0.0326576102975795
800 -0.0306050419715592
801 -0.0298613440459891
802 -0.0289462075871389
803 -0.0276081333200637
804 -0.0261977219789092
805 -0.0248219688061846
806 -0.0259251337249032
807 -0.0245511833838259
808 -0.0250525394812865
809 -0.0253877209339905
810 -0.0250942606832432
811 -0.0241178867125788
812 -0.0210783205489554
813 -0.0198991105583313
814 -0.0194165702501058
815 -0.0184978617220238
816 -0.0176827180045635
817 -0.0171316239298608
818 -0.0164262941846427
819 -0.0157871568277699
820 -0.0163417194511062
821 -0.0158469152632849
822 -0.0154617366099797
823 -0.0151763706736192
824 -0.0159006509037852
825 -0.0155271950423328
826 -0.0143533274634608
