0 0
1 1.99829924916821
2 1.99829924916821
3 1.9559343958219
4 1.83352543699026
5 1.62114831757197
6 1.32928398104893
7 0.823705089823522
8 0.00444704952337011
9 -0.530913383862377
10 -0.841526039106849
11 -0.734501723114975
12 -0.555089711674832
13 -0.338833311457781
14 -0.112882449206336
15 0.0832989333562403
16 0.218351042788098
17 0.348809737592507
18 0.465417292967224
19 0.560736432082811
20 0.633877809762007
21 0.719487911343366
22 0.798322368254798
23 0.885881919151805
24 0.935845356877355
25 0.979168801073663
26 1.02411313243772
27 1.05670301202004
28 1.09124808200258
29 1.12545155087375
30 1.18292399705686
31 1.22219482978185
32 1.25595676431223
33 1.28895772756664
34 1.32211287525345
35 1.35564911520068
36 1.37883187090493
37 1.41525061390634
38 1.44871636966831
39 1.48377618184768
40 1.52075651803003
41 1.55426260050411
42 1.60079315140891
43 1.61806231081002
44 1.62890380314176
45 1.64009153011163
46 1.64987898188942
47 1.66268198524258
48 1.77360234951199
49 1.76879488591061
50 1.75454311924592
51 1.73173282623595
52 1.71086325780411
53 1.66252088916839
54 1.65939291855049
55 1.6682364438024
56 1.68401089300538
57 1.70794235915269
58 1.73599211145003
59 1.77314531246083
60 1.82125229675428
61 1.87856033553146
62 1.94071553223414
63 2.00189165276879
64 2.07495534635875
65 2.15417309603473
66 2.2287654353241
67 2.23436974397133
68 2.2802982939029
69 2.32536890079391
70 2.37227082871421
71 2.4277459725258
72 2.46377042295608
73 2.49580555941768
74 2.5323300618243
75 2.58263842017699
76 2.64749779928814
77 2.79341335751101
78 2.86600462352223
79 2.93334985531609
80 3.02866135690239
81 3.13322638018755
82 3.25286685537916
83 3.37715335745439
84 3.53255580554776
85 3.68488174031544
86 3.85484513948605
87 4.09773075185724
88 4.14061493750782
89 4.35617577635864
90 4.55385329778823
91 4.78788338974618
92 5.02530402145039
93 5.17509578077699
94 5.42780588410113
95 5.7504097148923
96 5.96639105474774
97 6.21725919798593
98 6.41692027297919
99 6.63671508525368
100 6.79268880029877
101 7.07886948767699
102 7.32153696561141
103 7.51822825447834
104 7.5845048116637
105 7.77151365103028
106 7.92027468100116
107 8.04444981507489
108 8.18454334836024
109 8.30834802444086
110 8.42287344177589
111 8.51811688000413
112 8.62624742527003
113 8.66788478310119
114 8.67869956914903
115 8.66674960850368
116 8.65311181373101
117 8.63842260159642
118 8.58215922557511
119 8.51586409430958
120 8.44166142262516
121 8.35942339063708
122 8.25177241302691
123 8.15424941525356
124 8.07051404495908
125 7.94820581572657
126 7.76003245802668
127 7.51101104238115
128 7.26420861753702
129 6.99888944173645
130 6.79846414489002
131 6.54804692650148
132 6.37925508175158
133 6.22831958714056
134 6.05065271682606
135 5.87918477474777
136 5.70821147238764
137 5.49104020011433
138 5.30653958958342
139 5.16015413046832
140 5.01690897185881
141 4.91795968749783
142 4.74373756717697
143 4.56609361995566
144 4.39030270476418
145 4.182877892623
146 4.00322015951618
147 3.92172811529961
148 3.77299908666766
149 3.62877234873103
150 3.46969821131699
151 3.2521677446179
152 3.15611308191631
153 3.08334080200614
154 3.01367686611578
155 2.96182514417101
156 2.9107561397174
157 2.7713097128505
158 2.73346547760248
159 2.70538940889494
160 2.67987835360857
161 2.66742096335621
162 2.65879844580862
163 2.65333073852864
164 2.6510250872466
165 2.81214887018553
166 2.77499296247211
167 2.72392120302607
168 2.65678351383454
169 2.7485178257149
170 2.58763898455484
171 2.33794044133131
172 2.13789064478053
173 1.89318336762213
174 1.81329308699156
175 1.50287814596432
176 1.26170460273265
177 0.985867555452606
178 0.617966691871915
179 0.59890507758869
180 0.323398293578141
181 0.0883842229962973
182 -0.200340205510248
183 -0.431604350199446
184 -0.644848007192462
185 -0.740969569603329
186 -0.917279490180023
187 -1.07011102298083
188 -1.21272270160495
189 -1.26308887556219
190 -1.26923729527029
191 -1.22889044708452
192 -1.01818332666167
193 -0.892459931859258
194 -0.615380462000755
195 -0.211973323013779
196 0.241243299467066
197 0.827232004406825
198 0.699373622776854
199 1.56809768096559
200 2.67037583087077
201 3.79082877393364
202 5.48562952802559
203 6.86962562331566
204 9.12405459586584
205 11.3158729103442
206 13.3132335986387
207 15.7575028371704
208 19.5134032130251
209 21.2992971506252
210 22.5972072712806
211 23.6631477578905
212 24.5103309981048
213 27.7288344544982
214 28.0126941386222
215 27.7976610780384
216 27.2990999206031
217 26.6858451620587
218 25.3323428172682
219 24.34408010219
220 23.2798718983669
221 22.3293444638976
222 21.3464102228739
223 20.2487234400453
224 19.0709846685129
225 17.6415364698977
226 16.1669397606995
227 15.2051401049029
228 14.388190960463
229 13.3245509593719
230 12.0803891180631
231 10.9396588702029
232 9.90563599117135
233 8.98694664767767
234 8.2600077721674
235 7.6837974647328
236 7.13259863232912
237 6.69877392932661
238 6.25008476411471
239 5.85297494686144
240 5.19841070891189
241 4.95827809152038
242 4.76798011137582
243 4.57309863810918
244 4.44641377999447
245 4.04680681401695
246 3.99820716832197
247 3.9767714066141
248 3.96716076592725
249 3.95341876731419
250 3.91351029689529
251 3.83064767961928
252 3.66662726340323
253 3.40231634028296
254 3.03769304967194
255 2.58057122847018
256 1.79869959324546
257 0.777259336255255
258 -1.18462179122952
259 -4.08193546017132
260 -8.90509611462401
261 -13.18019092909
262 -17.5959195448879
263 -28.7336447663911
264 -32.1749753986988
265 -35.4800047175519
266 -33.6736221962824
267 -32.5835820184419
268 -31.3200342584446
269 -28.7685120998292
270 -26.9069074927313
271 -24.8514974943359
272 -23.5955386388277
273 -22.1468575467705
274 -20.221588605686
275 -18.0840871617019
276 -16.3761478236867
277 -14.4885446617068
278 -12.6691840187794
279 -10.9668579173669
280 -9.73910375513139
281 -8.71197985118825
282 -7.79157939259004
283 -7.03488176368964
284 -6.30455124072278
285 -5.69939070725712
286 -5.06076227663626
287 -4.63346458462854
288 -4.18706386203978
289 -3.82023158393902
290 -3.42404865529277
291 -2.96512980142923
292 -2.51235632282859
293 -2.1623931684332
294 -1.86178062786369
295 -1.56138358323007
296 -1.20181824990719
297 -0.844910656450935
298 -0.478437167635485
299 -0.143777412966404
300 0.289734870032516
301 0.836468497320579
302 1.50218121761278
303 2.10198231429153
304 2.90866809431471
305 3.66521900260904
306 5.36248808096616
307 6.79380375172844
308 8.87976387066846
309 10.741772154912
310 12.0896569012513
311 13.3046477112852
312 15.1695555704626
313 16.403129664646
314 17.5568784176859
315 18.4704793369212
316 19.1573590669871
317 21.4443969392721
318 21.7439802141594
319 21.8370422754823
320 21.5248617730418
321 20.9999884923961
322 20.4901987741904
323 19.9311794761432
324 19.0393036360803
325 17.8571606845821
326 16.7218867006119
327 15.7874893633078
328 15.0012590810646
329 14.2997334066382
330 13.6550468109523
331 12.7339789598219
332 11.6079486167602
333 10.9532184075864
334 10.3975012596398
335 9.97324837716076
336 9.54770294702949
337 8.9468351477294
338 8.3975405018227
339 8.02011631869411
340 7.66452446242889
341 7.44992285336997
342 7.30995996590393
343 7.18269732733114
344 7.004842956493
345 6.83958138253855
346 6.66243936737715
347 6.43941483574064
348 6.30464973874333
349 6.17778933424834
350 6.04806080902268
351 5.94871135004863
352 5.872847926143
353 5.82849553770258
354 5.73052695013592
355 5.62723711393895
356 5.53340747658591
357 5.41981912712342
358 5.36186277340982
359 5.32092843069893
360 5.29538943329735
361 5.2627673090658
362 5.23676993798364
363 5.20401502354455
364 5.18078257221096
365 5.16917177711096
366 5.1706836154759
367 5.19103240512272
368 5.20071459821263
369 5.1912557196707
370 5.1708931233483
371 5.17978486421439
372 5.16998352414458
373 5.16898746678176
374 5.1743586661915
375 5.18432529349351
376 5.19924228745193
377 5.1912453443355
378 5.1615059138918
379 5.1284329933134
380 5.08844596214832
381 5.04554940268705
382 4.96366256856925
383 4.9126969770897
384 4.86118635047294
385 4.81184833125294
386 4.7035147778241
387 4.5845879168932
388 4.43013262015895
389 4.29703617977929
390 4.14656932679257
391 4.0399536503217
392 3.91894586926362
393 3.83361166609789
394 3.73225723170451
395 3.66231285361849
396 3.58137140319636
397 3.50192576645067
398 3.4309245343733
399 3.35248157892335
400 3.28735693179847
401 3.22514904781048
402 3.17707398905447
403 3.11778705735018
404 3.04894988748313
405 2.96628110805883
406 2.8813793112267
407 2.80211468237556
408 2.73749716772489
409 2.67313673056724
410 2.65891747051698
411 2.56181203214239
412 2.47336392873256
413 2.38327711452814
414 2.32341494441362
415 2.27753562203636
416 2.22739957164819
417 2.15955527451633
418 2.11108443301475
419 2.07043999492865
420 2.03614196632619
421 2.05934683746382
422 2.01136604687035
423 1.95207486964491
424 1.82942391330407
425 1.78779927060414
426 1.75714303549921
427 1.7660913353363
428 1.75562539773995
429 1.74884414539037
430 1.75695211335111
431 1.78510107047499
432 1.77280471194625
433 1.76333105636799
434 1.76582952020463
435 1.76011786799959
436 1.77168828401808
437 1.75860514602731
438 1.75615947795267
439 1.7533837144319
440 1.74507439685143
441 1.73310574826929
442 1.73877386592606
443 1.75024452846023
444 1.76502126647137
445 1.7733671392328
446 1.80158165057559
447 1.78281265761029
448 1.75631231937303
449 1.73162646036348
450 1.70517708087287
451 1.68687747260691
452 1.77403069089249
453 1.7516942683222
454 1.72023934610605
455 1.67769771036906
456 1.63985763250766
457 1.60035200178595
458 1.54454010600293
459 1.53442401678523
460 1.54041540809163
461 1.55695890785596
462 1.58001173681595
463 1.61118406953493
464 1.64641932913196
465 1.69918911903316
466 1.75318585246903
467 1.83331395077478
468 1.90158834719218
469 1.98553853154809
470 2.07792774831142
471 2.16470835843913
472 2.16476225951144
473 2.23385225271549
474 2.29528834415008
475 2.35680459680191
476 2.41619015952765
477 2.43923879349043
478 2.48099876585752
479 2.53286701184467
480 2.58324147981038
481 2.66748152668722
482 2.83144271677383
483 2.92122629567464
484 3.01239346895679
485 3.13214245524875
486 3.24455273786908
487 3.37801125955029
488 3.5699365234217
489 3.77728760522936
490 3.98416150642736
491 4.20609594114037
492 4.24903918611611
493 4.46565946915058
494 4.6684821351939
495 4.87554721621995
496 5.10830418334188
497 5.313908983355
498 5.60106644045635
499 5.88644532504975
500 6.12438293348725
501 6.31291330782402
502 6.56528623772899
503 6.60750684098206
504 6.8696388677199
505 7.11809407240325
506 7.31249751098168
507 7.50710732186749
508 7.55274376627517
509 7.75597131834539
510 7.89748484214524
511 8.03975775431818
512 8.1775904996554
513 8.33661423885148
514 8.43870452637532
515 8.54062287361395
516 8.59612073436195
517 8.6380480501028
518 8.64996397126665
519 8.63851456229593
520 8.62478966913884
521 8.60039789887399
522 8.49670685236176
523 8.38430774955729
524 8.27114061545666
525 8.17613031456273
526 8.05124936250003
527 7.94549750965129
528 7.85790744622903
529 7.71851007478588
530 7.51109148633389
531 7.31276858912561
532 7.07037592401683
533 6.88170085350949
534 6.69576438795858
535 6.56303868899384
536 6.40021470826583
537 6.16505760164798
538 5.93004690977077
539 5.66835058977367
540 5.45130778175827
541 5.21840247212206
542 5.0214406475236
543 4.87462995835567
544 4.72803313234851
545 4.64162220379265
546 4.48837790459413
547 4.33532959366436
548 4.18885244271756
549 4.03370112365384
550 3.88127418240312
551 3.82967725669548
552 3.70727870781782
553 3.58605585297496
554 3.45166709550822
555 3.25007959695235
556 3.17811286574118
557 3.10789151906187
558 3.05673749358737
559 3.00716064433561
560 2.87336615834666
561 2.82830741960951
562 2.79916685951437
563 2.77798419175469
564 2.76151331618425
565 2.75216836822494
566 2.74394307132387
567 2.73931038272952
568 2.91692016266643
569 2.85603115507411
570 2.77744313129597
571 2.90995620766971
572 2.73978304638325
573 2.54816033095925
574 2.32484462091945
575 2.01474678534052
576 1.78383073848571
577 1.67194777931799
578 1.26373734813881
579 0.974338516779097
580 0.618769459532488
581 0.538858129383093
582 0.275531030636134
583 -0.000893140535758508
584 -0.246711198662852
585 -0.465723060687143
586 -0.649824744009538
587 -0.667156238678295
588 -0.90489705160563
589 -1.08248175269684
590 -1.25254956963428
591 -1.34277706823679
592 -1.31749494314451
593 -1.20810223088242
594 -0.986972498115117
595 -0.873130656176937
596 -0.629927105005218
597 -0.250923179974265
598 0.137499634586821
599 0.592918805960135
600 0.553241839100085
601 1.45266321900762
602 2.59511330651336
603 3.92221817620575
604 5.33869371402768
605 7.14251515776368
606 9.17108913066679
607 11.846631902073
608 14.0033781046255
609 16.1869727926418
610 19.8948764883808
611 21.9299117923805
612 23.166724407912
613 24.2041554711884
614 24.8817279527752
615 27.9170826225277
616 28.0044132649769
617 27.5783600701892
618 26.9621640075872
619 25.8719201639523
620 24.9483799879962
621 23.751902573779
622 22.6160397998803
623 21.3292585086354
624 20.3415344498963
625 19.3149128217074
626 18.1045008862219
627 16.743440516534
628 15.5929676483668
629 14.5965167936955
630 13.5844393757336
631 12.7117485133282
632 11.7678750613511
633 10.8155829117053
634 9.8150766642371
635 8.98688392962797
636 8.15110641290479
637 7.63555588718012
638 7.00521693537096
639 6.56305261084348
640 6.11241691888941
641 5.65255856515723
642 5.04688976587098
643 4.77972580453376
644 4.56962033087506
645 4.38183389200343
646 3.93785606571058
647 3.86968270145368
648 3.8491774159183
649 3.84823000736414
650 3.84084929086268
651 3.81684294168971
652 3.74546764415997
653 3.62360905898109
654 3.37087894432298
655 3.02774757366682
656 2.76433970854376
657 2.21434911369264
658 1.52169536070547
659 0.189047486979327
660 -1.89638195784412
661 -5.09897634433261
662 -12.2381108629419
663 -16.8120333106443
664 -27.7459241450712
665 -33.9436219339387
666 -36.5311989413804
667 -32.8394424845921
668 -31.4363949673837
669 -30.2477836964108
670 -29.3720167509178
671 -28.2737964595703
672 -26.2005957060195
673 -24.7605368759381
674 -23.1283762537421
675 -21.7445816590201
676 -20.1052116954055
677 -18.1624215349643
678 -16.4394591868744
679 -14.6626308121914
680 -12.8695147058982
681 -11.5528936225412
682 -10.1289748819754
683 -9.17636895743669
684 -8.13892486169235
685 -7.29994378042339
686 -6.69341372688238
687 -6.09829582128687
688 -5.55784912910751
689 -4.96487719379619
690 -4.56044025596904
691 -4.13717439281557
692 -3.78866305448
693 -3.41174410358417
694 -3.04542225324468
695 -2.7284476376456
696 -2.39250541508177
697 -2.06364005826034
698 -1.72574893202642
699 -1.31856370965236
700 -0.880897011689808
701 -0.526578132860929
702 -0.129720181699793
703 0.300682340534116
704 0.884001386719332
705 1.46938076445898
706 2.22660317740699
707 3.03586776501219
708 4.2565916877101
709 5.68576696512894
710 7.40755739301694
711 9.07941913398837
712 10.489872256108
713 11.6202036256211
714 13.0446268261291
715 15.204050789164
716 17.084559655687
717 18.3785873909672
718 18.9953992755484
719 21.2458935174646
720 21.7497000641421
721 21.9024223845265
722 21.769713985906
723 21.4569139692217
724 20.9248657888063
725 20.1994577813977
726 19.4974308224824
727 18.5396228110039
728 17.6013029903746
729 16.9617745913313
730 15.9539401199771
731 14.5670926095206
732 13.2612911231318
733 12.243647978179
734 11.4176268802974
735 10.9533234442378
736 10.5600614769212
737 10.213562287467
738 9.62817336973572
739 9.13623811023997
740 8.76363912924725
741 8.41233430619433
742 8.15883553524495
743 8.02492113728865
744 7.80553259000706
745 7.56674820595834
746 7.35785538441421
747 7.14428738888432
748 6.97623851502193
749 6.80668418908166
750 6.61029442048899
751 6.48934186639887
752 6.36155289655944
753 6.26007732884904
754 6.15374229721447
755 6.0271059657224
756 5.88179442535764
757 5.760942102945
758 5.62868241273255
759 5.53113811925717
760 5.41374528793458
761 5.37433791503854
762 5.34157663947988
763 5.30877680153344
764 5.24355569302248
765 5.19626390695654
766 5.1571620791135
767 5.13949955636615
768 5.13938398723671
769 5.14858500725458
770 5.16988697057988
771 5.16308110062812
772 5.15115677318326
773 5.13946198556445
774 5.160049331181
775 5.16289433458662
776 5.17620498970603
777 5.19960871354615
778 5.20729795235966
779 5.19622977266097
780 5.17500051697689
781 5.15188328203572
782 5.12547254253144
783 5.09788629899836
784 5.06538364305529
785 4.99016760183661
786 4.95368496815483
787 4.90233120640467
788 4.84642654712364
789 4.76414366081242
790 4.62507900271356
791 4.50077389173759
792 4.36902953303235
793 4.22326478959087
794 4.10076148968792
795 4.00320170775205
796 3.90318763780946
797 3.82083619967806
798 3.73214767889158
799 3.64790705639735
800 3.53915011281006
801 3.45708890759733
802 3.38178206863248
803 3.30869361933068
804 3.23322745842505
805 3.15669693188567
806 3.06988074181804
807 2.96144221792686
808 2.8744462438211
809 2.80427723856604
810 2.72347585990432
811 2.63346631103159
812 2.61438409998337
813 2.53467189798742
814 2.44970143864997
815 2.35043641661077
816 2.29749077870937
817 2.24451791479561
818 2.20023601673554
819 2.16260560111887
820 2.10802309290629
821 2.06932003623659
822 2.03275806391644
823 2.00472730734736
824 2.02434735158128
825 1.98062264731714
826 1.85575795173956
