0 0
1 3.733651
2 3.733651
3 3.735055
4 3.739103
5 3.746076
6 3.755621
7 3.772065
8 3.798451
9 3.815553
10 3.82532
11 3.821813
12 3.817398
13 3.811162
14 3.805451
15 3.801373
16 3.799172
17 3.797926
18 3.797701
19 3.798253
20 3.799433
21 3.801711
22 3.804746
23 3.808035
24 3.811877
25 3.816288
26 3.82258
27 3.828099
28 3.834774
29 3.841886
30 3.848593
31 3.856561
32 3.86403
33 3.871853
34 3.880001
35 3.888471
36 3.896152
37 3.906399
38 3.915854
39 3.925623
40 3.935705
41 3.944804
42 3.954168
43 3.96661
44 3.976714
45 3.988513
46 3.99719
47 4.006927
48 4.016191
49 4.026984
50 4.037062
51 4.04923
52 4.060196
53 4.072479
54 4.082654
55 4.093581
56 4.103235
57 4.114834
58 4.125473
59 4.138216
60 4.151312
61 4.164133
62 4.176341
63 4.186621
64 4.199088
65 4.212314
66 4.224535
67 4.239228
68 4.252015
69 4.264449
70 4.278228
71 4.291791
72 4.30446
73 4.319791
74 4.336308
75 4.352945
76 4.368639
77 4.383366
78 4.399144
79 4.412446
80 4.428751
81 4.443932
82 4.459017
83 4.473319
84 4.488917
85 4.503199
86 4.5184
87 4.539445
88 4.555956
89 4.573899
90 4.59095
91 4.609741
92 4.627783
93 4.644817
94 4.666071
95 4.695255
96 4.715871
97 4.740654
98 4.760782
99 4.783004
100 4.813145
101 4.843578
102 4.873292
103 4.899427
104 4.923368
105 4.950194
106 4.973812
107 4.997183
108 5.025753
109 5.053124
110 5.079662
111 5.103362
112 5.132895
113 5.158926
114 5.191044
115 5.225276
116 5.250901
117 5.276946
118 5.306859
119 5.332919
120 5.357208
121 5.382606
122 5.41558
123 5.44547
124 5.468533
125 5.493599
126 5.519281
127 5.55032
128 5.582267
129 5.618454
130 5.647629
131 5.686683
132 5.713571
133 5.738951
134 5.767694
135 5.793928
136 5.820249
137 5.849723
138 5.877669
139 5.901108
140 5.924162
141 5.947267
142 5.970087
143 5.992735
144 6.014998
145 6.041962
146 6.065543
147 6.08842
148 6.108014
149 6.127017
150 6.147767
151 6.167706
152 6.184688
153 6.198968
154 6.214613
155 6.227803
156 6.242378
157 6.254717
158 6.266634
159 6.278117
160 0.009134376
161 0.0197283
162 0.03138535
163 0.04258621
164 0.05196932
165 0.06243448
166 0.071761
167 0.08066489
168 0.08846888
169 0.09708021
170 0.1053147
171 0.1154322
172 0.1223207
173 0.1298632
174 0.1361558
175 0.1430043
176 0.1480402
177 0.1536663
178 0.1611318
179 0.1659428
180 0.1709498
181 0.1754043
182 0.181386
183 0.1869361
184 0.1933218
185 0.1996421
186 0.2044645
187 0.2100008
188 0.2181595
189 0.2249322
190 0.2346838
191 0.2457882
192 0.2552719
193 0.2657152
194 0.2753115
195 0.2889223
196 0.3049051
197 0.3239072
198 0.340616
199 0.3573259
200 0.3779139
201 0.3973274
202 0.4251283
203 0.4465864
204 0.4724046
205 0.4946519
206 0.5187171
207 0.5555943
208 0.5943425
209 0.628625
210 0.6618432
211 0.695056
212 0.7268847
213 0.7681359
214 0.8162224
215 0.857434
216 0.8965032
217 0.9358277
218 0.9854364
219 1.034936
220 1.085535
221 1.130571
222 1.175299
223 1.221685
224 1.270757
225 1.330595
226 1.398204
227 1.445863
228 1.489028
229 1.54062
230 1.597965
231 1.651774
232 1.703683
233 1.752874
234 1.794114
235 1.837322
236 1.873101
237 1.902488
238 1.934014
239 1.963201
240 1.99051
241 2.012871
242 2.033124
243 2.056678
244 2.07336
245 2.090687
246 2.106352
247 2.119782
248 2.131035
249 2.140121
250 2.147154
251 2.152011
252 2.154587
253 2.153864
254 2.149181
255 2.141217
256 2.125147
257 2.103119
258 2.08613
259 2.077869
260 2.060915
261 2.032377
262 1.987562
263 1.938721
264 1.898131
265 1.850481
266 1.789309
267 1.738244
268 1.673769
269 1.592202
270 1.512422
271 1.442159
272 1.391995
273 1.336479
274 1.266259
275 1.186381
276 1.117499
277 1.034151
278 0.947751
279 0.8687097
280 0.8063251
281 0.7533897
282 0.7050101
283 0.661543
284 0.6228884
285 0.5918643
286 0.5616083
287 0.5415039
288 0.5218821
289 0.5073325
290 0.4936867
291 0.4809915
292 0.4719748
293 0.4678832
294 0.4670951
295 0.4689624
296 0.4740768
297 0.4812453
298 0.4940403
299 0.5073072
300 0.5250013
301 0.5463287
302 0.5708454
303 0.5894153
304 0.6131283
305 0.6313952
306 0.6610497
307 0.6894714
308 0.7270449
309 0.764387
310 0.7936847
311 0.8216016
312 0.8569967
313 0.8878978
314 0.9229591
315 0.9596925
316 0.9994199
317 1.040384
318 1.077192
319 1.109923
320 1.175651
321 1.235666
322 1.279104
323 1.329967
324 1.379756
325 1.440051
326 1.500409
327 1.550787
328 1.601771
329 1.651113
330 1.694307
331 1.747072
332 1.80845
333 1.851756
334 1.893173
335 1.928918
336 1.963363
337 2.004824
338 2.04402
339 2.081705
340 2.117632
341 2.144831
342 2.166987
343 2.187834
344 2.211243
345 2.232761
346 2.257771
347 2.28306
348 2.308603
349 2.334746
350 2.3641
351 2.385
352 2.413129
353 2.429746
354 2.453488
355 2.476074
356 2.499279
357 2.522941
358 2.543675
359 2.563115
360 2.580508
361 2.599138
362 2.616708
363 2.637891
364 2.659853
365 2.682184
366 2.700658
367 2.721689
368 2.739428
369 2.758801
370 2.779507
371 2.801123
372 2.820618
373 2.843094
374 2.862456
375 2.88301
376 2.901918
377 2.924508
378 2.945909
379 2.965262
380 2.987834
381 3.010819
382 3.034075
383 3.060211
384 3.084773
385 3.108858
386 3.137075
387 3.157598
388 3.183618
389 3.204776
390 3.228585
391 3.246722
392 3.26946
393 3.286802
394 3.306189
395 3.322775
396 3.343691
397 3.362016
398 3.380017
399 3.39992
400 3.417056
401 3.43576
402 3.449988
403 3.468
404 3.48179
405 3.499131
406 3.515696
407 3.530728
408 3.543023
409 3.553994
410 3.568588
411 3.583467
412 3.59794
413 3.610445
414 3.622532
415 3.632869
416 3.64584
417 3.659932
418 3.672332
419 3.683273
420 3.692813
421 3.703641
422 3.714399
423 3.726565
424 3.736123
425 3.747067
426 3.757855
427 3.771106
428 3.780323
429 3.790824
430 3.800955
431 3.812547
432 3.822818
433 3.832728
434 3.840701
435 3.850902
436 3.860464
437 3.87034
438 3.881379
439 3.892875
440 3.903618
441 3.913093
442 3.923251
443 3.931433
444 3.940416
445 3.948635
446 3.958523
447 3.96753
448 3.978292
449 3.988053
450 3.999416
451 4.00912
452 4.020914
453 4.029618
454 4.038838
455 4.049973
456 4.060142
457 4.072103
458 4.082332
459 4.092017
460 4.103769
461 4.114534
462 4.124403
463 4.134739
464 4.145527
465 4.158054
466 4.16874
467 4.181813
468 4.192309
469 4.205059
470 4.218583
471 4.231064
472 4.245292
473 4.260531
474 4.273664
475 4.287567
476 4.300539
477 4.314278
478 4.328017
479 4.343188
480 4.355836
481 4.371673
482 4.388666
483 4.404805
484 4.420071
485 4.437755
486 4.452453
487 4.468238
488 4.487442
489 4.506109
490 4.524091
491 4.543289
492 4.560042
493 4.578235
494 4.595348
495 4.612136
496 4.630222
497 4.652343
498 4.676905
499 4.703231
500 4.726152
501 4.744879
502 4.770305
503 4.789149
504 4.818628
505 4.851979
506 4.878463
507 4.905522
508 4.927157
509 4.956805
510 4.980991
511 5.007117
512 5.034121
513 5.065414
514 5.087438
515 5.115669
516 5.13436
517 5.164572
518 5.197527
519 5.241777
520 5.271857
521 5.298008
522 5.334159
523 5.361609
524 5.390249
525 5.416073
526 5.449073
527 5.47859
528 5.502339
529 5.528044
530 5.55942
531 5.588459
532 5.625405
533 5.654798
534 5.684508
535 5.707036
536 5.73145
537 5.758719
538 5.784153
539 5.813025
540 5.838431
541 5.863933
542 5.888864
543 5.909858
544 5.933152
545 5.955887
546 5.978143
547 6.000132
548 6.021626
549 6.045152
550 6.068197
551 6.090476
552 6.109601
553 6.128278
554 6.148738
555 6.170708
556 6.185614
557 6.202003
558 6.215787
559 6.230997
560 6.243901
561 6.258137
562 6.270118
563 6.281686
564 0.01123707
565 0.02345313
566 0.0366917
567 0.04791733
568 0.05855732
569 0.07111292
570 0.08274947
571 0.09085894
572 0.1008255
573 0.1094762
574 0.1178832
575 0.1278709
576 0.1344947
577 0.140755
578 0.149132
579 0.154821
580 0.1618814
581 0.1677873
582 0.17259
583 0.177882
584 0.1829578
585 0.1880047
586 0.1930918
587 0.1977573
588 0.2035989
589 0.2096234
590 0.2182401
591 0.2272202
592 0.2342461
593 0.2416209
594 0.2511642
595 0.260701
596 0.270382
597 0.285287
598 0.3002862
599 0.3154305
600 0.3343174
601 0.3505754
602 0.3717532
603 0.3956598
604 0.4199186
605 0.4499801
606 0.4750455
607 0.505397
608 0.5312921
609 0.5624506
610 0.5967514
611 0.6365789
612 0.6713324
613 0.7098272
614 0.7423494
615 0.7842601
616 0.8224511
617 0.87514
618 0.9184242
619 0.9566145
620 1.004974
621 1.060874
622 1.112787
623 1.172155
624 1.217669
625 1.264292
626 1.313747
627 1.37279
628 1.426442
629 1.475997
630 1.528149
631 1.573379
632 1.617467
633 1.662881
634 1.712983
635 1.75627
636 1.802348
637 1.840619
638 1.880397
639 1.909428
640 1.940343
641 1.972792
642 1.996084
643 2.020771
644 2.042974
645 2.065451
646 2.081432
647 2.098032
648 2.110494
649 2.126935
650 2.135774
651 2.144811
652 2.15141
653 2.155019
654 2.156095
655 2.153268
656 2.147558
657 2.13709
658 2.122642
659 2.094244
660 2.075145
661 2.062932
662 2.036773
663 2.006676
664 1.973928
665 1.897372
666 1.835888
667 1.752222
668 1.69288
669 1.64386
670 1.60154
671 1.548928
672 1.483942
673 1.430037
674 1.366273
675 1.312675
676 1.253052
677 1.185466
678 1.120518
679 1.047629
680 0.9681923
681 0.9057507
682 0.840733
683 0.7918364
684 0.7363981
685 0.6909108
686 0.6544228
687 0.6218461
688 0.5927519
689 0.5637166
690 0.5441266
691 0.5249615
692 0.5107211
693 0.4973499
694 0.4868358
695 0.4799586
696 0.4747911
697 0.4726994
698 0.4737526
699 0.4785812
700 0.4875403
701 0.4987245
702 0.5129919
703 0.5291116
704 0.5507025
705 0.5698058
706 0.5906809
707 0.6117641
708 0.6357081
709 0.6590847
710 0.6931871
711 0.7216173
712 0.7497211
713 0.7738543
714 0.8056216
715 0.8455448
716 0.8946609
717 0.9407739
718 0.9721279
719 1.006431
720 1.055124
721 1.096139
722 1.147768
723 1.189481
724 1.236711
725 1.286454
726 1.342495
727 1.403139
728 1.465896
729 1.505134
730 1.555874
731 1.621931
732 1.687903
733 1.746948
734 1.796206
735 1.833278
736 1.867308
737 1.896301
738 1.938716
739 1.974764
740 2.005691
741 2.039465
742 2.06869
743 2.09544
744 2.123786
745 2.149591
746 2.172992
747 2.199854
748 2.223476
749 2.25049
750 2.274211
751 2.300806
752 2.331526
753 2.357576
754 2.376888
755 2.398606
756 2.421813
757 2.44266
758 2.469746
759 2.494133
760 2.520981
761 2.537351
762 2.554578
763 2.573488
764 2.593973
765 2.615603
766 2.640754
767 2.663047
768 2.681244
769 2.697617
770 2.715595
771 2.735078
772 2.753146
773 2.77467
774 2.796982
775 2.819301
776 2.839981
777 2.858571
778 2.877883
779 2.895939
780 2.917504
781 2.936997
782 2.95973
783 2.982831
784 3.008684
785 3.036574
786 3.058633
787 3.080842
788 3.102295
789 3.125673
790 3.155145
791 3.179683
792 3.204406
793 3.23176
794 3.255855
795 3.276565
796 3.29658
797 3.316114
798 3.33773
799 3.356537
800 3.381824
801 3.39987
802 3.417122
803 3.435785
804 3.454088
805 3.472188
806 3.48601
807 3.505255
808 3.519981
809 3.531811
810 3.54578
811 3.559944
812 3.574587
813 3.586131
814 3.599024
815 3.612915
816 3.623373
817 3.635063
818 3.646453
819 3.657604
820 3.667176
821 3.679178
822 3.691166
823 3.700512
824 3.711174
825 3.721767
826 3.732491
