0 0
1 -32.16173
1 -43.49173
1 -61.09
1 -78.29172
1 -93.05002
1 -107.7717
2 -32.16173
2 -43.49173
2 -61.09
2 -78.29172
2 -93.05002
2 -107.7717
3 -32.16173
3 -43.49173
3 -61.09
3 -78.29172
3 -93.05002
3 -107.7717
4 -32.16173
4 -43.49173
4 -61.09
4 -78.29172
4 -93.05002
4 -107.7717
5 -32.16173
5 -43.49173
5 -61.09
5 -78.29172
5 -93.05002
5 -107.7717
6 -32.16173
6 -43.49173
6 -61.09
6 -78.29172
6 -93.05002
6 -107.7717
7 -32.16173
7 -43.49173
7 -61.09
7 -78.29172
7 -93.05002
7 -107.7717
8 -32.16173
8 -43.49173
8 -61.09
8 -78.29172
8 -93.05002
8 -107.7717
9 -32.16173
9 -43.49173
9 -61.09
9 -78.29172
9 -93.05002
9 -107.7717
10 -32.16173
10 -43.49173
10 -61.09
10 -78.29172
10 -93.05002
10 -107.7717
11 -32.16173
11 -43.49173
11 -61.09
11 -78.29172
11 -93.05002
11 -107.7717
12 -43.49173
12 -61.09
12 -78.29172
12 -93.05002
12 -107.7717
12 -123.3917
13 -43.49173
13 -61.09
13 -78.29172
13 -93.05002
13 -107.7717
13 -123.3917
14 -43.49173
14 -61.09
14 -78.29172
14 -93.05002
14 -107.7717
14 -123.3917
15 -43.49173
15 -61.09
15 -78.29172
15 -93.05002
15 -107.7717
15 -123.3917
16 -43.49173
16 -61.09
16 -78.29172
16 -93.05002
16 -107.7717
16 -123.3917
17 -43.49173
17 -61.09
17 -78.29172
17 -93.05002
17 -107.7717
17 -123.3917
18 -43.49173
18 -61.09
18 -78.29172
18 -93.05002
18 -107.7717
18 -123.3917
19 -43.49173
19 -61.09
19 -78.29172
19 -93.05002
19 -107.7717
19 -123.3917
20 -43.49173
20 -61.09
20 -78.29172
20 -93.05002
20 -107.7717
20 -123.3917
21 -43.49173
21 -61.09
21 -78.29172
21 -93.05002
21 -107.7717
21 -123.3917
22 -43.49173
22 -61.09
22 -78.29172
22 -93.05002
22 -107.7717
22 -123.3917
23 -61.09
23 -78.29172
23 -93.05002
23 -107.7717
23 -123.3917
23 -134.97
24 -61.09
24 -78.29172
24 -93.05002
24 -107.7717
24 -123.3917
24 -134.97
25 -61.09
25 -78.29172
25 -93.05002
25 -107.7717
25 -123.3917
25 -134.97
26 -61.09
26 -78.29172
26 -93.05002
26 -107.7717
26 -123.3917
26 -134.97
27 -61.09
27 -78.29172
27 -93.05002
27 -107.7717
27 -123.3917
27 -134.97
28 -61.09
28 -78.29172
28 -93.05002
28 -107.7717
28 -123.3917
28 -134.97
29 -61.09
29 -78.29172
29 -93.05002
29 -107.7717
29 -123.3917
29 -134.97
30 -78.29172
30 -93.05002
30 -107.7717
30 -123.3917
30 -134.97
30 -145.1165
31 -78.29172
31 -93.05002
31 -107.7717
31 -123.3917
31 -134.97
31 -145.1165
32 -78.29172
32 -93.05002
32 -107.7717
32 -123.3917
32 -134.97
32 -145.1165
33 -78.29172
33 -93.05002
33 -107.7717
33 -123.3917
33 -134.97
33 -145.1165
34 -78.29172
34 -93.05002
34 -107.7717
34 -123.3917
34 -134.97
34 -145.1165
35 -78.29172
35 -93.05002
35 -107.7717
35 -123.3917
35 -134.97
35 -145.1165
36 -93.05002
36 -107.7717
36 -123.3917
36 -134.97
36 -145.1165
36 -158.3417
37 -93.05002
37 -107.7717
37 -123.3917
37 -134.97
37 -145.1165
37 -158.3417
38 -93.05002
38 -107.7717
38 -123.3917
38 -134.97
38 -145.1165
38 -158.3417
39 -93.05002
39 -107.7717
39 -123.3917
39 -134.97
39 -145.1165
39 -158.3417
40 -93.05002
40 -107.7717
40 -123.3917
40 -134.97
40 -145.1165
40 -158.3417
41 -93.05002
41 -107.7717
41 -123.3917
41 -134.97
41 -145.1165
41 -158.3417
42 -107.7717
42 -123.3917
42 -134.97
42 -145.1165
42 -158.3417
42 -164.3164
43 -107.7717
43 -123.3917
43 -134.97
43 -145.1165
43 -158.3417
43 -164.3164
44 -107.7717
44 -123.3917
44 -134.97
44 -145.1165
44 -158.3417
44 -164.3164
45 -107.7717
45 -123.3917
45 -134.97
45 -145.1165
45 -158.3417
45 -164.3164
46 -107.7717
46 -123.3917
46 -134.97
46 -145.1165
46 -158.3417
46 -164.3164
47 -107.7717
47 -123.3917
47 -134.97
47 -145.1165
47 -158.3417
47 -164.3164
48 -123.3917
48 -134.97
48 -145.1165
48 -158.3417
48 -164.3164
48 -169.3365
49 -123.3917
49 -134.97
49 -145.1165
49 -158.3417
49 -164.3164
49 -169.3365
50 -123.3917
50 -134.97
50 -145.1165
50 -158.3417
50 -164.3164
50 -169.3365
51 -123.3917
51 -134.97
51 -145.1165
51 -158.3417
51 -164.3164
51 -169.3365
52 -123.3917
52 -134.97
52 -145.1165
52 -158.3417
52 -164.3164
52 -169.3365
53 -134.97
53 -145.1165
53 -158.3417
53 -164.3164
53 -169.3365
53 -175.4917
54 -134.97
54 -145.1165
54 -158.3417
54 -164.3164
54 -169.3365
54 -175.4917
55 -134.97
55 -145.1165
55 -158.3417
55 -164.3164
55 -169.3365
55 -175.4917
56 -134.97
56 -145.1165
56 -158.3417
56 -164.3164
56 -169.3365
56 -175.4917
57 -134.97
57 -145.1165
57 -158.3417
57 -164.3164
57 -169.3365
57 -175.4917
58 -134.97
58 -145.1165
58 -158.3417
58 -164.3164
58 -169.3365
58 -175.4917
59 -145.1165
59 -158.3417
59 -164.3164
59 -169.3365
59 -175.4917
59 -176.9617
60 -145.1165
60 -158.3417
60 -164.3164
60 -169.3365
60 -175.4917
60 -176.9617
61 -145.1165
61 -158.3417
61 -164.3164
61 -169.3365
61 -175.4917
61 -176.9617
62 -145.1165
62 -158.3417
62 -164.3164
62 -169.3365
62 -175.4917
62 -176.9617
63 -145.1165
63 -158.3417
63 -164.3164
63 -169.3365
63 -175.4917
63 -176.9617
64 -145.1165
64 -158.3417
64 -164.3164
64 -169.3365
64 -175.4917
64 -176.9617
65 -145.1165
65 -158.3417
65 -164.3164
65 -169.3365
65 -175.4917
65 -176.9617
66 -145.1165
66 -158.3417
66 -164.3164
66 -169.3365
66 -175.4917
66 -176.9617
67 -158.3417
67 -164.3164
67 -169.3365
67 -175.4917
67 -176.9617
67 -176.8864
68 -158.3417
68 -164.3164
68 -169.3365
68 -175.4917
68 -176.9617
68 -176.8864
69 -158.3417
69 -164.3164
69 -169.3365
69 -175.4917
69 -176.9617
69 -176.8864
70 -158.3417
70 -164.3164
70 -169.3365
70 -175.4917
70 -176.9617
70 -176.8864
71 -158.3417
71 -164.3164
71 -169.3365
71 -175.4917
71 -176.9617
71 -176.8864
72 -164.3164
72 -169.3365
72 -175.4917
72 -176.9617
72 -176.8864
72 -175.0817
73 -164.3164
73 -169.3365
73 -175.4917
73 -176.9617
73 -176.8864
73 -175.0817
74 -164.3164
74 -169.3365
74 -175.4917
74 -176.9617
74 -176.8864
74 -175.0817
75 -164.3164
75 -169.3365
75 -175.4917
75 -176.9617
75 -176.8864
75 -175.0817
76 -164.3164
76 -169.3365
76 -175.4917
76 -176.9617
76 -176.8864
76 -175.0817
77 -169.3365
77 -175.4917
77 -176.9617
77 -176.8864
77 -175.0817
77 -170.3617
78 -169.3365
78 -175.4917
78 -176.9617
78 -176.8864
78 -175.0817
78 -170.3617
79 -169.3365
79 -175.4917
79 -176.9617
79 -176.8864
79 -175.0817
79 -170.3617
80 -169.3365
80 -175.4917
80 -176.9617
80 -176.8864
80 -175.0817
80 -170.3617
81 -169.3365
81 -175.4917
81 -176.9617
81 -176.8864
81 -175.0817
81 -170.3617
82 -169.3365
82 -175.4917
82 -176.9617
82 -176.8864
82 -175.0817
82 -170.3617
83 -169.3365
83 -175.4917
83 -176.9617
83 -176.8864
83 -175.0817
83 -170.3617
84 -169.3365
84 -175.4917
84 -176.9617
84 -176.8864
84 -175.0817
84 -170.3617
85 -169.3365
85 -175.4917
85 -176.9617
85 -176.8864
85 -175.0817
85 -170.3617
86 -169.3365
86 -175.4917
86 -176.9617
86 -176.8864
86 -175.0817
86 -170.3617
87 -169.3365
87 -175.4917
87 -176.9617
87 -176.8864
87 -175.0817
87 -170.3617
88 -175.4917
88 -176.9617
88 -176.8864
88 -175.0817
88 -170.3617
88 -164.4217
89 -175.4917
89 -176.9617
89 -176.8864
89 -175.0817
89 -170.3617
89 -164.4217
90 -175.4917
90 -176.9617
90 -176.8864
90 -175.0817
90 -170.3617
90 -164.4217
91 -175.4917
91 -176.9617
91 -176.8864
91 -175.0817
91 -170.3617
91 -164.4217
92 -175.4917
92 -176.9617
92 -176.8864
92 -175.0817
92 -170.3617
92 -164.4217
93 -176.9617
93 -176.8864
93 -175.0817
93 -170.3617
93 -164.4217
93 -158.9417
94 -176.9617
94 -176.8864
94 -175.0817
94 -170.3617
94 -164.4217
94 -158.9417
95 -176.9617
95 -176.8864
95 -175.0817
95 -170.3617
95 -164.4217
95 -158.9417
96 -176.9617
96 -176.8864
96 -175.0817
96 -170.3617
96 -164.4217
96 -158.9417
97 -176.9617
97 -176.8864
97 -175.0817
97 -170.3617
97 -164.4217
97 -158.9417
98 -176.9617
98 -176.8864
98 -175.0817
98 -170.3617
98 -164.4217
98 -158.9417
99 -176.9617
99 -176.8864
99 -175.0817
99 -170.3617
99 -164.4217
99 -158.9417
100 -176.8864
100 -175.0817
100 -170.3617
100 -164.4217
100 -158.9417
100 -146.6317
101 -176.8864
101 -175.0817
101 -170.3617
101 -164.4217
101 -158.9417
101 -146.6317
102 -176.8864
102 -175.0817
102 -170.3617
102 -164.4217
102 -158.9417
102 -146.6317
103 -176.8864
103 -175.0817
103 -170.3617
103 -164.4217
103 -158.9417
103 -146.6317
104 -175.0817
104 -170.3617
104 -164.4217
104 -158.9417
104 -146.6317
104 -134.6765
105 -175.0817
105 -170.3617
105 -164.4217
105 -158.9417
105 -146.6317
105 -134.6765
106 -175.0817
106 -170.3617
106 -164.4217
106 -158.9417
106 -146.6317
106 -134.6765
107 -175.0817
107 -170.3617
107 -164.4217
107 -158.9417
107 -146.6317
107 -134.6765
108 -175.0817
108 -170.3617
108 -164.4217
108 -158.9417
108 -146.6317
108 -134.6765
109 -175.0817
109 -170.3617
109 -164.4217
109 -158.9417
109 -146.6317
109 -134.6765
110 -175.0817
110 -170.3617
110 -164.4217
110 -158.9417
110 -146.6317
110 -134.6765
111 -175.0817
111 -170.3617
111 -164.4217
111 -158.9417
111 -146.6317
111 -134.6765
112 -170.3617
112 -164.4217
112 -158.9417
112 -146.6317
112 -134.6765
112 -126.4965
113 -170.3617
113 -164.4217
113 -158.9417
113 -146.6317
113 -134.6765
113 -126.4965
114 -170.3617
114 -164.4217
114 -158.9417
114 -146.6317
114 -134.6765
114 -126.4965
115 -170.3617
115 -164.4217
115 -158.9417
115 -146.6317
115 -134.6765
115 -126.4965
116 -170.3617
116 -164.4217
116 -158.9417
116 -146.6317
116 -134.6765
116 -126.4965
117 -170.3617
117 -164.4217
117 -158.9417
117 -146.6317
117 -134.6765
117 -126.4965
118 -164.4217
118 -158.9417
118 -146.6317
118 -134.6765
118 -126.4965
118 -108.5617
119 -164.4217
119 -158.9417
119 -146.6317
119 -134.6765
119 -126.4965
119 -108.5617
120 -164.4217
120 -158.9417
120 -146.6317
120 -134.6765
120 -126.4965
120 -108.5617
121 -164.4217
121 -158.9417
121 -146.6317
121 -134.6765
121 -126.4965
121 -108.5617
122 -164.4217
122 -158.9417
122 -146.6317
122 -134.6765
122 -126.4965
122 -108.5617
123 -158.9417
123 -146.6317
123 -134.6765
123 -126.4965
123 -108.5617
123 -95.20645
124 -158.9417
124 -146.6317
124 -134.6765
124 -126.4965
124 -108.5617
124 -95.20645
125 -158.9417
125 -146.6317
125 -134.6765
125 -126.4965
125 -108.5617
125 -95.20645
126 -158.9417
126 -146.6317
126 -134.6765
126 -126.4965
126 -108.5617
126 -95.20645
127 -158.9417
127 -146.6317
127 -134.6765
127 -126.4965
127 -108.5617
127 -95.20645
128 -158.9417
128 -146.6317
128 -134.6765
128 -126.4965
128 -108.5617
128 -95.20645
129 -158.9417
129 -146.6317
129 -134.6765
129 -126.4965
129 -108.5617
129 -95.20645
130 -158.9417
130 -146.6317
130 -134.6765
130 -126.4965
130 -108.5617
130 -95.20645
131 -146.6317
131 -134.6765
131 -126.4965
131 -108.5617
131 -95.20645
131 -73.86172
132 -146.6317
132 -134.6765
132 -126.4965
132 -108.5617
132 -95.20645
132 -73.86172
133 -146.6317
133 -134.6765
133 -126.4965
133 -108.5617
133 -95.20645
133 -73.86172
134 -146.6317
134 -134.6765
134 -126.4965
134 -108.5617
134 -95.20645
134 -73.86172
135 -146.6317
135 -134.6765
135 -126.4965
135 -108.5617
135 -95.20645
135 -73.86172
136 -146.6317
136 -134.6765
136 -126.4965
136 -108.5617
136 -95.20645
136 -73.86172
137 -134.6765
137 -126.4965
137 -108.5617
137 -95.20645
137 -73.86172
137 -42.38173
138 -134.6765
138 -126.4965
138 -108.5617
138 -95.20645
138 -73.86172
138 -42.38173
139 -134.6765
139 -126.4965
139 -108.5617
139 -95.20645
139 -73.86172
139 -42.38173
140 -134.6765
140 -126.4965
140 -108.5617
140 -95.20645
140 -73.86172
140 -42.38173
141 -126.4965
141 -108.5617
141 -95.20645
141 -73.86172
141 -42.38173
141 -24.50172
142 -126.4965
142 -108.5617
142 -95.20645
142 -73.86172
142 -42.38173
142 -24.50172
143 -126.4965
143 -108.5617
143 -95.20645
143 -73.86172
143 -42.38173
143 -24.50172
144 -126.4965
144 -108.5617
144 -95.20645
144 -73.86172
144 -42.38173
144 -24.50172
145 -126.4965
145 -108.5617
145 -95.20645
145 -73.86172
145 -42.38173
145 -24.50172
146 -126.4965
146 -108.5617
146 -95.20645
146 -73.86172
146 -42.38173
146 -24.50172
147 -108.5617
147 -95.20645
147 -73.86172
147 -42.38173
147 -24.50172
147 2.908264
148 -108.5617
148 -95.20645
148 -73.86172
148 -42.38173
148 -24.50172
148 2.908264
149 -108.5617
149 -95.20645
149 -73.86172
149 -42.38173
149 -24.50172
149 2.908264
150 -108.5617
150 -95.20645
150 -73.86172
150 -42.38173
150 -24.50172
150 2.908264
151 -95.20645
151 -73.86172
151 -42.38173
151 -24.50172
151 2.908264
151 22.10828
152 -95.20645
152 -73.86172
152 -42.38173
152 -24.50172
152 2.908264
152 22.10828
153 -95.20645
153 -73.86172
153 -42.38173
153 -24.50172
153 2.908264
153 22.10828
154 -95.20645
154 -73.86172
154 -42.38173
154 -24.50172
154 2.908264
154 22.10828
155 -95.20645
155 -73.86172
155 -42.38173
155 -24.50172
155 2.908264
155 22.10828
156 -95.20645
156 -73.86172
156 -42.38173
156 -24.50172
156 2.908264
156 22.10828
157 -73.86172
157 -42.38173
157 -24.50172
157 2.908264
157 22.10828
157 47.20827
158 -73.86172
158 -42.38173
158 -24.50172
158 2.908264
158 22.10828
158 47.20827
159 -73.86172
159 -42.38173
159 -24.50172
159 2.908264
159 22.10828
159 47.20827
160 -73.86172
160 -42.38173
160 -24.50172
160 2.908264
160 22.10828
160 47.20827
161 -73.86172
161 -42.38173
161 -24.50172
161 2.908264
161 22.10828
161 47.20827
162 -73.86172
162 -42.38173
162 -24.50172
162 2.908264
162 22.10828
162 47.20827
163 -73.86172
163 -42.38173
163 -24.50172
163 2.908264
163 22.10828
163 47.20827
164 -73.86172
164 -42.38173
164 -24.50172
164 2.908264
164 22.10828
164 47.20827
165 -42.38173
165 -24.50172
165 2.908264
165 22.10828
165 47.20827
165 75.06355
166 -42.38173
166 -24.50172
166 2.908264
166 22.10828
166 47.20827
166 75.06355
167 -42.38173
167 -24.50172
167 2.908264
167 22.10828
167 47.20827
167 75.06355
168 -42.38173
168 -24.50172
168 2.908264
168 22.10828
168 47.20827
168 75.06355
169 -24.50172
169 2.908264
169 22.10828
169 47.20827
169 75.06355
169 91.19354
170 -24.50172
170 2.908264
170 22.10828
170 47.20827
170 75.06355
170 91.19354
171 -24.50172
171 2.908264
171 22.10828
171 47.20827
171 75.06355
171 91.19354
172 -24.50172
172 2.908264
172 22.10828
172 47.20827
172 75.06355
172 91.19354
173 -24.50172
173 2.908264
173 22.10828
173 47.20827
173 75.06355
173 91.19354
174 2.908264
174 22.10828
174 47.20827
174 75.06355
174 91.19354
174 107.3083
175 2.908264
175 22.10828
175 47.20827
175 75.06355
175 91.19354
175 107.3083
176 2.908264
176 22.10828
176 47.20827
176 75.06355
176 91.19354
176 107.3083
177 2.908264
177 22.10828
177 47.20827
177 75.06355
177 91.19354
177 107.3083
178 2.908264
178 22.10828
178 47.20827
178 75.06355
178 91.19354
178 107.3083
179 22.10828
179 47.20827
179 75.06355
179 91.19354
179 107.3083
179 114.2635
180 22.10828
180 47.20827
180 75.06355
180 91.19354
180 107.3083
180 114.2635
181 22.10828
181 47.20827
181 75.06355
181 91.19354
181 107.3083
181 114.2635
182 22.10828
182 47.20827
182 75.06355
182 91.19354
182 107.3083
182 114.2635
183 22.10828
183 47.20827
183 75.06355
183 91.19354
183 107.3083
183 114.2635
184 22.10828
184 47.20827
184 75.06355
184 91.19354
184 107.3083
184 114.2635
185 47.20827
185 75.06355
185 91.19354
185 107.3083
185 114.2635
185 122.5583
186 47.20827
186 75.06355
186 91.19354
186 107.3083
186 114.2635
186 122.5583
187 47.20827
187 75.06355
187 91.19354
187 107.3083
187 114.2635
187 122.5583
188 47.20827
188 75.06355
188 91.19354
188 107.3083
188 114.2635
188 122.5583
189 47.20827
189 75.06355
189 91.19354
189 107.3083
189 114.2635
189 122.5583
190 47.20827
190 75.06355
190 91.19354
190 107.3083
190 114.2635
190 122.5583
191 47.20827
191 75.06355
191 91.19354
191 107.3083
191 114.2635
191 122.5583
192 47.20827
192 75.06355
192 91.19354
192 107.3083
192 114.2635
192 122.5583
193 75.06355
193 91.19354
193 107.3083
193 114.2635
193 122.5583
193 126.6183
194 75.06355
194 91.19354
194 107.3083
194 114.2635
194 122.5583
194 126.6183
195 75.06355
195 91.19354
195 107.3083
195 114.2635
195 122.5583
195 126.6183
196 75.06355
196 91.19354
196 107.3083
196 114.2635
196 122.5583
196 126.6183
197 75.06355
197 91.19354
197 107.3083
197 114.2635
197 122.5583
197 126.6183
198 91.19354
198 107.3083
198 114.2635
198 122.5583
198 126.6183
198 129.1083
199 91.19354
199 107.3083
199 114.2635
199 122.5583
199 126.6183
199 129.1083
200 91.19354
200 107.3083
200 114.2635
200 122.5583
200 126.6183
200 129.1083
201 91.19354
201 107.3083
201 114.2635
201 122.5583
201 126.6183
201 129.1083
202 91.19354
202 107.3083
202 114.2635
202 122.5583
202 126.6183
202 129.1083
203 91.19354
203 107.3083
203 114.2635
203 122.5583
203 126.6183
203 129.1083
204 107.3083
204 114.2635
204 122.5583
204 126.6183
204 129.1083
204 129.1283
205 107.3083
205 114.2635
205 122.5583
205 126.6183
205 129.1083
205 129.1283
206 107.3083
206 114.2635
206 122.5583
206 126.6183
206 129.1083
206 129.1283
207 107.3083
207 114.2635
207 122.5583
207 126.6183
207 129.1083
207 129.1283
208 114.2635
208 122.5583
208 126.6183
208 129.1083
208 129.1283
208 126.8983
209 114.2635
209 122.5583
209 126.6183
209 129.1083
209 129.1283
209 126.8983
210 114.2635
210 122.5583
210 126.6183
210 129.1083
210 129.1283
210 126.8983
211 114.2635
211 122.5583
211 126.6183
211 129.1083
211 129.1283
211 126.8983
212 114.2635
212 122.5583
212 126.6183
212 129.1083
212 129.1283
212 126.8983
213 122.5583
213 126.6183
213 129.1083
213 129.1283
213 126.8983
213 122.3383
214 122.5583
214 126.6183
214 129.1083
214 129.1283
214 126.8983
214 122.3383
215 122.5583
215 126.6183
215 129.1083
215 129.1283
215 126.8983
215 122.3383
216 122.5583
216 126.6183
216 129.1083
216 129.1283
216 126.8983
216 122.3383
217 122.5583
217 126.6183
217 129.1083
217 129.1283
217 126.8983
217 122.3383
218 126.6183
218 129.1083
218 129.1283
218 126.8983
218 122.3383
218 117.2083
219 126.6183
219 129.1083
219 129.1283
219 126.8983
219 122.3383
219 117.2083
220 126.6183
220 129.1083
220 129.1283
220 126.8983
220 122.3383
220 117.2083
221 126.6183
221 129.1083
221 129.1283
221 126.8983
221 122.3383
221 117.2083
222 126.6183
222 129.1083
222 129.1283
222 126.8983
222 122.3383
222 117.2083
223 126.6183
223 129.1083
223 129.1283
223 126.8983
223 122.3383
223 117.2083
224 129.1083
224 129.1283
224 126.8983
224 122.3383
224 117.2083
224 98.34827
225 129.1083
225 129.1283
225 126.8983
225 122.3383
225 117.2083
225 98.34827
226 129.1083
226 129.1283
226 126.8983
226 122.3383
226 117.2083
226 98.34827
227 129.1083
227 129.1283
227 126.8983
227 122.3383
227 117.2083
227 98.34827
228 129.1083
228 129.1283
228 126.8983
228 122.3383
228 117.2083
228 98.34827
229 129.1283
229 126.8983
229 122.3383
229 117.2083
229 98.34827
229 83.63827
230 129.1283
230 126.8983
230 122.3383
230 117.2083
230 98.34827
230 83.63827
231 129.1283
231 126.8983
231 122.3383
231 117.2083
231 98.34827
231 83.63827
232 129.1283
232 126.8983
232 122.3383
232 117.2083
232 98.34827
232 83.63827
233 129.1283
233 126.8983
233 122.3383
233 117.2083
233 98.34827
233 83.63827
234 129.1283
234 126.8983
234 122.3383
234 117.2083
234 98.34827
234 83.63827
235 126.8983
235 122.3383
235 117.2083
235 98.34827
235 83.63827
235 79.68355
236 126.8983
236 122.3383
236 117.2083
236 98.34827
236 83.63827
236 79.68355
237 126.8983
237 122.3383
237 117.2083
237 98.34827
237 83.63827
237 79.68355
238 126.8983
238 122.3383
238 117.2083
238 98.34827
238 83.63827
238 79.68355
239 126.8983
239 122.3383
239 117.2083
239 98.34827
239 83.63827
239 79.68355
240 122.3383
240 117.2083
240 98.34827
240 83.63827
240 79.68355
240 78.52827
241 122.3383
241 117.2083
241 98.34827
241 83.63827
241 79.68355
241 78.52827
242 122.3383
242 117.2083
242 98.34827
242 83.63827
242 79.68355
242 78.52827
243 122.3383
243 117.2083
243 98.34827
243 83.63827
243 79.68355
243 78.52827
244 122.3383
244 117.2083
244 98.34827
244 83.63827
244 79.68355
244 78.52827
245 117.2083
245 98.34827
245 83.63827
245 79.68355
245 78.52827
245 77.04827
246 117.2083
246 98.34827
246 83.63827
246 79.68355
246 78.52827
246 77.04827
247 117.2083
247 98.34827
247 83.63827
247 79.68355
247 78.52827
247 77.04827
248 117.2083
248 98.34827
248 83.63827
248 79.68355
248 78.52827
248 77.04827
249 117.2083
249 98.34827
249 83.63827
249 79.68355
249 78.52827
249 77.04827
250 117.2083
250 98.34827
250 83.63827
250 79.68355
250 78.52827
250 77.04827
251 117.2083
251 98.34827
251 83.63827
251 79.68355
251 78.52827
251 77.04827
252 117.2083
252 98.34827
252 83.63827
252 79.68355
252 78.52827
252 77.04827
253 117.2083
253 98.34827
253 83.63827
253 79.68355
253 78.52827
253 77.04827
254 98.34827
254 83.63827
254 79.68355
254 78.52827
254 77.04827
254 77.87827
255 98.34827
255 83.63827
255 79.68355
255 78.52827
255 77.04827
255 77.87827
256 98.34827
256 83.63827
256 79.68355
256 78.52827
256 77.04827
256 77.87827
257 98.34827
257 83.63827
257 79.68355
257 78.52827
257 77.04827
257 77.87827
258 98.34827
258 83.63827
258 79.68355
258 78.52827
258 77.04827
258 77.87827
259 98.34827
259 83.63827
259 79.68355
259 78.52827
259 77.04827
259 77.87827
260 83.63827
260 79.68355
260 78.52827
260 77.04827
260 77.87827
260 81.37827
261 83.63827
261 79.68355
261 78.52827
261 77.04827
261 77.87827
261 81.37827
262 83.63827
262 79.68355
262 78.52827
262 77.04827
262 77.87827
262 81.37827
263 79.68355
263 78.52827
263 77.04827
263 77.87827
263 81.37827
263 88.33827
264 79.68355
264 78.52827
264 77.04827
264 77.87827
264 81.37827
264 88.33827
265 78.52827
265 77.04827
265 77.87827
265 81.37827
265 88.33827
265 95.31827
266 78.52827
266 77.04827
266 77.87827
266 81.37827
266 88.33827
266 95.31827
267 78.52827
267 77.04827
267 77.87827
267 81.37827
267 88.33827
267 95.31827
268 77.04827
268 77.87827
268 81.37827
268 88.33827
268 95.31827
268 102.9283
269 77.04827
269 77.87827
269 81.37827
269 88.33827
269 95.31827
269 102.9283
270 77.04827
270 77.87827
270 81.37827
270 88.33827
270 95.31827
270 102.9283
271 77.87827
271 81.37827
271 88.33827
271 95.31827
271 102.9283
271 118.5435
272 77.87827
272 81.37827
272 88.33827
272 95.31827
272 102.9283
272 118.5435
273 77.87827
273 81.37827
273 88.33827
273 95.31827
273 102.9283
273 118.5435
274 77.87827
274 81.37827
274 88.33827
274 95.31827
274 102.9283
274 118.5435
275 81.37827
275 88.33827
275 95.31827
275 102.9283
275 118.5435
275 133.2435
276 81.37827
276 88.33827
276 95.31827
276 102.9283
276 118.5435
276 133.2435
277 81.37827
277 88.33827
277 95.31827
277 102.9283
277 118.5435
277 133.2435
278 81.37827
278 88.33827
278 95.31827
278 102.9283
278 118.5435
278 133.2435
279 88.33827
279 95.31827
279 102.9283
279 118.5435
279 133.2435
279 156.5083
280 88.33827
280 95.31827
280 102.9283
280 118.5435
280 133.2435
280 156.5083
281 88.33827
281 95.31827
281 102.9283
281 118.5435
281 133.2435
281 156.5083
282 88.33827
282 95.31827
282 102.9283
282 118.5435
282 133.2435
282 156.5083
283 95.31827
283 102.9283
283 118.5435
283 133.2435
283 156.5083
283 164.2383
284 95.31827
284 102.9283
284 118.5435
284 133.2435
284 156.5083
284 164.2383
285 95.31827
285 102.9283
285 118.5435
285 133.2435
285 156.5083
285 164.2383
286 102.9283
286 118.5435
286 133.2435
286 156.5083
286 164.2383
286 170.2883
287 102.9283
287 118.5435
287 133.2435
287 156.5083
287 164.2383
287 170.2883
288 102.9283
288 118.5435
288 133.2435
288 156.5083
288 164.2383
288 170.2883
289 102.9283
289 118.5435
289 133.2435
289 156.5083
289 164.2383
289 170.2883
290 102.9283
290 118.5435
290 133.2435
290 156.5083
290 164.2383
290 170.2883
291 102.9283
291 118.5435
291 133.2435
291 156.5083
291 164.2383
291 170.2883
292 118.5435
292 133.2435
292 156.5083
292 164.2383
292 170.2883
292 176.0983
293 118.5435
293 133.2435
293 156.5083
293 164.2383
293 170.2883
293 176.0983
294 118.5435
294 133.2435
294 156.5083
294 164.2383
294 170.2883
294 176.0983
295 118.5435
295 133.2435
295 156.5083
295 164.2383
295 170.2883
295 176.0983
296 118.5435
296 133.2435
296 156.5083
296 164.2383
296 170.2883
296 176.0983
297 133.2435
297 156.5083
297 164.2383
297 170.2883
297 176.0983
297 178.1583
298 133.2435
298 156.5083
298 164.2383
298 170.2883
298 176.0983
298 178.1583
299 133.2435
299 156.5083
299 164.2383
299 170.2883
299 176.0983
299 178.1583
300 133.2435
300 156.5083
300 164.2383
300 170.2883
300 176.0983
300 178.1583
301 133.2435
301 156.5083
301 164.2383
301 170.2883
301 176.0983
301 178.1583
302 133.2435
302 156.5083
302 164.2383
302 170.2883
302 176.0983
302 178.1583
303 133.2435
303 156.5083
303 164.2383
303 170.2883
303 176.0983
303 178.1583
304 133.2435
304 156.5083
304 164.2383
304 170.2883
304 176.0983
304 178.1583
305 156.5083
305 164.2383
305 170.2883
305 176.0983
305 178.1583
305 179.4383
306 156.5083
306 164.2383
306 170.2883
306 176.0983
306 178.1583
306 179.4383
307 156.5083
307 164.2383
307 170.2883
307 176.0983
307 178.1583
307 179.4383
308 164.2383
308 170.2883
308 176.0983
308 178.1583
308 179.4383
308 179.3083
309 164.2383
309 170.2883
309 176.0983
309 178.1583
309 179.4383
309 179.3083
310 164.2383
310 170.2883
310 176.0983
310 178.1583
310 179.4383
310 179.3083
311 164.2383
311 170.2883
311 176.0983
311 178.1583
311 179.4383
311 179.3083
312 170.2883
312 176.0983
312 178.1583
312 179.4383
312 179.3083
312 177.7183
313 170.2883
313 176.0983
313 178.1583
313 179.4383
313 179.3083
313 177.7183
314 170.2883
314 176.0983
314 178.1583
314 179.4383
314 179.3083
314 177.7183
315 170.2883
315 176.0983
315 178.1583
315 179.4383
315 179.3083
315 177.7183
316 170.2883
316 176.0983
316 178.1583
316 179.4383
316 179.3083
316 177.7183
317 176.0983
317 178.1583
317 179.4383
317 179.3083
317 177.7183
317 172.4083
318 176.0983
318 178.1583
318 179.4383
318 179.3083
318 177.7183
318 172.4083
319 176.0983
319 178.1583
319 179.4383
319 179.3083
319 177.7183
319 172.4083
320 178.1583
320 179.4383
320 179.3083
320 177.7183
320 172.4083
320 165.5735
321 178.1583
321 179.4383
321 179.3083
321 177.7183
321 172.4083
321 165.5735
322 178.1583
322 179.4383
322 179.3083
322 177.7183
322 172.4083
322 165.5735
323 179.4383
323 179.3083
323 177.7183
323 172.4083
323 165.5735
323 160.3583
324 179.4383
324 179.3083
324 177.7183
324 172.4083
324 165.5735
324 160.3583
325 179.4383
325 179.3083
325 177.7183
325 172.4083
325 165.5735
325 160.3583
326 179.4383
326 179.3083
326 177.7183
326 172.4083
326 165.5735
326 160.3583
327 179.3083
327 177.7183
327 172.4083
327 165.5735
327 160.3583
327 150.8283
328 179.3083
328 177.7183
328 172.4083
328 165.5735
328 160.3583
328 150.8283
329 179.3083
329 177.7183
329 172.4083
329 165.5735
329 160.3583
329 150.8283
330 179.3083
330 177.7183
330 172.4083
330 165.5735
330 160.3583
330 150.8283
331 179.3083
331 177.7183
331 172.4083
331 165.5735
331 160.3583
331 150.8283
332 177.7183
332 172.4083
332 165.5735
332 160.3583
332 150.8283
332 144.6183
333 177.7183
333 172.4083
333 165.5735
333 160.3583
333 150.8283
333 144.6183
334 177.7183
334 172.4083
334 165.5735
334 160.3583
334 150.8283
334 144.6183
335 177.7183
335 172.4083
335 165.5735
335 160.3583
335 150.8283
335 144.6183
336 177.7183
336 172.4083
336 165.5735
336 160.3583
336 150.8283
336 144.6183
337 177.7183
337 172.4083
337 165.5735
337 160.3583
337 150.8283
337 144.6183
338 177.7183
338 172.4083
338 165.5735
338 160.3583
338 150.8283
338 144.6183
339 172.4083
339 165.5735
339 160.3583
339 150.8283
339 144.6183
339 134.5383
340 172.4083
340 165.5735
340 160.3583
340 150.8283
340 144.6183
340 134.5383
341 172.4083
341 165.5735
341 160.3583
341 150.8283
341 144.6183
341 134.5383
342 172.4083
342 165.5735
342 160.3583
342 150.8283
342 144.6183
342 134.5383
343 172.4083
343 165.5735
343 160.3583
343 150.8283
343 144.6183
343 134.5383
344 172.4083
344 165.5735
344 160.3583
344 150.8283
344 144.6183
344 134.5383
345 172.4083
345 165.5735
345 160.3583
345 150.8283
345 144.6183
345 134.5383
346 172.4083
346 165.5735
346 160.3583
346 150.8283
346 144.6183
346 134.5383
347 165.5735
347 160.3583
347 150.8283
347 144.6183
347 134.5383
347 127.2283
348 165.5735
348 160.3583
348 150.8283
348 144.6183
348 134.5383
348 127.2283
349 165.5735
349 160.3583
349 150.8283
349 144.6183
349 134.5383
349 127.2283
350 165.5735
350 160.3583
350 150.8283
350 144.6183
350 134.5383
350 127.2283
351 160.3583
351 150.8283
351 144.6183
351 134.5383
351 127.2283
351 114.8083
352 160.3583
352 150.8283
352 144.6183
352 134.5383
352 127.2283
352 114.8083
353 160.3583
353 150.8283
353 144.6183
353 134.5383
353 127.2283
353 114.8083
354 160.3583
354 150.8283
354 144.6183
354 134.5383
354 127.2283
354 114.8083
355 160.3583
355 150.8283
355 144.6183
355 134.5383
355 127.2283
355 114.8083
356 160.3583
356 150.8283
356 144.6183
356 134.5383
356 127.2283
356 114.8083
357 150.8283
357 144.6183
357 134.5383
357 127.2283
357 114.8083
357 103.8935
358 150.8283
358 144.6183
358 134.5383
358 127.2283
358 114.8083
358 103.8935
359 150.8283
359 144.6183
359 134.5383
359 127.2283
359 114.8083
359 103.8935
360 150.8283
360 144.6183
360 134.5383
360 127.2283
360 114.8083
360 103.8935
361 144.6183
361 134.5383
361 127.2283
361 114.8083
361 103.8935
361 94.21827
362 144.6183
362 134.5383
362 127.2283
362 114.8083
362 103.8935
362 94.21827
363 144.6183
363 134.5383
363 127.2283
363 114.8083
363 103.8935
363 94.21827
364 144.6183
364 134.5383
364 127.2283
364 114.8083
364 103.8935
364 94.21827
365 144.6183
365 134.5383
365 127.2283
365 114.8083
365 103.8935
365 94.21827
366 144.6183
366 134.5383
366 127.2283
366 114.8083
366 103.8935
366 94.21827
367 134.5383
367 127.2283
367 114.8083
367 103.8935
367 94.21827
367 85.37355
368 134.5383
368 127.2283
368 114.8083
368 103.8935
368 94.21827
368 85.37355
369 134.5383
369 127.2283
369 114.8083
369 103.8935
369 94.21827
369 85.37355
370 134.5383
370 127.2283
370 114.8083
370 103.8935
370 94.21827
370 85.37355
371 127.2283
371 114.8083
371 103.8935
371 94.21827
371 85.37355
371 70.40827
372 127.2283
372 114.8083
372 103.8935
372 94.21827
372 85.37355
372 70.40827
373 127.2283
373 114.8083
373 103.8935
373 94.21827
373 85.37355
373 70.40827
374 127.2283
374 114.8083
374 103.8935
374 94.21827
374 85.37355
374 70.40827
375 127.2283
375 114.8083
375 103.8935
375 94.21827
375 85.37355
375 70.40827
376 127.2283
376 114.8083
376 103.8935
376 94.21827
376 85.37355
376 70.40827
377 114.8083
377 103.8935
377 94.21827
377 85.37355
377 70.40827
377 61.24355
378 114.8083
378 103.8935
378 94.21827
378 85.37355
378 70.40827
378 61.24355
379 114.8083
379 103.8935
379 94.21827
379 85.37355
379 70.40827
379 61.24355
380 114.8083
380 103.8935
380 94.21827
380 85.37355
380 70.40827
380 61.24355
381 114.8083
381 103.8935
381 94.21827
381 85.37355
381 70.40827
381 61.24355
382 103.8935
382 94.21827
382 85.37355
382 70.40827
382 61.24355
382 45.30827
383 103.8935
383 94.21827
383 85.37355
383 70.40827
383 61.24355
383 45.30827
384 103.8935
384 94.21827
384 85.37355
384 70.40827
384 61.24355
384 45.30827
385 94.21827
385 85.37355
385 70.40827
385 61.24355
385 45.30827
385 36.03354
386 94.21827
386 85.37355
386 70.40827
386 61.24355
386 45.30827
386 36.03354
387 94.21827
387 85.37355
387 70.40827
387 61.24355
387 45.30827
387 36.03354
388 85.37355
388 70.40827
388 61.24355
388 45.30827
388 36.03354
388 15.90826
389 85.37355
389 70.40827
389 61.24355
389 45.30827
389 36.03354
389 15.90826
390 85.37355
390 70.40827
390 61.24355
390 45.30827
390 36.03354
390 15.90826
391 85.37355
391 70.40827
391 61.24355
391 45.30827
391 36.03354
391 15.90826
392 85.37355
392 70.40827
392 61.24355
392 45.30827
392 36.03354
392 15.90826
393 85.37355
393 70.40827
393 61.24355
393 45.30827
393 36.03354
393 15.90826
394 70.40827
394 61.24355
394 45.30827
394 36.03354
394 15.90826
394 5.64827
395 70.40827
395 61.24355
395 45.30827
395 36.03354
395 15.90826
395 5.64827
396 70.40827
396 61.24355
396 45.30827
396 36.03354
396 15.90826
396 5.64827
397 61.24355
397 45.30827
397 36.03354
397 15.90826
397 5.64827
397 -9.99173
398 61.24355
398 45.30827
398 36.03354
398 15.90826
398 5.64827
398 -9.99173
399 61.24355
399 45.30827
399 36.03354
399 15.90826
399 5.64827
399 -9.99173
400 61.24355
400 45.30827
400 36.03354
400 15.90826
400 5.64827
400 -9.99173
401 45.30827
401 36.03354
401 15.90826
401 5.64827
401 -9.99173
401 -24.01645
402 45.30827
402 36.03354
402 15.90826
402 5.64827
402 -9.99173
402 -24.01645
403 45.30827
403 36.03354
403 15.90826
403 5.64827
403 -9.99173
403 -24.01645
404 36.03354
404 15.90826
404 5.64827
404 -9.99173
404 -24.01645
404 -32.16173
405 36.03354
405 15.90826
405 5.64827
405 -9.99173
405 -24.01645
405 -32.16173
406 36.03354
406 15.90826
406 5.64827
406 -9.99173
406 -24.01645
406 -32.16173
407 36.03354
407 15.90826
407 5.64827
407 -9.99173
407 -24.01645
407 -32.16173
408 36.03354
408 15.90826
408 5.64827
408 -9.99173
408 -24.01645
408 -32.16173
409 36.03354
409 15.90826
409 5.64827
409 -9.99173
409 -24.01645
409 -32.16173
410 15.90826
410 5.64827
410 -9.99173
410 -24.01645
410 -32.16173
410 -43.49173
411 15.90826
411 5.64827
411 -9.99173
411 -24.01645
411 -32.16173
411 -43.49173
412 15.90826
412 5.64827
412 -9.99173
412 -24.01645
412 -32.16173
412 -43.49173
413 5.64827
413 -9.99173
413 -24.01645
413 -32.16173
413 -43.49173
413 -61.09
414 5.64827
414 -9.99173
414 -24.01645
414 -32.16173
414 -43.49173
414 -61.09
415 5.64827
415 -9.99173
415 -24.01645
415 -32.16173
415 -43.49173
415 -61.09
416 5.64827
416 -9.99173
416 -24.01645
416 -32.16173
416 -43.49173
416 -61.09
417 -9.99173
417 -24.01645
417 -32.16173
417 -43.49173
417 -61.09
417 -78.29172
418 -9.99173
418 -24.01645
418 -32.16173
418 -43.49173
418 -61.09
418 -78.29172
419 -9.99173
419 -24.01645
419 -32.16173
419 -43.49173
419 -61.09
419 -78.29172
420 -9.99173
420 -24.01645
420 -32.16173
420 -43.49173
420 -61.09
420 -78.29172
421 -24.01645
421 -32.16173
421 -43.49173
421 -61.09
421 -78.29172
421 -93.05002
422 -24.01645
422 -32.16173
422 -43.49173
422 -61.09
422 -78.29172
422 -93.05002
423 -24.01645
423 -32.16173
423 -43.49173
423 -61.09
423 -78.29172
423 -93.05002
424 -32.16173
424 -43.49173
424 -61.09
424 -78.29172
424 -93.05002
424 -107.7717
425 -32.16173
425 -43.49173
425 -61.09
425 -78.29172
425 -93.05002
425 -107.7717
426 -32.16173
426 -43.49173
426 -61.09
426 -78.29172
426 -93.05002
426 -107.7717
427 -43.49173
427 -61.09
427 -78.29172
427 -93.05002
427 -107.7717
427 -123.3917
428 -43.49173
428 -61.09
428 -78.29172
428 -93.05002
428 -107.7717
428 -123.3917
429 -43.49173
429 -61.09
429 -78.29172
429 -93.05002
429 -107.7717
429 -123.3917
430 -43.49173
430 -61.09
430 -78.29172
430 -93.05002
430 -107.7717
430 -123.3917
431 -61.09
431 -78.29172
431 -93.05002
431 -107.7717
431 -123.3917
431 -134.97
432 -61.09
432 -78.29172
432 -93.05002
432 -107.7717
432 -123.3917
432 -134.97
433 -61.09
433 -78.29172
433 -93.05002
433 -107.7717
433 -123.3917
433 -134.97
434 -61.09
434 -78.29172
434 -93.05002
434 -107.7717
434 -123.3917
434 -134.97
435 -61.09
435 -78.29172
435 -93.05002
435 -107.7717
435 -123.3917
435 -134.97
436 -78.29172
436 -93.05002
436 -107.7717
436 -123.3917
436 -134.97
436 -145.1165
437 -78.29172
437 -93.05002
437 -107.7717
437 -123.3917
437 -134.97
437 -145.1165
438 -78.29172
438 -93.05002
438 -107.7717
438 -123.3917
438 -134.97
438 -145.1165
439 -78.29172
439 -93.05002
439 -107.7717
439 -123.3917
439 -134.97
439 -145.1165
440 -78.29172
440 -93.05002
440 -107.7717
440 -123.3917
440 -134.97
440 -145.1165
441 -93.05002
441 -107.7717
441 -123.3917
441 -134.97
441 -145.1165
441 -158.3417
442 -93.05002
442 -107.7717
442 -123.3917
442 -134.97
442 -145.1165
442 -158.3417
443 -93.05002
443 -107.7717
443 -123.3917
443 -134.97
443 -145.1165
443 -158.3417
444 -93.05002
444 -107.7717
444 -123.3917
444 -134.97
444 -145.1165
444 -158.3417
445 -93.05002
445 -107.7717
445 -123.3917
445 -134.97
445 -145.1165
445 -158.3417
446 -107.7717
446 -123.3917
446 -134.97
446 -145.1165
446 -158.3417
446 -164.3164
447 -107.7717
447 -123.3917
447 -134.97
447 -145.1165
447 -158.3417
447 -164.3164
448 -107.7717
448 -123.3917
448 -134.97
448 -145.1165
448 -158.3417
448 -164.3164
449 -107.7717
449 -123.3917
449 -134.97
449 -145.1165
449 -158.3417
449 -164.3164
450 -107.7717
450 -123.3917
450 -134.97
450 -145.1165
450 -158.3417
450 -164.3164
451 -107.7717
451 -123.3917
451 -134.97
451 -145.1165
451 -158.3417
451 -164.3164
452 -123.3917
452 -134.97
452 -145.1165
452 -158.3417
452 -164.3164
452 -169.3365
453 -123.3917
453 -134.97
453 -145.1165
453 -158.3417
453 -164.3164
453 -169.3365
454 -123.3917
454 -134.97
454 -145.1165
454 -158.3417
454 -164.3164
454 -169.3365
455 -123.3917
455 -134.97
455 -145.1165
455 -158.3417
455 -164.3164
455 -169.3365
456 -123.3917
456 -134.97
456 -145.1165
456 -158.3417
456 -164.3164
456 -169.3365
457 -123.3917
457 -134.97
457 -145.1165
457 -158.3417
457 -164.3164
457 -169.3365
458 -134.97
458 -145.1165
458 -158.3417
458 -164.3164
458 -169.3365
458 -175.4917
459 -134.97
459 -145.1165
459 -158.3417
459 -164.3164
459 -169.3365
459 -175.4917
460 -134.97
460 -145.1165
460 -158.3417
460 -164.3164
460 -169.3365
460 -175.4917
461 -134.97
461 -145.1165
461 -158.3417
461 -164.3164
461 -169.3365
461 -175.4917
462 -134.97
462 -145.1165
462 -158.3417
462 -164.3164
462 -169.3365
462 -175.4917
463 -134.97
463 -145.1165
463 -158.3417
463 -164.3164
463 -169.3365
463 -175.4917
464 -145.1165
464 -158.3417
464 -164.3164
464 -169.3365
464 -175.4917
464 -176.9617
465 -145.1165
465 -158.3417
465 -164.3164
465 -169.3365
465 -175.4917
465 -176.9617
466 -145.1165
466 -158.3417
466 -164.3164
466 -169.3365
466 -175.4917
466 -176.9617
467 -145.1165
467 -158.3417
467 -164.3164
467 -169.3365
467 -175.4917
467 -176.9617
468 -145.1165
468 -158.3417
468 -164.3164
468 -169.3365
468 -175.4917
468 -176.9617
469 -145.1165
469 -158.3417
469 -164.3164
469 -169.3365
469 -175.4917
469 -176.9617
470 -145.1165
470 -158.3417
470 -164.3164
470 -169.3365
470 -175.4917
470 -176.9617
471 -145.1165
471 -158.3417
471 -164.3164
471 -169.3365
471 -175.4917
471 -176.9617
472 -158.3417
472 -164.3164
472 -169.3365
472 -175.4917
472 -176.9617
472 -176.8864
473 -158.3417
473 -164.3164
473 -169.3365
473 -175.4917
473 -176.9617
473 -176.8864
474 -158.3417
474 -164.3164
474 -169.3365
474 -175.4917
474 -176.9617
474 -176.8864
475 -158.3417
475 -164.3164
475 -169.3365
475 -175.4917
475 -176.9617
475 -176.8864
476 -158.3417
476 -164.3164
476 -169.3365
476 -175.4917
476 -176.9617
476 -176.8864
477 -164.3164
477 -169.3365
477 -175.4917
477 -176.9617
477 -176.8864
477 -175.0817
478 -164.3164
478 -169.3365
478 -175.4917
478 -176.9617
478 -176.8864
478 -175.0817
479 -164.3164
479 -169.3365
479 -175.4917
479 -176.9617
479 -176.8864
479 -175.0817
480 -164.3164
480 -169.3365
480 -175.4917
480 -176.9617
480 -176.8864
480 -175.0817
481 -164.3164
481 -169.3365
481 -175.4917
481 -176.9617
481 -176.8864
481 -175.0817
482 -169.3365
482 -175.4917
482 -176.9617
482 -176.8864
482 -175.0817
482 -170.3617
483 -169.3365
483 -175.4917
483 -176.9617
483 -176.8864
483 -175.0817
483 -170.3617
484 -169.3365
484 -175.4917
484 -176.9617
484 -176.8864
484 -175.0817
484 -170.3617
485 -169.3365
485 -175.4917
485 -176.9617
485 -176.8864
485 -175.0817
485 -170.3617
486 -169.3365
486 -175.4917
486 -176.9617
486 -176.8864
486 -175.0817
486 -170.3617
487 -169.3365
487 -175.4917
487 -176.9617
487 -176.8864
487 -175.0817
487 -170.3617
488 -169.3365
488 -175.4917
488 -176.9617
488 -176.8864
488 -175.0817
488 -170.3617
489 -169.3365
489 -175.4917
489 -176.9617
489 -176.8864
489 -175.0817
489 -170.3617
490 -169.3365
490 -175.4917
490 -176.9617
490 -176.8864
490 -175.0817
490 -170.3617
491 -169.3365
491 -175.4917
491 -176.9617
491 -176.8864
491 -175.0817
491 -170.3617
492 -175.4917
492 -176.9617
492 -176.8864
492 -175.0817
492 -170.3617
492 -164.4217
493 -175.4917
493 -176.9617
493 -176.8864
493 -175.0817
493 -170.3617
493 -164.4217
494 -175.4917
494 -176.9617
494 -176.8864
494 -175.0817
494 -170.3617
494 -164.4217
495 -175.4917
495 -176.9617
495 -176.8864
495 -175.0817
495 -170.3617
495 -164.4217
496 -175.4917
496 -176.9617
496 -176.8864
496 -175.0817
496 -170.3617
496 -164.4217
497 -176.9617
497 -176.8864
497 -175.0817
497 -170.3617
497 -164.4217
497 -158.9417
498 -176.9617
498 -176.8864
498 -175.0817
498 -170.3617
498 -164.4217
498 -158.9417
499 -176.9617
499 -176.8864
499 -175.0817
499 -170.3617
499 -164.4217
499 -158.9417
500 -176.9617
500 -176.8864
500 -175.0817
500 -170.3617
500 -164.4217
500 -158.9417
501 -176.9617
501 -176.8864
501 -175.0817
501 -170.3617
501 -164.4217
501 -158.9417
502 -176.9617
502 -176.8864
502 -175.0817
502 -170.3617
502 -164.4217
502 -158.9417
503 -176.8864
503 -175.0817
503 -170.3617
503 -164.4217
503 -158.9417
503 -146.6317
504 -176.8864
504 -175.0817
504 -170.3617
504 -164.4217
504 -158.9417
504 -146.6317
505 -176.8864
505 -175.0817
505 -170.3617
505 -164.4217
505 -158.9417
505 -146.6317
506 -176.8864
506 -175.0817
506 -170.3617
506 -164.4217
506 -158.9417
506 -146.6317
507 -176.8864
507 -175.0817
507 -170.3617
507 -164.4217
507 -158.9417
507 -146.6317
508 -175.0817
508 -170.3617
508 -164.4217
508 -158.9417
508 -146.6317
508 -134.6765
509 -175.0817
509 -170.3617
509 -164.4217
509 -158.9417
509 -146.6317
509 -134.6765
510 -175.0817
510 -170.3617
510 -164.4217
510 -158.9417
510 -146.6317
510 -134.6765
511 -175.0817
511 -170.3617
511 -164.4217
511 -158.9417
511 -146.6317
511 -134.6765
512 -175.0817
512 -170.3617
512 -164.4217
512 -158.9417
512 -146.6317
512 -134.6765
513 -175.0817
513 -170.3617
513 -164.4217
513 -158.9417
513 -146.6317
513 -134.6765
514 -175.0817
514 -170.3617
514 -164.4217
514 -158.9417
514 -146.6317
514 -134.6765
515 -175.0817
515 -170.3617
515 -164.4217
515 -158.9417
515 -146.6317
515 -134.6765
516 -170.3617
516 -164.4217
516 -158.9417
516 -146.6317
516 -134.6765
516 -126.4965
517 -170.3617
517 -164.4217
517 -158.9417
517 -146.6317
517 -134.6765
517 -126.4965
518 -170.3617
518 -164.4217
518 -158.9417
518 -146.6317
518 -134.6765
518 -126.4965
519 -170.3617
519 -164.4217
519 -158.9417
519 -146.6317
519 -134.6765
519 -126.4965
520 -170.3617
520 -164.4217
520 -158.9417
520 -146.6317
520 -134.6765
520 -126.4965
521 -170.3617
521 -164.4217
521 -158.9417
521 -146.6317
521 -134.6765
521 -126.4965
522 -164.4217
522 -158.9417
522 -146.6317
522 -134.6765
522 -126.4965
522 -108.5617
523 -164.4217
523 -158.9417
523 -146.6317
523 -134.6765
523 -126.4965
523 -108.5617
524 -164.4217
524 -158.9417
524 -146.6317
524 -134.6765
524 -126.4965
524 -108.5617
525 -164.4217
525 -158.9417
525 -146.6317
525 -134.6765
525 -126.4965
525 -108.5617
526 -158.9417
526 -146.6317
526 -134.6765
526 -126.4965
526 -108.5617
526 -95.20645
527 -158.9417
527 -146.6317
527 -134.6765
527 -126.4965
527 -108.5617
527 -95.20645
528 -158.9417
528 -146.6317
528 -134.6765
528 -126.4965
528 -108.5617
528 -95.20645
529 -158.9417
529 -146.6317
529 -134.6765
529 -126.4965
529 -108.5617
529 -95.20645
530 -158.9417
530 -146.6317
530 -134.6765
530 -126.4965
530 -108.5617
530 -95.20645
531 -158.9417
531 -146.6317
531 -134.6765
531 -126.4965
531 -108.5617
531 -95.20645
532 -158.9417
532 -146.6317
532 -134.6765
532 -126.4965
532 -108.5617
532 -95.20645
533 -158.9417
533 -146.6317
533 -134.6765
533 -126.4965
533 -108.5617
533 -95.20645
534 -146.6317
534 -134.6765
534 -126.4965
534 -108.5617
534 -95.20645
534 -73.86172
535 -146.6317
535 -134.6765
535 -126.4965
535 -108.5617
535 -95.20645
535 -73.86172
536 -146.6317
536 -134.6765
536 -126.4965
536 -108.5617
536 -95.20645
536 -73.86172
537 -146.6317
537 -134.6765
537 -126.4965
537 -108.5617
537 -95.20645
537 -73.86172
538 -146.6317
538 -134.6765
538 -126.4965
538 -108.5617
538 -95.20645
538 -73.86172
539 -146.6317
539 -134.6765
539 -126.4965
539 -108.5617
539 -95.20645
539 -73.86172
540 -146.6317
540 -134.6765
540 -126.4965
540 -108.5617
540 -95.20645
540 -73.86172
541 -134.6765
541 -126.4965
541 -108.5617
541 -95.20645
541 -73.86172
541 -42.38173
542 -134.6765
542 -126.4965
542 -108.5617
542 -95.20645
542 -73.86172
542 -42.38173
543 -134.6765
543 -126.4965
543 -108.5617
543 -95.20645
543 -73.86172
543 -42.38173
544 -134.6765
544 -126.4965
544 -108.5617
544 -95.20645
544 -73.86172
544 -42.38173
545 -126.4965
545 -108.5617
545 -95.20645
545 -73.86172
545 -42.38173
545 -24.50172
546 -126.4965
546 -108.5617
546 -95.20645
546 -73.86172
546 -42.38173
546 -24.50172
547 -126.4965
547 -108.5617
547 -95.20645
547 -73.86172
547 -42.38173
547 -24.50172
548 -126.4965
548 -108.5617
548 -95.20645
548 -73.86172
548 -42.38173
548 -24.50172
549 -126.4965
549 -108.5617
549 -95.20645
549 -73.86172
549 -42.38173
549 -24.50172
550 -126.4965
550 -108.5617
550 -95.20645
550 -73.86172
550 -42.38173
550 -24.50172
551 -108.5617
551 -95.20645
551 -73.86172
551 -42.38173
551 -24.50172
551 2.908264
552 -108.5617
552 -95.20645
552 -73.86172
552 -42.38173
552 -24.50172
552 2.908264
553 -108.5617
553 -95.20645
553 -73.86172
553 -42.38173
553 -24.50172
553 2.908264
554 -108.5617
554 -95.20645
554 -73.86172
554 -42.38173
554 -24.50172
554 2.908264
555 -95.20645
555 -73.86172
555 -42.38173
555 -24.50172
555 2.908264
555 22.10828
556 -95.20645
556 -73.86172
556 -42.38173
556 -24.50172
556 2.908264
556 22.10828
557 -95.20645
557 -73.86172
557 -42.38173
557 -24.50172
557 2.908264
557 22.10828
558 -95.20645
558 -73.86172
558 -42.38173
558 -24.50172
558 2.908264
558 22.10828
559 -95.20645
559 -73.86172
559 -42.38173
559 -24.50172
559 2.908264
559 22.10828
560 -73.86172
560 -42.38173
560 -24.50172
560 2.908264
560 22.10828
560 47.20827
561 -73.86172
561 -42.38173
561 -24.50172
561 2.908264
561 22.10828
561 47.20827
562 -73.86172
562 -42.38173
562 -24.50172
562 2.908264
562 22.10828
562 47.20827
563 -73.86172
563 -42.38173
563 -24.50172
563 2.908264
563 22.10828
563 47.20827
564 -73.86172
564 -42.38173
564 -24.50172
564 2.908264
564 22.10828
564 47.20827
565 -73.86172
565 -42.38173
565 -24.50172
565 2.908264
565 22.10828
565 47.20827
566 -73.86172
566 -42.38173
566 -24.50172
566 2.908264
566 22.10828
566 47.20827
567 -73.86172
567 -42.38173
567 -24.50172
567 2.908264
567 22.10828
567 47.20827
568 -42.38173
568 -24.50172
568 2.908264
568 22.10828
568 47.20827
568 75.06355
569 -42.38173
569 -24.50172
569 2.908264
569 22.10828
569 47.20827
569 75.06355
570 -42.38173
570 -24.50172
570 2.908264
570 22.10828
570 47.20827
570 75.06355
571 -24.50172
571 2.908264
571 22.10828
571 47.20827
571 75.06355
571 91.19354
572 -24.50172
572 2.908264
572 22.10828
572 47.20827
572 75.06355
572 91.19354
573 -24.50172
573 2.908264
573 22.10828
573 47.20827
573 75.06355
573 91.19354
574 -24.50172
574 2.908264
574 22.10828
574 47.20827
574 75.06355
574 91.19354
575 -24.50172
575 2.908264
575 22.10828
575 47.20827
575 75.06355
575 91.19354
576 -24.50172
576 2.908264
576 22.10828
576 47.20827
576 75.06355
576 91.19354
577 2.908264
577 22.10828
577 47.20827
577 75.06355
577 91.19354
577 107.3083
578 2.908264
578 22.10828
578 47.20827
578 75.06355
578 91.19354
578 107.3083
579 2.908264
579 22.10828
579 47.20827
579 75.06355
579 91.19354
579 107.3083
580 2.908264
580 22.10828
580 47.20827
580 75.06355
580 91.19354
580 107.3083
581 22.10828
581 47.20827
581 75.06355
581 91.19354
581 107.3083
581 114.2635
582 22.10828
582 47.20827
582 75.06355
582 91.19354
582 107.3083
582 114.2635
583 22.10828
583 47.20827
583 75.06355
583 91.19354
583 107.3083
583 114.2635
584 22.10828
584 47.20827
584 75.06355
584 91.19354
584 107.3083
584 114.2635
585 22.10828
585 47.20827
585 75.06355
585 91.19354
585 107.3083
585 114.2635
586 22.10828
586 47.20827
586 75.06355
586 91.19354
586 107.3083
586 114.2635
587 47.20827
587 75.06355
587 91.19354
587 107.3083
587 114.2635
587 122.5583
588 47.20827
588 75.06355
588 91.19354
588 107.3083
588 114.2635
588 122.5583
589 47.20827
589 75.06355
589 91.19354
589 107.3083
589 114.2635
589 122.5583
590 47.20827
590 75.06355
590 91.19354
590 107.3083
590 114.2635
590 122.5583
591 47.20827
591 75.06355
591 91.19354
591 107.3083
591 114.2635
591 122.5583
592 47.20827
592 75.06355
592 91.19354
592 107.3083
592 114.2635
592 122.5583
593 47.20827
593 75.06355
593 91.19354
593 107.3083
593 114.2635
593 122.5583
594 47.20827
594 75.06355
594 91.19354
594 107.3083
594 114.2635
594 122.5583
595 75.06355
595 91.19354
595 107.3083
595 114.2635
595 122.5583
595 126.6183
596 75.06355
596 91.19354
596 107.3083
596 114.2635
596 122.5583
596 126.6183
597 75.06355
597 91.19354
597 107.3083
597 114.2635
597 122.5583
597 126.6183
598 75.06355
598 91.19354
598 107.3083
598 114.2635
598 122.5583
598 126.6183
599 75.06355
599 91.19354
599 107.3083
599 114.2635
599 122.5583
599 126.6183
600 91.19354
600 107.3083
600 114.2635
600 122.5583
600 126.6183
600 129.1083
601 91.19354
601 107.3083
601 114.2635
601 122.5583
601 126.6183
601 129.1083
602 91.19354
602 107.3083
602 114.2635
602 122.5583
602 126.6183
602 129.1083
603 91.19354
603 107.3083
603 114.2635
603 122.5583
603 126.6183
603 129.1083
604 91.19354
604 107.3083
604 114.2635
604 122.5583
604 126.6183
604 129.1083
605 91.19354
605 107.3083
605 114.2635
605 122.5583
605 126.6183
605 129.1083
606 107.3083
606 114.2635
606 122.5583
606 126.6183
606 129.1083
606 129.1283
607 107.3083
607 114.2635
607 122.5583
607 126.6183
607 129.1083
607 129.1283
608 107.3083
608 114.2635
608 122.5583
608 126.6183
608 129.1083
608 129.1283
609 107.3083
609 114.2635
609 122.5583
609 126.6183
609 129.1083
609 129.1283
610 114.2635
610 122.5583
610 126.6183
610 129.1083
610 129.1283
610 126.8983
611 114.2635
611 122.5583
611 126.6183
611 129.1083
611 129.1283
611 126.8983
612 114.2635
612 122.5583
612 126.6183
612 129.1083
612 129.1283
612 126.8983
613 114.2635
613 122.5583
613 126.6183
613 129.1083
613 129.1283
613 126.8983
614 114.2635
614 122.5583
614 126.6183
614 129.1083
614 129.1283
614 126.8983
615 122.5583
615 126.6183
615 129.1083
615 129.1283
615 126.8983
615 122.3383
616 122.5583
616 126.6183
616 129.1083
616 129.1283
616 126.8983
616 122.3383
617 122.5583
617 126.6183
617 129.1083
617 129.1283
617 126.8983
617 122.3383
618 122.5583
618 126.6183
618 129.1083
618 129.1283
618 126.8983
618 122.3383
619 126.6183
619 129.1083
619 129.1283
619 126.8983
619 122.3383
619 117.2083
620 126.6183
620 129.1083
620 129.1283
620 126.8983
620 122.3383
620 117.2083
621 126.6183
621 129.1083
621 129.1283
621 126.8983
621 122.3383
621 117.2083
622 126.6183
622 129.1083
622 129.1283
622 126.8983
622 122.3383
622 117.2083
623 126.6183
623 129.1083
623 129.1283
623 126.8983
623 122.3383
623 117.2083
624 126.6183
624 129.1083
624 129.1283
624 126.8983
624 122.3383
624 117.2083
625 129.1083
625 129.1283
625 126.8983
625 122.3383
625 117.2083
625 98.34827
626 129.1083
626 129.1283
626 126.8983
626 122.3383
626 117.2083
626 98.34827
627 129.1083
627 129.1283
627 126.8983
627 122.3383
627 117.2083
627 98.34827
628 129.1083
628 129.1283
628 126.8983
628 122.3383
628 117.2083
628 98.34827
629 129.1083
629 129.1283
629 126.8983
629 122.3383
629 117.2083
629 98.34827
630 129.1283
630 126.8983
630 122.3383
630 117.2083
630 98.34827
630 83.63827
631 129.1283
631 126.8983
631 122.3383
631 117.2083
631 98.34827
631 83.63827
632 129.1283
632 126.8983
632 122.3383
632 117.2083
632 98.34827
632 83.63827
633 129.1283
633 126.8983
633 122.3383
633 117.2083
633 98.34827
633 83.63827
634 129.1283
634 126.8983
634 122.3383
634 117.2083
634 98.34827
634 83.63827
635 129.1283
635 126.8983
635 122.3383
635 117.2083
635 98.34827
635 83.63827
636 129.1283
636 126.8983
636 122.3383
636 117.2083
636 98.34827
636 83.63827
637 126.8983
637 122.3383
637 117.2083
637 98.34827
637 83.63827
637 79.68355
638 126.8983
638 122.3383
638 117.2083
638 98.34827
638 83.63827
638 79.68355
639 126.8983
639 122.3383
639 117.2083
639 98.34827
639 83.63827
639 79.68355
640 126.8983
640 122.3383
640 117.2083
640 98.34827
640 83.63827
640 79.68355
641 126.8983
641 122.3383
641 117.2083
641 98.34827
641 83.63827
641 79.68355
642 122.3383
642 117.2083
642 98.34827
642 83.63827
642 79.68355
642 78.52827
643 122.3383
643 117.2083
643 98.34827
643 83.63827
643 79.68355
643 78.52827
644 122.3383
644 117.2083
644 98.34827
644 83.63827
644 79.68355
644 78.52827
645 122.3383
645 117.2083
645 98.34827
645 83.63827
645 79.68355
645 78.52827
646 117.2083
646 98.34827
646 83.63827
646 79.68355
646 78.52827
646 77.04827
647 117.2083
647 98.34827
647 83.63827
647 79.68355
647 78.52827
647 77.04827
648 117.2083
648 98.34827
648 83.63827
648 79.68355
648 78.52827
648 77.04827
649 117.2083
649 98.34827
649 83.63827
649 79.68355
649 78.52827
649 77.04827
650 117.2083
650 98.34827
650 83.63827
650 79.68355
650 78.52827
650 77.04827
651 117.2083
651 98.34827
651 83.63827
651 79.68355
651 78.52827
651 77.04827
652 117.2083
652 98.34827
652 83.63827
652 79.68355
652 78.52827
652 77.04827
653 117.2083
653 98.34827
653 83.63827
653 79.68355
653 78.52827
653 77.04827
654 117.2083
654 98.34827
654 83.63827
654 79.68355
654 78.52827
654 77.04827
655 117.2083
655 98.34827
655 83.63827
655 79.68355
655 78.52827
655 77.04827
656 98.34827
656 83.63827
656 79.68355
656 78.52827
656 77.04827
656 77.87827
657 98.34827
657 83.63827
657 79.68355
657 78.52827
657 77.04827
657 77.87827
658 98.34827
658 83.63827
658 79.68355
658 78.52827
658 77.04827
658 77.87827
659 98.34827
659 83.63827
659 79.68355
659 78.52827
659 77.04827
659 77.87827
660 98.34827
660 83.63827
660 79.68355
660 78.52827
660 77.04827
660 77.87827
661 98.34827
661 83.63827
661 79.68355
661 78.52827
661 77.04827
661 77.87827
662 83.63827
662 79.68355
662 78.52827
662 77.04827
662 77.87827
662 81.37827
663 83.63827
663 79.68355
663 78.52827
663 77.04827
663 77.87827
663 81.37827
664 79.68355
664 78.52827
664 77.04827
664 77.87827
664 81.37827
664 88.33827
665 79.68355
665 78.52827
665 77.04827
665 77.87827
665 81.37827
665 88.33827
666 78.52827
666 77.04827
666 77.87827
666 81.37827
666 88.33827
666 95.31827
667 78.52827
667 77.04827
667 77.87827
667 81.37827
667 88.33827
667 95.31827
668 77.04827
668 77.87827
668 81.37827
668 88.33827
668 95.31827
668 102.9283
669 77.04827
669 77.87827
669 81.37827
669 88.33827
669 95.31827
669 102.9283
670 77.04827
670 77.87827
670 81.37827
670 88.33827
670 95.31827
670 102.9283
671 77.04827
671 77.87827
671 81.37827
671 88.33827
671 95.31827
671 102.9283
672 77.87827
672 81.37827
672 88.33827
672 95.31827
672 102.9283
672 118.5435
673 77.87827
673 81.37827
673 88.33827
673 95.31827
673 102.9283
673 118.5435
674 77.87827
674 81.37827
674 88.33827
674 95.31827
674 102.9283
674 118.5435
675 77.87827
675 81.37827
675 88.33827
675 95.31827
675 102.9283
675 118.5435
676 77.87827
676 81.37827
676 88.33827
676 95.31827
676 102.9283
676 118.5435
677 81.37827
677 88.33827
677 95.31827
677 102.9283
677 118.5435
677 133.2435
678 81.37827
678 88.33827
678 95.31827
678 102.9283
678 118.5435
678 133.2435
679 81.37827
679 88.33827
679 95.31827
679 102.9283
679 118.5435
679 133.2435
680 81.37827
680 88.33827
680 95.31827
680 102.9283
680 118.5435
680 133.2435
681 81.37827
681 88.33827
681 95.31827
681 102.9283
681 118.5435
681 133.2435
682 88.33827
682 95.31827
682 102.9283
682 118.5435
682 133.2435
682 156.5083
683 88.33827
683 95.31827
683 102.9283
683 118.5435
683 133.2435
683 156.5083
684 88.33827
684 95.31827
684 102.9283
684 118.5435
684 133.2435
684 156.5083
685 88.33827
685 95.31827
685 102.9283
685 118.5435
685 133.2435
685 156.5083
686 95.31827
686 102.9283
686 118.5435
686 133.2435
686 156.5083
686 164.2383
687 95.31827
687 102.9283
687 118.5435
687 133.2435
687 156.5083
687 164.2383
688 95.31827
688 102.9283
688 118.5435
688 133.2435
688 156.5083
688 164.2383
689 102.9283
689 118.5435
689 133.2435
689 156.5083
689 164.2383
689 170.2883
690 102.9283
690 118.5435
690 133.2435
690 156.5083
690 164.2383
690 170.2883
691 102.9283
691 118.5435
691 133.2435
691 156.5083
691 164.2383
691 170.2883
692 102.9283
692 118.5435
692 133.2435
692 156.5083
692 164.2383
692 170.2883
693 102.9283
693 118.5435
693 133.2435
693 156.5083
693 164.2383
693 170.2883
694 102.9283
694 118.5435
694 133.2435
694 156.5083
694 164.2383
694 170.2883
695 102.9283
695 118.5435
695 133.2435
695 156.5083
695 164.2383
695 170.2883
696 118.5435
696 133.2435
696 156.5083
696 164.2383
696 170.2883
696 176.0983
697 118.5435
697 133.2435
697 156.5083
697 164.2383
697 170.2883
697 176.0983
698 118.5435
698 133.2435
698 156.5083
698 164.2383
698 170.2883
698 176.0983
699 118.5435
699 133.2435
699 156.5083
699 164.2383
699 170.2883
699 176.0983
700 133.2435
700 156.5083
700 164.2383
700 170.2883
700 176.0983
700 178.1583
701 133.2435
701 156.5083
701 164.2383
701 170.2883
701 176.0983
701 178.1583
702 133.2435
702 156.5083
702 164.2383
702 170.2883
702 176.0983
702 178.1583
703 133.2435
703 156.5083
703 164.2383
703 170.2883
703 176.0983
703 178.1583
704 133.2435
704 156.5083
704 164.2383
704 170.2883
704 176.0983
704 178.1583
705 133.2435
705 156.5083
705 164.2383
705 170.2883
705 176.0983
705 178.1583
706 133.2435
706 156.5083
706 164.2383
706 170.2883
706 176.0983
706 178.1583
707 133.2435
707 156.5083
707 164.2383
707 170.2883
707 176.0983
707 178.1583
708 156.5083
708 164.2383
708 170.2883
708 176.0983
708 178.1583
708 179.4383
709 156.5083
709 164.2383
709 170.2883
709 176.0983
709 178.1583
709 179.4383
710 156.5083
710 164.2383
710 170.2883
710 176.0983
710 178.1583
710 179.4383
711 164.2383
711 170.2883
711 176.0983
711 178.1583
711 179.4383
711 179.3083
712 164.2383
712 170.2883
712 176.0983
712 178.1583
712 179.4383
712 179.3083
713 164.2383
713 170.2883
713 176.0983
713 178.1583
713 179.4383
713 179.3083
714 164.2383
714 170.2883
714 176.0983
714 178.1583
714 179.4383
714 179.3083
715 170.2883
715 176.0983
715 178.1583
715 179.4383
715 179.3083
715 177.7183
716 170.2883
716 176.0983
716 178.1583
716 179.4383
716 179.3083
716 177.7183
717 170.2883
717 176.0983
717 178.1583
717 179.4383
717 179.3083
717 177.7183
718 170.2883
718 176.0983
718 178.1583
718 179.4383
718 179.3083
718 177.7183
719 176.0983
719 178.1583
719 179.4383
719 179.3083
719 177.7183
719 172.4083
720 176.0983
720 178.1583
720 179.4383
720 179.3083
720 177.7183
720 172.4083
721 176.0983
721 178.1583
721 179.4383
721 179.3083
721 177.7183
721 172.4083
722 178.1583
722 179.4383
722 179.3083
722 177.7183
722 172.4083
722 165.5735
723 178.1583
723 179.4383
723 179.3083
723 177.7183
723 172.4083
723 165.5735
724 178.1583
724 179.4383
724 179.3083
724 177.7183
724 172.4083
724 165.5735
725 178.1583
725 179.4383
725 179.3083
725 177.7183
725 172.4083
725 165.5735
726 179.4383
726 179.3083
726 177.7183
726 172.4083
726 165.5735
726 160.3583
727 179.4383
727 179.3083
727 177.7183
727 172.4083
727 165.5735
727 160.3583
728 179.4383
728 179.3083
728 177.7183
728 172.4083
728 165.5735
728 160.3583
729 179.4383
729 179.3083
729 177.7183
729 172.4083
729 165.5735
729 160.3583
730 179.3083
730 177.7183
730 172.4083
730 165.5735
730 160.3583
730 150.8283
731 179.3083
731 177.7183
731 172.4083
731 165.5735
731 160.3583
731 150.8283
732 179.3083
732 177.7183
732 172.4083
732 165.5735
732 160.3583
732 150.8283
733 179.3083
733 177.7183
733 172.4083
733 165.5735
733 160.3583
733 150.8283
734 177.7183
734 172.4083
734 165.5735
734 160.3583
734 150.8283
734 144.6183
735 177.7183
735 172.4083
735 165.5735
735 160.3583
735 150.8283
735 144.6183
736 177.7183
736 172.4083
736 165.5735
736 160.3583
736 150.8283
736 144.6183
737 177.7183
737 172.4083
737 165.5735
737 160.3583
737 150.8283
737 144.6183
738 177.7183
738 172.4083
738 165.5735
738 160.3583
738 150.8283
738 144.6183
739 177.7183
739 172.4083
739 165.5735
739 160.3583
739 150.8283
739 144.6183
740 177.7183
740 172.4083
740 165.5735
740 160.3583
740 150.8283
740 144.6183
741 177.7183
741 172.4083
741 165.5735
741 160.3583
741 150.8283
741 144.6183
742 177.7183
742 172.4083
742 165.5735
742 160.3583
742 150.8283
742 144.6183
743 172.4083
743 165.5735
743 160.3583
743 150.8283
743 144.6183
743 134.5383
744 172.4083
744 165.5735
744 160.3583
744 150.8283
744 144.6183
744 134.5383
745 172.4083
745 165.5735
745 160.3583
745 150.8283
745 144.6183
745 134.5383
746 172.4083
746 165.5735
746 160.3583
746 150.8283
746 144.6183
746 134.5383
747 172.4083
747 165.5735
747 160.3583
747 150.8283
747 144.6183
747 134.5383
748 172.4083
748 165.5735
748 160.3583
748 150.8283
748 144.6183
748 134.5383
749 172.4083
749 165.5735
749 160.3583
749 150.8283
749 144.6183
749 134.5383
750 165.5735
750 160.3583
750 150.8283
750 144.6183
750 134.5383
750 127.2283
751 165.5735
751 160.3583
751 150.8283
751 144.6183
751 134.5383
751 127.2283
752 165.5735
752 160.3583
752 150.8283
752 144.6183
752 134.5383
752 127.2283
753 165.5735
753 160.3583
753 150.8283
753 144.6183
753 134.5383
753 127.2283
754 160.3583
754 150.8283
754 144.6183
754 134.5383
754 127.2283
754 114.8083
755 160.3583
755 150.8283
755 144.6183
755 134.5383
755 127.2283
755 114.8083
756 160.3583
756 150.8283
756 144.6183
756 134.5383
756 127.2283
756 114.8083
757 160.3583
757 150.8283
757 144.6183
757 134.5383
757 127.2283
757 114.8083
758 160.3583
758 150.8283
758 144.6183
758 134.5383
758 127.2283
758 114.8083
759 160.3583
759 150.8283
759 144.6183
759 134.5383
759 127.2283
759 114.8083
760 150.8283
760 144.6183
760 134.5383
760 127.2283
760 114.8083
760 103.8935
761 150.8283
761 144.6183
761 134.5383
761 127.2283
761 114.8083
761 103.8935
762 150.8283
762 144.6183
762 134.5383
762 127.2283
762 114.8083
762 103.8935
763 150.8283
763 144.6183
763 134.5383
763 127.2283
763 114.8083
763 103.8935
764 144.6183
764 134.5383
764 127.2283
764 114.8083
764 103.8935
764 94.21827
765 144.6183
765 134.5383
765 127.2283
765 114.8083
765 103.8935
765 94.21827
766 144.6183
766 134.5383
766 127.2283
766 114.8083
766 103.8935
766 94.21827
767 144.6183
767 134.5383
767 127.2283
767 114.8083
767 103.8935
767 94.21827
768 144.6183
768 134.5383
768 127.2283
768 114.8083
768 103.8935
768 94.21827
769 144.6183
769 134.5383
769 127.2283
769 114.8083
769 103.8935
769 94.21827
770 134.5383
770 127.2283
770 114.8083
770 103.8935
770 94.21827
770 85.37355
771 134.5383
771 127.2283
771 114.8083
771 103.8935
771 94.21827
771 85.37355
772 134.5383
772 127.2283
772 114.8083
772 103.8935
772 94.21827
772 85.37355
773 134.5383
773 127.2283
773 114.8083
773 103.8935
773 94.21827
773 85.37355
774 127.2283
774 114.8083
774 103.8935
774 94.21827
774 85.37355
774 70.40827
775 127.2283
775 114.8083
775 103.8935
775 94.21827
775 85.37355
775 70.40827
776 127.2283
776 114.8083
776 103.8935
776 94.21827
776 85.37355
776 70.40827
777 127.2283
777 114.8083
777 103.8935
777 94.21827
777 85.37355
777 70.40827
778 127.2283
778 114.8083
778 103.8935
778 94.21827
778 85.37355
778 70.40827
779 127.2283
779 114.8083
779 103.8935
779 94.21827
779 85.37355
779 70.40827
780 114.8083
780 103.8935
780 94.21827
780 85.37355
780 70.40827
780 61.24355
781 114.8083
781 103.8935
781 94.21827
781 85.37355
781 70.40827
781 61.24355
782 114.8083
782 103.8935
782 94.21827
782 85.37355
782 70.40827
782 61.24355
783 114.8083
783 103.8935
783 94.21827
783 85.37355
783 70.40827
783 61.24355
784 114.8083
784 103.8935
784 94.21827
784 85.37355
784 70.40827
784 61.24355
785 103.8935
785 94.21827
785 85.37355
785 70.40827
785 61.24355
785 45.30827
786 103.8935
786 94.21827
786 85.37355
786 70.40827
786 61.24355
786 45.30827
787 103.8935
787 94.21827
787 85.37355
787 70.40827
787 61.24355
787 45.30827
788 94.21827
788 85.37355
788 70.40827
788 61.24355
788 45.30827
788 36.03354
789 94.21827
789 85.37355
789 70.40827
789 61.24355
789 45.30827
789 36.03354
790 94.21827
790 85.37355
790 70.40827
790 61.24355
790 45.30827
790 36.03354
791 85.37355
791 70.40827
791 61.24355
791 45.30827
791 36.03354
791 15.90826
792 85.37355
792 70.40827
792 61.24355
792 45.30827
792 36.03354
792 15.90826
793 85.37355
793 70.40827
793 61.24355
793 45.30827
793 36.03354
793 15.90826
794 85.37355
794 70.40827
794 61.24355
794 45.30827
794 36.03354
794 15.90826
795 85.37355
795 70.40827
795 61.24355
795 45.30827
795 36.03354
795 15.90826
796 70.40827
796 61.24355
796 45.30827
796 36.03354
796 15.90826
796 5.64827
797 70.40827
797 61.24355
797 45.30827
797 36.03354
797 15.90826
797 5.64827
798 70.40827
798 61.24355
798 45.30827
798 36.03354
798 15.90826
798 5.64827
799 61.24355
799 45.30827
799 36.03354
799 15.90826
799 5.64827
799 -9.99173
800 61.24355
800 45.30827
800 36.03354
800 15.90826
800 5.64827
800 -9.99173
801 61.24355
801 45.30827
801 36.03354
801 15.90826
801 5.64827
801 -9.99173
802 61.24355
802 45.30827
802 36.03354
802 15.90826
802 5.64827
802 -9.99173
803 45.30827
803 36.03354
803 15.90826
803 5.64827
803 -9.99173
803 -24.01645
804 45.30827
804 36.03354
804 15.90826
804 5.64827
804 -9.99173
804 -24.01645
805 45.30827
805 36.03354
805 15.90826
805 5.64827
805 -9.99173
805 -24.01645
806 36.03354
806 15.90826
806 5.64827
806 -9.99173
806 -24.01645
806 -32.16173
807 36.03354
807 15.90826
807 5.64827
807 -9.99173
807 -24.01645
807 -32.16173
808 36.03354
808 15.90826
808 5.64827
808 -9.99173
808 -24.01645
808 -32.16173
809 36.03354
809 15.90826
809 5.64827
809 -9.99173
809 -24.01645
809 -32.16173
810 36.03354
810 15.90826
810 5.64827
810 -9.99173
810 -24.01645
810 -32.16173
811 36.03354
811 15.90826
811 5.64827
811 -9.99173
811 -24.01645
811 -32.16173
812 15.90826
812 5.64827
812 -9.99173
812 -24.01645
812 -32.16173
812 -43.49173
813 15.90826
813 5.64827
813 -9.99173
813 -24.01645
813 -32.16173
813 -43.49173
814 15.90826
814 5.64827
814 -9.99173
814 -24.01645
814 -32.16173
814 -43.49173
815 5.64827
815 -9.99173
815 -24.01645
815 -32.16173
815 -43.49173
815 -61.09
816 5.64827
816 -9.99173
816 -24.01645
816 -32.16173
816 -43.49173
816 -61.09
817 5.64827
817 -9.99173
817 -24.01645
817 -32.16173
817 -43.49173
817 -61.09
818 5.64827
818 -9.99173
818 -24.01645
818 -32.16173
818 -43.49173
818 -61.09
819 5.64827
819 -9.99173
819 -24.01645
819 -32.16173
819 -43.49173
819 -61.09
820 -9.99173
820 -24.01645
820 -32.16173
820 -43.49173
820 -61.09
820 -78.29172
821 -9.99173
821 -24.01645
821 -32.16173
821 -43.49173
821 -61.09
821 -78.29172
822 -9.99173
822 -24.01645
822 -32.16173
822 -43.49173
822 -61.09
822 -78.29172
823 -9.99173
823 -24.01645
823 -32.16173
823 -43.49173
823 -61.09
823 -78.29172
824 -24.01645
824 -32.16173
824 -43.49173
824 -61.09
824 -78.29172
824 -93.05002
825 -24.01645
825 -32.16173
825 -43.49173
825 -61.09
825 -78.29172
825 -93.05002
826 -32.16173
826 -43.49173
826 -61.09
826 -78.29172
826 -93.05002
826 -107.7717
