0 0
1 113.361
1 105.941
1 92.88499
1 78.73102
1 65.34102
1 50.57938
2 113.361
2 105.941
2 92.88499
2 78.73102
2 65.34102
2 50.57938
3 113.361
3 105.941
3 92.88499
3 78.73102
3 65.34102
3 50.57938
4 113.361
4 105.941
4 92.88499
4 78.73102
4 65.34102
4 50.57938
5 113.361
5 105.941
5 92.88499
5 78.73102
5 65.34102
5 50.57938
6 113.361
6 105.941
6 92.88499
6 78.73102
6 65.34102
6 50.57938
7 113.361
7 105.941
7 92.88499
7 78.73102
7 65.34102
7 50.57938
8 113.361
8 105.941
8 92.88499
8 78.73102
8 65.34102
8 50.57938
9 113.361
9 105.941
9 92.88499
9 78.73102
9 65.34102
9 50.57938
10 113.361
10 105.941
10 92.88499
10 78.73102
10 65.34102
10 50.57938
11 113.361
11 105.941
11 92.88499
11 78.73102
11 65.34102
11 50.57938
12 105.941
12 92.88499
12 78.73102
12 65.34102
12 50.57938
12 33.37102
13 105.941
13 92.88499
13 78.73102
13 65.34102
13 50.57938
13 33.37102
14 105.941
14 92.88499
14 78.73102
14 65.34102
14 50.57938
14 33.37102
15 105.941
15 92.88499
15 78.73102
15 65.34102
15 50.57938
15 33.37102
16 105.941
16 92.88499
16 78.73102
16 65.34102
16 50.57938
16 33.37102
17 105.941
17 92.88499
17 78.73102
17 65.34102
17 50.57938
17 33.37102
18 105.941
18 92.88499
18 78.73102
18 65.34102
18 50.57938
18 33.37102
19 105.941
19 92.88499
19 78.73102
19 65.34102
19 50.57938
19 33.37102
20 105.941
20 92.88499
20 78.73102
20 65.34102
20 50.57938
20 33.37102
21 105.941
21 92.88499
21 78.73102
21 65.34102
21 50.57938
21 33.37102
22 105.941
22 92.88499
22 78.73102
22 65.34102
22 50.57938
22 33.37102
23 92.88499
23 78.73102
23 65.34102
23 50.57938
23 33.37102
23 18.404
24 92.88499
24 78.73102
24 65.34102
24 50.57938
24 33.37102
24 18.404
25 92.88499
25 78.73102
25 65.34102
25 50.57938
25 33.37102
25 18.404
26 92.88499
26 78.73102
26 65.34102
26 50.57938
26 33.37102
26 18.404
27 92.88499
27 78.73102
27 65.34102
27 50.57938
27 33.37102
27 18.404
28 92.88499
28 78.73102
28 65.34102
28 50.57938
28 33.37102
28 18.404
29 92.88499
29 78.73102
29 65.34102
29 50.57938
29 33.37102
29 18.404
30 78.73102
30 65.34102
30 50.57938
30 33.37102
30 18.404
30 4.339378
31 78.73102
31 65.34102
31 50.57938
31 33.37102
31 18.404
31 4.339378
32 78.73102
32 65.34102
32 50.57938
32 33.37102
32 18.404
32 4.339378
33 78.73102
33 65.34102
33 50.57938
33 33.37102
33 18.404
33 4.339378
34 78.73102
34 65.34102
34 50.57938
34 33.37102
34 18.404
34 4.339378
35 78.73102
35 65.34102
35 50.57938
35 33.37102
35 18.404
35 4.339378
36 65.34102
36 50.57938
36 33.37102
36 18.404
36 4.339378
36 -17.42898
37 65.34102
37 50.57938
37 33.37102
37 18.404
37 4.339378
37 -17.42898
38 65.34102
38 50.57938
38 33.37102
38 18.404
38 4.339378
38 -17.42898
39 65.34102
39 50.57938
39 33.37102
39 18.404
39 4.339378
39 -17.42898
40 65.34102
40 50.57938
40 33.37102
40 18.404
40 4.339378
40 -17.42898
41 65.34102
41 50.57938
41 33.37102
41 18.404
41 4.339378
41 -17.42898
42 50.57938
42 33.37102
42 18.404
42 4.339378
42 -17.42898
42 -30.18062
43 50.57938
43 33.37102
43 18.404
43 4.339378
43 -17.42898
43 -30.18062
44 50.57938
44 33.37102
44 18.404
44 4.339378
44 -17.42898
44 -30.18062
45 50.57938
45 33.37102
45 18.404
45 4.339378
45 -17.42898
45 -30.18062
46 50.57938
46 33.37102
46 18.404
46 4.339378
46 -17.42898
46 -30.18062
47 50.57938
47 33.37102
47 18.404
47 4.339378
47 -17.42898
47 -30.18062
48 33.37102
48 18.404
48 4.339378
48 -17.42898
48 -30.18062
48 -42.84062
49 33.37102
49 18.404
49 4.339378
49 -17.42898
49 -30.18062
49 -42.84062
50 33.37102
50 18.404
50 4.339378
50 -17.42898
50 -30.18062
50 -42.84062
51 33.37102
51 18.404
51 4.339378
51 -17.42898
51 -30.18062
51 -42.84062
52 33.37102
52 18.404
52 4.339378
52 -17.42898
52 -30.18062
52 -42.84062
53 18.404
53 4.339378
53 -17.42898
53 -30.18062
53 -42.84062
53 -66.52898
54 18.404
54 4.339378
54 -17.42898
54 -30.18062
54 -42.84062
54 -66.52898
55 18.404
55 4.339378
55 -17.42898
55 -30.18062
55 -42.84062
55 -66.52898
56 18.404
56 4.339378
56 -17.42898
56 -30.18062
56 -42.84062
56 -66.52898
57 18.404
57 4.339378
57 -17.42898
57 -30.18062
57 -42.84062
57 -66.52898
58 18.404
58 4.339378
58 -17.42898
58 -30.18062
58 -42.84062
58 -66.52898
59 4.339378
59 -17.42898
59 -30.18062
59 -42.84062
59 -66.52898
59 -76.85062
60 4.339378
60 -17.42898
60 -30.18062
60 -42.84062
60 -66.52898
60 -76.85062
61 4.339378
61 -17.42898
61 -30.18062
61 -42.84062
61 -66.52898
61 -76.85062
62 4.339378
62 -17.42898
62 -30.18062
62 -42.84062
62 -66.52898
62 -76.85062
63 4.339378
63 -17.42898
63 -30.18062
63 -42.84062
63 -66.52898
63 -76.85062
64 4.339378
64 -17.42898
64 -30.18062
64 -42.84062
64 -66.52898
64 -76.85062
65 4.339378
65 -17.42898
65 -30.18062
65 -42.84062
65 -66.52898
65 -76.85062
66 4.339378
66 -17.42898
66 -30.18062
66 -42.84062
66 -66.52898
66 -76.85062
67 -17.42898
67 -30.18062
67 -42.84062
67 -66.52898
67 -76.85062
67 -90.64063
68 -17.42898
68 -30.18062
68 -42.84062
68 -66.52898
68 -76.85062
68 -90.64063
69 -17.42898
69 -30.18062
69 -42.84062
69 -66.52898
69 -76.85062
69 -90.64063
70 -17.42898
70 -30.18062
70 -42.84062
70 -66.52898
70 -76.85062
70 -90.64063
71 -17.42898
71 -30.18062
71 -42.84062
71 -66.52898
71 -76.85062
71 -90.64063
72 -30.18062
72 -42.84062
72 -66.52898
72 -76.85062
72 -90.64063
72 -100.3206
73 -30.18062
73 -42.84062
73 -66.52898
73 -76.85062
73 -90.64063
73 -100.3206
74 -30.18062
74 -42.84062
74 -66.52898
74 -76.85062
74 -90.64063
74 -100.3206
75 -30.18062
75 -42.84062
75 -66.52898
75 -76.85062
75 -90.64063
75 -100.3206
76 -30.18062
76 -42.84062
76 -66.52898
76 -76.85062
76 -90.64063
76 -100.3206
77 -42.84062
77 -66.52898
77 -76.85062
77 -90.64063
77 -100.3206
77 -115.129
78 -42.84062
78 -66.52898
78 -76.85062
78 -90.64063
78 -100.3206
78 -115.129
79 -42.84062
79 -66.52898
79 -76.85062
79 -90.64063
79 -100.3206
79 -115.129
80 -42.84062
80 -66.52898
80 -76.85062
80 -90.64063
80 -100.3206
80 -115.129
81 -42.84062
81 -66.52898
81 -76.85062
81 -90.64063
81 -100.3206
81 -115.129
82 -42.84062
82 -66.52898
82 -76.85062
82 -90.64063
82 -100.3206
82 -115.129
83 -42.84062
83 -66.52898
83 -76.85062
83 -90.64063
83 -100.3206
83 -115.129
84 -42.84062
84 -66.52898
84 -76.85062
84 -90.64063
84 -100.3206
84 -115.129
85 -42.84062
85 -66.52898
85 -76.85062
85 -90.64063
85 -100.3206
85 -115.129
86 -42.84062
86 -66.52898
86 -76.85062
86 -90.64063
86 -100.3206
86 -115.129
87 -42.84062
87 -66.52898
87 -76.85062
87 -90.64063
87 -100.3206
87 -115.129
88 -66.52898
88 -76.85062
88 -90.64063
88 -100.3206
88 -115.129
88 -124.5206
89 -66.52898
89 -76.85062
89 -90.64063
89 -100.3206
89 -115.129
89 -124.5206
90 -66.52898
90 -76.85062
90 -90.64063
90 -100.3206
90 -115.129
90 -124.5206
91 -66.52898
91 -76.85062
91 -90.64063
91 -100.3206
91 -115.129
91 -124.5206
92 -66.52898
92 -76.85062
92 -90.64063
92 -100.3206
92 -115.129
92 -124.5206
93 -76.85062
93 -90.64063
93 -100.3206
93 -115.129
93 -124.5206
93 -131.399
94 -76.85062
94 -90.64063
94 -100.3206
94 -115.129
94 -124.5206
94 -131.399
95 -76.85062
95 -90.64063
95 -100.3206
95 -115.129
95 -124.5206
95 -131.399
96 -76.85062
96 -90.64063
96 -100.3206
96 -115.129
96 -124.5206
96 -131.399
97 -76.85062
97 -90.64063
97 -100.3206
97 -115.129
97 -124.5206
97 -131.399
98 -76.85062
98 -90.64063
98 -100.3206
98 -115.129
98 -124.5206
98 -131.399
99 -76.85062
99 -90.64063
99 -100.3206
99 -115.129
99 -124.5206
99 -131.399
100 -90.64063
100 -100.3206
100 -115.129
100 -124.5206
100 -131.399
100 -141.329
101 -90.64063
101 -100.3206
101 -115.129
101 -124.5206
101 -131.399
101 -141.329
102 -90.64063
102 -100.3206
102 -115.129
102 -124.5206
102 -131.399
102 -141.329
103 -90.64063
103 -100.3206
103 -115.129
103 -124.5206
103 -131.399
103 -141.329
104 -100.3206
104 -115.129
104 -124.5206
104 -131.399
104 -141.329
104 -147.489
105 -100.3206
105 -115.129
105 -124.5206
105 -131.399
105 -141.329
105 -147.489
106 -100.3206
106 -115.129
106 -124.5206
106 -131.399
106 -141.329
106 -147.489
107 -100.3206
107 -115.129
107 -124.5206
107 -131.399
107 -141.329
107 -147.489
108 -100.3206
108 -115.129
108 -124.5206
108 -131.399
108 -141.329
108 -147.489
109 -100.3206
109 -115.129
109 -124.5206
109 -131.399
109 -141.329
109 -147.489
110 -100.3206
110 -115.129
110 -124.5206
110 -131.399
110 -141.329
110 -147.489
111 -100.3206
111 -115.129
111 -124.5206
111 -131.399
111 -141.329
111 -147.489
112 -115.129
112 -124.5206
112 -131.399
112 -141.329
112 -147.489
112 -150.849
113 -115.129
113 -124.5206
113 -131.399
113 -141.329
113 -147.489
113 -150.849
114 -115.129
114 -124.5206
114 -131.399
114 -141.329
114 -147.489
114 -150.849
115 -115.129
115 -124.5206
115 -131.399
115 -141.329
115 -147.489
115 -150.849
116 -115.129
116 -124.5206
116 -131.399
116 -141.329
116 -147.489
116 -150.849
117 -115.129
117 -124.5206
117 -131.399
117 -141.329
117 -147.489
117 -150.849
118 -124.5206
118 -131.399
118 -141.329
118 -147.489
118 -150.849
118 -155.499
119 -124.5206
119 -131.399
119 -141.329
119 -147.489
119 -150.849
119 -155.499
120 -124.5206
120 -131.399
120 -141.329
120 -147.489
120 -150.849
120 -155.499
121 -124.5206
121 -131.399
121 -141.329
121 -147.489
121 -150.849
121 -155.499
122 -124.5206
122 -131.399
122 -141.329
122 -147.489
122 -150.849
122 -155.499
123 -131.399
123 -141.329
123 -147.489
123 -150.849
123 -155.499
123 -157.609
124 -131.399
124 -141.329
124 -147.489
124 -150.849
124 -155.499
124 -157.609
125 -131.399
125 -141.329
125 -147.489
125 -150.849
125 -155.499
125 -157.609
126 -131.399
126 -141.329
126 -147.489
126 -150.849
126 -155.499
126 -157.609
127 -131.399
127 -141.329
127 -147.489
127 -150.849
127 -155.499
127 -157.609
128 -131.399
128 -141.329
128 -147.489
128 -150.849
128 -155.499
128 -157.609
129 -131.399
129 -141.329
129 -147.489
129 -150.849
129 -155.499
129 -157.609
130 -131.399
130 -141.329
130 -147.489
130 -150.849
130 -155.499
130 -157.609
131 -141.329
131 -147.489
131 -150.849
131 -155.499
131 -157.609
131 -159.129
132 -141.329
132 -147.489
132 -150.849
132 -155.499
132 -157.609
132 -159.129
133 -141.329
133 -147.489
133 -150.849
133 -155.499
133 -157.609
133 -159.129
134 -141.329
134 -147.489
134 -150.849
134 -155.499
134 -157.609
134 -159.129
135 -141.329
135 -147.489
135 -150.849
135 -155.499
135 -157.609
135 -159.129
136 -141.329
136 -147.489
136 -150.849
136 -155.499
136 -157.609
136 -159.129
137 -147.489
137 -150.849
137 -155.499
137 -157.609
137 -159.129
137 -159.099
138 -147.489
138 -150.849
138 -155.499
138 -157.609
138 -159.129
138 -159.099
139 -147.489
139 -150.849
139 -155.499
139 -157.609
139 -159.129
139 -159.099
140 -147.489
140 -150.849
140 -155.499
140 -157.609
140 -159.129
140 -159.099
141 -150.849
141 -155.499
141 -157.609
141 -159.129
141 -159.099
141 -157.469
142 -150.849
142 -155.499
142 -157.609
142 -159.129
142 -159.099
142 -157.469
143 -150.849
143 -155.499
143 -157.609
143 -159.129
143 -159.099
143 -157.469
144 -150.849
144 -155.499
144 -157.609
144 -159.129
144 -159.099
144 -157.469
145 -150.849
145 -155.499
145 -157.609
145 -159.129
145 -159.099
145 -157.469
146 -150.849
146 -155.499
146 -157.609
146 -159.129
146 -159.099
146 -157.469
147 -155.499
147 -157.609
147 -159.129
147 -159.099
147 -157.469
147 -153.909
148 -155.499
148 -157.609
148 -159.129
148 -159.099
148 -157.469
148 -153.909
149 -155.499
149 -157.609
149 -159.129
149 -159.099
149 -157.469
149 -153.909
150 -155.499
150 -157.609
150 -159.129
150 -159.099
150 -157.469
150 -153.909
151 -157.609
151 -159.129
151 -159.099
151 -157.469
151 -153.909
151 -151.629
152 -157.609
152 -159.129
152 -159.099
152 -157.469
152 -153.909
152 -151.629
153 -157.609
153 -159.129
153 -159.099
153 -157.469
153 -153.909
153 -151.629
154 -157.609
154 -159.129
154 -159.099
154 -157.469
154 -153.909
154 -151.629
155 -157.609
155 -159.129
155 -159.099
155 -157.469
155 -153.909
155 -151.629
156 -157.609
156 -159.129
156 -159.099
156 -157.469
156 -153.909
156 -151.629
157 -159.129
157 -159.099
157 -157.469
157 -153.909
157 -151.629
157 -148.129
158 -159.129
158 -159.099
158 -157.469
158 -153.909
158 -151.629
158 -148.129
159 -159.129
159 -159.099
159 -157.469
159 -153.909
159 -151.629
159 -148.129
160 -159.129
160 -159.099
160 -157.469
160 -153.909
160 -151.629
160 -148.129
161 -159.129
161 -159.099
161 -157.469
161 -153.909
161 -151.629
161 -148.129
162 -159.129
162 -159.099
162 -157.469
162 -153.909
162 -151.629
162 -148.129
163 -159.129
163 -159.099
163 -157.469
163 -153.909
163 -151.629
163 -148.129
164 -159.129
164 -159.099
164 -157.469
164 -153.909
164 -151.629
164 -148.129
165 -159.099
165 -157.469
165 -153.909
165 -151.629
165 -148.129
165 -143.929
166 -159.099
166 -157.469
166 -153.909
166 -151.629
166 -148.129
166 -143.929
167 -159.099
167 -157.469
167 -153.909
167 -151.629
167 -148.129
167 -143.929
168 -159.099
168 -157.469
168 -153.909
168 -151.629
168 -148.129
168 -143.929
169 -157.469
169 -153.909
169 -151.629
169 -148.129
169 -143.929
169 -139.979
170 -157.469
170 -153.909
170 -151.629
170 -148.129
170 -143.929
170 -139.979
171 -157.469
171 -153.909
171 -151.629
171 -148.129
171 -143.929
171 -139.979
172 -157.469
172 -153.909
172 -151.629
172 -148.129
172 -143.929
172 -139.979
173 -157.469
173 -153.909
173 -151.629
173 -148.129
173 -143.929
173 -139.979
174 -153.909
174 -151.629
174 -148.129
174 -143.929
174 -139.979
174 -134.209
175 -153.909
175 -151.629
175 -148.129
175 -143.929
175 -139.979
175 -134.209
176 -153.909
176 -151.629
176 -148.129
176 -143.929
176 -139.979
176 -134.209
177 -153.909
177 -151.629
177 -148.129
177 -143.929
177 -139.979
177 -134.209
178 -153.909
178 -151.629
178 -148.129
178 -143.929
178 -139.979
178 -134.209
179 -151.629
179 -148.129
179 -143.929
179 -139.979
179 -134.209
179 -130.6506
180 -151.629
180 -148.129
180 -143.929
180 -139.979
180 -134.209
180 -130.6506
181 -151.629
181 -148.129
181 -143.929
181 -139.979
181 -134.209
181 -130.6506
182 -151.629
182 -148.129
182 -143.929
182 -139.979
182 -134.209
182 -130.6506
183 -151.629
183 -148.129
183 -143.929
183 -139.979
183 -134.209
183 -130.6506
184 -151.629
184 -148.129
184 -143.929
184 -139.979
184 -134.209
184 -130.6506
185 -148.129
185 -143.929
185 -139.979
185 -134.209
185 -130.6506
185 -123.779
186 -148.129
186 -143.929
186 -139.979
186 -134.209
186 -130.6506
186 -123.779
187 -148.129
187 -143.929
187 -139.979
187 -134.209
187 -130.6506
187 -123.779
188 -148.129
188 -143.929
188 -139.979
188 -134.209
188 -130.6506
188 -123.779
189 -148.129
189 -143.929
189 -139.979
189 -134.209
189 -130.6506
189 -123.779
190 -148.129
190 -143.929
190 -139.979
190 -134.209
190 -130.6506
190 -123.779
191 -148.129
191 -143.929
191 -139.979
191 -134.209
191 -130.6506
191 -123.779
192 -148.129
192 -143.929
192 -139.979
192 -134.209
192 -130.6506
192 -123.779
193 -143.929
193 -139.979
193 -134.209
193 -130.6506
193 -123.779
193 -118.159
194 -143.929
194 -139.979
194 -134.209
194 -130.6506
194 -123.779
194 -118.159
195 -143.929
195 -139.979
195 -134.209
195 -130.6506
195 -123.779
195 -118.159
196 -143.929
196 -139.979
196 -134.209
196 -130.6506
196 -123.779
196 -118.159
197 -143.929
197 -139.979
197 -134.209
197 -130.6506
197 -123.779
197 -118.159
198 -139.979
198 -134.209
198 -130.6506
198 -123.779
198 -118.159
198 -108.669
199 -139.979
199 -134.209
199 -130.6506
199 -123.779
199 -118.159
199 -108.669
200 -139.979
200 -134.209
200 -130.6506
200 -123.779
200 -118.159
200 -108.669
201 -139.979
201 -134.209
201 -130.6506
201 -123.779
201 -118.159
201 -108.669
202 -139.979
202 -134.209
202 -130.6506
202 -123.779
202 -118.159
202 -108.669
203 -139.979
203 -134.209
203 -130.6506
203 -123.779
203 -118.159
203 -108.669
204 -134.209
204 -130.6506
204 -123.779
204 -118.159
204 -108.669
204 -100.349
205 -134.209
205 -130.6506
205 -123.779
205 -118.159
205 -108.669
205 -100.349
206 -134.209
206 -130.6506
206 -123.779
206 -118.159
206 -108.669
206 -100.349
207 -134.209
207 -130.6506
207 -123.779
207 -118.159
207 -108.669
207 -100.349
208 -130.6506
208 -123.779
208 -118.159
208 -108.669
208 -100.349
208 -89.95898
209 -130.6506
209 -123.779
209 -118.159
209 -108.669
209 -100.349
209 -89.95898
210 -130.6506
210 -123.779
210 -118.159
210 -108.669
210 -100.349
210 -89.95898
211 -130.6506
211 -123.779
211 -118.159
211 -108.669
211 -100.349
211 -89.95898
212 -130.6506
212 -123.779
212 -118.159
212 -108.669
212 -100.349
212 -89.95898
213 -123.779
213 -118.159
213 -108.669
213 -100.349
213 -89.95898
213 -79.97897
214 -123.779
214 -118.159
214 -108.669
214 -100.349
214 -89.95898
214 -79.97897
215 -123.779
215 -118.159
215 -108.669
215 -100.349
215 -89.95898
215 -79.97897
216 -123.779
216 -118.159
216 -108.669
216 -100.349
216 -89.95898
216 -79.97897
217 -123.779
217 -118.159
217 -108.669
217 -100.349
217 -89.95898
217 -79.97897
218 -118.159
218 -108.669
218 -100.349
218 -89.95898
218 -79.97897
218 -69.827
219 -118.159
219 -108.669
219 -100.349
219 -89.95898
219 -79.97897
219 -69.827
220 -118.159
220 -108.669
220 -100.349
220 -89.95898
220 -79.97897
220 -69.827
221 -118.159
221 -108.669
221 -100.349
221 -89.95898
221 -79.97897
221 -69.827
222 -118.159
222 -108.669
222 -100.349
222 -89.95898
222 -79.97897
222 -69.827
223 -118.159
223 -108.669
223 -100.349
223 -89.95898
223 -79.97897
223 -69.827
224 -108.669
224 -100.349
224 -89.95898
224 -79.97897
224 -69.827
224 -42.02898
225 -108.669
225 -100.349
225 -89.95898
225 -79.97897
225 -69.827
225 -42.02898
226 -108.669
226 -100.349
226 -89.95898
226 -79.97897
226 -69.827
226 -42.02898
227 -108.669
227 -100.349
227 -89.95898
227 -79.97897
227 -69.827
227 -42.02898
228 -108.669
228 -100.349
228 -89.95898
228 -79.97897
228 -69.827
228 -42.02898
229 -100.349
229 -89.95898
229 -79.97897
229 -69.827
229 -42.02898
229 -20.72898
230 -100.349
230 -89.95898
230 -79.97897
230 -69.827
230 -42.02898
230 -20.72898
231 -100.349
231 -89.95898
231 -79.97897
231 -69.827
231 -42.02898
231 -20.72898
232 -100.349
232 -89.95898
232 -79.97897
232 -69.827
232 -42.02898
232 -20.72898
233 -100.349
233 -89.95898
233 -79.97897
233 -69.827
233 -42.02898
233 -20.72898
234 -100.349
234 -89.95898
234 -79.97897
234 -69.827
234 -42.02898
234 -20.72898
235 -89.95898
235 -79.97897
235 -69.827
235 -42.02898
235 -20.72898
235 -12.66062
236 -89.95898
236 -79.97897
236 -69.827
236 -42.02898
236 -20.72898
236 -12.66062
237 -89.95898
237 -79.97897
237 -69.827
237 -42.02898
237 -20.72898
237 -12.66062
238 -89.95898
238 -79.97897
238 -69.827
238 -42.02898
238 -20.72898
238 -12.66062
239 -89.95898
239 -79.97897
239 -69.827
239 -42.02898
239 -20.72898
239 -12.66062
240 -79.97897
240 -69.827
240 -42.02898
240 -20.72898
240 -12.66062
240 -7.878983
241 -79.97897
241 -69.827
241 -42.02898
241 -20.72898
241 -12.66062
241 -7.878983
242 -79.97897
242 -69.827
242 -42.02898
242 -20.72898
242 -12.66062
242 -7.878983
243 -79.97897
243 -69.827
243 -42.02898
243 -20.72898
243 -12.66062
243 -7.878983
244 -79.97897
244 -69.827
244 -42.02898
244 -20.72898
244 -12.66062
244 -7.878983
245 -69.827
245 -42.02898
245 -20.72898
245 -12.66062
245 -7.878983
245 -1.338982
246 -69.827
246 -42.02898
246 -20.72898
246 -12.66062
246 -7.878983
246 -1.338982
247 -69.827
247 -42.02898
247 -20.72898
247 -12.66062
247 -7.878983
247 -1.338982
248 -69.827
248 -42.02898
248 -20.72898
248 -12.66062
248 -7.878983
248 -1.338982
249 -69.827
249 -42.02898
249 -20.72898
249 -12.66062
249 -7.878983
249 -1.338982
250 -69.827
250 -42.02898
250 -20.72898
250 -12.66062
250 -7.878983
250 -1.338982
251 -69.827
251 -42.02898
251 -20.72898
251 -12.66062
251 -7.878983
251 -1.338982
252 -69.827
252 -42.02898
252 -20.72898
252 -12.66062
252 -7.878983
252 -1.338982
253 -69.827
253 -42.02898
253 -20.72898
253 -12.66062
253 -7.878983
253 -1.338982
254 -42.02898
254 -20.72898
254 -12.66062
254 -7.878983
254 -1.338982
254 5.75
255 -42.02898
255 -20.72898
255 -12.66062
255 -7.878983
255 -1.338982
255 5.75
256 -42.02898
256 -20.72898
256 -12.66062
256 -7.878983
256 -1.338982
256 5.75
257 -42.02898
257 -20.72898
257 -12.66062
257 -7.878983
257 -1.338982
257 5.75
258 -42.02898
258 -20.72898
258 -12.66062
258 -7.878983
258 -1.338982
258 5.75
259 -42.02898
259 -20.72898
259 -12.66062
259 -7.878983
259 -1.338982
259 5.75
260 -20.72898
260 -12.66062
260 -7.878983
260 -1.338982
260 5.75
260 12.86102
261 -20.72898
261 -12.66062
261 -7.878983
261 -1.338982
261 5.75
261 12.86102
262 -20.72898
262 -12.66062
262 -7.878983
262 -1.338982
262 5.75
262 12.86102
263 -12.66062
263 -7.878983
263 -1.338982
263 5.75
263 12.86102
263 19.95102
264 -12.66062
264 -7.878983
264 -1.338982
264 5.75
264 12.86102
264 19.95102
265 -7.878983
265 -1.338982
265 5.75
265 12.86102
265 19.95102
265 25.33102
266 -7.878983
266 -1.338982
266 5.75
266 12.86102
266 19.95102
266 25.33102
267 -7.878983
267 -1.338982
267 5.75
267 12.86102
267 19.95102
267 25.33102
268 -1.338982
268 5.75
268 12.86102
268 19.95102
268 25.33102
268 29.88102
269 -1.338982
269 5.75
269 12.86102
269 19.95102
269 25.33102
269 29.88102
270 -1.338982
270 5.75
270 12.86102
270 19.95102
270 25.33102
270 29.88102
271 5.75
271 12.86102
271 19.95102
271 25.33102
271 29.88102
271 38.04939
272 5.75
272 12.86102
272 19.95102
272 25.33102
272 29.88102
272 38.04939
273 5.75
273 12.86102
273 19.95102
273 25.33102
273 29.88102
273 38.04939
274 5.75
274 12.86102
274 19.95102
274 25.33102
274 29.88102
274 38.04939
275 12.86102
275 19.95102
275 25.33102
275 29.88102
275 38.04939
275 45.58102
276 12.86102
276 19.95102
276 25.33102
276 29.88102
276 38.04939
276 45.58102
277 12.86102
277 19.95102
277 25.33102
277 29.88102
277 38.04939
277 45.58102
278 12.86102
278 19.95102
278 25.33102
278 29.88102
278 38.04939
278 45.58102
279 19.95102
279 25.33102
279 29.88102
279 38.04939
279 45.58102
279 59.27102
280 19.95102
280 25.33102
280 29.88102
280 38.04939
280 45.58102
280 59.27102
281 19.95102
281 25.33102
281 29.88102
281 38.04939
281 45.58102
281 59.27102
282 19.95102
282 25.33102
282 29.88102
282 38.04939
282 45.58102
282 59.27102
283 25.33102
283 29.88102
283 38.04939
283 45.58102
283 59.27102
283 65.83102
284 25.33102
284 29.88102
284 38.04939
284 45.58102
284 59.27102
284 65.83102
285 25.33102
285 29.88102
285 38.04939
285 45.58102
285 59.27102
285 65.83102
286 29.88102
286 38.04939
286 45.58102
286 59.27102
286 65.83102
286 71.59937
287 29.88102
287 38.04939
287 45.58102
287 59.27102
287 65.83102
287 71.59937
288 29.88102
288 38.04939
288 45.58102
288 59.27102
288 65.83102
288 71.59937
289 29.88102
289 38.04939
289 45.58102
289 59.27102
289 65.83102
289 71.59937
290 29.88102
290 38.04939
290 45.58102
290 59.27102
290 65.83102
290 71.59937
291 29.88102
291 38.04939
291 45.58102
291 59.27102
291 65.83102
291 71.59937
292 38.04939
292 45.58102
292 59.27102
292 65.83102
292 71.59937
292 79.57102
293 38.04939
293 45.58102
293 59.27102
293 65.83102
293 71.59937
293 79.57102
294 38.04939
294 45.58102
294 59.27102
294 65.83102
294 71.59937
294 79.57102
295 38.04939
295 45.58102
295 59.27102
295 65.83102
295 71.59937
295 79.57102
296 38.04939
296 45.58102
296 59.27102
296 65.83102
296 71.59937
296 79.57102
297 45.58102
297 59.27102
297 65.83102
297 71.59937
297 79.57102
297 84.19102
298 45.58102
298 59.27102
298 65.83102
298 71.59937
298 79.57102
298 84.19102
299 45.58102
299 59.27102
299 65.83102
299 71.59937
299 79.57102
299 84.19102
300 45.58102
300 59.27102
300 65.83102
300 71.59937
300 79.57102
300 84.19102
301 45.58102
301 59.27102
301 65.83102
301 71.59937
301 79.57102
301 84.19102
302 45.58102
302 59.27102
302 65.83102
302 71.59937
302 79.57102
302 84.19102
303 45.58102
303 59.27102
303 65.83102
303 71.59937
303 79.57102
303 84.19102
304 45.58102
304 59.27102
304 65.83102
304 71.59937
304 79.57102
304 84.19102
305 59.27102
305 65.83102
305 71.59937
305 79.57102
305 84.19102
305 90.79102
306 59.27102
306 65.83102
306 71.59937
306 79.57102
306 84.19102
306 90.79102
307 59.27102
307 65.83102
307 71.59937
307 79.57102
307 84.19102
307 90.79102
308 65.83102
308 71.59937
308 79.57102
308 84.19102
308 90.79102
308 98.67102
309 65.83102
309 71.59937
309 79.57102
309 84.19102
309 90.79102
309 98.67102
310 65.83102
310 71.59937
310 79.57102
310 84.19102
310 90.79102
310 98.67102
311 65.83102
311 71.59937
311 79.57102
311 84.19102
311 90.79102
311 98.67102
312 71.59937
312 79.57102
312 84.19102
312 90.79102
312 98.67102
312 106.031
313 71.59937
313 79.57102
313 84.19102
313 90.79102
313 98.67102
313 106.031
314 71.59937
314 79.57102
314 84.19102
314 90.79102
314 98.67102
314 106.031
315 71.59937
315 79.57102
315 84.19102
315 90.79102
315 98.67102
315 106.031
316 71.59937
316 79.57102
316 84.19102
316 90.79102
316 98.67102
316 106.031
317 79.57102
317 84.19102
317 90.79102
317 98.67102
317 106.031
317 117.181
318 79.57102
318 84.19102
318 90.79102
318 98.67102
318 106.031
318 117.181
319 79.57102
319 84.19102
319 90.79102
319 98.67102
319 106.031
319 117.181
320 84.19102
320 90.79102
320 98.67102
320 106.031
320 117.181
320 127.2894
321 84.19102
321 90.79102
321 98.67102
321 106.031
321 117.181
321 127.2894
322 84.19102
322 90.79102
322 98.67102
322 106.031
322 117.181
322 127.2894
323 90.79102
323 98.67102
323 106.031
323 117.181
323 127.2894
323 132.651
324 90.79102
324 98.67102
324 106.031
324 117.181
324 127.2894
324 132.651
325 90.79102
325 98.67102
325 106.031
325 117.181
325 127.2894
325 132.651
326 90.79102
326 98.67102
326 106.031
326 117.181
326 127.2894
326 132.651
327 98.67102
327 106.031
327 117.181
327 127.2894
327 132.651
327 140.601
328 98.67102
328 106.031
328 117.181
328 127.2894
328 132.651
328 140.601
329 98.67102
329 106.031
329 117.181
329 127.2894
329 132.651
329 140.601
330 98.67102
330 106.031
330 117.181
330 127.2894
330 132.651
330 140.601
331 98.67102
331 106.031
331 117.181
331 127.2894
331 132.651
331 140.601
332 106.031
332 117.181
332 127.2894
332 132.651
332 140.601
332 144.511
333 106.031
333 117.181
333 127.2894
333 132.651
333 140.601
333 144.511
334 106.031
334 117.181
334 127.2894
334 132.651
334 140.601
334 144.511
335 106.031
335 117.181
335 127.2894
335 132.651
335 140.601
335 144.511
336 106.031
336 117.181
336 127.2894
336 132.651
336 140.601
336 144.511
337 106.031
337 117.181
337 127.2894
337 132.651
337 140.601
337 144.511
338 106.031
338 117.181
338 127.2894
338 132.651
338 140.601
338 144.511
339 117.181
339 127.2894
339 132.651
339 140.601
339 144.511
339 150.031
340 117.181
340 127.2894
340 132.651
340 140.601
340 144.511
340 150.031
341 117.181
341 127.2894
341 132.651
341 140.601
341 144.511
341 150.031
342 117.181
342 127.2894
342 132.651
342 140.601
342 144.511
342 150.031
343 117.181
343 127.2894
343 132.651
343 140.601
343 144.511
343 150.031
344 117.181
344 127.2894
344 132.651
344 140.601
344 144.511
344 150.031
345 117.181
345 127.2894
345 132.651
345 140.601
345 144.511
345 150.031
346 117.181
346 127.2894
346 132.651
346 140.601
346 144.511
346 150.031
347 127.2894
347 132.651
347 140.601
347 144.511
347 150.031
347 152.971
348 127.2894
348 132.651
348 140.601
348 144.511
348 150.031
348 152.971
349 127.2894
349 132.651
349 140.601
349 144.511
349 150.031
349 152.971
350 127.2894
350 132.651
350 140.601
350 144.511
350 150.031
350 152.971
351 132.651
351 140.601
351 144.511
351 150.031
351 152.971
351 156.621
352 132.651
352 140.601
352 144.511
352 150.031
352 152.971
352 156.621
353 132.651
353 140.601
353 144.511
353 150.031
353 152.971
353 156.621
354 132.651
354 140.601
354 144.511
354 150.031
354 152.971
354 156.621
355 132.651
355 140.601
355 144.511
355 150.031
355 152.971
355 156.621
356 132.651
356 140.601
356 144.511
356 150.031
356 152.971
356 156.621
357 140.601
357 144.511
357 150.031
357 152.971
357 156.621
357 158.4294
358 140.601
358 144.511
358 150.031
358 152.971
358 156.621
358 158.4294
359 140.601
359 144.511
359 150.031
359 152.971
359 156.621
359 158.4294
360 140.601
360 144.511
360 150.031
360 152.971
360 156.621
360 158.4294
361 144.511
361 150.031
361 152.971
361 156.621
361 158.4294
361 158.891
362 144.511
362 150.031
362 152.971
362 156.621
362 158.4294
362 158.891
363 144.511
363 150.031
363 152.971
363 156.621
363 158.4294
363 158.891
364 144.511
364 150.031
364 152.971
364 156.621
364 158.4294
364 158.891
365 144.511
365 150.031
365 152.971
365 156.621
365 158.4294
365 158.891
366 144.511
366 150.031
366 152.971
366 156.621
366 158.4294
366 158.891
367 150.031
367 152.971
367 156.621
367 158.4294
367 158.891
367 158.731
368 150.031
368 152.971
368 156.621
368 158.4294
368 158.891
368 158.731
369 150.031
369 152.971
369 156.621
369 158.4294
369 158.891
369 158.731
370 150.031
370 152.971
370 156.621
370 158.4294
370 158.891
370 158.731
371 152.971
371 156.621
371 158.4294
371 158.891
371 158.731
371 157.101
372 152.971
372 156.621
372 158.4294
372 158.891
372 158.731
372 157.101
373 152.971
373 156.621
373 158.4294
373 158.891
373 158.731
373 157.101
374 152.971
374 156.621
374 158.4294
374 158.891
374 158.731
374 157.101
375 152.971
375 156.621
375 158.4294
375 158.891
375 158.731
375 157.101
376 152.971
376 156.621
376 158.4294
376 158.891
376 158.731
376 157.101
377 156.621
377 158.4294
377 158.891
377 158.731
377 157.101
377 155.4194
378 156.621
378 158.4294
378 158.891
378 158.731
378 157.101
378 155.4194
379 156.621
379 158.4294
379 158.891
379 158.731
379 157.101
379 155.4194
380 156.621
380 158.4294
380 158.891
380 158.731
380 157.101
380 155.4194
381 156.621
381 158.4294
381 158.891
381 158.731
381 157.101
381 155.4194
382 158.4294
382 158.891
382 158.731
382 157.101
382 155.4194
382 151.201
383 158.4294
383 158.891
383 158.731
383 157.101
383 155.4194
383 151.201
384 158.4294
384 158.891
384 158.731
384 157.101
384 155.4194
384 151.201
385 158.891
385 158.731
385 157.101
385 155.4194
385 151.201
385 148.141
386 158.891
386 158.731
386 157.101
386 155.4194
386 151.201
386 148.141
387 158.891
387 158.731
387 157.101
387 155.4194
387 151.201
387 148.141
388 158.731
388 157.101
388 155.4194
388 151.201
388 148.141
388 140.121
389 158.731
389 157.101
389 155.4194
389 151.201
389 148.141
389 140.121
390 158.731
390 157.101
390 155.4194
390 151.201
390 148.141
390 140.121
391 158.731
391 157.101
391 155.4194
391 151.201
391 148.141
391 140.121
392 158.731
392 157.101
392 155.4194
392 151.201
392 148.141
392 140.121
393 158.731
393 157.101
393 155.4194
393 151.201
393 148.141
393 140.121
394 157.101
394 155.4194
394 151.201
394 148.141
394 140.121
394 135.321
395 157.101
395 155.4194
395 151.201
395 148.141
395 140.121
395 135.321
396 157.101
396 155.4194
396 151.201
396 148.141
396 140.121
396 135.321
397 155.4194
397 151.201
397 148.141
397 140.121
397 135.321
397 127.081
398 155.4194
398 151.201
398 148.141
398 140.121
398 135.321
398 127.081
399 155.4194
399 151.201
399 148.141
399 140.121
399 135.321
399 127.081
400 155.4194
400 151.201
400 148.141
400 140.121
400 135.321
400 127.081
401 151.201
401 148.141
401 140.121
401 135.321
401 127.081
401 119.021
402 151.201
402 148.141
402 140.121
402 135.321
402 127.081
402 119.021
403 151.201
403 148.141
403 140.121
403 135.321
403 127.081
403 119.021
404 148.141
404 140.121
404 135.321
404 127.081
404 119.021
404 113.361
405 148.141
405 140.121
405 135.321
405 127.081
405 119.021
405 113.361
406 148.141
406 140.121
406 135.321
406 127.081
406 119.021
406 113.361
407 148.141
407 140.121
407 135.321
407 127.081
407 119.021
407 113.361
408 148.141
408 140.121
408 135.321
408 127.081
408 119.021
408 113.361
409 148.141
409 140.121
409 135.321
409 127.081
409 119.021
409 113.361
410 140.121
410 135.321
410 127.081
410 119.021
410 113.361
410 105.941
411 140.121
411 135.321
411 127.081
411 119.021
411 113.361
411 105.941
412 140.121
412 135.321
412 127.081
412 119.021
412 113.361
412 105.941
413 135.321
413 127.081
413 119.021
413 113.361
413 105.941
413 92.88499
414 135.321
414 127.081
414 119.021
414 113.361
414 105.941
414 92.88499
415 135.321
415 127.081
415 119.021
415 113.361
415 105.941
415 92.88499
416 135.321
416 127.081
416 119.021
416 113.361
416 105.941
416 92.88499
417 127.081
417 119.021
417 113.361
417 105.941
417 92.88499
417 78.73102
418 127.081
418 119.021
418 113.361
418 105.941
418 92.88499
418 78.73102
419 127.081
419 119.021
419 113.361
419 105.941
419 92.88499
419 78.73102
420 127.081
420 119.021
420 113.361
420 105.941
420 92.88499
420 78.73102
421 119.021
421 113.361
421 105.941
421 92.88499
421 78.73102
421 65.34102
422 119.021
422 113.361
422 105.941
422 92.88499
422 78.73102
422 65.34102
423 119.021
423 113.361
423 105.941
423 92.88499
423 78.73102
423 65.34102
424 113.361
424 105.941
424 92.88499
424 78.73102
424 65.34102
424 50.57938
425 113.361
425 105.941
425 92.88499
425 78.73102
425 65.34102
425 50.57938
426 113.361
426 105.941
426 92.88499
426 78.73102
426 65.34102
426 50.57938
427 105.941
427 92.88499
427 78.73102
427 65.34102
427 50.57938
427 33.37102
428 105.941
428 92.88499
428 78.73102
428 65.34102
428 50.57938
428 33.37102
429 105.941
429 92.88499
429 78.73102
429 65.34102
429 50.57938
429 33.37102
430 105.941
430 92.88499
430 78.73102
430 65.34102
430 50.57938
430 33.37102
431 92.88499
431 78.73102
431 65.34102
431 50.57938
431 33.37102
431 18.404
432 92.88499
432 78.73102
432 65.34102
432 50.57938
432 33.37102
432 18.404
433 92.88499
433 78.73102
433 65.34102
433 50.57938
433 33.37102
433 18.404
434 92.88499
434 78.73102
434 65.34102
434 50.57938
434 33.37102
434 18.404
435 92.88499
435 78.73102
435 65.34102
435 50.57938
435 33.37102
435 18.404
436 78.73102
436 65.34102
436 50.57938
436 33.37102
436 18.404
436 4.339378
437 78.73102
437 65.34102
437 50.57938
437 33.37102
437 18.404
437 4.339378
438 78.73102
438 65.34102
438 50.57938
438 33.37102
438 18.404
438 4.339378
439 78.73102
439 65.34102
439 50.57938
439 33.37102
439 18.404
439 4.339378
440 78.73102
440 65.34102
440 50.57938
440 33.37102
440 18.404
440 4.339378
441 65.34102
441 50.57938
441 33.37102
441 18.404
441 4.339378
441 -17.42898
442 65.34102
442 50.57938
442 33.37102
442 18.404
442 4.339378
442 -17.42898
443 65.34102
443 50.57938
443 33.37102
443 18.404
443 4.339378
443 -17.42898
444 65.34102
444 50.57938
444 33.37102
444 18.404
444 4.339378
444 -17.42898
445 65.34102
445 50.57938
445 33.37102
445 18.404
445 4.339378
445 -17.42898
446 50.57938
446 33.37102
446 18.404
446 4.339378
446 -17.42898
446 -30.18062
447 50.57938
447 33.37102
447 18.404
447 4.339378
447 -17.42898
447 -30.18062
448 50.57938
448 33.37102
448 18.404
448 4.339378
448 -17.42898
448 -30.18062
449 50.57938
449 33.37102
449 18.404
449 4.339378
449 -17.42898
449 -30.18062
450 50.57938
450 33.37102
450 18.404
450 4.339378
450 -17.42898
450 -30.18062
451 50.57938
451 33.37102
451 18.404
451 4.339378
451 -17.42898
451 -30.18062
452 33.37102
452 18.404
452 4.339378
452 -17.42898
452 -30.18062
452 -42.84062
453 33.37102
453 18.404
453 4.339378
453 -17.42898
453 -30.18062
453 -42.84062
454 33.37102
454 18.404
454 4.339378
454 -17.42898
454 -30.18062
454 -42.84062
455 33.37102
455 18.404
455 4.339378
455 -17.42898
455 -30.18062
455 -42.84062
456 33.37102
456 18.404
456 4.339378
456 -17.42898
456 -30.18062
456 -42.84062
457 33.37102
457 18.404
457 4.339378
457 -17.42898
457 -30.18062
457 -42.84062
458 18.404
458 4.339378
458 -17.42898
458 -30.18062
458 -42.84062
458 -66.52898
459 18.404
459 4.339378
459 -17.42898
459 -30.18062
459 -42.84062
459 -66.52898
460 18.404
460 4.339378
460 -17.42898
460 -30.18062
460 -42.84062
460 -66.52898
461 18.404
461 4.339378
461 -17.42898
461 -30.18062
461 -42.84062
461 -66.52898
462 18.404
462 4.339378
462 -17.42898
462 -30.18062
462 -42.84062
462 -66.52898
463 18.404
463 4.339378
463 -17.42898
463 -30.18062
463 -42.84062
463 -66.52898
464 4.339378
464 -17.42898
464 -30.18062
464 -42.84062
464 -66.52898
464 -76.85062
465 4.339378
465 -17.42898
465 -30.18062
465 -42.84062
465 -66.52898
465 -76.85062
466 4.339378
466 -17.42898
466 -30.18062
466 -42.84062
466 -66.52898
466 -76.85062
467 4.339378
467 -17.42898
467 -30.18062
467 -42.84062
467 -66.52898
467 -76.85062
468 4.339378
468 -17.42898
468 -30.18062
468 -42.84062
468 -66.52898
468 -76.85062
469 4.339378
469 -17.42898
469 -30.18062
469 -42.84062
469 -66.52898
469 -76.85062
470 4.339378
470 -17.42898
470 -30.18062
470 -42.84062
470 -66.52898
470 -76.85062
471 4.339378
471 -17.42898
471 -30.18062
471 -42.84062
471 -66.52898
471 -76.85062
472 -17.42898
472 -30.18062
472 -42.84062
472 -66.52898
472 -76.85062
472 -90.64063
473 -17.42898
473 -30.18062
473 -42.84062
473 -66.52898
473 -76.85062
473 -90.64063
474 -17.42898
474 -30.18062
474 -42.84062
474 -66.52898
474 -76.85062
474 -90.64063
475 -17.42898
475 -30.18062
475 -42.84062
475 -66.52898
475 -76.85062
475 -90.64063
476 -17.42898
476 -30.18062
476 -42.84062
476 -66.52898
476 -76.85062
476 -90.64063
477 -30.18062
477 -42.84062
477 -66.52898
477 -76.85062
477 -90.64063
477 -100.3206
478 -30.18062
478 -42.84062
478 -66.52898
478 -76.85062
478 -90.64063
478 -100.3206
479 -30.18062
479 -42.84062
479 -66.52898
479 -76.85062
479 -90.64063
479 -100.3206
480 -30.18062
480 -42.84062
480 -66.52898
480 -76.85062
480 -90.64063
480 -100.3206
481 -30.18062
481 -42.84062
481 -66.52898
481 -76.85062
481 -90.64063
481 -100.3206
482 -42.84062
482 -66.52898
482 -76.85062
482 -90.64063
482 -100.3206
482 -115.129
483 -42.84062
483 -66.52898
483 -76.85062
483 -90.64063
483 -100.3206
483 -115.129
484 -42.84062
484 -66.52898
484 -76.85062
484 -90.64063
484 -100.3206
484 -115.129
485 -42.84062
485 -66.52898
485 -76.85062
485 -90.64063
485 -100.3206
485 -115.129
486 -42.84062
486 -66.52898
486 -76.85062
486 -90.64063
486 -100.3206
486 -115.129
487 -42.84062
487 -66.52898
487 -76.85062
487 -90.64063
487 -100.3206
487 -115.129
488 -42.84062
488 -66.52898
488 -76.85062
488 -90.64063
488 -100.3206
488 -115.129
489 -42.84062
489 -66.52898
489 -76.85062
489 -90.64063
489 -100.3206
489 -115.129
490 -42.84062
490 -66.52898
490 -76.85062
490 -90.64063
490 -100.3206
490 -115.129
491 -42.84062
491 -66.52898
491 -76.85062
491 -90.64063
491 -100.3206
491 -115.129
492 -66.52898
492 -76.85062
492 -90.64063
492 -100.3206
492 -115.129
492 -124.5206
493 -66.52898
493 -76.85062
493 -90.64063
493 -100.3206
493 -115.129
493 -124.5206
494 -66.52898
494 -76.85062
494 -90.64063
494 -100.3206
494 -115.129
494 -124.5206
495 -66.52898
495 -76.85062
495 -90.64063
495 -100.3206
495 -115.129
495 -124.5206
496 -66.52898
496 -76.85062
496 -90.64063
496 -100.3206
496 -115.129
496 -124.5206
497 -76.85062
497 -90.64063
497 -100.3206
497 -115.129
497 -124.5206
497 -131.399
498 -76.85062
498 -90.64063
498 -100.3206
498 -115.129
498 -124.5206
498 -131.399
499 -76.85062
499 -90.64063
499 -100.3206
499 -115.129
499 -124.5206
499 -131.399
500 -76.85062
500 -90.64063
500 -100.3206
500 -115.129
500 -124.5206
500 -131.399
501 -76.85062
501 -90.64063
501 -100.3206
501 -115.129
501 -124.5206
501 -131.399
502 -76.85062
502 -90.64063
502 -100.3206
502 -115.129
502 -124.5206
502 -131.399
503 -90.64063
503 -100.3206
503 -115.129
503 -124.5206
503 -131.399
503 -141.329
504 -90.64063
504 -100.3206
504 -115.129
504 -124.5206
504 -131.399
504 -141.329
505 -90.64063
505 -100.3206
505 -115.129
505 -124.5206
505 -131.399
505 -141.329
506 -90.64063
506 -100.3206
506 -115.129
506 -124.5206
506 -131.399
506 -141.329
507 -90.64063
507 -100.3206
507 -115.129
507 -124.5206
507 -131.399
507 -141.329
508 -100.3206
508 -115.129
508 -124.5206
508 -131.399
508 -141.329
508 -147.489
509 -100.3206
509 -115.129
509 -124.5206
509 -131.399
509 -141.329
509 -147.489
510 -100.3206
510 -115.129
510 -124.5206
510 -131.399
510 -141.329
510 -147.489
511 -100.3206
511 -115.129
511 -124.5206
511 -131.399
511 -141.329
511 -147.489
512 -100.3206
512 -115.129
512 -124.5206
512 -131.399
512 -141.329
512 -147.489
513 -100.3206
513 -115.129
513 -124.5206
513 -131.399
513 -141.329
513 -147.489
514 -100.3206
514 -115.129
514 -124.5206
514 -131.399
514 -141.329
514 -147.489
515 -100.3206
515 -115.129
515 -124.5206
515 -131.399
515 -141.329
515 -147.489
516 -115.129
516 -124.5206
516 -131.399
516 -141.329
516 -147.489
516 -150.849
517 -115.129
517 -124.5206
517 -131.399
517 -141.329
517 -147.489
517 -150.849
518 -115.129
518 -124.5206
518 -131.399
518 -141.329
518 -147.489
518 -150.849
519 -115.129
519 -124.5206
519 -131.399
519 -141.329
519 -147.489
519 -150.849
520 -115.129
520 -124.5206
520 -131.399
520 -141.329
520 -147.489
520 -150.849
521 -115.129
521 -124.5206
521 -131.399
521 -141.329
521 -147.489
521 -150.849
522 -124.5206
522 -131.399
522 -141.329
522 -147.489
522 -150.849
522 -155.499
523 -124.5206
523 -131.399
523 -141.329
523 -147.489
523 -150.849
523 -155.499
524 -124.5206
524 -131.399
524 -141.329
524 -147.489
524 -150.849
524 -155.499
525 -124.5206
525 -131.399
525 -141.329
525 -147.489
525 -150.849
525 -155.499
526 -131.399
526 -141.329
526 -147.489
526 -150.849
526 -155.499
526 -157.609
527 -131.399
527 -141.329
527 -147.489
527 -150.849
527 -155.499
527 -157.609
528 -131.399
528 -141.329
528 -147.489
528 -150.849
528 -155.499
528 -157.609
529 -131.399
529 -141.329
529 -147.489
529 -150.849
529 -155.499
529 -157.609
530 -131.399
530 -141.329
530 -147.489
530 -150.849
530 -155.499
530 -157.609
531 -131.399
531 -141.329
531 -147.489
531 -150.849
531 -155.499
531 -157.609
532 -131.399
532 -141.329
532 -147.489
532 -150.849
532 -155.499
532 -157.609
533 -131.399
533 -141.329
533 -147.489
533 -150.849
533 -155.499
533 -157.609
534 -141.329
534 -147.489
534 -150.849
534 -155.499
534 -157.609
534 -159.129
535 -141.329
535 -147.489
535 -150.849
535 -155.499
535 -157.609
535 -159.129
536 -141.329
536 -147.489
536 -150.849
536 -155.499
536 -157.609
536 -159.129
537 -141.329
537 -147.489
537 -150.849
537 -155.499
537 -157.609
537 -159.129
538 -141.329
538 -147.489
538 -150.849
538 -155.499
538 -157.609
538 -159.129
539 -141.329
539 -147.489
539 -150.849
539 -155.499
539 -157.609
539 -159.129
540 -141.329
540 -147.489
540 -150.849
540 -155.499
540 -157.609
540 -159.129
541 -147.489
541 -150.849
541 -155.499
541 -157.609
541 -159.129
541 -159.099
542 -147.489
542 -150.849
542 -155.499
542 -157.609
542 -159.129
542 -159.099
543 -147.489
543 -150.849
543 -155.499
543 -157.609
543 -159.129
543 -159.099
544 -147.489
544 -150.849
544 -155.499
544 -157.609
544 -159.129
544 -159.099
545 -150.849
545 -155.499
545 -157.609
545 -159.129
545 -159.099
545 -157.469
546 -150.849
546 -155.499
546 -157.609
546 -159.129
546 -159.099
546 -157.469
547 -150.849
547 -155.499
547 -157.609
547 -159.129
547 -159.099
547 -157.469
548 -150.849
548 -155.499
548 -157.609
548 -159.129
548 -159.099
548 -157.469
549 -150.849
549 -155.499
549 -157.609
549 -159.129
549 -159.099
549 -157.469
550 -150.849
550 -155.499
550 -157.609
550 -159.129
550 -159.099
550 -157.469
551 -155.499
551 -157.609
551 -159.129
551 -159.099
551 -157.469
551 -153.909
552 -155.499
552 -157.609
552 -159.129
552 -159.099
552 -157.469
552 -153.909
553 -155.499
553 -157.609
553 -159.129
553 -159.099
553 -157.469
553 -153.909
554 -155.499
554 -157.609
554 -159.129
554 -159.099
554 -157.469
554 -153.909
555 -157.609
555 -159.129
555 -159.099
555 -157.469
555 -153.909
555 -151.629
556 -157.609
556 -159.129
556 -159.099
556 -157.469
556 -153.909
556 -151.629
557 -157.609
557 -159.129
557 -159.099
557 -157.469
557 -153.909
557 -151.629
558 -157.609
558 -159.129
558 -159.099
558 -157.469
558 -153.909
558 -151.629
559 -157.609
559 -159.129
559 -159.099
559 -157.469
559 -153.909
559 -151.629
560 -159.129
560 -159.099
560 -157.469
560 -153.909
560 -151.629
560 -148.129
561 -159.129
561 -159.099
561 -157.469
561 -153.909
561 -151.629
561 -148.129
562 -159.129
562 -159.099
562 -157.469
562 -153.909
562 -151.629
562 -148.129
563 -159.129
563 -159.099
563 -157.469
563 -153.909
563 -151.629
563 -148.129
564 -159.129
564 -159.099
564 -157.469
564 -153.909
564 -151.629
564 -148.129
565 -159.129
565 -159.099
565 -157.469
565 -153.909
565 -151.629
565 -148.129
566 -159.129
566 -159.099
566 -157.469
566 -153.909
566 -151.629
566 -148.129
567 -159.129
567 -159.099
567 -157.469
567 -153.909
567 -151.629
567 -148.129
568 -159.099
568 -157.469
568 -153.909
568 -151.629
568 -148.129
568 -143.929
569 -159.099
569 -157.469
569 -153.909
569 -151.629
569 -148.129
569 -143.929
570 -159.099
570 -157.469
570 -153.909
570 -151.629
570 -148.129
570 -143.929
571 -157.469
571 -153.909
571 -151.629
571 -148.129
571 -143.929
571 -139.979
572 -157.469
572 -153.909
572 -151.629
572 -148.129
572 -143.929
572 -139.979
573 -157.469
573 -153.909
573 -151.629
573 -148.129
573 -143.929
573 -139.979
574 -157.469
574 -153.909
574 -151.629
574 -148.129
574 -143.929
574 -139.979
575 -157.469
575 -153.909
575 -151.629
575 -148.129
575 -143.929
575 -139.979
576 -157.469
576 -153.909
576 -151.629
576 -148.129
576 -143.929
576 -139.979
577 -153.909
577 -151.629
577 -148.129
577 -143.929
577 -139.979
577 -134.209
578 -153.909
578 -151.629
578 -148.129
578 -143.929
578 -139.979
578 -134.209
579 -153.909
579 -151.629
579 -148.129
579 -143.929
579 -139.979
579 -134.209
580 -153.909
580 -151.629
580 -148.129
580 -143.929
580 -139.979
580 -134.209
581 -151.629
581 -148.129
581 -143.929
581 -139.979
581 -134.209
581 -130.6506
582 -151.629
582 -148.129
582 -143.929
582 -139.979
582 -134.209
582 -130.6506
583 -151.629
583 -148.129
583 -143.929
583 -139.979
583 -134.209
583 -130.6506
584 -151.629
584 -148.129
584 -143.929
584 -139.979
584 -134.209
584 -130.6506
585 -151.629
585 -148.129
585 -143.929
585 -139.979
585 -134.209
585 -130.6506
586 -151.629
586 -148.129
586 -143.929
586 -139.979
586 -134.209
586 -130.6506
587 -148.129
587 -143.929
587 -139.979
587 -134.209
587 -130.6506
587 -123.779
588 -148.129
588 -143.929
588 -139.979
588 -134.209
588 -130.6506
588 -123.779
589 -148.129
589 -143.929
589 -139.979
589 -134.209
589 -130.6506
589 -123.779
590 -148.129
590 -143.929
590 -139.979
590 -134.209
590 -130.6506
590 -123.779
591 -148.129
591 -143.929
591 -139.979
591 -134.209
591 -130.6506
591 -123.779
592 -148.129
592 -143.929
592 -139.979
592 -134.209
592 -130.6506
592 -123.779
593 -148.129
593 -143.929
593 -139.979
593 -134.209
593 -130.6506
593 -123.779
594 -148.129
594 -143.929
594 -139.979
594 -134.209
594 -130.6506
594 -123.779
595 -143.929
595 -139.979
595 -134.209
595 -130.6506
595 -123.779
595 -118.159
596 -143.929
596 -139.979
596 -134.209
596 -130.6506
596 -123.779
596 -118.159
597 -143.929
597 -139.979
597 -134.209
597 -130.6506
597 -123.779
597 -118.159
598 -143.929
598 -139.979
598 -134.209
598 -130.6506
598 -123.779
598 -118.159
599 -143.929
599 -139.979
599 -134.209
599 -130.6506
599 -123.779
599 -118.159
600 -139.979
600 -134.209
600 -130.6506
600 -123.779
600 -118.159
600 -108.669
601 -139.979
601 -134.209
601 -130.6506
601 -123.779
601 -118.159
601 -108.669
602 -139.979
602 -134.209
602 -130.6506
602 -123.779
602 -118.159
602 -108.669
603 -139.979
603 -134.209
603 -130.6506
603 -123.779
603 -118.159
603 -108.669
604 -139.979
604 -134.209
604 -130.6506
604 -123.779
604 -118.159
604 -108.669
605 -139.979
605 -134.209
605 -130.6506
605 -123.779
605 -118.159
605 -108.669
606 -134.209
606 -130.6506
606 -123.779
606 -118.159
606 -108.669
606 -100.349
607 -134.209
607 -130.6506
607 -123.779
607 -118.159
607 -108.669
607 -100.349
608 -134.209
608 -130.6506
608 -123.779
608 -118.159
608 -108.669
608 -100.349
609 -134.209
609 -130.6506
609 -123.779
609 -118.159
609 -108.669
609 -100.349
610 -130.6506
610 -123.779
610 -118.159
610 -108.669
610 -100.349
610 -89.95898
611 -130.6506
611 -123.779
611 -118.159
611 -108.669
611 -100.349
611 -89.95898
612 -130.6506
612 -123.779
612 -118.159
612 -108.669
612 -100.349
612 -89.95898
613 -130.6506
613 -123.779
613 -118.159
613 -108.669
613 -100.349
613 -89.95898
614 -130.6506
614 -123.779
614 -118.159
614 -108.669
614 -100.349
614 -89.95898
615 -123.779
615 -118.159
615 -108.669
615 -100.349
615 -89.95898
615 -79.97897
616 -123.779
616 -118.159
616 -108.669
616 -100.349
616 -89.95898
616 -79.97897
617 -123.779
617 -118.159
617 -108.669
617 -100.349
617 -89.95898
617 -79.97897
618 -123.779
618 -118.159
618 -108.669
618 -100.349
618 -89.95898
618 -79.97897
619 -118.159
619 -108.669
619 -100.349
619 -89.95898
619 -79.97897
619 -69.827
620 -118.159
620 -108.669
620 -100.349
620 -89.95898
620 -79.97897
620 -69.827
621 -118.159
621 -108.669
621 -100.349
621 -89.95898
621 -79.97897
621 -69.827
622 -118.159
622 -108.669
622 -100.349
622 -89.95898
622 -79.97897
622 -69.827
623 -118.159
623 -108.669
623 -100.349
623 -89.95898
623 -79.97897
623 -69.827
624 -118.159
624 -108.669
624 -100.349
624 -89.95898
624 -79.97897
624 -69.827
625 -108.669
625 -100.349
625 -89.95898
625 -79.97897
625 -69.827
625 -42.02898
626 -108.669
626 -100.349
626 -89.95898
626 -79.97897
626 -69.827
626 -42.02898
627 -108.669
627 -100.349
627 -89.95898
627 -79.97897
627 -69.827
627 -42.02898
628 -108.669
628 -100.349
628 -89.95898
628 -79.97897
628 -69.827
628 -42.02898
629 -108.669
629 -100.349
629 -89.95898
629 -79.97897
629 -69.827
629 -42.02898
630 -100.349
630 -89.95898
630 -79.97897
630 -69.827
630 -42.02898
630 -20.72898
631 -100.349
631 -89.95898
631 -79.97897
631 -69.827
631 -42.02898
631 -20.72898
632 -100.349
632 -89.95898
632 -79.97897
632 -69.827
632 -42.02898
632 -20.72898
633 -100.349
633 -89.95898
633 -79.97897
633 -69.827
633 -42.02898
633 -20.72898
634 -100.349
634 -89.95898
634 -79.97897
634 -69.827
634 -42.02898
634 -20.72898
635 -100.349
635 -89.95898
635 -79.97897
635 -69.827
635 -42.02898
635 -20.72898
636 -100.349
636 -89.95898
636 -79.97897
636 -69.827
636 -42.02898
636 -20.72898
637 -89.95898
637 -79.97897
637 -69.827
637 -42.02898
637 -20.72898
637 -12.66062
638 -89.95898
638 -79.97897
638 -69.827
638 -42.02898
638 -20.72898
638 -12.66062
639 -89.95898
639 -79.97897
639 -69.827
639 -42.02898
639 -20.72898
639 -12.66062
640 -89.95898
640 -79.97897
640 -69.827
640 -42.02898
640 -20.72898
640 -12.66062
641 -89.95898
641 -79.97897
641 -69.827
641 -42.02898
641 -20.72898
641 -12.66062
642 -79.97897
642 -69.827
642 -42.02898
642 -20.72898
642 -12.66062
642 -7.878983
643 -79.97897
643 -69.827
643 -42.02898
643 -20.72898
643 -12.66062
643 -7.878983
644 -79.97897
644 -69.827
644 -42.02898
644 -20.72898
644 -12.66062
644 -7.878983
645 -79.97897
645 -69.827
645 -42.02898
645 -20.72898
645 -12.66062
645 -7.878983
646 -69.827
646 -42.02898
646 -20.72898
646 -12.66062
646 -7.878983
646 -1.338982
647 -69.827
647 -42.02898
647 -20.72898
647 -12.66062
647 -7.878983
647 -1.338982
648 -69.827
648 -42.02898
648 -20.72898
648 -12.66062
648 -7.878983
648 -1.338982
649 -69.827
649 -42.02898
649 -20.72898
649 -12.66062
649 -7.878983
649 -1.338982
650 -69.827
650 -42.02898
650 -20.72898
650 -12.66062
650 -7.878983
650 -1.338982
651 -69.827
651 -42.02898
651 -20.72898
651 -12.66062
651 -7.878983
651 -1.338982
652 -69.827
652 -42.02898
652 -20.72898
652 -12.66062
652 -7.878983
652 -1.338982
653 -69.827
653 -42.02898
653 -20.72898
653 -12.66062
653 -7.878983
653 -1.338982
654 -69.827
654 -42.02898
654 -20.72898
654 -12.66062
654 -7.878983
654 -1.338982
655 -69.827
655 -42.02898
655 -20.72898
655 -12.66062
655 -7.878983
655 -1.338982
656 -42.02898
656 -20.72898
656 -12.66062
656 -7.878983
656 -1.338982
656 5.75
657 -42.02898
657 -20.72898
657 -12.66062
657 -7.878983
657 -1.338982
657 5.75
658 -42.02898
658 -20.72898
658 -12.66062
658 -7.878983
658 -1.338982
658 5.75
659 -42.02898
659 -20.72898
659 -12.66062
659 -7.878983
659 -1.338982
659 5.75
660 -42.02898
660 -20.72898
660 -12.66062
660 -7.878983
660 -1.338982
660 5.75
661 -42.02898
661 -20.72898
661 -12.66062
661 -7.878983
661 -1.338982
661 5.75
662 -20.72898
662 -12.66062
662 -7.878983
662 -1.338982
662 5.75
662 12.86102
663 -20.72898
663 -12.66062
663 -7.878983
663 -1.338982
663 5.75
663 12.86102
664 -12.66062
664 -7.878983
664 -1.338982
664 5.75
664 12.86102
664 19.95102
665 -12.66062
665 -7.878983
665 -1.338982
665 5.75
665 12.86102
665 19.95102
666 -7.878983
666 -1.338982
666 5.75
666 12.86102
666 19.95102
666 25.33102
667 -7.878983
667 -1.338982
667 5.75
667 12.86102
667 19.95102
667 25.33102
668 -1.338982
668 5.75
668 12.86102
668 19.95102
668 25.33102
668 29.88102
669 -1.338982
669 5.75
669 12.86102
669 19.95102
669 25.33102
669 29.88102
670 -1.338982
670 5.75
670 12.86102
670 19.95102
670 25.33102
670 29.88102
671 -1.338982
671 5.75
671 12.86102
671 19.95102
671 25.33102
671 29.88102
672 5.75
672 12.86102
672 19.95102
672 25.33102
672 29.88102
672 38.04939
673 5.75
673 12.86102
673 19.95102
673 25.33102
673 29.88102
673 38.04939
674 5.75
674 12.86102
674 19.95102
674 25.33102
674 29.88102
674 38.04939
675 5.75
675 12.86102
675 19.95102
675 25.33102
675 29.88102
675 38.04939
676 5.75
676 12.86102
676 19.95102
676 25.33102
676 29.88102
676 38.04939
677 12.86102
677 19.95102
677 25.33102
677 29.88102
677 38.04939
677 45.58102
678 12.86102
678 19.95102
678 25.33102
678 29.88102
678 38.04939
678 45.58102
679 12.86102
679 19.95102
679 25.33102
679 29.88102
679 38.04939
679 45.58102
680 12.86102
680 19.95102
680 25.33102
680 29.88102
680 38.04939
680 45.58102
681 12.86102
681 19.95102
681 25.33102
681 29.88102
681 38.04939
681 45.58102
682 19.95102
682 25.33102
682 29.88102
682 38.04939
682 45.58102
682 59.27102
683 19.95102
683 25.33102
683 29.88102
683 38.04939
683 45.58102
683 59.27102
684 19.95102
684 25.33102
684 29.88102
684 38.04939
684 45.58102
684 59.27102
685 19.95102
685 25.33102
685 29.88102
685 38.04939
685 45.58102
685 59.27102
686 25.33102
686 29.88102
686 38.04939
686 45.58102
686 59.27102
686 65.83102
687 25.33102
687 29.88102
687 38.04939
687 45.58102
687 59.27102
687 65.83102
688 25.33102
688 29.88102
688 38.04939
688 45.58102
688 59.27102
688 65.83102
689 29.88102
689 38.04939
689 45.58102
689 59.27102
689 65.83102
689 71.59937
690 29.88102
690 38.04939
690 45.58102
690 59.27102
690 65.83102
690 71.59937
691 29.88102
691 38.04939
691 45.58102
691 59.27102
691 65.83102
691 71.59937
692 29.88102
692 38.04939
692 45.58102
692 59.27102
692 65.83102
692 71.59937
693 29.88102
693 38.04939
693 45.58102
693 59.27102
693 65.83102
693 71.59937
694 29.88102
694 38.04939
694 45.58102
694 59.27102
694 65.83102
694 71.59937
695 29.88102
695 38.04939
695 45.58102
695 59.27102
695 65.83102
695 71.59937
696 38.04939
696 45.58102
696 59.27102
696 65.83102
696 71.59937
696 79.57102
697 38.04939
697 45.58102
697 59.27102
697 65.83102
697 71.59937
697 79.57102
698 38.04939
698 45.58102
698 59.27102
698 65.83102
698 71.59937
698 79.57102
699 38.04939
699 45.58102
699 59.27102
699 65.83102
699 71.59937
699 79.57102
700 45.58102
700 59.27102
700 65.83102
700 71.59937
700 79.57102
700 84.19102
701 45.58102
701 59.27102
701 65.83102
701 71.59937
701 79.57102
701 84.19102
702 45.58102
702 59.27102
702 65.83102
702 71.59937
702 79.57102
702 84.19102
703 45.58102
703 59.27102
703 65.83102
703 71.59937
703 79.57102
703 84.19102
704 45.58102
704 59.27102
704 65.83102
704 71.59937
704 79.57102
704 84.19102
705 45.58102
705 59.27102
705 65.83102
705 71.59937
705 79.57102
705 84.19102
706 45.58102
706 59.27102
706 65.83102
706 71.59937
706 79.57102
706 84.19102
707 45.58102
707 59.27102
707 65.83102
707 71.59937
707 79.57102
707 84.19102
708 59.27102
708 65.83102
708 71.59937
708 79.57102
708 84.19102
708 90.79102
709 59.27102
709 65.83102
709 71.59937
709 79.57102
709 84.19102
709 90.79102
710 59.27102
710 65.83102
710 71.59937
710 79.57102
710 84.19102
710 90.79102
711 65.83102
711 71.59937
711 79.57102
711 84.19102
711 90.79102
711 98.67102
712 65.83102
712 71.59937
712 79.57102
712 84.19102
712 90.79102
712 98.67102
713 65.83102
713 71.59937
713 79.57102
713 84.19102
713 90.79102
713 98.67102
714 65.83102
714 71.59937
714 79.57102
714 84.19102
714 90.79102
714 98.67102
715 71.59937
715 79.57102
715 84.19102
715 90.79102
715 98.67102
715 106.031
716 71.59937
716 79.57102
716 84.19102
716 90.79102
716 98.67102
716 106.031
717 71.59937
717 79.57102
717 84.19102
717 90.79102
717 98.67102
717 106.031
718 71.59937
718 79.57102
718 84.19102
718 90.79102
718 98.67102
718 106.031
719 79.57102
719 84.19102
719 90.79102
719 98.67102
719 106.031
719 117.181
720 79.57102
720 84.19102
720 90.79102
720 98.67102
720 106.031
720 117.181
721 79.57102
721 84.19102
721 90.79102
721 98.67102
721 106.031
721 117.181
722 84.19102
722 90.79102
722 98.67102
722 106.031
722 117.181
722 127.2894
723 84.19102
723 90.79102
723 98.67102
723 106.031
723 117.181
723 127.2894
724 84.19102
724 90.79102
724 98.67102
724 106.031
724 117.181
724 127.2894
725 84.19102
725 90.79102
725 98.67102
725 106.031
725 117.181
725 127.2894
726 90.79102
726 98.67102
726 106.031
726 117.181
726 127.2894
726 132.651
727 90.79102
727 98.67102
727 106.031
727 117.181
727 127.2894
727 132.651
728 90.79102
728 98.67102
728 106.031
728 117.181
728 127.2894
728 132.651
729 90.79102
729 98.67102
729 106.031
729 117.181
729 127.2894
729 132.651
730 98.67102
730 106.031
730 117.181
730 127.2894
730 132.651
730 140.601
731 98.67102
731 106.031
731 117.181
731 127.2894
731 132.651
731 140.601
732 98.67102
732 106.031
732 117.181
732 127.2894
732 132.651
732 140.601
733 98.67102
733 106.031
733 117.181
733 127.2894
733 132.651
733 140.601
734 106.031
734 117.181
734 127.2894
734 132.651
734 140.601
734 144.511
735 106.031
735 117.181
735 127.2894
735 132.651
735 140.601
735 144.511
736 106.031
736 117.181
736 127.2894
736 132.651
736 140.601
736 144.511
737 106.031
737 117.181
737 127.2894
737 132.651
737 140.601
737 144.511
738 106.031
738 117.181
738 127.2894
738 132.651
738 140.601
738 144.511
739 106.031
739 117.181
739 127.2894
739 132.651
739 140.601
739 144.511
740 106.031
740 117.181
740 127.2894
740 132.651
740 140.601
740 144.511
741 106.031
741 117.181
741 127.2894
741 132.651
741 140.601
741 144.511
742 106.031
742 117.181
742 127.2894
742 132.651
742 140.601
742 144.511
743 117.181
743 127.2894
743 132.651
743 140.601
743 144.511
743 150.031
744 117.181
744 127.2894
744 132.651
744 140.601
744 144.511
744 150.031
745 117.181
745 127.2894
745 132.651
745 140.601
745 144.511
745 150.031
746 117.181
746 127.2894
746 132.651
746 140.601
746 144.511
746 150.031
747 117.181
747 127.2894
747 132.651
747 140.601
747 144.511
747 150.031
748 117.181
748 127.2894
748 132.651
748 140.601
748 144.511
748 150.031
749 117.181
749 127.2894
749 132.651
749 140.601
749 144.511
749 150.031
750 127.2894
750 132.651
750 140.601
750 144.511
750 150.031
750 152.971
751 127.2894
751 132.651
751 140.601
751 144.511
751 150.031
751 152.971
752 127.2894
752 132.651
752 140.601
752 144.511
752 150.031
752 152.971
753 127.2894
753 132.651
753 140.601
753 144.511
753 150.031
753 152.971
754 132.651
754 140.601
754 144.511
754 150.031
754 152.971
754 156.621
755 132.651
755 140.601
755 144.511
755 150.031
755 152.971
755 156.621
756 132.651
756 140.601
756 144.511
756 150.031
756 152.971
756 156.621
757 132.651
757 140.601
757 144.511
757 150.031
757 152.971
757 156.621
758 132.651
758 140.601
758 144.511
758 150.031
758 152.971
758 156.621
759 132.651
759 140.601
759 144.511
759 150.031
759 152.971
759 156.621
760 140.601
760 144.511
760 150.031
760 152.971
760 156.621
760 158.4294
761 140.601
761 144.511
761 150.031
761 152.971
761 156.621
761 158.4294
762 140.601
762 144.511
762 150.031
762 152.971
762 156.621
762 158.4294
763 140.601
763 144.511
763 150.031
763 152.971
763 156.621
763 158.4294
764 144.511
764 150.031
764 152.971
764 156.621
764 158.4294
764 158.891
765 144.511
765 150.031
765 152.971
765 156.621
765 158.4294
765 158.891
766 144.511
766 150.031
766 152.971
766 156.621
766 158.4294
766 158.891
767 144.511
767 150.031
767 152.971
767 156.621
767 158.4294
767 158.891
768 144.511
768 150.031
768 152.971
768 156.621
768 158.4294
768 158.891
769 144.511
769 150.031
769 152.971
769 156.621
769 158.4294
769 158.891
770 150.031
770 152.971
770 156.621
770 158.4294
770 158.891
770 158.731
771 150.031
771 152.971
771 156.621
771 158.4294
771 158.891
771 158.731
772 150.031
772 152.971
772 156.621
772 158.4294
772 158.891
772 158.731
773 150.031
773 152.971
773 156.621
773 158.4294
773 158.891
773 158.731
774 152.971
774 156.621
774 158.4294
774 158.891
774 158.731
774 157.101
775 152.971
775 156.621
775 158.4294
775 158.891
775 158.731
775 157.101
776 152.971
776 156.621
776 158.4294
776 158.891
776 158.731
776 157.101
777 152.971
777 156.621
777 158.4294
777 158.891
777 158.731
777 157.101
778 152.971
778 156.621
778 158.4294
778 158.891
778 158.731
778 157.101
779 152.971
779 156.621
779 158.4294
779 158.891
779 158.731
779 157.101
780 156.621
780 158.4294
780 158.891
780 158.731
780 157.101
780 155.4194
781 156.621
781 158.4294
781 158.891
781 158.731
781 157.101
781 155.4194
782 156.621
782 158.4294
782 158.891
782 158.731
782 157.101
782 155.4194
783 156.621
783 158.4294
783 158.891
783 158.731
783 157.101
783 155.4194
784 156.621
784 158.4294
784 158.891
784 158.731
784 157.101
784 155.4194
785 158.4294
785 158.891
785 158.731
785 157.101
785 155.4194
785 151.201
786 158.4294
786 158.891
786 158.731
786 157.101
786 155.4194
786 151.201
787 158.4294
787 158.891
787 158.731
787 157.101
787 155.4194
787 151.201
788 158.891
788 158.731
788 157.101
788 155.4194
788 151.201
788 148.141
789 158.891
789 158.731
789 157.101
789 155.4194
789 151.201
789 148.141
790 158.891
790 158.731
790 157.101
790 155.4194
790 151.201
790 148.141
791 158.731
791 157.101
791 155.4194
791 151.201
791 148.141
791 140.121
792 158.731
792 157.101
792 155.4194
792 151.201
792 148.141
792 140.121
793 158.731
793 157.101
793 155.4194
793 151.201
793 148.141
793 140.121
794 158.731
794 157.101
794 155.4194
794 151.201
794 148.141
794 140.121
795 158.731
795 157.101
795 155.4194
795 151.201
795 148.141
795 140.121
796 157.101
796 155.4194
796 151.201
796 148.141
796 140.121
796 135.321
797 157.101
797 155.4194
797 151.201
797 148.141
797 140.121
797 135.321
798 157.101
798 155.4194
798 151.201
798 148.141
798 140.121
798 135.321
799 155.4194
799 151.201
799 148.141
799 140.121
799 135.321
799 127.081
800 155.4194
800 151.201
800 148.141
800 140.121
800 135.321
800 127.081
801 155.4194
801 151.201
801 148.141
801 140.121
801 135.321
801 127.081
802 155.4194
802 151.201
802 148.141
802 140.121
802 135.321
802 127.081
803 151.201
803 148.141
803 140.121
803 135.321
803 127.081
803 119.021
804 151.201
804 148.141
804 140.121
804 135.321
804 127.081
804 119.021
805 151.201
805 148.141
805 140.121
805 135.321
805 127.081
805 119.021
806 148.141
806 140.121
806 135.321
806 127.081
806 119.021
806 113.361
807 148.141
807 140.121
807 135.321
807 127.081
807 119.021
807 113.361
808 148.141
808 140.121
808 135.321
808 127.081
808 119.021
808 113.361
809 148.141
809 140.121
809 135.321
809 127.081
809 119.021
809 113.361
810 148.141
810 140.121
810 135.321
810 127.081
810 119.021
810 113.361
811 148.141
811 140.121
811 135.321
811 127.081
811 119.021
811 113.361
812 140.121
812 135.321
812 127.081
812 119.021
812 113.361
812 105.941
813 140.121
813 135.321
813 127.081
813 119.021
813 113.361
813 105.941
814 140.121
814 135.321
814 127.081
814 119.021
814 113.361
814 105.941
815 135.321
815 127.081
815 119.021
815 113.361
815 105.941
815 92.88499
816 135.321
816 127.081
816 119.021
816 113.361
816 105.941
816 92.88499
817 135.321
817 127.081
817 119.021
817 113.361
817 105.941
817 92.88499
818 135.321
818 127.081
818 119.021
818 113.361
818 105.941
818 92.88499
819 135.321
819 127.081
819 119.021
819 113.361
819 105.941
819 92.88499
820 127.081
820 119.021
820 113.361
820 105.941
820 92.88499
820 78.73102
821 127.081
821 119.021
821 113.361
821 105.941
821 92.88499
821 78.73102
822 127.081
822 119.021
822 113.361
822 105.941
822 92.88499
822 78.73102
823 127.081
823 119.021
823 113.361
823 105.941
823 92.88499
823 78.73102
824 119.021
824 113.361
824 105.941
824 92.88499
824 78.73102
824 65.34102
825 119.021
825 113.361
825 105.941
825 92.88499
825 78.73102
825 65.34102
826 113.361
826 105.941
826 92.88499
826 78.73102
826 65.34102
826 50.57938
