0 0
1 0
2 -0.1634202
3 -0.1497746
4 -0.1634202
5 -0.1634202
6 -0.1634202
7 -0.1634202
8 -0.09985813
9 -0.09985813
10 0.01526125
11 0.009242089
12 0.01037948
13 0.007545779
14 0.004893179
15 0.002347068
16 0.0004668442
17 -0.0006561953
18 -0.0006561953
19 -0.002901343
20 -0.002901343
21 -0.003941925
22 -0.004416368
23 -0.00488793
24 -0.00488793
25 -0.005711337
26 -0.005809764
27 -0.006040489
28 -0.006040489
29 -0.006351615
30 -0.006468003
31 -0.006639917
32 -0.006758643
33 -0.006861016
34 -0.006959828
35 -0.007056859
36 -0.007152856
37 -0.007239465
38 -0.007353469
39 -0.00744954
40 -0.00755166
41 -0.007655747
42 -0.007655747
43 -0.008211507
44 -0.008278114
45 -0.008404144
46 -0.008404144
47 -0.0086989
48 -0.0086989
49 -0.009508605
50 -0.009508605
51 -0.00968796
52 -0.00968796
53 -0.009986399
54 -0.009986399
55 -0.01006314
56 -0.01006314
57 -0.01051007
58 -0.01078943
59 -0.01104612
60 -0.01139907
61 -0.01169687
62 -0.0119567
63 -0.01214072
64 -0.01246098
65 -0.01288444
66 -0.01288444
67 -0.01365769
68 -0.01365769
69 -0.01517018
70 -0.01515175
71 -0.0152657
72 -0.0152657
73 -0.01720984
74 -0.01720984
75 -0.01777421
76 -0.01780077
77 -0.01780077
78 -0.01898785
79 -0.01923169
80 -0.01981421
81 -0.02036207
82 -0.02098254
83 -0.02110684
84 -0.02110684
85 -0.02177369
86 -0.02177369
87 -0.02372928
88 -0.02372928
89 -0.02592196
90 -0.02578713
91 -0.02578713
92 -0.02715965
93 -0.0285615
94 -0.0285615
95 -0.03171743
96 -0.03255319
97 -0.03282572
98 -0.03361385
99 -0.03371272
100 -0.03517841
101 -0.03784626
102 -0.03784626
103 -0.0391519
104 -0.0391519
105 -0.04118855
106 -0.04134583
107 -0.0418637
108 -0.04221557
109 -0.04227602
110 -0.04265365
111 -0.04386313
112 -0.04475975
113 -0.04599955
114 -0.04551055
115 -0.04480976
116 -0.04445501
117 -0.04577052
118 -0.04732129
119 -0.04619821
120 -0.04619821
121 -0.04530356
122 -0.04310753
123 -0.0430759
124 -0.0430759
125 -0.04832341
126 -0.04832341
127 -0.04327127
128 -0.04118745
129 -0.03877522
130 -0.03632154
131 -0.03473673
132 -0.03333052
133 -0.03333794
134 -0.03231414
135 -0.03034364
136 -0.03034364
137 -0.02709546
138 -0.02623385
139 -0.02538533
140 -0.02538533
141 -0.02286384
142 -0.02222335
143 -0.02072117
144 -0.01944237
145 -0.01820856
146 -0.01675298
147 -0.01562155
148 -0.01486694
149 -0.01486694
150 -0.01392277
151 -0.01204079
152 -0.01119632
153 -0.01061163
154 -0.01011893
155 -0.009573934
156 -0.009147899
157 -0.008646893
158 -0.008037403
159 -0.008037403
160 -0.007258733
161 -0.006840539
162 -0.006480316
163 -0.006037862
164 -0.006037862
165 -0.005120665
166 -0.005552865
167 -0.004977954
168 -0.004605544
169 -0.004231181
170 -0.004611575
171 -0.004110252
172 -0.00371174
173 -0.003487533
174 -0.003253075
175 -0.004092976
176 -0.004092976
177 -0.00371426
178 -0.003582912
179 -0.003582912
180 -0.003949526
181 -0.003949526
182 -0.003959021
183 -0.004386972
184 -0.004826987
185 -0.004715151
186 -0.006313654
187 -0.006313654
188 -0.007235778
189 -0.008444365
190 -0.008444365
191 -0.008212451
192 -0.008875798
193 -0.01134591
194 -0.01134591
195 -0.0193646
196 -0.01891488
197 -0.0195575
198 -0.01996028
199 -0.0268142
200 -0.02758842
201 -0.03127001
202 -0.03127001
203 -0.03088662
204 -0.02963356
205 -0.04293447
206 -0.04705242
207 -0.05206954
208 -0.05659705
209 -0.06122916
210 -0.06128583
211 -0.06041798
212 -0.06874782
213 -0.07349712
214 -0.08206189
215 -0.08346679
216 -0.08680771
217 -0.08782357
218 -0.09315136
219 -0.09315136
220 -0.09724634
221 -0.09724634
222 -0.1081338
223 -0.1144898
224 -0.1089384
225 -0.1010939
226 -0.09342416
227 -0.09342416
228 -0.09228708
229 -0.1014271
230 -0.08806691
231 -0.07596633
232 -0.06571217
233 -0.05717005
234 -0.04964899
235 -0.04405927
236 -0.0390298
237 -0.0390298
238 -0.03073724
239 -0.02808654
240 -0.02481891
241 -0.01999052
242 -0.01999052
243 -0.01601619
244 -0.01397098
245 -0.01224835
246 -0.008663517
247 -0.008663517
248 -0.004832646
249 -0.003195378
250 -0.001028331
251 0.001206745
252 0.003601188
253 0.006512718
254 0.009529538
255 0.01855813
256 0.02079486
257 0.02196763
258 0.02337187
259 0.02603498
260 0.03036877
261 0.05038936
262 0.05562905
263 0.06057401
264 0.07304294
265 0.07335584
266 0.07753795
267 0.07753795
268 0.08453481
269 0.08453481
270 0.09581081
271 0.1021709
272 0.1021709
273 0.1205422
274 0.116592
275 0.1088684
276 0.09737113
277 0.08805989
278 0.07618881
279 0.06679323
280 0.0575332
281 0.04816947
282 0.04082745
283 0.03410126
284 0.03410126
285 0.02852439
286 0.01798145
287 0.01465847
288 0.0116125
289 0.008344725
290 0.005826629
291 0.00295302
292 -0.000164677
293 -0.003873121
294 -0.006062427
295 -0.006062427
296 -0.01037449
297 -0.01216576
298 -0.0162737
299 -0.01786947
300 -0.01786947
301 -0.02055564
302 -0.02117055
303 -0.02209091
304 -0.02258163
305 -0.02258163
306 -0.03660408
307 -0.03942932
308 -0.04079428
309 -0.04525434
310 -0.04561029
311 -0.04561029
312 -0.04633557
313 -0.0548344
314 -0.05915269
315 -0.05915269
316 -0.06728135
317 -0.06943901
318 -0.0725872
319 -0.07873721
320 -0.0809287
321 -0.0846164
322 -0.09010633
323 -0.09518585
324 -0.1018776
325 -0.09652945
326 -0.0910468
327 -0.08463926
328 -0.08463926
329 -0.08548945
330 -0.09398763
331 -0.08272687
332 -0.07407994
333 -0.0670405
334 -0.06348897
335 -0.06693565
336 -0.06693565
337 -0.06308623
338 -0.05449062
339 -0.04917208
340 -0.04389259
341 -0.04169677
342 -0.04331896
343 -0.04512322
344 -0.0423551
345 -0.03993209
346 -0.03800366
347 -0.03601087
348 -0.03567515
349 -0.03567515
350 -0.03239605
351 -0.03211953
352 -0.03338812
353 -0.03338812
354 -0.03386778
355 -0.03205771
356 -0.0309538
357 -0.02989984
358 -0.02961496
359 -0.02911097
360 -0.02911097
361 -0.03048267
362 -0.03048267
363 -0.02898652
364 -0.0285258
365 -0.02797046
366 -0.02778815
367 -0.02846646
368 -0.02846646
369 -0.02910826
370 -0.02841643
371 -0.02796193
372 -0.0269349
373 -0.02663879
374 -0.02636845
375 -0.02649263
376 -0.02736584
377 -0.02736345
378 -0.02652254
379 -0.02587923
380 -0.02523872
381 -0.02444757
382 -0.02363056
383 -0.02375222
384 -0.02303308
385 -0.02394454
386 -0.02485343
387 -0.02332469
388 -0.02222658
389 -0.02079883
390 -0.01975734
391 -0.01854011
392 -0.01775598
393 -0.01671218
394 -0.01603887
395 -0.01542604
396 -0.01481437
397 -0.01404614
398 -0.01381121
399 -0.01320029
400 -0.01320029
401 -0.01227096
402 -0.01173788
403 -0.01134512
404 -0.01077062
405 -0.01130098
406 -0.01078889
407 -0.01102773
408 -0.01119569
409 -0.01108672
410 -0.01108672
411 -0.009424686
412 -0.009071383
413 -0.008530794
414 -0.008236851
415 -0.007875262
416 -0.007602401
417 -0.007244844
418 -0.007347226
419 -0.007060812
420 -0.007060812
421 -0.006714077
422 -0.007024135
423 -0.006824268
424 -0.006726939
425 -0.006198672
426 -0.006191228
427 -0.006106301
428 -0.006190137
429 -0.006144842
430 -0.006148149
431 -0.006188436
432 -0.006569624
433 -0.006560897
434 -0.006717519
435 -0.006717519
436 -0.006992435
437 -0.006918961
438 -0.00694158
439 -0.006994991
440 -0.007039838
441 -0.007039838
442 -0.007160379
443 -0.007160379
444 -0.007567233
445 -0.007567233
446 -0.007706859
447 -0.00804245
448 -0.008041343
449 -0.008106823
450 -0.00816616
451 -0.008268427
452 -0.008387668
453 -0.009068116
454 -0.009068116
455 -0.009157729
456 -0.009157729
457 -0.009405243
458 -0.009536483
459 -0.0094762
460 -0.009583992
461 -0.009804767
462 -0.01013849
463 -0.01043158
464 -0.01072961
465 -0.01106196
466 -0.01136455
467 -0.01155128
468 -0.01188368
469 -0.01229377
470 -0.01274852
471 -0.01315084
472 -0.01349641
473 -0.01474169
474 -0.01479921
475 -0.01510505
476 -0.01564356
477 -0.01598865
478 -0.01738749
479 -0.01738749
480 -0.01740716
481 -0.01740716
482 -0.01801416
483 -0.01976188
484 -0.01976188
485 -0.02073027
486 -0.02074527
487 -0.02096647
488 -0.02082024
489 -0.02211189
490 -0.0232799
491 -0.02416627
492 -0.02517505
493 -0.02517505
494 -0.0264177
495 -0.02606173
496 -0.02606173
497 -0.02909581
498 -0.03112085
499 -0.03201389
500 -0.03291865
501 -0.033457
502 -0.03387679
503 -0.03387679
504 -0.03767476
505 -0.03755154
506 -0.03847054
507 -0.03887635
508 -0.0398876
509 -0.04076223
510 -0.04076223
511 -0.04151587
512 -0.04162391
513 -0.04218505
514 -0.04360617
515 -0.04429021
516 -0.04429021
517 -0.04566493
518 -0.04496487
519 -0.04449045
520 -0.04511105
521 -0.04698335
522 -0.04900509
523 -0.04522637
524 -0.04451877
525 -0.04451877
526 -0.04188138
527 -0.04271297
528 -0.04459796
529 -0.04429632
530 -0.04226353
531 -0.04010671
532 -0.03824587
533 -0.03594206
534 -0.03510087
535 -0.03697178
536 -0.03850995
537 -0.03605266
538 -0.03605266
539 -0.03085796
540 -0.02906717
541 -0.02906717
542 -0.02500069
543 -0.02388619
544 -0.02264663
545 -0.0213775
546 -0.0213775
547 -0.01924466
548 -0.01829296
549 -0.01829296
550 -0.0159046
551 -0.0151121
552 -0.01444722
553 -0.01361793
554 -0.01287343
555 -0.01206522
556 -0.0110138
557 -0.01059226
558 -0.01001227
559 -0.009579305
560 -0.00906743
561 -0.008432737
562 -0.008018173
563 -0.008018173
564 -0.007196285
565 -0.007196285
566 -0.006321691
567 -0.005878452
568 -0.005878452
569 -0.00566828
570 -0.005041253
571 -0.005041253
572 -0.004852644
573 -0.004336586
574 -0.003977733
575 -0.003636221
576 -0.003280089
577 -0.003280089
578 -0.003119583
579 -0.003985971
580 -0.003691223
581 -0.003532662
582 -0.003532662
583 -0.003987954
584 -0.003543658
585 -0.003605483
586 -0.004110171
587 -0.004110171
588 -0.007269684
589 -0.007269684
590 -0.007622127
591 -0.00748018
592 -0.007064643
593 -0.007896634
594 -0.00981787
595 -0.01199361
596 -0.01199361
597 -0.01792752
598 -0.01738347
599 -0.0175546
600 -0.01706446
601 -0.02839678
602 -0.02904623
603 -0.03300399
604 -0.0330043
605 -0.03335723
606 -0.03362006
607 -0.03803308
608 -0.04585713
609 -0.04585713
610 -0.05904986
611 -0.06291244
612 -0.06353762
613 -0.06377577
614 -0.07044982
615 -0.07536794
616 -0.08314194
617 -0.08420716
618 -0.08829036
619 -0.08829036
620 -0.09706025
621 -0.09803396
622 -0.09830235
623 -0.09977637
624 -0.1075605
625 -0.1149408
626 -0.1059769
627 -0.09957937
628 -0.09957937
629 -0.08278567
630 -0.08881849
631 -0.09983977
632 -0.0850513
633 -0.0761971
634 -0.06700341
635 -0.05802662
636 -0.05112379
637 -0.0440957
638 -0.0397939
639 -0.03456596
640 -0.03456596
641 -0.0271104
642 -0.02417709
643 -0.01968456
644 -0.0176526
645 -0.01544396
646 -0.01544396
647 -0.009345457
648 -0.009345457
649 -0.006481926
650 -0.004020004
651 -0.0024142
652 9.957788e-05
653 9.957788e-05
654 0.005582597
655 0.008441193
656 0.01157874
657 0.01952164
658 0.01952164
659 0.02343388
660 0.01736835
661 0.02908895
662 0.03745685
663 0.03745685
664 0.06548143
665 0.07497232
666 0.08176056
667 0.08599311
668 0.08377174
669 0.08508254
670 0.0842114
671 0.09757333
672 0.1025577
673 0.103314
674 0.1098241
675 0.1203176
676 0.1314502
677 0.1186278
678 0.1075339
679 0.09647159
680 0.0834249
681 0.07020373
682 0.06106921
683 0.0516782
684 0.04503185
685 0.03708086
686 0.03119249
687 0.02675704
688 0.02675704
689 0.01753297
690 0.01425656
691 0.01134651
692 0.008187601
693 0.005745131
694 0.002947355
695 0.002947355
696 -0.002205604
697 -0.004927885
698 -0.004927885
699 -0.009870229
700 -0.01192442
701 -0.01650635
702 -0.01650635
703 -0.01882296
704 -0.01913155
705 -0.01979157
706 -0.0199273
707 -0.0199273
708 -0.02727327
709 -0.03866928
710 -0.03859967
711 -0.04099884
712 -0.04099884
713 -0.04511589
714 -0.04415051
715 -0.05062009
716 -0.0581031
717 -0.06348417
718 -0.06603776
719 -0.06867491
720 -0.0724882
721 -0.07779116
722 -0.08066222
723 -0.08592208
724 -0.08894181
725 -0.09086245
726 -0.09086245
727 -0.08664801
728 -0.09156469
729 -0.1010703
730 -0.1103352
731 -0.09927934
732 -0.08511508
733 -0.074614
734 -0.06745505
735 -0.06550675
736 -0.06854872
737 -0.06854872
738 -0.06635484
739 -0.05792547
740 -0.05792547
741 -0.04890386
742 -0.04768279
743 -0.04939836
744 -0.05105572
745 -0.04644867
746 -0.04360329
747 -0.04124754
748 -0.0389485
749 -0.03729124
750 -0.03547883
751 -0.03547883
752 -0.03465572
753 -0.03465572
754 -0.03805629
755 -0.03654421
756 -0.03468178
757 -0.03302664
758 -0.03181519
759 -0.03038295
760 -0.02944655
761 -0.02944655
762 -0.03040504
763 -0.03040504
764 -0.03020784
765 -0.02917106
766 -0.02849505
767 -0.02789402
768 -0.02780965
769 -0.0284496
770 -0.02895776
771 -0.02880541
772 -0.02829443
773 -0.02792801
774 -0.02746253
775 -0.02657347
776 -0.02667419
777 -0.02751202
778 -0.02784706
779 -0.02725208
780 -0.02679796
781 -0.02608092
782 -0.02554884
783 -0.02485207
784 -0.02423199
785 -0.02384098
786 -0.02436479
787 -0.02436479
788 -0.02325997
789 -0.02365439
790 -0.02300747
791 -0.0214548
792 -0.02042737
793 -0.01929365
794 -0.01809135
795 -0.01721608
796 -0.01654366
797 -0.01654366
798 -0.01514375
799 -0.01452035
800 -0.01424957
801 -0.01335397
802 -0.01335397
803 -0.01263017
804 -0.01204632
805 -0.01143091
806 -0.01083063
807 -0.01131197
808 -0.01071247
809 -0.01071247
810 -0.01107748
811 -0.01094944
812 -0.01052342
813 -0.01052342
814 -0.008682624
815 -0.008472078
816 -0.008472078
817 -0.007715542
818 -0.007475079
819 -0.007167326
820 -0.007167326
821 -0.00713042
822 -0.006914522
823 -0.006746457
824 -0.006621941
825 -0.006937967
826 -0.006775019
