0 0
1 0
2 1
3 1
4 1
5 1
6 1
7 1
8 1
9 1
10 1
11 1
12 1
13 1
14 1
15 1
16 1
17 1
18 1
19 1
20 1
21 1
22 1
23 1
24 1
25 1
26 1
27 1
28 1
29 1
30 1
31 1
32 1
33 1
34 1
35 1
36 1
37 1
38 1
39 1
40 1
41 1
42 1
43 1
44 0.0214335
45 0
46 0
47 0.359469
48 0.359469
49 1
50 1
51 0.08736399
52 0.08736399
53 0
54 0
55 1
56 1
57 1
58 0.9456441
59 0.09860179
60 0
61 0
62 1
63 1
64 1
65 1
66 1
67 0
68 0
69 0
70 1
71 1
72 1
73 0.6601565
74 0.6601565
75 0
76 0
77 0
78 1
79 1
80 1
81 0
82 0
83 0.4537372
84 0.4537372
85 1
86 1
87 0
88 0
89 0
90 1
91 1
92 1
93 1
94 1
95 0
96 0
97 0
98 1
99 1
100 1
101 0.3483842
102 0.3483842
103 0
104 0
105 1
106 1
107 1
108 1
109 0
110 0
111 0.7817091
112 1
113 1
114 0.8252528
115 0
116 0
117 0.05689973
118 1
119 1
120 1
121 1
122 0
123 0
124 0
125 1
126 1
127 1
128 1
129 1
130 0.5900339
131 0
132 0.2925395
133 1
134 1
135 0.9111352
136 0.9111352
137 0.1678601
138 0.3935721
139 1
140 1
141 1
142 1
143 1
144 1
145 1
146 1
147 1
148 1
149 1
150 1
151 1
152 1
153 1
154 1
155 1
156 1
157 1
158 1
159 1
160 1
161 1
162 1
163 1
164 1
165 1
166 1
167 1
168 1
169 1
170 1
171 1
172 1
173 1
174 1
175 0
176 0
177 0
178 0
179 0
180 1
181 1
182 1
183 0
184 0
185 1
186 1
187 1
188 0
189 0
190 0
191 1
192 1
193 1
194 1
195 0
196 0
197 0
198 1
199 1
200 0
201 0
202 0
203 0
204 1
205 1
206 0.04930612
207 0
208 0
209 0
210 1
211 1
212 1
213 0
214 0
215 0
216 1
217 1
218 1
219 1
220 0
221 0
222 1
223 1
224 1
225 0.863041
226 0
227 0
228 1
229 1
230 1
231 1
232 1
233 1
234 1
235 1
236 1
237 1
238 1
239 1
240 1
241 1
242 1
243 1
244 1
245 1
246 1
247 1
248 1
249 1
250 1
251 1
252 1
253 1
254 1
255 0
256 0
257 0
258 0
259 1
260 1
261 0
262 0
263 0
264 0
265 0
266 1
267 1
268 1
269 1
270 0
271 0
272 0
273 1
274 1
275 1
276 1
277 0.5534552
278 0.5325571
279 1
280 1
281 1
282 1
283 1
284 1
285 1
286 1
287 1
288 1
289 1
290 1
291 1
292 1
293 1
294 1
295 1
296 1
297 1
298 1
299 0
300 0
301 0
302 0
303 0.6794044
304 1
305 1
306 0
307 0
308 0
309 0
310 0
311 0
312 1
313 1
314 0
315 0
316 0
317 1
318 1
319 1
320 0
321 0
322 0
323 1
324 1
325 1
326 1
327 0
328 0
329 1
330 1
331 1
332 0.4302806
333 0
334 0
335 1
336 1
337 1
338 1
339 0.8853706
340 0
341 0
342 1
343 1
344 1
345 1
346 1
347 1
348 1
349 1
350 0
351 0
352 1
353 1
354 1
355 1
356 1
357 0.5675715
358 0
359 0
360 0
361 1
362 1
363 1
364 0.5760931
365 0
366 0
367 1
368 1
369 1
370 1
371 1
372 0.7071826
373 0.04127464
374 0
375 0.4665508
376 1
377 1
378 1
379 1
380 1
381 0.9863717
382 0.6965002
383 0
384 0
385 1
386 1
387 1
388 1
389 1
390 1
391 1
392 1
393 1
394 1
395 1
396 1
397 1
398 0.6924834
399 0.5219268
400 0.5219268
401 0.9162723
402 1
403 1
404 1
405 0
406 0
407 0.6337742
408 1
409 1
410 1
411 1
412 1
413 1
414 1
415 1
416 1
417 1
418 1
419 1
420 1
421 1
422 1
423 1
424 0.9094577
425 1
426 1
427 0.9958433
428 0.6741781
429 0.4795173
430 0.4350604
431 0.4989315
432 0
433 0
434 0.6746297
435 0.6746297
436 1
437 1
438 1
439 0.9801849
440 0.3997544
441 0.3997544
442 0
443 0
444 1
445 1
446 1
447 1
448 1
449 0.313925
450 0
451 0
452 0.8657492
453 1
454 1
455 1
456 1
457 0
458 0
459 0.4565851
460 1
461 1
462 1
463 0.8121779
464 0
465 0
466 0.0411463
467 1
468 1
469 1
470 0.8489915
471 0
472 0
473 0.02269303
474 1
475 1
476 1
477 0
478 0
479 0
480 1
481 1
482 1
483 0.8400284
484 0.8400284
485 0
486 0
487 1
488 1
489 1
490 0.5840779
491 0
492 0
493 0
494 1
495 1
496 1
497 1
498 0.07124419
499 0
500 0
501 0.1546124
502 1
503 1
504 1
505 0
506 0
507 0
508 1
509 1
510 1
511 0.1844433
512 0
513 0
514 1
515 1
516 1
517 1
518 0
519 0
520 0
521 1
522 1
523 1
524 1
525 1
526 0
527 0.2852035
528 1
529 1
530 1
531 1
532 0.4273582
533 0
534 0
535 1
536 1
537 1
538 1
539 1
540 1
541 1
542 1
543 1
544 1
545 1
546 1
547 1
548 1
549 1
550 1
551 1
552 1
553 1
554 1
555 1
556 1
557 1
558 1
559 1
560 1
561 1
562 1
563 1
564 1
565 1
566 1
567 1
568 1
569 1
570 1
571 1
572 1
573 1
574 1
575 1
576 1
577 1
578 0.8779474
579 0
580 0
581 0
582 0
583 0.7816702
584 1
585 1
586 1
587 1
588 0
589 0
590 0
591 0.5308906
592 1
593 1
594 1
595 0
596 0
597 0
598 0
599 1
600 1
601 1
602 0
603 0
604 0
605 0
606 1
607 1
608 1
609 1
610 0
611 0
612 0.3722909
613 1
614 1
615 0
616 0
617 0
618 1
619 1
620 1
621 0.01246171
622 0
623 0
624 1
625 1
626 1
627 0.9050343
628 0.9050343
629 0
630 1
631 1
632 1
633 1
634 1
635 1
636 1
637 1
638 1
639 1
640 1
641 1
642 1
643 1
644 1
645 1
646 1
647 1
648 1
649 1
650 1
651 1
652 1
653 1
654 1
655 1
656 1
657 0
658 0
659 0
660 1
661 0.6585888
662 0
663 0
664 0
665 0
666 0
667 0
668 0
669 1
670 1
671 1
672 0
673 0
674 0
675 1
676 1
677 1
678 1
679 1
680 1
681 1
682 1
683 1
684 1
685 1
686 1
687 1
688 1
689 1
690 1
691 1
692 1
693 1
694 1
695 1
696 1
697 1
698 1
699 1
700 1
701 0
702 0
703 0
704 0
705 1
706 1
707 1
708 0
709 0
710 0
711 0
712 0
713 1
714 1
715 0.5528982
716 0
717 0
718 0
719 0.9938311
720 1
721 0
722 0
723 0.9063113
724 1
725 1
726 1
727 0
728 0
729 1
730 1
731 1
732 1
733 0.4462477
734 0
735 0
736 1
737 1
738 1
739 1
740 1
741 0
742 0
743 1
744 1
745 1
746 1
747 1
748 1
749 0.9825901
750 0.4594542
751 0.4594542
752 0
753 0
754 1
755 1
756 1
757 1
758 1
759 0.2127672
760 0
761 0
762 1
763 1
764 1
765 1
766 0.3015063
767 0
768 0
769 1
770 1
771 1
772 1
773 1
774 0.2724148
775 0
776 0.01677347
777 1
778 1
779 1
780 1
781 1
782 0.895287
783 0.4291461
784 0.2056323
785 0.6990106
786 0.2896763
787 0.2896763
788 0.2243702
789 1
790 1
791 1
792 1
793 0.8375153
794 0.6702011
795 0.7699918
796 1
797 1
798 0.8739922
799 0.9567702
800 0.4294245
801 0.2675913
802 0.2675913
803 1
804 1
805 1
806 1
807 0
808 0
809 0
810 1
811 1
812 1
813 1
814 1
815 1
816 1
817 1
818 1
819 1
820 1
821 1
822 1
823 1
824 1
825 1
826 1
