0 0
1 4.12033
2 4.12033
3 4.118927
4 4.114878
5 4.107905
6 4.098361
7 4.081916
8 4.055531
9 4.038429
10 4.028662
11 4.032168
12 4.036583
13 4.042819
14 4.048531
15 4.052609
16 4.054809
17 4.056056
18 4.056281
19 4.055729
20 4.054548
21 4.05227
22 4.049236
23 4.045947
24 4.042105
25 4.037694
26 4.031401
27 4.025882
28 4.019208
29 4.012095
30 4.005389
31 3.99742
32 3.989951
33 3.982129
34 3.97398
35 3.965511
36 3.957829
37 3.947582
38 3.938128
39 3.928359
40 3.918277
41 3.909178
42 3.899814
43 3.887372
44 3.877267
45 3.865469
46 3.856792
47 3.847055
48 3.83779
49 3.826998
50 3.81692
51 3.804751
52 3.793786
53 3.781502
54 3.771328
55 3.7604
56 3.750747
57 3.739148
58 3.728508
59 3.715766
60 3.70267
61 3.689848
62 3.677641
63 3.66736
64 3.654894
65 3.641668
66 3.629447
67 3.614754
68 3.601966
69 3.589533
70 3.575754
71 3.56219
72 3.549522
73 3.53419
74 3.517673
75 3.501036
76 3.485342
77 3.470616
78 3.454838
79 3.441536
80 3.425231
81 3.410049
82 3.394964
83 3.380662
84 3.365064
85 3.350782
86 3.335582
87 3.314536
88 3.298025
89 3.280082
90 3.263031
91 3.24424
92 3.226198
93 3.209164
94 3.187911
95 3.158726
96 3.13811
97 3.113327
98 3.0932
99 3.070977
100 3.040837
101 3.010403
102 2.98069
103 2.954555
104 2.930614
105 2.903787
106 2.880169
107 2.856798
108 2.828228
109 2.800857
110 2.77432
111 2.750619
112 2.721087
113 2.695056
114 2.662938
115 2.628706
116 2.60308
117 2.577035
118 2.547123
119 2.521063
120 2.496773
121 2.471376
122 2.438402
123 2.408512
124 2.385449
125 2.360382
126 2.334701
127 2.303662
128 2.271715
129 2.235528
130 2.206352
131 2.167299
132 2.140411
133 2.11503
134 2.086287
135 2.060054
136 2.033732
137 2.004258
138 1.976313
139 1.952873
140 1.92982
141 1.906715
142 1.883894
143 1.861247
144 1.838983
145 1.81202
146 1.788438
147 1.765561
148 1.745968
149 1.726965
150 1.706215
151 1.686276
152 1.669294
153 1.655013
154 1.639369
155 1.626178
156 1.611604
157 1.599265
158 1.587348
159 1.575865
160 1.561662
161 1.551068
162 1.539411
163 1.52821
164 1.518827
165 1.508362
166 1.499035
167 1.490131
168 1.482327
169 1.473716
170 1.465482
171 1.455364
172 1.448476
173 1.440933
174 1.434641
175 1.427792
176 1.422756
177 1.41713
178 1.409665
179 1.404854
180 1.399847
181 1.395392
182 1.38941
183 1.38386
184 1.377475
185 1.371154
186 1.366332
187 1.360795
188 1.352637
189 1.345864
190 1.336113
191 1.325008
192 1.315524
193 1.305081
194 1.295485
195 1.281874
196 1.265891
197 1.246889
198 1.23018
199 1.21347
200 1.192882
201 1.173469
202 1.145668
203 1.12421
204 1.098392
205 1.076144
206 1.052079
207 1.015202
208 0.9764538
209 0.9421713
210 0.9089531
211 0.8757403
212 0.8439116
213 0.8026604
214 0.7545739
215 0.7133623
216 0.6742932
217 0.6349686
218 0.5853599
219 0.5358604
220 0.4852618
221 0.4402248
222 0.3954973
223 0.349111
224 0.3000389
225 0.240201
226 0.1725919
227 0.1249337
228 0.08176834
229 0.03017624
230 6.256016
231 6.202208
232 6.150299
233 6.101108
234 6.059868
235 6.016659
236 5.980881
237 5.951494
238 5.919968
239 5.89078
240 5.863471
241 5.841111
242 5.820858
243 5.797304
244 5.780622
245 5.763295
246 5.74763
247 5.734199
248 5.722946
249 5.713861
250 5.706827
251 5.701971
252 5.699394
253 5.700118
254 5.704801
255 5.712765
256 5.728835
257 5.750863
258 5.767851
259 5.776113
260 5.793066
261 5.821605
262 5.866419
263 5.91526
264 5.95585
265 6.0035
266 6.064673
267 6.115737
268 6.180212
269 6.261779
270 0.05837404
271 0.1286369
272 0.1788012
273 0.2343174
274 0.3045373
275 0.3844159
276 0.4532971
277 0.5366455
278 0.6230453
279 0.7020866
280 0.7644712
281 0.8174066
282 0.8657863
283 0.9092534
284 0.9479079
285 0.978932
286 1.009188
287 1.029292
288 1.048914
289 1.063464
290 1.07711
291 1.089805
292 1.098822
293 1.102913
294 1.103701
295 1.101834
296 1.09672
297 1.089551
298 1.076756
299 1.063489
300 1.045795
301 1.024468
302 0.9999509
303 0.981381
304 0.957668
305 0.9394011
306 0.9097466
307 0.8813249
308 0.8437514
309 0.8064094
310 0.7771116
311 0.7491947
312 0.7137996
313 0.6828985
314 0.6478372
315 0.6111038
316 0.5713764
317 0.5304124
318 0.4936047
319 0.460873
320 0.3951456
321 0.3351303
322 0.2916919
323 0.2408298
324 0.1910403
325 0.1307451
326 0.07038726
327 0.02000943
328 6.252211
329 6.202868
330 6.159674
331 6.10691
332 6.045531
333 6.002225
334 5.960809
335 5.925063
336 5.890618
337 5.849158
338 5.809962
339 5.772277
340 5.736349
341 5.70915
342 5.686994
343 5.666148
344 5.642739
345 5.621221
346 5.59621
347 5.570921
348 5.545379
349 5.519236
350 5.489882
351 5.468981
352 5.440853
353 5.424235
354 5.400494
355 5.377907
356 5.354703
357 5.33104
358 5.310307
359 5.290866
360 5.273474
361 5.254844
362 5.237274
363 5.216091
364 5.194129
365 5.171798
366 5.153324
367 5.132292
368 5.114554
369 5.095181
370 5.074475
371 5.052858
372 5.033363
373 5.010887
374 4.991526
375 4.970971
376 4.952064
377 4.929473
378 4.908072
379 4.88872
380 4.866148
381 4.843163
382 4.819906
383 4.793771
384 4.769209
385 4.745124
386 4.716907
387 4.696383
388 4.670364
389 4.649206
390 4.625397
391 4.607259
392 4.584521
393 4.56718
394 4.547792
395 4.531207
396 4.510291
397 4.491965
398 4.473965
399 4.454062
400 4.436926
401 4.418222
402 4.403993
403 4.385982
404 4.372192
405 4.35485
406 4.338285
407 4.323254
408 4.310959
409 4.299987
410 4.285394
411 4.270515
412 4.256042
413 4.243536
414 4.23145
415 4.221112
416 4.208141
417 4.194049
418 4.181649
419 4.170709
420 4.161169
421 4.150341
422 4.139583
423 4.127417
424 4.117859
425 4.106915
426 4.096126
427 4.082876
428 4.073658
429 4.063158
430 4.053027
431 4.041435
432 4.031164
433 4.021254
434 4.013281
435 4.00308
436 3.993518
437 3.983642
438 3.972602
439 3.961107
440 3.950364
441 3.940888
442 3.930731
443 3.922549
444 3.913566
445 3.905347
446 3.895459
447 3.886452
448 3.87569
449 3.865928
450 3.854565
451 3.844862
452 3.833068
453 3.824363
454 3.815144
455 3.804009
456 3.79384
457 3.781879
458 3.771649
459 3.761965
460 3.750213
461 3.739447
462 3.729578
463 3.719242
464 3.708454
465 3.695927
466 3.685242
467 3.672168
468 3.661673
469 3.648923
470 3.635398
471 3.622918
472 3.60869
473 3.59345
474 3.580317
475 3.566415
476 3.553442
477 3.539704
478 3.525964
479 3.510794
480 3.498146
481 3.482308
482 3.465316
483 3.449177
484 3.433911
485 3.416227
486 3.401529
487 3.385743
488 3.36654
489 3.347872
490 3.329891
491 3.310692
492 3.29394
493 3.275747
494 3.258634
495 3.241845
496 3.223759
497 3.201639
498 3.177077
499 3.150751
500 3.127829
501 3.109102
502 3.083677
503 3.064832
504 3.035354
505 3.002003
506 2.975519
507 2.948459
508 2.926825
509 2.897177
510 2.87299
511 2.846865
512 2.819861
513 2.788567
514 2.766543
515 2.738312
516 2.719621
517 2.689409
518 2.656454
519 2.612204
520 2.582125
521 2.555973
522 2.519823
523 2.492373
524 2.463732
525 2.437909
526 2.404908
527 2.375391
528 2.351643
529 2.325938
530 2.294561
531 2.265522
532 2.228577
533 2.199184
534 2.169474
535 2.146946
536 2.122532
537 2.095263
538 2.069828
539 2.040957
540 2.01555
541 1.990049
542 1.965118
543 1.944124
544 1.92083
545 1.898095
546 1.875839
547 1.85385
548 1.832356
549 1.80883
550 1.785785
551 1.763506
552 1.744381
553 1.725703
554 1.705244
555 1.683273
556 1.668368
557 1.651979
558 1.638194
559 1.622984
560 1.610081
561 1.595845
562 1.583864
563 1.572295
564 1.559559
565 1.547343
566 1.534105
567 1.522879
568 1.512239
569 1.499683
570 1.488047
571 1.479937
572 1.469971
573 1.46132
574 1.452913
575 1.442925
576 1.436302
577 1.430041
578 1.421664
579 1.415975
580 1.408915
581 1.403009
582 1.398206
583 1.392914
584 1.387838
585 1.382792
586 1.377705
587 1.373039
588 1.367197
589 1.361173
590 1.352556
591 1.343576
592 1.33655
593 1.329175
594 1.319632
595 1.310095
596 1.300414
597 1.285509
598 1.27051
599 1.255366
600 1.236479
601 1.220221
602 1.199043
603 1.175136
604 1.150878
605 1.120816
606 1.095751
607 1.065399
608 1.039504
609 1.008346
610 0.9740449
611 0.9342175
612 0.8994639
613 0.8609691
614 0.828447
615 0.7865362
616 0.7483452
617 0.6956564
618 0.6523721
619 0.6141818
620 0.5658219
621 0.5099228
622 0.4580091
623 0.3986413
624 0.3531274
625 0.306504
626 0.2570493
627 0.1980062
628 0.1443541
629 0.09479931
630 0.0426474
631 6.280603
632 6.236515
633 6.1911
634 6.140999
635 6.097712
636 6.051634
637 6.013363
638 5.973585
639 5.944553
640 5.913639
641 5.88119
642 5.857898
643 5.83321
644 5.811007
645 5.788531
646 5.772549
647 5.755949
648 5.743488
649 5.727046
650 5.718207
651 5.70917
652 5.702571
653 5.698962
654 5.697886
655 5.700714
656 5.706424
657 5.716891
658 5.731339
659 5.759737
660 5.778836
661 5.79105
662 5.817209
663 5.847305
664 5.880054
665 5.95661
666 6.018093
667 6.101759
668 6.161102
669 6.210122
670 6.252441
671 0.02186844
672 0.08685412
673 0.1407589
674 0.2045231
675 0.2581212
676 0.3177442
677 0.3853307
678 0.4502786
679 0.5231669
680 0.602604
681 0.6650456
682 0.7300633
683 0.7789599
684 0.8343982
685 0.8798855
686 0.9163735
687 0.9489502
688 0.9780444
689 1.00708
690 1.02667
691 1.045835
692 1.060075
693 1.073446
694 1.083961
695 1.090838
696 1.096005
697 1.098097
698 1.097044
699 1.092215
700 1.083256
701 1.072072
702 1.057804
703 1.041685
704 1.020094
705 1.000991
706 0.9801155
707 0.9590322
708 0.9350883
709 0.9117116
710 0.8776093
711 0.849179
712 0.8210752
713 0.7969421
714 0.7651747
715 0.7252516
716 0.6761354
717 0.6300224
718 0.5986684
719 0.5643649
720 0.5156727
721 0.4746575
722 0.4230285
723 0.3813148
724 0.3340853
725 0.2843423
726 0.2283014
727 0.1676579
728 0.1048998
729 0.06566204
730 0.01492196
731 6.23205
732 6.166079
733 6.107033
734 6.057776
735 6.020704
736 5.986674
737 5.957681
738 5.915266
739 5.879217
740 5.84829
741 5.814517
742 5.785292
743 5.758542
744 5.730196
745 5.704391
746 5.680989
747 5.654128
748 5.630505
749 5.603492
750 5.579771
751 5.553176
752 5.522455
753 5.496406
754 5.477093
755 5.455375
756 5.432169
757 5.411322
758 5.384235
759 5.359848
760 5.333
761 5.316631
762 5.299404
763 5.280493
764 5.260008
765 5.238379
766 5.213228
767 5.190935
768 5.172738
769 5.156364
770 5.138387
771 5.118904
772 5.100835
773 5.079312
774 5.057
775 5.03468
776 5.014
777 4.99541
778 4.976099
779 4.958042
780 4.936478
781 4.916985
782 4.894252
783 4.87115
784 4.845297
785 4.817408
786 4.795349
787 4.773139
788 4.751687
789 4.728308
790 4.698837
791 4.674298
792 4.649576
793 4.622221
794 4.598126
795 4.577416
796 4.557402
797 4.537868
798 4.516252
799 4.497445
800 4.472158
801 4.454112
802 4.43686
803 4.418197
804 4.399893
805 4.381793
806 4.367972
807 4.348726
808 4.334001
809 4.32217
810 4.308202
811 4.294038
812 4.279394
813 4.26785
814 4.254957
815 4.241066
816 4.230608
817 4.218918
818 4.207529
819 4.196378
820 4.186806
821 4.174804
822 4.162815
823 4.15347
824 4.142807
825 4.132215
826 4.12149
