0 0
1 -40.62
2 -40.62
3 -40.62876
4 -40.6725
5 -40.76559
6 -40.89748
7 -41.11697
8 -41.46913
9 -41.80248
10 -42.42084
11 -43.37715
12 -44.44823
13 -45.70457
14 -47.28246
15 -48.91403
16 -50.20894
17 -51.77159
18 -53.44351
19 -55.01895
20 -56.46436
21 -58.41186
22 -60.45649
23 -62.35269
24 -64.32042
25 -66.35706
26 -68.99568
27 -71.17769
28 -73.7045
29 -76.30412
30 -78.673
31 -81.39994
32 -83.87592
33 -86.39801
34 -88.96342
35 -91.56937
36 -93.88063
37 -96.89154
38 -99.60193
39 -102.3412
40 -105.1064
41 -107.5448
42 -109.9986
43 -113.1726
44 -115.653
45 -118.45
46 -120.4553
47 -122.6549
48 -124.7179
49 -127.0499
50 -129.1037
51 -131.4629
52 -133.5027
53 -135.7199
54 -137.5142
55 -139.413
56 -141.0495
57 -142.9356
58 -144.597
59 -146.5025
60 -148.3754
61 -150.1307
62 -151.7307
63 -153.0406
64 -154.5456
65 -156.0586
66 -157.3855
67 -158.8967
68 -160.1488
69 -161.2926
70 -162.4737
71 -163.5837
72 -164.5567
73 -165.6662
74 -166.7572
75 -167.7768
76 -168.6776
77 -169.469
78 -170.2742
79 -170.8952
80 -171.5969
81 -172.1994
82 -172.7535
83 -173.2372
84 -173.7271
85 -174.1366
86 -174.5324
87 -175.0143
88 -175.342
89 -175.6479
90 -175.8889
91 -176.11
92 -176.2807
93 -176.4048
94 -176.5106
95 -176.5754
96 -176.571
97 -176.5134
98 -176.4254
99 -176.2855
100 -176.0327
101 -175.7102
102 -175.3412
103 -174.9708
104 -174.5925
105 -174.1261
106 -173.6798
107 -173.2131
108 -172.6019
109 -171.9742
110 -171.3241
111 -170.7078
112 -169.8978
113 -169.1613
114 -168.223
115 -167.1685
116 -166.333
117 -165.4369
118 -164.3601
119 -163.4183
120 -162.5107
121 -161.5223
122 -160.1703
123 -158.8627
124 -157.8086
125 -156.6521
126 -155.5087
127 -154.0894
128 -152.5267
129 -150.6184
130 -148.9605
131 -146.5448
132 -144.7658
133 -142.9806
134 -140.8711
135 -138.8722
136 -136.7634
137 -134.3043
138 -131.8179
139 -129.5829
140 -127.2681
141 -124.8425
142 -122.3079
143 -119.6657
144 -116.9178
145 -113.3375
146 -109.9802
147 -106.4981
148 -103.3009
149 -100.0102
150 -96.19893
151 -92.27531
152 -88.69604
153 -85.49521
154 -81.76036
155 -78.4269
156 -74.54412
157 -71.08427
158 -67.56765
159 -63.99549
160 -59.32301
161 -55.62854
162 -51.3432
163 -46.99214
164 -43.13245
165 -38.66372
166 -34.13025
167 -29.54107
168 -25.47673
169 -20.77841
170 -16.02431
171 -10.00518
172 -5.742472
173 -0.8222152
174 3.524704
175 8.539328
176 12.22586
177 16.33355
178 21.84969
179 25.47055
180 29.39954
181 32.84931
182 37.35983
183 41.43854
184 45.8955
185 50.04387
186 53.10569
187 56.21167
188 60.28479
189 63.36815
190 67.08264
191 70.58732
192 74.13037
193 77.76733
194 80.65829
195 83.89124
196 86.88721
197 89.98076
198 92.49147
199 94.88044
200 97.33797
201 99.41576
202 102.0933
203 103.9984
204 106.2382
205 108.1074
206 109.7936
207 111.935
208 113.8889
209 115.4047
210 116.7235
211 117.9596
212 119.0803
213 120.3902
214 121.7371
215 122.7379
216 123.5682
217 124.3286
218 125.2054
219 125.9831
220 126.6821
221 127.235
222 127.7083
223 128.1083
224 128.4445
225 128.7818
226 129.0795
227 129.2288
228 129.3132
229 129.3347
230 129.2635
231 129.1065
232 128.8508
233 128.4886
234 128.0719
235 127.4914
236 126.8736
237 126.2534
238 125.453
239 124.5551
240 123.5594
241 122.6084
242 121.585
243 120.1654
244 118.9822
245 117.5477
246 116.0279
247 114.4268
248 112.749
249 110.9995
250 109.1832
251 107.306
252 105.1294
253 102.8949
254 100.3588
255 98.04102
256 95.59842
257 93.42271
258 91.13013
259 88.95577
260 87.26379
261 85.73034
262 84.26089
263 83.09805
264 82.35107
265 81.71046
266 81.257
267 80.95464
268 80.70892
269 80.60787
270 80.72041
271 80.98856
272 81.26741
273 81.64561
274 82.1908
275 82.9405
276 83.72709
277 84.91815
278 86.46989
279 88.25297
280 89.95631
281 91.67621
282 93.56876
283 95.62871
284 97.85001
285 99.95589
286 102.4663
287 104.5176
288 106.963
289 109.1877
290 111.8229
291 114.9011
292 118.0945
293 121.0226
294 123.6481
295 126.3287
296 129.4544
297 132.2389
298 135.8787
299 138.7492
300 141.9081
301 145.1776
302 148.4671
303 150.8497
304 153.6393
305 155.6161
306 158.4833
307 160.6372
308 163.0215
309 165.0807
310 166.5074
311 167.7523
312 169.1786
313 170.3502
314 171.5355
315 172.6231
316 173.6468
317 174.5611
318 175.2916
319 175.8647
320 176.8206
321 177.532
322 177.948
323 178.3189
324 178.575
325 178.7718
326 178.8703
327 178.8766
328 178.808
329 178.6529
330 178.4445
331 178.127
332 177.6309
333 177.1771
334 176.6395
335 176.0785
336 175.4835
337 174.7543
338 173.9746
339 173.0738
340 172.0564
341 171.162
342 170.3443
343 169.5265
344 168.6117
345 167.7309
346 166.6304
347 165.4272
348 164.1185
349 162.7014
350 161.0156
351 159.736
352 157.91
353 156.7946
354 155.2368
355 153.7357
356 152.1241
357 150.4006
358 148.8231
359 147.2889
360 145.8683
361 144.3043
362 142.8468
363 141.0757
364 139.1921
365 137.2268
366 135.5571
367 133.5994
368 131.9201
369 130.1258
370 128.2185
371 126.1985
372 124.3391
373 122.1324
374 120.1837
375 118.0695
376 116.0698
377 113.7216
378 111.5177
379 109.5006
380 107.0956
381 104.5859
382 101.9748
383 98.9485
384 96.04054
385 93.12258
386 89.76058
387 87.39375
388 84.29821
389 81.71564
390 78.70149
391 76.28013
392 73.07119
393 70.50327
394 67.49396
395 64.79781
396 61.24823
397 58.01748
398 54.71854
399 50.95738
400 47.60316
401 43.82383
402 40.85837
403 36.9852
404 33.92411
405 29.92888
406 26.07854
407 22.5324
408 19.57505
409 16.96297
410 13.53737
411 10.03977
412 6.473331
413 3.247774
414 -0.0277158
415 -2.933281
416 -6.721062
417 -10.99533
418 -14.89812
419 -18.40932
420 -21.51245
421 -25.0923
422 -28.70593
423 -32.80867
424 -36.02515
425 -39.72106
426 -43.43734
427 -48.1156
428 -51.4103
429 -55.1756
430 -58.91369
431 -63.07058
432 -66.72289
433 -70.22783
434 -73.10885
435 -76.61234
436 -79.71889
437 -82.85062
438 -86.40263
439 -89.9826
440 -93.18275
441 -95.97022
442 -98.98862
443 -101.4116
444 -104.026
445 -106.3186
446 -108.9625
447 -111.2944
448 -113.9777
449 -116.3388
450 -119.0167
451 -121.2553
452 -123.9198
453 -125.8738
454 -127.8381
455 -130.1
456 -132.0912
457 -134.3563
458 -136.2446
459 -138.0003
460 -140.1079
461 -141.9731
462 -143.6186
463 -145.2739
464 -146.9304
465 -148.7686
466 -150.272
467 -152.0498
468 -153.407
469 -154.9662
470 -156.5296
471 -157.8931
472 -159.3635
473 -160.8487
474 -162.0431
475 -163.2146
476 -164.2392
477 -165.2596
478 -166.2213
479 -167.2049
480 -167.9713
481 -168.885
482 -169.7952
483 -170.596
484 -171.2821
485 -172.0074
486 -172.5599
487 -173.1059
488 -173.7168
489 -174.2492
490 -174.7016
491 -175.1217
492 -175.4395
493 -175.7342
494 -175.9651
495 -176.1531
496 -176.3164
497 -176.4629
498 -176.5591
499 -176.5921
500 -176.5672
501 -176.511
502 -176.3836
503 -176.2544
504 -175.999
505 -175.6443
506 -175.3086
507 -174.9154
508 -174.5653
509 -174.0358
510 -173.5723
511 -173.0356
512 -172.4411
513 -171.6936
514 -171.133
515 -170.3818
516 -169.8709
517 -169.0132
518 -168.0369
519 -166.637
520 -165.6139
521 -164.6812
522 -163.3669
523 -162.3657
524 -161.26
525 -160.2038
526 -158.776
527 -157.4092
528 -156.2544
529 -155.0171
530 -153.4905
531 -152.011
532 -149.9967
533 -148.2898
534 -146.439
535 -144.9438
536 -143.2898
537 -141.4875
538 -139.7621
539 -137.6823
540 -135.7106
541 -133.6237
542 -131.4222
543 -129.4033
544 -126.9917
545 -124.4708
546 -121.8422
547 -119.1076
548 -116.2689
549 -112.9536
550 -109.5121
551 -105.9476
552 -102.6784
553 -99.31692
554 -95.42741
555 -90.97578
556 -87.78047
557 -84.05099
558 -80.72149
559 -76.8426
560 -73.38551
561 -69.36443
562 -65.78616
563 -62.15329
564 -57.93627
565 -53.65155
566 -48.75232
567 -44.32927
568 -39.84408
569 -34.14935
570 -28.36625
571 -24.26372
572 -18.92634
573 -14.1239
574 -9.268194
575 -3.125498
576 1.221599
577 5.606783
578 11.92565
579 16.27714
580 21.5654
581 25.98402
582 29.63787
583 33.57671
584 37.31903
585 41.10152
586 44.95321
587 48.37898
588 52.35156
589 55.73855
590 59.81605
591 63.58935
592 66.75845
593 69.9687
594 73.67874
595 77.05078
596 79.92324
597 83.35125
598 86.15311
599 88.72963
600 91.80815
601 94.3539
602 96.96752
603 99.47906
604 101.7648
605 104.3163
606 106.3349
607 108.6812
608 110.4683
609 112.3107
610 114.0862
611 115.8319
612 117.1713
613 118.5381
614 119.619
615 120.8822
616 121.9102
617 123.1348
618 124.0134
619 124.7203
620 125.5364
621 126.3484
622 127.0062
623 127.6597
624 128.086
625 128.4388
626 128.7258
627 129.0014
628 129.1893
629 129.3036
630 129.3548
631 129.3239
632 129.2352
633 129.0773
634 128.8099
635 128.4845
636 128.0134
637 127.4968
638 126.8035
639 126.1807
640 125.3789
641 124.3613
642 123.4856
643 122.3956
644 121.2126
645 119.7734
646 118.5764
647 117.1274
648 115.7922
649 113.5735
650 112.0885
651 110.1015
652 108.0336
653 106.1339
654 103.6887
655 101.4335
656 99.39725
657 97.08639
658 95.14332
659 92.55516
660 90.32341
661 88.07186
662 86.00663
663 84.60431
664 83.54232
665 82.09713
666 81.35703
667 80.88525
668 80.6594
669 80.54942
670 80.52425
671 80.57599
672 80.75405
673 80.98579
674 81.36637
675 81.76362
676 82.25179
677 82.85632
678 83.54851
679 84.49882
680 85.77982
681 87.01893
682 88.6004
683 90.02161
684 91.99036
685 93.94109
686 95.81294
687 97.80988
688 99.92765
689 102.4496
690 104.5091
691 106.9632
692 109.1949
693 111.8376
694 114.5741
695 117.0419
696 119.9417
697 122.921
698 125.9743
699 129.4903
700 133.0829
701 136.3327
702 139.474
703 142.3822
704 145.6981
705 148.389
706 151.2103
707 153.8136
708 156.4694
709 158.7244
710 161.2357
711 163.0075
712 164.5789
713 165.7973
714 167.2737
715 168.9567
716 170.786
717 172.2407
718 173.0965
719 173.9249
720 174.9598
721 175.7106
722 176.5167
723 177.0688
724 177.5865
725 178.0222
726 178.4052
727 178.7124
728 178.9134
729 178.9668
730 178.9543
731 178.8334
732 178.5915
733 178.2441
734 177.8329
735 177.4308
736 176.9917
737 176.5764
738 175.9417
739 175.334
740 174.7266
741 173.9598
742 173.197
743 172.4122
744 171.5221
745 170.7054
746 169.9124
747 168.9144
748 167.9582
749 166.7681
750 165.6403
751 164.2803
752 162.6113
753 161.1123
754 159.9684
755 158.7192
756 157.3622
757 156.0851
758 154.3187
759 152.6297
760 150.6629
761 149.4032
762 148.0363
763 146.5032
764 144.8569
765 143.0985
766 140.9875
767 139.0511
768 137.4185
769 135.9124
770 134.2306
771 132.4342
772 130.7699
773 128.7621
774 126.6441
775 124.4806
776 122.414
777 120.4912
778 118.5121
779 116.6891
780 114.5023
781 112.4995
782 110.1097
783 107.6224
784 104.7638
785 101.583
786 99.00779
787 96.40726
788 93.87711
789 91.10731
790 87.62435
791 84.64128
792 81.5426
793 77.96945
794 74.6568
795 71.66238
796 68.6262
797 65.52709
798 61.96165
799 58.7346
800 54.20251
801 50.87484
802 47.5718
803 43.87423
804 40.13111
805 36.31341
806 33.29498
807 28.91191
808 25.51479
809 22.73954
810 19.38513
811 16.00566
812 12.55177
813 9.816422
814 6.639912
815 3.004233
816 0.1328661
817 -3.193706
818 -6.566521
819 -9.983721
820 -13.00871
821 -16.94375
822 -20.92781
823 -24.05841
824 -27.66851
825 -31.31098
826 -34.98355
