0 0
1 108.73
2 108.73
3 108.723
4 108.6877
5 108.6106
6 108.4996
7 108.31
8 107.9936
9 107.6979
10 107.1782
11 106.4076
12 105.5542
13 104.5634
14 103.3314
15 102.0673
16 101.0684
17 99.86491
18 98.57758
19 97.36306
20 96.24588
21 94.73457
22 93.13863
23 91.64857
24 90.09077
25 88.4646
26 86.33463
27 84.5521
28 82.46247
29 80.28281
30 78.26904
31 75.91683
32 73.74809
33 71.50527
34 69.18761
35 66.7944
36 64.63776
37 61.77827
38 59.15382
39 56.45073
40 53.66824
41 51.16785
42 48.60555
43 45.2193
44 42.51316
45 39.39507
46 37.1139
47 34.56503
48 32.12698
49 29.31181
50 26.77742
51 23.79875
52 21.16155
53 18.22614
54 15.79425
55 13.16126
56 10.83948
57 8.100624
58 5.629242
59 2.722175
60 -0.216558
61 -3.050098
62 -5.707253
63 -7.941674
64 -10.58014
65 -13.31479
66 -15.78669
67 -18.69462
68 -21.18557
69 -23.53485
70 -26.04654
71 -28.49829
72 -30.72744
73 -33.36997
74 -36.08932
75 -38.75727
76 -41.23411
77 -43.52131
78 -45.97583
79 -47.97123
80 -50.35061
81 -52.5186
82 -54.6343
83 -56.59983
84 -58.73352
85 -60.65233
86 -62.65307
87 -65.34425
88 -67.39434
89 -69.54896
90 -71.50569
91 -73.63583
92 -75.6465
93 -77.49381
94 -79.70374
95 -82.56783
96 -84.50219
97 -86.75719
98 -88.54687
99 -90.49268
100 -93.05485
101 -95.54963
102 -97.85686
103 -99.81882
104 -101.5743
105 -103.4881
106 -105.1245
107 -106.6871
108 -108.5569
109 -110.3124
110 -111.9899
111 -113.4669
112 -115.2644
113 -116.7827
114 -118.5826
115 -120.4542
116 -121.8412
117 -123.245
118 -124.827
119 -126.1273
120 -127.317
121 -128.55
122 -130.1428
123 -131.5908
124 -132.6967
125 -133.8488
126 -134.9287
127 -136.1964
128 -137.5106
129 -139.0128
130 -140.2365
131 -141.9014
132 -143.0458
133 -144.1305
134 -145.3358
135 -146.4077
136 -147.4704
137 -148.6274
138 -149.7124
139 -150.6205
140 -151.4993
141 -152.3576
142 -153.1914
143 -153.9966
144 -154.769
145 -155.6839
146 -156.4548
147 -157.172
148 -157.7619
149 -158.3054
150 -158.8588
151 -159.3489
152 -159.7306
153 -160.0225
154 -160.3077
155 -160.5147
156 -160.7025
157 -160.8237
158 -160.9046
159 -160.9456
160 -160.9397
161 -160.8896
162 -160.7842
163 -160.6276
164 -160.4493
165 -160.1994
166 -159.9002
167 -159.5562
168 -159.2178
169 -158.7881
170 -158.3134
171 -157.6567
172 -157.1552
173 -156.5404
174 -155.9668
175 -155.2716
176 -154.7382
177 -154.1213
178 -153.2551
179 -152.6628
180 -151.9991
181 -151.3983
182 -150.5872
183 -149.8291
184 -148.973
185 -148.1485
186 -147.5215
187 -146.8676
188 -145.9804
189 -145.2846
190 -144.4185
191 -143.5587
192 -142.6495
193 -141.679
194 -140.8769
195 -139.9391
196 -139.0204
197 -138.0109
198 -137.1403
199 -136.2644
200 -135.3064
201 -134.4468
202 -133.2639
203 -132.3641
204 -131.2381
205 -130.2408
206 -129.2864
207 -127.9816
208 -126.6834
209 -125.5889
210 -124.5608
211 -123.5229
212 -122.5163
213 -121.2471
214 -119.8166
215 -118.6454
216 -117.5811
217 -116.5139
218 -115.155
219 -113.8044
220 -112.4353
221 -111.2062
222 -110.0015
223 -108.8063
224 -107.6033
225 -106.0946
226 -104.2559
227 -102.8619
228 -101.5103
229 -99.88015
230 -98.20372
231 -96.54594
232 -94.75571
233 -92.84008
234 -91.03862
235 -88.90784
236 -86.92689
237 -85.13012
238 -83.00808
239 -80.8165
240 -78.55915
241 -76.53266
242 -74.45965
243 -71.72811
244 -69.55369
245 -67.01648
246 -64.42479
247 -61.77874
248 -59.07813
249 -56.32178
250 -53.50836
251 -50.63606
252 -47.33108
253 -43.9434
254 -40.07546
255 -36.49535
256 -32.62606
257 -29.0313
258 -25.10662
259 -21.34268
260 -18.32587
261 -15.41429
262 -12.32632
263 -9.534104
264 -7.476608
265 -5.427231
266 -3.637884
267 -2.027248
268 -0.0515065
269 2.334936
270 4.861475
271 6.940237
272 8.340702
273 9.780904
274 11.40568
275 13.19213
276 14.75071
277 16.74764
278 18.93737
279 21.0818
280 22.87504
281 24.50013
282 26.12826
283 27.75436
284 29.37566
285 30.81019
286 32.41771
287 33.66551
288 35.09157
289 36.34169
290 37.77689
291 39.40296
292 41.04548
293 42.52952
294 43.8549
295 45.21155
296 46.80774
297 48.25177
298 50.18481
299 51.75768
300 53.55133
301 55.49177
302 57.54861
303 59.11168
304 61.02895
305 62.45155
306 64.62174
307 66.35716
308 68.4174
309 70.34356
310 71.77745
311 73.10824
312 74.74332
313 76.18395
314 77.7496
315 79.30289
316 80.89906
317 82.47322
318 83.86388
319 85.05794
320 87.33709
321 89.38732
322 90.83659
323 92.44315
324 93.92355
325 95.63945
326 97.39997
327 98.93968
328 100.5891
329 102.2773
330 103.7428
331 105.3785
332 107.3588
333 108.8632
334 110.4238
335 111.8743
336 113.259
337 114.7868
338 116.2725
339 117.8561
340 119.5149
341 120.8831
342 122.0713
343 123.2045
344 124.4134
345 125.5263
346 126.8561
347 128.2422
348 129.6784
349 131.1582
350 132.8271
351 134.0339
352 135.6731
353 136.6277
354 137.9054
355 139.08
356 140.2851
357 141.5144
358 142.5896
359 143.5923
360 144.4837
361 145.4246
362 146.2646
363 147.2406
364 148.2277
365 149.2045
366 149.9933
367 150.8713
368 151.5836
369 152.3046
370 153.0273
371 153.7454
372 154.365
373 155.0508
374 155.6133
375 156.1789
376 156.6709
377 157.1956
378 157.6374
379 158.0001
380 158.3822
381 158.7243
382 159.0207
383 159.291
384 159.4784
385 159.5947
386 159.6356
387 159.6042
388 159.492
389 159.3396
390 159.0953
391 158.8492
392 158.4584
393 158.0949
394 157.6139
395 157.1344
396 156.4357
397 155.7352
398 154.9583
399 153.9983
400 153.0767
401 151.966
402 151.0416
403 149.7661
404 148.7045
405 147.2498
406 145.7746
407 144.3509
408 143.1144
409 141.9846
410 140.4497
411 138.8204
412 137.0963
413 135.484
414 133.7971
415 132.2599
416 130.2
417 127.8009
418 125.5426
419 123.4564
420 121.5699
421 119.3438
422 117.0428
423 114.3643
424 112.2148
425 109.6902
426 107.0928
427 103.7394
428 101.3218
429 98.50188
430 95.64277
431 92.39202
432 89.47047
433 86.60825
434 84.21296
435 81.2455
436 78.55778
437 75.79269
438 72.59046
439 69.29179
440 66.27737
441 63.59845
442 60.64189
443 58.22539
444 55.57146
445 53.20195
446 50.41835
447 47.91615
448 44.97961
449 42.34222
450 39.28779
451 36.6807
452 33.50943
453 31.13319
454 28.69802
455 25.83376
456 23.25612
457 20.25658
458 17.69833
459 15.26962
460 12.28509
461 9.576982
462 7.133441
463 4.620659
464 2.047504
465 -0.8814799
466 -3.339426
467 -6.326913
468 -8.672683
469 -11.44266
470 -14.30792
471 -16.88561
472 -19.75587
473 -22.76375
474 -25.27611
475 -27.83324
476 -30.15322
477 -32.55017
478 -34.89655
479 -37.40046
480 -39.43713
481 -41.98067
482 -44.6554
483 -47.14352
484 -49.39634
485 -51.92593
486 -53.97855
487 -56.14257
488 -58.76691
489 -61.27237
490 -63.61234
491 -66.02431
492 -68.06443
493 -70.20778
494 -72.15321
495 -74.02883
496 -76.01536
497 -78.37852
498 -80.87471
499 -83.40602
500 -85.52607
501 -87.21318
502 -89.45871
503 -91.07551
504 -93.5212
505 -96.12028
506 -98.13377
507 -100.1513
508 -101.7312
509 -103.8453
510 -105.5016
511 -107.2505
512 -109.0219
513 -111.0516
514 -112.4534
515 -114.195
516 -115.306
517 -117.0585
518 -118.9056
519 -121.3274
520 -122.9556
521 -124.3478
522 -126.176
523 -127.4779
524 -128.8383
525 -130.0711
526 -131.6452
527 -133.0627
528 -134.1965
529 -135.3504
530 -136.695
531 -137.9234
532 -139.4914
533 -140.7353
534 -142.0051
535 -142.9746
536 -143.9897
537 -145.0308
538 -145.9691
539 -147.0315
540 -147.9757
541 -148.9131
542 -149.838
543 -150.6343
544 -151.5264
545 -152.3957
546 -153.2386
547 -154.0512
548 -154.83
549 -155.6622
550 -156.4434
551 -157.1704
552 -157.7687
553 -158.32
554 -158.8814
555 -159.4295
556 -159.7646
557 -160.0979
558 -160.3458
559 -160.5789
560 -160.7385
561 -160.8701
562 -160.9409
563 -160.9705
564 -160.9539
565 -160.8841
566 -160.7421
567 -160.5602
568 -160.3271
569 -159.9644
570 -159.5275
571 -159.1772
572 -158.6734
573 -158.1753
574 -157.6301
575 -156.8833
576 -156.3183
577 -155.7197
578 -154.8096
579 -154.1516
580 -153.3169
581 -152.5893
582 -151.9668
583 -151.2741
584 -150.5944
585 -149.8864
586 -149.1445
587 -148.4671
588 -147.6595
589 -146.9495
590 -146.0631
591 -145.2073
592 -144.462
593 -143.6821
594 -142.7451
595 -141.8611
596 -141.0795
597 -140.101
598 -139.2537
599 -138.4309
600 -137.3873
601 -136.4729
602 -135.4745
603 -134.4474
604 -133.447
605 -132.2451
606 -131.223
607 -129.9481
608 -128.9075
609 -127.7591
610 -126.5675
611 -125.2932
612 -124.2292
613 -123.0518
614 -122.0487
615 -120.7824
616 -119.6631
617 -118.1919
618 -117.0151
619 -115.9735
620 -114.6461
621 -113.152
622 -111.7674
623 -110.1665
624 -108.9303
625 -107.7072
626 -106.4803
627 -104.9467
628 -103.4611
629 -101.998
630 -100.2871
631 -98.79324
632 -97.46696
633 -96.0301
634 -94.28789
635 -92.63344
636 -90.66053
637 -88.81355
638 -86.63685
639 -84.87557
640 -82.7933
641 -80.36721
642 -78.42205
643 -76.13948
644 -73.79547
645 -71.08735
646 -68.93066
647 -66.41322
648 -64.16433
649 -60.54324
650 -58.18361
651 -55.0855
652 -51.91338
653 -49.0295
654 -45.33514
655 -41.91931
656 -38.80496
657 -35.21178
658 -32.10804
659 -27.77819
660 -23.8691
661 -19.86027
662 -15.996
663 -13.16125
664 -10.81224
665 -7.071918
666 -4.690508
667 -2.56216
668 -0.8733832
669 0.73448
670 2.173921
671 3.945862
672 5.888843
673 7.390018
674 9.127709
675 10.50725
676 11.86722
677 13.25121
678 14.60088
679 16.19763
680 18.04523
681 19.60913
682 21.38511
683 22.82363
684 24.63371
685 26.26619
686 27.71624
687 29.16418
688 30.60915
689 32.23075
690 33.49051
691 34.93126
692 36.19501
693 37.64651
694 39.10982
695 40.4038
696 41.90347
697 43.43217
698 44.99787
699 46.81398
700 48.70148
701 50.45037
702 52.19215
703 53.86275
704 55.85218
705 57.54358
706 59.3975
707 61.18816
708 63.10452
709 64.81495
710 66.84275
711 68.37438
712 69.81738
713 71.00111
714 72.52607
715 74.39886
716 76.63273
717 78.60147
718 79.86715
719 81.1926
720 83.02782
721 84.51709
722 86.32395
723 87.74633
724 89.30121
725 90.86785
726 92.59535
727 94.48989
728 96.53373
729 97.78391
730 99.27523
731 101.0341
732 102.8685
733 104.7059
734 106.425
735 107.854
736 109.2305
737 110.3977
738 111.992
739 113.3663
740 114.6363
741 116.1261
742 117.5083
743 118.8427
744 120.2608
745 121.4858
746 122.6173
747 123.9734
748 125.2106
749 126.6772
750 128.0009
751 129.5219
752 131.2868
753 132.7837
754 133.8722
755 135.0106
756 136.1932
757 137.2597
758 138.6678
759 139.9477
760 141.3634
761 142.2308
762 143.1381
763 144.1143
764 145.1164
765 146.1373
766 147.2998
767 148.309
768 149.1193
769 149.8344
770 150.5961
771 151.3684
772 152.0475
773 152.8218
774 153.5872
775 154.3165
776 154.965
777 155.5265
778 156.0625
779 156.5196
780 157.0227
781 157.4416
782 157.8904
783 158.3005
784 158.7022
785 159.0642
786 159.2928
787 159.4661
788 159.5797
789 159.641
790 159.6235
791 159.5279
792 159.3542
793 159.0626
794 158.7083
795 158.3219
796 157.8683
797 157.3437
798 156.6656
799 155.9854
800 154.927
801 154.0747
802 153.1673
803 152.0801
804 150.9041
805 149.6286
806 148.567
807 146.9447
808 145.6225
809 144.4996
810 143.0899
811 141.6108
812 140.0387
813 138.7504
814 137.2075
815 135.3824
816 133.8978
817 132.1316
818 130.2914
819 128.3773
820 126.642
821 124.3283
822 121.9217
823 119.9851
824 117.7021
825 115.3447
826 112.9124
