0 0
1 0.258991474928598
2 2.04044047724161
3 2.50701732839826
4 1.08372214182633
5 0.946105759009897
6 1.37952132447605
7 2.06127411901745
8 2.8086370087322
9 3.7019951382611
10 4.71745009624469
11 5.59683284092257
12 6.54054233976891
13 7.64849386493323
14 8.52098561876237
15 9.34921932477648
16 10.1530234542325
17 10.941142461423
18 11.7158567521047
19 12.7679229044158
20 13.5217705734179
21 14.2623605136738
22 14.9903913954816
23 15.6173551107265
24 16.4099978559709
25 17.0148276406381
26 17.6126261212706
27 18.2854115726787
28 18.9474047601253
29 19.6792891904436
30 20.3185023531907
31 20.9471266744469
32 21.5652483061313
33 22.0968013943683
34 22.6953667430318
35 23.2837835042677
36 23.7905132275058
37 24.3603826178311
38 24.850992003429
39 25.4029343138621
40 25.877921106859
41 26.4120017438349
42 26.8716782917826
43 27.388425952479
44 27.833135604629
45 28.3308448804248
46 28.761892938548
47 29.2460297043677
48 29.6625233544431
49 30.1300267012776
50 30.5317507496273
51 30.9727244365272
52 31.3611432444785
53 31.7416130021357
54 32.2204616999102
55 32.6391240985127
56 33.0430305494784
57 33.4356940433133
58 33.7687878141511
59 34.1337309128883
60 34.4294642407331
61 34.6250719413832
62 34.425382423825
63 33.6820696456556
64 32.0471807844144
65 30.4739592202396
66 29.5748568184552
67 29.748908822515
68 29.7992348040316
69 28.3515776041699
70 26.6835799613679
71 25.0374106449158
72 24.2958956525103
73 24.779700327861
74 25.2263161162165
75 25.2221772028595
76 23.8294393040953
77 22.0810294393054
78 21.6411493925631
79 22.1625512752246
80 22.689139570772
81 22.8129565144782
82 21.3126997457291
83 19.8425701921221
84 19.4075087120247
85 19.9683974733844
86 20.4495912430624
87 20.8160493825116
88 20.5405495345687
89 19.1183680035355
90 17.7245984139444
91 17.2894146749242
92 17.8288923429057
93 18.4047639745059
94 18.9460791776349
95 19.1261649058014
96 18.8278473300057
97 18.6920391497955
98 18.8317494281476
99 19.1813383231917
100 19.443965034692
101 19.3377404788484
102 19.3258281267423
103 19.6914586990203
104 20.4724371065939
105 21.2550457937754
106 21.8824777734269
107 22.5807511051034
108 23.2713624071048
109 23.8055727862363
110 24.4105270483006
111 25.0721176237148
112 25.5837963355168
113 26.138612876763
114 26.7029627331084
115 27.2584317901514
116 27.8014478494907
117 28.2671622241755
118 28.7802145160876
119 29.228244167993
120 29.7308673783191
121 30.3499924209597
122 30.7654347018539
123 31.2919886994055
124 31.804954422724
125 32.1967393457533
126 32.6428325022493
127 33.1264888249628
128 33.6527886238542
129 34.114087235597
130 34.5188618421089
131 34.918013291563
132 35.3167575954314
133 35.7431347911794
134 36.114958692298
135 36.5351279585509
136 36.9504512457318
137 37.267897389368
138 37.754283719928
139 38.0564575777165
140 38.4327694364904
141 38.723334673406
142 39.0484540163434
143 39.3665417411114
144 39.6684038836645
145 39.9683323646541
146 40.2890535022732
147 40.5224272805789
148 40.624652108025
149 40.7956697469958
150 38.9859643024621
151 37.0304059958883
152 35.0188754455016
153 32.9892021465892
154 31.2205152506182
155 29.6228890980558
156 27.8779823991015
157 25.6647819717912
158 24.7732722084325
159 23.3396828365121
160 21.7511986700661
161 20.2504695125886
162 18.4907206363738
163 18.3390237434781
164 18.4766369835547
165 18.1153232480227
166 16.7374483562685
167 15.5676895291613
168 14.3264980062079
169 13.3539132202198
170 13.3444436948491
171 13.7547460847288
172 14.0777165142077
173 12.9832635729881
174 11.7524990654725
175 11.6179495891173
176 12.325860940433
177 13.1794744459663
178 14.0602634086852
179 14.7618952424543
180 15.6501915344211
181 16.4523806169797
182 17.1537479769539
183 17.9401568968891
184 18.7066086607832
185 19.4319164317748
186 20.1526788045228
187 20.7642636859392
188 21.4444781144404
189 22.0561627916542
190 22.6870666693696
191 23.3026128603399
192 23.8492610632024
193 24.5028746355313
194 25.1435699889148
195 25.7705458577398
196 26.3142339463236
197 26.8427299770879
198 27.3490335743533
199 27.8237769059181
200 28.3151858179781
201 28.5054153748157
202 28.746210570796
203 26.7407570045074
204 24.8089694878169
205 22.75856295078
206 20.9934696212533
207 19.2129893269033
208 18.9202883084591
209 18.1661360168054
210 16.9882607323163
211 15.1661204962634
212 13.9296320292065
213 12.2629950787953
214 10.9507204493705
215 11.343628807343
216 11.8821863783757
217 12.6628126403174
218 13.497971601087
219 14.5419855961121
220 15.4643520808419
221 16.4718065157731
222 17.4763679787845
223 18.3505627680856
224 19.3782606366217
225 20.1627666168435
226 20.8110549200725
227 21.5157660239423
228 22.1106713970502
229 22.757023440053
230 23.3007269080912
231 23.8974074581438
232 24.4007899530838
233 24.9546504453806
234 25.4214814096306
235 25.9282691476873
236 26.4206878349266
237 26.8876392001531
238 27.3370750591207
239 27.6475573578465
240 28.0211834900093
241 28.3393297845447
242 26.6223247567305
243 24.3445842575962
244 22.9620478820145
245 21.622603441386
246 20.5418020177095
247 20.9301745882035
248 19.4298899059904
249 17.7881725301915
250 16.2525884556281
251 14.9162611200113
252 15.1070784347095
253 15.6767477115365
254 16.0415304880096
255 15.6392587936039
256 14.3538945322731
257 13.1127877595937
258 12.8508795519934
259 13.3479285273963
260 14.0303931524095
261 14.5255831548215
262 13.7467513950994
263 12.4478723459557
264 12.7828839414028
265 13.5822271191444
266 14.6084405511067
267 15.4512192764993
268 16.0723596609698
269 16.8974969786212
270 17.5941726127755
271 18.11520041782
272 18.3622079009112
273 18.4856911943535
274 18.7918810356171
275 19.3634985655427
276 20.002459258542
277 20.5511766016099
278 21.1285452126661
279 21.6544049524211
280 22.2117983015831
281 22.7529658754306
282 22.8242216230316
283 22.6362811519875
284 22.5434561800704
285 22.7604053186809
286 22.9369759308254
287 23.008662669271
288 22.8434851993579
289 22.6863975502883
290 22.7495789571647
291 23.0320545505992
292 23.4253800929252
293 23.8336854061759
294 24.1684398115332
295 24.62233332973
296 25.0941968947351
297 25.6231381502393
298 26.2233660847848
299 26.5902807955348
300 27.1050417920601
301 27.4913202912595
302 27.8400479947482
303 28.1670319290984
304 28.6560190021136
305 29.164511403832
306 29.7303147724412
307 30.2220788542821
308 30.768652642696
309 31.2361682464092
310 31.8222710069253
311 32.3399317848783
312 32.8989835254244
313 33.3365345725003
314 33.7487582538667
315 34.3177982700869
316 34.872019703656
317 35.3110940591677
318 35.7681774233839
319 36.2886565549871
320 36.6992773381551
321 37.0591839727156
322 37.4994031311182
323 37.7904875050742
324 38.0864011357913
325 38.4610272576649
326 38.8182989665266
327 39.1496947631745
328 39.4641237240016
329 39.7723798381762
330 40.0347049116096
331 40.3340165618348
332 40.5915430959231
333 40.8813224876888
334 41.1226429197255
335 41.4369030029754
336 41.7099106644924
337 42.0117174244012
338 42.2346748825353
339 42.4626489369313
340 42.548240000645
341 42.4777243180789
342 42.3062629014608
343 41.9706462503825
344 41.6336104727058
345 41.2703262870903
346 38.8742605588822
347 37.1938072402235
348 35.9827090036018
349 36.2631125564823
350 36.5902747381715
351 36.8645575540291
352 36.7619181146923
353 36.1108943316633
354 34.4736865140177
355 32.8667319381052
356 31.5146827309988
357 31.8705162351882
358 32.320921228174
359 32.6950831411658
360 32.8907853211044
361 32.7445865754687
362 32.1992681816964
363 31.7445768393685
364 29.9880397184878
365 28.240229379551
366 26.5646420275488
367 25.4970709462092
368 25.9094941121003
369 26.3330855439789
370 26.499513732933
371 24.5713013895098
372 23.00398368044
373 22.5615194689568
374 23.0885567227541
375 23.5381607738739
376 23.9569978698135
377 21.8214650532493
378 20.1163074625275
379 20.1500156188935
380 20.6841605642862
381 21.2532902300355
382 21.4210943237524
383 19.6198266135392
384 18.0263435124836
385 17.6572960636412
386 18.3281493667413
387 18.9068605203906
388 19.1527968215717
389 17.901279335523
390 16.1888443154962
391 16.3809737907302
392 17.0128140586972
393 17.7187374361347
394 18.3406961769604
395 18.9605417147243
396 19.6219485812899
397 19.8312230730818
398 19.8925052183498
399 20.1872742957246
400 20.8014318043803
401 21.4952899817912
402 22.1877009020442
403 22.8590836089509
404 23.3932040901208
405 24.2234566760405
406 24.821424486589
407 25.4786114652651
408 26.0548585798875
409 26.540427660919
410 27.1682124480914
411 27.7184723572173
412 28.2534742754164
413 28.7148031258203
414 29.1588062572201
415 29.6619697708592
416 30.1587856285863
417 30.6481577794745
418 31.1177720128112
419 31.5810717527987
420 32.0875189333757
421 32.5313345352729
422 32.9180042718443
423 33.5554334322686
424 34.0217226816513
425 34.4292960390008
426 34.829722915534
427 35.3154366730102
428 35.6836336937017
429 36.0712786699851
430 36.4577002901313
431 36.8198651122553
432 37.1847932315509
433 37.4974950372774
434 37.8476517414909
435 38.1479255887833
436 38.4807387123081
437 38.8930332348361
438 39.1749519656282
439 39.5212649240219
440 39.8641294673396
441 40.1586585063706
442 40.4034543100468
443 40.6989368766717
444 40.8526602579246
445 40.9764937916607
446 39.1574736462248
447 37.4898026755704
448 34.7359470045059
449 33.1334266358662
450 31.2437267439702
451 29.1797626351519
452 26.4587261963827
453 24.7835283866162
454 23.1232187143204
455 21.3247666523207
456 19.484997784439
457 18.2557983910605
458 16.8640818393577
459 16.4847527863372
460 16.7596209027131
461 16.8576050875673
462 15.689400726652
463 14.4199170449067
464 12.9528206321092
465 11.7992561251253
466 12.0487415808574
467 12.5211183950783
468 13.1530677653438
469 13.7506238758044
470 13.9680024123631
471 12.8977383967238
472 11.7890850890643
473 12.2826374587438
474 13.0687845843159
475 13.9574438552425
476 14.7761753553146
477 15.4976061709966
478 16.38312162103
479 17.058039074353
480 17.7908973871301
481 18.4271792056422
482 19.1361336274828
483 19.7408239983543
484 20.4498637463162
485 21.0167919983773
486 21.5734875868383
487 22.1949275801351
488 22.7472250903456
489 23.4166488088789
490 24.0009620412195
491 24.5759602874753
492 25.1406866602281
493 25.6256513586166
494 26.1650021494374
495 26.6823284904079
496 27.107796624768
497 27.4938050332957
498 27.8639403192422
499 28.1161497241995
500 26.1380617121395
501 24.2229734510725
502 22.4138656050245
503 20.6571100983242
504 19.2888771794008
505 19.3346209951342
506 17.3880125327585
507 15.527386332928
508 14.0947274620154
509 12.6120030278813
510 11.3127756215004
511 11.6074388565623
512 12.1452895550957
513 12.8296255293261
514 13.4893720563899
515 13.7289629771357
516 13.8956581647457
517 15.0995737588426
518 16.1024608296976
519 17.0922770035369
520 17.961844293274
521 18.8675387389919
522 19.5442567165547
523 20.2695443446598
524 20.9689289127114
525 21.6365711330868
526 22.1998510326077
527 22.7429994042638
528 23.4150992502204
529 23.9914222818784
530 24.5480715968632
531 25.079597645527
532 25.5339588914744
533 26.0352751965762
534 26.4577707187017
535 26.9185623406228
536 27.2487364436959
537 27.6315665217747
538 28.019164646039
539 26.5204412526816
540 24.6541809045288
541 23.2730898733561
542 21.5310082675646
543 20.513331723827
544 21.0353930330118
545 19.5259865718707
546 17.8514990048685
547 16.500840451753
548 14.9906650413087
549 14.9021987410309
550 15.3729796992963
551 15.7549388411804
552 15.7553432458313
553 14.1569907372934
554 12.7867463352597
555 12.6522822670703
556 13.5347940835702
557 14.4051693803596
558 14.9526194003604
559 13.8612411411215
560 12.5223922681845
561 13.0527950739101
562 13.8923160747223
563 14.7447969560559
564 15.5681314641471
565 16.3158420752242
566 16.959676631893
567 17.6629623776079
568 18.2679212042532
569 18.9300388214369
570 19.4294027570903
571 20.0573431001035
572 20.6059519815488
573 21.1825183022283
574 21.7047474584798
575 22.2801411743532
576 22.7335751152682
577 23.002102497886
578 22.8286216625558
579 22.6206226813091
580 22.6086537945343
581 22.8347944991586
582 22.9778487418127
583 22.9678914027615
584 22.7160443348103
585 22.5834755295194
586 22.7026642580634
587 23.0153695557711
588 23.4619680269506
589 23.8396049131638
590 24.1563743621767
591 24.5529324796374
592 24.9731984223843
593 25.5041868378601
594 25.9742738113567
595 26.47656782991
596 26.9970693050187
597 27.4100494299192
598 27.8075384576132
599 28.1176751641174
600 28.6278045051696
601 29.1358525258032
602 29.5773927981117
603 30.0727746285087
604 30.4970445204832
605 30.9765655245779
606 31.3812041581805
607 31.8469254403741
608 32.3047810849968
609 32.7507881948764
610 33.248091931937
611 33.6263140274999
612 34.0288804642297
613 34.4897738682881
614 34.9901398260484
615 35.4252669428569
616 35.7871191536646
617 36.2141893032193
618 36.6303520301604
619 37.0369876716513
620 37.3921864774656
621 37.7292188351959
622 38.1111506268669
623 38.4854656279661
624 38.8024706330736
625 39.1742831704158
626 39.4877576472474
627 39.758283293402
628 40.0965919502556
629 40.3578531566001
630 40.6515414940153
631 40.9045990712352
632 41.1808322116707
633 41.4250110678235
634 41.6983201818209
635 41.928974702047
636 42.1926217425936
637 42.362633465326
638 42.4759485093683
639 42.4627892955757
640 42.3436548932692
641 42.0694745949782
642 41.7792716275463
643 41.345945379332
644 40.9237529876286
645 39.3872335937929
646 37.4487859511037
647 35.796233878362
648 35.9611874033574
649 36.2308819961002
650 36.3663025745875
651 36.1280683024243
652 34.1464924990671
653 32.3357157618283
654 31.5582725691926
