0 0
1 0.00182667370872894
2 0.151516434063561
3 0.229302649164258
4 0.0427168830721109
5 0.032580575437451
6 0.0691705613945564
7 0.15463968014472
8 0.205847083068112
9 0.123311312590169
10 -0.0113761462091941
11 -0.187309075741312
12 -0.227773022690084
13 -0.252352033019367
14 -0.2338495932649
15 -0.204072195499473
16 -0.146528167491674
17 -0.0934415561169345
18 -0.0316252070627093
19 0.0566651265127829
20 0.129688680169993
21 0.198059260532567
22 0.264430901542653
23 0.319783387909177
24 0.385225259621043
25 0.460268620676254
26 0.504056955444893
27 0.542883683264042
28 0.576889635836829
29 0.610969164907368
30 0.639214665353079
31 0.667782361261616
32 0.697861432919857
33 0.736858715940506
34 0.775947554755895
35 0.815963325922206
36 0.853076336812373
37 0.898295492245475
38 0.940183946236878
39 0.989157745588114
40 1.0353372042169
41 1.09255793178245
42 1.14522733500381
43 1.20874548888506
44 1.26774266720237
45 1.35830784518739
46 1.41700999220362
47 1.48297325439297
48 1.54692391627087
49 1.62625041117165
50 1.70355042722425
51 1.8738102145473
52 1.96486968940565
53 2.05203702922854
54 2.1816366804047
55 2.2910787128169
56 2.44276613426906
57 2.62073306666373
58 2.78573820811402
59 3.01391185844058
60 3.20013498904257
61 3.42023797137493
62 3.53034930321358
63 3.54378372800863
64 3.33099814493925
65 3.26270355153598
66 3.22423952507168
67 3.41849467943782
68 3.69967152474539
69 3.45459729385641
70 3.14927023466304
71 2.95449837486263
72 2.86968979572332
73 3.07629777452378
74 3.30076709836803
75 3.4015008024523
76 3.14232442895555
77 2.78903375034964
78 2.84078962492083
79 3.12546965416806
80 3.45101511011913
81 3.73169678625664
82 3.36852461398489
83 3.00419558245133
84 2.96250253460672
85 3.25710056415521
86 3.61732319328086
87 3.83639613888342
88 3.81915042674634
89 3.41092797938502
90 2.98991643501511
91 2.9058925261682
92 3.13626959378514
93 3.38458637568612
94 3.62360572694683
95 3.76368879230599
96 3.68562788020733
97 3.64868828751335
98 3.69114576813227
99 3.72719108654895
100 3.77789679634632
101 3.67929809105609
102 3.64857981859156
103 3.68214898596908
104 3.76957158428995
105 3.79521361816428
106 3.76902180603518
107 3.75787401991478
108 3.65211834415441
109 3.57721632462734
110 3.50089810695299
111 3.35428316213269
112 3.27545970211042
113 3.18946718800961
114 3.06575269890474
115 2.9180643239256
116 2.76989040859734
117 2.63935007048728
118 2.5537316411852
119 2.43444865743387
120 2.30248507391709
121 2.11267908245116
122 2.01338292773926
123 1.9213697047804
124 1.84860159474033
125 1.78269935800197
126 1.65236613549342
127 1.60525408475402
128 1.55804503412397
129 1.52021334705928
130 1.49102634679624
131 1.45010624993545
132 1.47392015044096
133 1.38361330302008
134 1.27387921133759
135 1.22769961875737
136 1.0318444104969
137 0.877908191604895
138 0.669988430126901
139 0.564780092728765
140 0.565016069510741
141 0.5314906814365
142 0.521996207050047
143 0.582437925970303
144 0.897784737870467
145 1.11821212680101
146 1.4427009122459
147 1.76509325293494
148 2.75416159226203
149 3.25321721741535
150 3.40527772862321
151 3.45959516443886
152 3.50915324387148
153 4.02946024876569
154 4.01289148650989
155 3.91037204343446
156 3.80455909957409
157 4.28359553892577
158 4.51758129576615
159 4.27791145609805
160 4.00892880656699
161 3.78836408658153
162 3.69650099483281
163 4.19256629338541
164 4.90812689199104
165 5.47464411650905
166 5.10011153887012
167 4.63268372902698
168 4.19824607939238
169 3.84145865510398
170 4.14997620151575
171 4.69263463832943
172 5.16070075183359
173 4.50706342182318
174 3.81156813562776
175 3.7282681023894
176 3.97319321786238
177 4.08194666009261
178 4.10052645719395
179 4.04703953935262
180 3.98179587299778
181 3.82464285500011
182 3.643088453211
183 3.41784093809028
184 3.16170269989996
185 2.95238027353196
186 2.69823146551113
187 2.46159149371341
188 2.20518821060946
189 1.78310139298362
190 1.54665522985242
191 1.35207645192902
192 0.985096793501503
193 0.75216999212364
194 0.575257018418274
195 0.340410660704813
196 0.0885340893545288
197 -0.281530214297925
198 -0.701044299769187
199 -1.19387369541834
200 -1.94900031419221
201 -3.37581970887428
202 -4.29031441328204
203 -4.20787632997498
204 -4.07930242520437
205 -3.88931097295179
206 -3.67731079866951
207 -4.04513750329126
208 -4.73933392165641
209 -5.87112711716846
210 -5.5433435547504
211 -4.78035919561738
212 -4.29063288334908
213 -3.59632978388398
214 -3.04252303013609
215 -3.62677688103809
216 -4.17795964742703
217 -4.73172678138881
218 -4.97600588944919
219 -5.05256471663398
220 -4.84093690716625
221 -4.57083515930388
222 -4.18690700795474
223 -3.85385725284534
224 -3.21212231952166
225 -2.7526939765214
226 -2.42145000189333
227 -1.90529439502983
228 -1.55559669502223
229 -1.07773643444222
230 -0.709659877791495
231 -0.297713724661682
232 0.0678050177986453
233 0.472513029560483
234 0.838698706885054
235 1.31375905759622
236 1.72971309707088
237 2.12599976787609
238 2.60505089831299
239 3.24025184118542
240 3.75075468078619
241 4.25014470354594
242 4.01094215837238
243 3.64196498140318
244 3.40507621451823
245 3.19855092684534
246 3.51072454831778
247 4.05877217223255
248 3.67479597612251
249 3.33574473643151
250 2.90487984263739
251 2.51410598221494
252 2.85172747654302
253 3.5657196642683
254 4.14313565210247
255 4.27815423916506
256 3.86744117162056
257 3.34276979904322
258 3.3876218907719
259 3.77356340684078
260 4.20112115597397
261 4.45469093496351
262 3.96086598220338
263 3.2898207660185
264 3.32533277082693
265 3.5106960761681
266 3.59347942176072
267 3.57645698275099
268 3.60647235882881
269 3.57981439115491
270 3.52477965206628
271 3.4646660496916
272 3.31998139833297
273 3.15338659906411
274 3.09587704515556
275 3.13577045634101
276 3.18132141609396
277 3.2205868010708
278 3.38321577981545
279 3.45562114799452
280 3.55421268166208
281 3.62175585755309
282 3.55256216814367
283 3.43074588157154
284 3.40374948812566
285 3.42126982448856
286 3.43201475590666
287 3.41293697407307
288 3.35125285233775
289 3.29565311034275
290 3.30689299459665
291 3.36365465562696
292 3.40104933206167
293 3.46962041742489
294 3.52795712046546
295 3.59295707578673
296 3.64542988666905
297 3.70464701317696
298 3.72402540599211
299 3.82440676081853
300 3.83137129036229
301 3.79061206614592
302 3.68998004334703
303 3.61010978571766
304 3.52330994840677
305 3.44868949914886
306 3.34354211566139
307 3.25525636179967
308 3.13244836256059
309 3.05395081276135
310 2.91861694320205
311 2.80070191529982
312 2.60749626701221
313 2.49680479994955
314 2.50366936214691
315 2.42384158746618
316 2.35363752083575
317 2.32447693537555
318 2.1024951199701
319 2.01278301566051
320 2.00174648766501
321 1.98993366204188
322 1.98540791649533
323 2.08030999798402
324 2.10240877873551
325 2.13697000396223
326 2.24004553924205
327 2.18864953613899
328 2.21994207149433
329 2.23953653174247
330 2.2987086959423
331 2.34103092733295
332 2.37147616942373
333 2.4030540815866
334 2.49580680749386
335 2.55299930103543
336 2.60260637411431
337 2.65566945787002
338 2.70650633113254
339 2.77805096293459
340 2.83374568943971
341 2.87493033403468
342 2.91155127934776
343 2.95225756499635
344 3.0576745075185
345 3.10035221457197
346 2.8385292406582
347 2.67758058659072
348 2.60024263176955
349 2.81442030003104
350 2.96065889958658
351 3.07316949002995
352 3.15480367812663
353 3.10564919800014
354 2.91087452012228
355 2.71879411112983
356 2.60956192568821
357 2.75675114596398
358 2.95237616124905
359 3.13612535475691
360 3.29302331021272
361 3.3872263734569
362 3.56137954302292
363 3.59584668772977
364 3.32150892495477
365 3.16185971939059
366 2.86640178653902
367 2.74349608573298
368 2.92522641744007
369 3.22628949612785
370 3.40874529486098
371 2.99427710468993
372 2.69591993307786
373 2.71062197005871
374 2.98769258817395
375 3.31116358590884
376 3.62562844036078
377 3.12240317716195
378 2.83141079572188
379 3.0236159194804
380 3.33001660759017
381 3.68826586071517
382 3.98625590700188
383 3.46112341014542
384 3.00656310613892
385 2.99517351999612
386 3.28123167170021
387 3.53561826450463
388 3.66698518564758
389 3.26087283930895
390 2.74184072467215
391 2.88320438546627
392 3.09784492259583
393 3.31863325952491
394 3.48494079619781
395 3.58535774998333
396 3.73078333614686
397 3.72880227441924
398 3.71365884826051
399 3.72317411604486
400 3.79822930503058
401 3.85699895538416
402 3.86492269386379
403 3.8304516129823
404 3.78611318777868
405 3.68821097815875
406 3.56630391431964
407 3.44511385489595
408 3.31974628638103
409 3.26867801433021
410 3.08604087634227
411 2.93050621328092
412 2.77425902387702
413 2.6382314421767
414 2.57569730445813
415 2.41895648196378
416 2.28595360645971
417 2.14110017466935
418 2.01210965222707
419 1.92999267570802
420 1.84244523904394
421 1.7704480823516
422 1.66402607587623
423 1.56676391193367
424 1.51071850614506
425 1.47258802400978
426 1.42055533759749
427 1.45974064314218
428 1.38426087629169
429 1.25671613685953
430 1.12188893419405
431 1.08194735511414
432 0.926138178328934
433 0.779537091973523
434 0.637020984208783
435 0.528715853221907
436 0.575853181463401
437 0.531102704571934
438 0.53510394788765
439 0.822863571396008
440 0.974867913183175
441 1.23522827058399
442 1.49288789280021
443 1.95765979547357
444 3.18001731585983
445 3.98479911380355
446 4.06149211600882
447 4.24345932413771
448 4.83325757088359
449 4.79552715421185
450 4.82114213043121
451 4.6802728813854
452 5.17774793732359
453 5.03304073405928
454 4.76401548569171
455 4.48670421127609
456 4.4013850645739
457 4.12823509569149
458 3.73832401787629
459 4.13779922240825
460 4.9373915265109
461 5.60096802854491
462 5.11350132380775
463 4.656897726154
464 3.96126109714904
465 3.42483220078301
466 3.81254053050969
467 4.19637851026409
468 4.5604111909067
469 4.78132254683779
470 4.62058518438322
471 3.89327171765983
472 3.28067341693113
473 3.32626054270563
474 3.35167465519202
475 3.32894275581244
476 3.19418925638687
477 3.06840916934956
478 2.79306160985481
479 2.61159288532529
480 2.45822508967466
481 2.28594365562522
482 2.09282416507033
483 1.91638055495996
484 1.5238720322257
485 1.35867257657438
486 1.25902394003199
487 1.13418261393503
488 0.833777242087917
489 0.692792070062769
490 0.602045825629454
491 0.485008951194093
492 0.285336199384279
493 0.066746985760812
494 -0.265393064141168
495 -0.698832047366511
496 -1.13478380741909
497 -2.53375273028473
498 -3.35207994338232
499 -4.22878060200074
500 -4.16366746963599
501 -4.01584415729679
502 -3.86189454626715
503 -3.66183435044371
504 -4.71048106771132
505 -5.96093806593037
506 -5.87864519967973
507 -5.25972400522935
508 -4.66270373593739
509 -4.04821918643752
510 -3.46240621601543
511 -3.95852464236114
512 -4.51022052678252
513 -4.92658767334797
514 -5.15680314978042
515 -4.79595416610384
516 -4.52796104735852
517 -4.4224347694961
518 -4.09626920928623
519 -3.71121925177415
520 -3.34637732190386
521 -2.76183799260035
522 -2.38400701902855
523 -1.9939520325187
524 -1.58352914490239
525 -1.18336738986725
526 -0.826323323019016
527 -0.522904605631161
528 -0.0775155737944328
529 0.27703001389231
530 0.638827844417188
531 1.0656274096093
532 1.38529328251646
533 1.74391095221551
534 2.08441690335482
535 2.48859630618411
536 3.09480510780136
537 3.52904960192417
538 4.13511620626519
539 3.91516002424419
540 3.6152254704206
541 3.39780077331615
542 3.09146335808496
543 3.44174438472492
544 4.21427422480812
545 3.87238831468267
546 3.51604992156357
547 3.15913493586128
548 2.71515048071467
549 2.9579514742475
550 3.51594113711827
551 4.04598520189791
552 4.40361803370472
553 3.83734976196711
554 3.28185324568933
555 3.39707684494421
556 3.97079180704336
557 4.36670765489142
558 4.48829015104342
559 3.78489997326984
560 3.17445900458679
561 3.25444829359472
562 3.32691935498543
563 3.33607406185104
564 3.35592885072349
565 3.30870532735964
566 3.28998537927975
567 3.21615292278869
568 3.22119040667283
569 3.16931195603349
570 3.19011827628545
571 3.20891721915197
572 3.25339132713463
573 3.41283128804395
574 3.48739228832174
575 3.55575706341612
576 3.63960430484307
577 3.64880263407798
578 3.52628398908667
579 3.42766954187435
580 3.43236987377393
581 3.46311066014649
582 3.46082331642784
583 3.43253923400916
584 3.34458944121575
585 3.29744460249048
586 3.32154133543355
587 3.38250321156951
588 3.42786263062815
589 3.48229571075639
590 3.53151790273708
591 3.58210491129979
592 3.63066001743565
593 3.67840883776892
594 3.70672837283021
595 3.80279359846066
596 3.81598351819508
597 3.77672453255153
598 3.68297837846601
599 3.60235365837489
600 3.54458168419764
601 3.46431590077539
602 3.39858091658653
603 3.28040926552515
604 3.21217518398052
605 3.10860078130787
606 3.05371083441452
607 2.95493819893553
608 2.84477315130869
609 2.75282268426112
610 2.59281487720676
611 2.49749785971929
612 2.53424743149299
613 2.46447590619534
614 2.41489416736056
615 2.39098333088528
616 2.17072443136962
617 2.08479086606644
618 2.05494997903119
619 2.02023682574437
620 2.00245794353506
621 2.08890358145091
622 2.11146747227489
623 2.13010981999408
624 2.22878678691795
625 2.17556465562581
626 2.19244501066444
627 2.21978263527122
628 2.28864387158786
629 2.32097303480962
630 2.35470734584886
631 2.38412867786517
632 2.48232941878288
633 2.52870147995891
634 2.57816753028049
635 2.62928320264946
636 2.68128962068625
637 2.75105256191558
638 2.8102502853372
639 2.86721323041223
640 2.91624272471173
641 2.95867289017258
642 2.97866883580997
643 3.10203314280532
644 3.15706733769152
645 2.99468398709666
646 2.80296818881875
647 2.75602241295118
648 2.86841282560515
649 2.96914824765117
650 3.07526160161992
651 3.08831683241313
652 2.83331281256675
653 2.6244786979763
654 2.58939640682809
