0 0
1 -0.374531566539359
2 -0.374531566539359
3 -0.374531566539359
4 -0.374531566539359
5 -0.374531566539359
6 -0.374531566539359
7 -0.374531566539359
8 -0.230973459244918
9 -0.0431786972925592
10 0.091949130324988
11 0.0511123710260785
12 0.056840161840679
13 0.0403794691291205
14 0.0309313301890664
15 0.0183202741966158
16 0.0134819423681513
17 0.00613601080150448
18 0.00101046340481842
19 -0.00533881468225107
20 -0.00814422175215742
21 -0.0108755858921604
22 -0.0127583444283873
23 -0.0139748336557057
24 -0.0152249457138299
25 -0.0170300966906985
26 -0.0168569880569532
27 -0.0169024046413435
28 -0.0166625215938664
29 -0.0163161337482465
30 -0.0160268141405521
31 -0.0157569441625562
32 -0.0155527040957985
33 -0.0157493165000027
34 -0.0156368339482856
35 -0.0156579560011941
36 -0.0156872024331003
37 -0.0157595978539818
38 -0.0158813477765548
39 -0.0159561594543765
40 -0.0161425026111102
41 -0.016329624475722
42 -0.0165398529004988
43 -0.0168202445326271
44 -0.0170699258624361
45 -0.0177667524723651
46 -0.017797319175366
47 -0.0180793331168442
48 -0.018316644588353
49 -0.0186960224729076
50 -0.0190625780432614
51 -0.0206991540749378
52 -0.0207138603360066
53 -0.0212584544198741
54 -0.0219562597416084
55 -0.0223826034560885
56 -0.0234342951023343
57 -0.0245335970126851
58 -0.0259047959834486
59 -0.0269817032869981
60 -0.0285424786505307
61 -0.0296802829133568
62 -0.0310034786650546
63 -0.0325234899225422
64 -0.0342188838607637
65 -0.0367825777754514
66 -0.0382382551859837
67 -0.0401034949852607
68 -0.0435420494222547
69 -0.0441446714916221
70 -0.0457375465980848
71 -0.0492014533504631
72 -0.0499861253551509
73 -0.0516628518042747
74 -0.0533933774335264
75 -0.0555399023565613
76 -0.0567773951158407
77 -0.0590410482965707
78 -0.0628874041526102
79 -0.0653446742498358
80 -0.0688431977710682
81 -0.0736121278021696
82 -0.0754331832053992
83 -0.0779538754934184
84 -0.080217070477349
85 -0.0831326812981509
86 -0.0880564990816702
87 -0.0887208411118336
88 -0.091105564631315
89 -0.0944237206945658
90 -0.0962306114246042
91 -0.0983735114278824
92 -0.099150993453768
93 -0.100130428394354
94 -0.100769173270406
95 -0.103036443033259
96 -0.103522060152321
97 -0.103982785275817
98 -0.103286804644633
99 -0.0999005972786116
100 -0.0980270469092711
101 -0.0981020746904264
102 -0.0972272743890597
103 -0.0938840398406044
104 -0.0884229681338894
105 -0.0826005103291519
106 -0.0777712561566442
107 -0.0711344130947918
108 -0.0670617091120691
109 -0.0628116060322289
110 -0.0569519995745963
111 -0.0534205872744383
112 -0.0489206268058888
113 -0.047307826207781
114 -0.0428641781331432
115 -0.039397693456094
116 -0.0359396152484077
117 -0.033334334654855
118 -0.0312366823990191
119 -0.0287597069415423
120 -0.0262544534536269
121 -0.0228167473118707
122 -0.0217523568521577
123 -0.0198207150618233
124 -0.0179160712567649
125 -0.0171105201129609
126 -0.0157268427186748
127 -0.0144795879169185
128 -0.0137587103140012
129 -0.0135055287296371
130 -0.012818672211265
131 -0.0119368442786661
132 -0.0124130851467949
133 -0.0108311985567155
134 -0.00931747254026691
135 -0.00909654714186796
136 -0.00740562346021072
137 -0.00627203812142677
138 -0.00438033303300378
139 -0.00323562052234288
140 -0.00426334878089797
141 -0.00347803748363045
142 -0.00359828049386297
143 -0.00403223168635827
144 -0.00665226982709511
145 -0.00752153529920882
146 -0.00988765963975136
147 -0.0125339479012887
148 -0.0190685657948614
149 -0.0230727235877722
150 -0.0246486789723842
151 -0.0265237780914808
152 -0.0305481125626176
153 -0.0406153291776025
154 -0.0425808091493769
155 -0.0465254671489331
156 -0.0510895161022724
157 -0.0708152200160851
158 -0.0747299881777692
159 -0.0799833461054032
160 -0.0864819988622458
161 -0.0943224911955254
162 -0.111943778843178
163 -0.125486341702185
164 -0.142051330895805
165 -0.166718426417263
166 -0.171113722965729
167 -0.183805463970889
168 -0.195399651614764
169 -0.210200211849594
170 -0.21855525272024
171 -0.227790306282164
172 -0.233535468440337
173 -0.244751891916866
174 -0.257010935037487
175 -0.253814307225508
176 -0.236357685646817
177 -0.212139863398086
178 -0.189223028966358
179 -0.172358022641887
180 -0.151014532017918
181 -0.133121070608886
182 -0.118080960979159
183 -0.101351617555839
184 -0.0870348799166591
185 -0.0762696598304808
186 -0.0645255144755302
187 -0.0561961289847268
188 -0.0467421627907184
189 -0.0345737352571914
190 -0.0298333858711224
191 -0.0243349590802971
192 -0.0135920751326622
193 -0.0128252073423161
194 -0.0082207464065385
195 -0.00426224386563497
196 0.00123861366484847
197 0.00512539351842858
198 0.0114813950336113
199 0.0200894133839235
200 0.0270649010799065
201 0.0482960211789628
202 0.0542713656342562
203 0.0614368868159157
204 0.0688281307686411
205 0.0779697144232936
206 0.0891818296492286
207 0.115043685006419
208 0.13259388921232
209 0.174836268507597
210 0.177183421180393
211 0.198017575206611
212 0.208695383042472
213 0.230563423516058
214 0.244484640602636
215 0.265433426679189
216 0.274111346510577
217 0.256843315304145
218 0.237983387765892
219 0.208425140810497
220 0.180483942032898
221 0.152776222784515
222 0.126206303134779
223 0.0985624526110042
224 0.0815983829810262
225 0.0642577596954278
226 0.0482743989560335
227 0.0402935647012667
228 0.0272377426013993
229 0.0195206389380574
230 0.011390993550074
231 0.00320507213878426
232 -0.0028240322708728
233 -0.00979245572403086
234 -0.0148811106412628
235 -0.0223046313576306
236 -0.0269269654927996
237 -0.0334014433957412
238 -0.0368341754030506
239 -0.0458478459872969
240 -0.0497505773871066
241 -0.05510562211223
242 -0.0582068609027441
243 -0.0638368595447975
244 -0.0682007907410719
245 -0.0698210483749472
246 -0.0887130137174126
247 -0.0935564261591395
248 -0.0984584874897037
249 -0.107749196188219
250 -0.11107412856973
251 -0.114584301661055
252 -0.128219688901275
253 -0.146928192953232
254 -0.157781355365747
255 -0.169910807736893
256 -0.182628362685257
257 -0.193507497744408
258 -0.197569515769983
259 -0.201491408208557
260 -0.199252586682852
261 -0.195087361661124
262 -0.19875313703785
263 -0.204957791307201
264 -0.191954151158725
265 -0.179656902727008
266 -0.157076930296155
267 -0.142326012815608
268 -0.13480719103903
269 -0.119621924329666
270 -0.110537428805108
271 -0.103256807970774
272 -0.0968592603598831
273 -0.0912607405863665
274 -0.0872465859340481
275 -0.0832905492667576
276 -0.0791874591133469
277 -0.0762884706905865
278 -0.0765703250302394
279 -0.073604677961175
280 -0.0724075998104575
281 -0.0700266003368585
282 -0.0685961231989941
283 -0.0675360783372316
284 -0.0679663386841506
285 -0.0665421481812162
286 -0.0654502899436574
287 -0.0653660837188049
288 -0.0650699869229286
289 -0.0649814570922373
290 -0.0647817746476516
291 -0.0641808463482977
292 -0.0622230256613803
293 -0.0619086497054176
294 -0.0609496170770423
295 -0.0598425008112863
296 -0.0583592977366843
297 -0.0563470961853333
298 -0.0545457602707092
299 -0.0544115081340087
300 -0.0524943674200995
301 -0.0505095240953987
302 -0.0478065459270947
303 -0.0449551292825527
304 -0.0434696604049358
305 -0.0407917810277095
306 -0.0380560422807969
307 -0.0360586884327934
308 -0.0332771671653033
309 -0.0318319784786918
310 -0.0289264929167199
311 -0.0260802137373367
312 -0.0244639309470202
313 -0.0227879639962161
314 -0.0227269381208003
315 -0.0207796295999217
316 -0.0197770017079935
317 -0.0191451966059844
318 -0.0162648172464033
319 -0.0157119965220278
320 -0.0153194989903084
321 -0.0149363367178888
322 -0.0145534449654108
323 -0.0153286817398523
324 -0.0152241186859336
325 -0.0149057267003854
326 -0.0156155287860613
327 -0.0145216343075284
328 -0.0144840795349457
329 -0.0147686875475989
330 -0.0150280199702932
331 -0.0148919732875925
332 -0.0148948279508237
333 -0.0149229882877362
334 -0.0154585265968137
335 -0.0154022599519913
336 -0.0155504291347303
337 -0.0156156873784439
338 -0.0157933679698103
339 -0.0160327200992759
340 -0.0162898350920944
341 -0.0165894219849695
342 -0.0170602636520245
343 -0.0174674064016175
344 -0.0185555158135377
345 -0.0189432741187239
346 -0.0196298696683848
347 -0.0201870741003771
348 -0.0210096408733992
349 -0.022853113282828
350 -0.0228530094400959
351 -0.0235491162814011
352 -0.0243171559062306
353 -0.0246981019336346
354 -0.0255227410698585
355 -0.026488653088168
356 -0.0273814834613285
357 -0.0282466581585568
358 -0.0294719689087945
359 -0.0304991702626904
360 -0.0316371820682939
361 -0.032805693164923
362 -0.0361831587608464
363 -0.0367685916745752
364 -0.0383400888453631
365 -0.0415477761174344
366 -0.0429692829412697
367 -0.0434692632110532
368 -0.0451349475648865
369 -0.0485007992725929
370 -0.0499766659555721
371 -0.0510226543624992
372 -0.052604974914247
373 -0.0551824665817427
374 -0.0579244968867393
375 -0.0628315800463172
376 -0.0644665628441137
377 -0.0674191533971162
378 -0.0724882218656739
379 -0.0765336792456378
380 -0.0792764366692358
381 -0.0830150974481547
382 -0.088205040702144
383 -0.0909261224466948
384 -0.0939685009597822
385 -0.0975454360845034
386 -0.0979389132447231
387 -0.099049676523842
388 -0.099855272063984
389 -0.102812040594856
390 -0.106060837287705
391 -0.108350958993447
392 -0.107401754351354
393 -0.104777491843474
394 -0.10270010139869
395 -0.0982712665294714
396 -0.0959942030293638
397 -0.0941095368071505
398 -0.0935357747198454
399 -0.0904689565888226
400 -0.0868033532433264
401 -0.0810869831337148
402 -0.075871085977223
403 -0.0730092540234517
404 -0.0686093759101416
405 -0.0618102563479457
406 -0.0576725933306431
407 -0.0527169233118341
408 -0.0489028236677857
409 -0.0454941509042868
410 -0.0418914306056805
411 -0.0381851027682778
412 -0.0348791685807939
413 -0.0322804009120747
414 -0.0299071704568894
415 -0.0278462506201515
416 -0.0253063667401361
417 -0.0220220245957277
418 -0.021352263617111
419 -0.0195851892619015
420 -0.0181846508844288
421 -0.017057053132477
422 -0.0151120475894186
423 -0.0142115306381603
424 -0.0133212564807671
425 -0.0124271758823516
426 -0.0117453076534134
427 -0.0123242154969008
428 -0.0111390990835727
429 -0.00963883172671891
430 -0.00846289209810959
431 -0.00824596739281993
432 -0.00649664364768613
433 -0.00550202938483358
434 -0.00430585493028964
435 -0.00358895850746364
436 -0.004222381680484
437 -0.00344553589593192
438 -0.00370098542974853
439 -0.0061517066700248
440 -0.0073886758734686
441 -0.00818686297327384
442 -0.010303216190183
443 -0.0130136013323943
444 -0.0222046183332592
445 -0.0252842362231493
446 -0.0279741849197472
447 -0.0320919752917217
448 -0.0439816679770037
449 -0.0489133880195003
450 -0.0503989355520998
451 -0.0574053532457097
452 -0.07948999137327
453 -0.0818758046265784
454 -0.0913864922141399
455 -0.0996829563184798
456 -0.118629089945794
457 -0.122291096308277
458 -0.131416057242988
459 -0.152555394968985
460 -0.16965258452232
461 -0.184125646283246
462 -0.198476836941939
463 -0.209122889196976
464 -0.223969745010206
465 -0.234358664233801
466 -0.245854648572159
467 -0.243619644553801
468 -0.236654033490899
469 -0.225899065699123
470 -0.213841325560655
471 -0.220531114401434
472 -0.225275815347807
473 -0.204955336073343
474 -0.183064077900375
475 -0.160072534739811
476 -0.138139486840407
477 -0.114786687555462
478 -0.100858439112735
479 -0.0871408328936246
480 -0.0760156889113486
481 -0.0661318802115381
482 -0.0558825740577307
483 -0.0486744441138331
484 -0.0336113445910229
485 -0.0312233548793983
486 -0.0259890684915495
487 -0.0231252495374846
488 -0.0133142012052726
489 -0.013081765426841
490 -0.0100551493991619
491 -0.00659907401229127
492 -0.00399346830062344
493 3.61852353923097e-05
494 0.00552999398045724
495 0.0119628883197247
496 0.0199710376308833
497 0.0399578304127936
498 0.0457602343132039
499 0.0573629579360254
500 0.0631379529462537
501 0.0711365291088797
502 0.0794924927208581
503 0.0884218846659259
504 0.135111263649543
505 0.153192714724597
506 0.185485218664687
507 0.203283283768184
508 0.219159213615375
509 0.240145468969317
510 0.256187678460009
511 0.27048748758655
512 0.271379590157626
513 0.259838896869235
514 0.241629718037651
515 0.225644307787446
516 0.211898748866536
517 0.171999989696518
518 0.145150414151145
519 0.117656686316777
520 0.0883835350889856
521 0.0751476557479976
522 0.0596409282426721
523 0.0463539357529335
524 0.0338617763502282
525 0.0233897968726503
526 0.015213653773616
527 0.00572543265915345
528 -0.000113523667679983
529 -0.00683897708088011
530 -0.0125957870929343
531 -0.0194738937547003
532 -0.0230098309599048
533 -0.0280034302573492
534 -0.0318101245839986
535 -0.0367292306821336
536 -0.0449527503780997
537 -0.0510924328421382
538 -0.0543282814761341
539 -0.0572936958812576
540 -0.0615236412783822
541 -0.0644813509696291
542 -0.068935562054286
543 -0.0872410699108882
544 -0.0972200162003246
545 -0.102287621055506
546 -0.112430636075644
547 -0.116765701254531
548 -0.12239576805922
549 -0.137826539155813
550 -0.148201441615225
551 -0.160084679341667
552 -0.171426094466451
553 -0.186703303924037
554 -0.195437695909768
555 -0.205235566019225
556 -0.203216624946802
557 -0.194261827922252
558 -0.182564673666232
559 -0.189520320076275
560 -0.197094250439673
561 -0.180085013486837
562 -0.162998814021221
563 -0.145590127269762
564 -0.13294032183749
565 -0.119570286764316
566 -0.106827191402803
567 -0.101749063414742
568 -0.0931178636467518
569 -0.0875069414313037
570 -0.0822452167807761
571 -0.0798777428954986
572 -0.0764963906753203
573 -0.0768323265572251
574 -0.0739263677725761
575 -0.0717363747709572
576 -0.0708756431560719
577 -0.0689144485912835
578 -0.0683122314233263
579 -0.0676829682835586
580 -0.0681253429559401
581 -0.0669586426519275
582 -0.0662313057114646
583 -0.0658774932769797
584 -0.0657173828512627
585 -0.0655783044779947
586 -0.0652739357175685
587 -0.0645934361192389
588 -0.0624231287773506
589 -0.0620882246115328
590 -0.0610380649895915
591 -0.0600259738102576
592 -0.0583692185245405
593 -0.0570709540314241
594 -0.0553551799655544
595 -0.0549999364078817
596 -0.0525644015850808
597 -0.0506423635127144
598 -0.0477883369560162
599 -0.0460445773704201
600 -0.0435333962243676
601 -0.041127544500492
602 -0.0384397200397063
603 -0.0367886533281262
604 -0.0350061704741543
605 -0.0327093831539623
606 -0.0316366255774982
607 -0.0294323555935695
608 -0.027640126730325
609 -0.0254140382411677
610 -0.0238179309991097
611 -0.0224934042031454
612 -0.0222054345605799
613 -0.0211639930705559
614 -0.0201525953682293
615 -0.0195809750963049
616 -0.0168296504401343
617 -0.0163666688146169
618 -0.015715562533178
619 -0.0151258651393626
620 -0.0147704937732674
621 -0.0152678573954972
622 -0.0150192868642243
623 -0.0148905689590009
624 -0.0155327584829108
625 -0.0144065122402718
626 -0.014661303165212
627 -0.0146352080515909
628 -0.0148204982130139
629 -0.0147712832600537
630 -0.0147870266290557
631 -0.0147802623771788
632 -0.0153300591180618
633 -0.015262556802659
634 -0.0154161358869441
635 -0.0155386629952565
636 -0.0156865302525898
637 -0.0159633778285031
638 -0.0162074011550465
639 -0.0165754795547493
640 -0.0169501520442691
641 -0.0174482236134163
642 -0.0179383457869826
643 -0.0190919742436444
644 -0.0196548978965421
645 -0.0203010294609768
646 -0.0208225085836824
647 -0.0227718093302296
648 -0.0229838318250066
649 -0.0235165897801579
650 -0.024205304361415
651 -0.0245230541454156
652 -0.025322640478512
653 -0.0261654444994704
654 -0.0271176250849883
