0 0
1 1.0
2 1.0
3 1.0
4 1.0
5 1.0
6 1.0
7 1.0
8 1.0
9 1.0
10 1.0
11 1.0
12 1.0
13 1.0
14 1.0
15 1.0
16 1.0
17 1.0
18 1.0
19 1.0
20 1.0
21 1.0
22 1.0
23 1.0
24 1.0
25 1.0
26 1.0
27 1.0
28 1.0
29 1.0
30 1.0
31 1.0
32 1.0
33 1.0
34 1.0
35 1.0
36 1.0
37 1.0
38 1.0
39 1.0
40 1.0
41 1.0
42 1.0
43 1.0
44 1.0
45 1.0
46 1.0
47 1.0
48 1.0
49 1.0
50 1.0
51 1.0
52 1.0
53 1.0
54 1.0
55 1.0
56 1.0
57 1.0
58 1.0
59 0.84679667761673
60 0.383220390395759
61 -0.00517627783091624
62 -0.173769450206405
63 -0.0477068123397107
64 0.639565843383677
65 0.741491715342385
66 0.706011902333319
67 -0.0330564260724729
68 -1.0
69 -0.486726387144932
70 0.285457407729706
71 1.0
72 1.0
73 0.4726253201385
74 -0.331350752631999
75 -0.678369751114983
76 0.429118232542227
77 1.0
78 1.0
79 0.646799542476134
80 -0.349538780084978
81 -0.59070589639961
82 0.531399521736391
83 1.0
84 1.0
85 0.952386617626711
86 0.0995159738011947
87 -0.861873240057871
88 -0.998701338759915
89 0.363992295922319
90 1.0
91 1.0
92 1.0
93 0.600852695566489
94 -0.000376921802261493
95 0.197270273021725
96 0.498575413915235
97 0.672668670704491
98 0.613968317022965
99 0.14876571842251
100 0.305260417807226
101 0.738796539997902
102 1.0
103 1.0
104 1.0
105 1.0
106 1.0
107 1.0
108 1.0
109 1.0
110 1.0
111 1.0
112 1.0
113 1.0
114 1.0
115 1.0
116 1.0
117 1.0
118 1.0
119 1.0
120 1.0
121 1.0
122 1.0
123 1.0
124 1.0
125 1.0
126 1.0
127 1.0
128 1.0
129 1.0
130 1.0
131 1.0
132 1.0
133 1.0
134 1.0
135 1.0
136 1.0
137 1.0
138 1.0
139 1.0
140 1.0
141 1.0
142 1.0
143 1.0
144 1.0
145 1.0
146 1.0
147 1.0
148 -1.0
149 -1.0
150 -1.0
151 -1.0
152 -0.607817926564004
153 -1.0
154 -0.983520734590758
155 -0.48787948584691
156 0.317449440066611
157 -1.0
158 -1.0
159 -1.0
160 -0.774605727848673
161 1.0
162 1.0
163 0.389441482666506
164 -1.0
165 -1.0
166 -1.0
167 -1.0
168 0.926980413996611
169 1.0
170 0.928624010621489
171 -1.0
172 -1.0
173 0.330202778087091
174 1.0
175 1.0
176 1.0
177 1.0
178 1.0
179 1.0
180 1.0
181 1.0
182 1.0
183 1.0
184 1.0
185 1.0
186 1.0
187 1.0
188 1.0
189 1.0
190 1.0
191 1.0
192 1.0
193 1.0
194 1.0
195 1.0
196 1.0
197 1.0
198 1.0
199 1.0
200 1.0
201 -1.0
202 -1.0
203 -1.0
204 -1.0
205 -0.243265853321334
206 1.0
207 0.356725026790359
208 -1.0
209 -1.0
210 -1.0
211 -1.0
212 -0.125389376972118
213 1.0
214 1.0
215 1.0
216 1.0
217 1.0
218 0.851672272733984
219 1.0
220 1.0
221 1.0
222 1.0
223 1.0
224 1.0
225 1.0
226 1.0
227 1.0
228 1.0
229 1.0
230 1.0
231 1.0
232 1.0
233 1.0
234 1.0
235 1.0
236 1.0
237 1.0
238 1.0
239 1.0
240 -1.0
241 -1.0
242 -1.0
243 -0.76978788689292
244 0.138257652367095
245 1.0
246 -0.383477945936018
247 -1.0
248 -1.0
249 -0.204834547335478
250 1.0
251 1.0
252 1.0
253 0.0364940210460973
254 -1.0
255 -1.0
256 0.504204117179438
257 1.0
258 1.0
259 1.0
260 -0.0198206181867229
261 -0.657814457113855
262 0.664678531994455
263 1.0
264 1.0
265 1.0
266 1.0
267 1.0
268 1.0
269 0.909969817963433
270 0.516955776505335
271 0.371619119947974
272 0.595246106019988
273 1.0
274 1.0
275 1.0
276 1.0
277 1.0
278 1.0
279 0.992120116926576
280 0.481681196083597
281 0.167901002949756
282 0.281719816674336
283 0.626127926280913
284 0.618491623022713
285 0.468911009916737
286 0.174199031815946
287 0.204935665543824
288 0.462971604181451
289 0.717775965852711
290 0.949717369354376
291 0.835835906498304
292 0.818199008914952
293 0.838186808050954
294 0.91283251664089
295 0.990431475187778
296 1.0
297 1.0
298 1.0
299 0.863960105637835
300 0.761969345956616
301 0.792711329072295
302 1.0
303 1.0
304 1.0
305 1.0
306 1.0
307 1.0
308 1.0
309 1.0
310 1.0
311 1.0
312 1.0
313 1.0
314 1.0
315 1.0
316 1.0
317 1.0
318 1.0
319 1.0
320 1.0
321 1.0
322 1.0
323 1.0
324 1.0
325 1.0
326 1.0
327 1.0
328 1.0
329 1.0
330 1.0
331 1.0
332 1.0
333 1.0
334 1.0
335 1.0
336 1.0
337 0.980147807738547
338 0.821918961444377
339 0.646538758579324
340 0.522360040208329
341 0.409115434146439
342 0.359946125684505
343 0.366989016089885
344 -0.059801766139104
345 -0.223978550820555
346 0.660730386448109
347 1.0
348 1.0
349 1.0
350 0.504865486095484
351 -0.00525079473964506
352 -0.438709090674731
353 -0.25422879070338
354 0.432788306691666
355 1.0
356 1.0
357 1.0
358 0.813946801410735
359 0.433574091851672
360 0.131758184139641
361 0.0227677235199361
362 -0.974543180787898
363 -1.0
364 -0.157922516164793
365 0.400079986609158
366 1.0
367 1.0
368 0.693658097626738
369 -0.0497239693822421
370 -0.829680966411491
371 0.616576095289455
372 1.0
373 1.0
374 1.0
375 -0.0772737781544797
376 -0.987592560401891
377 0.830356490170383
378 1.0
379 1.0
380 0.704235569934756
381 -0.4507455629411
382 -0.9747410579861
383 0.434023235041846
384 1.0
385 1.0
386 0.720551373010021
387 -0.0975882385818261
388 -0.407031619142731
389 1.0
390 1.0
391 1.0
392 1.0
393 1.0
394 1.0
395 0.555483624741782
396 0.388335327526826
397 0.630097957862825
398 1.0
399 1.0
400 0.999999992737246
401 0.993664507542468
402 1.0
403 1.0
404 1.0
405 1.0
406 1.0
407 1.0
408 1.0
409 1.0
410 1.0
411 1.0
412 1.0
413 1.0
414 1.0
415 1.0
416 1.0
417 1.0
418 1.0
419 1.0
420 1.0
421 1.0
422 1.0
423 1.0
424 1.0
425 1.0
426 1.0
427 1.0
428 1.0
429 1.0
430 1.0
431 1.0
432 1.0
433 1.0
434 1.0
435 1.0
436 1.0
437 1.0
438 1.0
439 1.0
440 1.0
441 1.0
442 1.0
443 1.0
444 -1.0
445 -1.0
446 -1.0
447 -1.0
448 -1.0
449 -1.0
450 -1.0
451 -1.0
452 -1.0
453 -1.0
454 -1.0
455 -1.0
456 -0.47630595442893
457 0.702108173431557
458 1.0
459 0.942688597407149
460 -1.0
461 -1.0
462 -1.0
463 -0.471914704437924
464 1.0
465 1.0
466 1.0
467 1.0
468 0.381333344780394
469 -0.152980212851249
470 -0.27229686921112
471 1.0
472 1.0
473 1.0
474 1.0
475 1.0
476 1.0
477 1.0
478 1.0
479 1.0
480 1.0
481 1.0
482 1.0
483 1.0
484 1.0
485 1.0
486 1.0
487 1.0
488 1.0
489 1.0
490 1.0
491 1.0
492 1.0
493 1.0
494 1.0
495 1.0
496 1.0
497 1.0
498 -0.341911223817926
499 -1.0
500 -1.0
501 -1.0
502 0.293524575717321
503 1.0
504 -1.0
505 -1.0
506 -1.0
507 -1.0
508 -1.0
509 1.0
510 1.0
511 1.0
512 0.987163736737486
513 0.200210937642662
514 0.208073284930828
515 1.0
516 1.0
517 1.0
518 1.0
519 1.0
520 1.0
521 1.0
522 1.0
523 1.0
524 1.0
525 1.0
526 1.0
527 1.0
528 1.0
529 1.0
530 1.0
531 1.0
532 1.0
533 1.0
534 1.0
535 1.0
536 1.0
537 -1.0
538 -1.0
539 -1.0
540 -0.841326755656683
541 0.191943707155179
542 1.0
543 -0.176562783704306
544 -1.0
545 -1.0
546 -0.982312012752948
547 0.713068709256123
548 1.0
549 1.0
550 0.489929889725782
551 -1.0
552 -1.0
553 0.453549931933646
554 1.0
555 1.0
556 0.750451505355133
557 -0.418710043462314
558 -0.799818156950997
559 0.999999985678063
560 1.0
561 1.0
562 1.0
563 1.0
564 1.0
565 1.0
566 1.0
567 0.97649357511117
568 0.908863352586626
569 0.999012768012906
570 1.0
571 1.0
572 1.0
573 1.0
574 0.941916941059262
575 0.673104331074617
576 0.176330566488758
577 0.0967332651842802
578 0.380957121135574
579 0.681150063437796
580 0.563035388559312
581 0.388504695918052
582 0.0994095618379476
583 0.202501206454144
584 0.532828726961034
585 0.748662529701599
586 0.934613803303154
587 0.797894760903669
588 0.793552955591067
589 0.837665138727917
590 0.931821765323195
591 0.999999992170027
592 1.0
593 1.0
594 1.0
595 0.880342602974533
596 0.806731611238053
597 0.81473898583235
598 1.0
599 1.0
600 1.0
601 1.0
602 1.0
603 1.0
604 1.0
605 1.0
606 1.0
607 1.0
608 1.0
609 1.0
610 1.0
611 1.0
612 1.0
613 1.0
614 1.0
615 1.0
616 1.0
617 1.0
618 1.0
619 1.0
620 1.0
621 1.0
622 1.0
623 1.0
624 1.0
625 1.0
626 1.0
627 1.0
628 1.0
629 1.0
630 1.0
631 1.0
632 1.0
633 1.0
634 1.0
635 0.897805284493898
636 0.881470277888073
637 0.720049942093758
638 0.592321272022893
639 0.439219523168497
640 0.378470302160365
641 0.352817014761711
642 0.347875630404852
643 -0.222512921201631
644 -0.398012956186222
645 0.207991830141561
646 0.847349417828781
647 1.0
648 0.804052502776391
649 0.33360356092999
650 -0.105987089144784
651 -0.23838659942373
652 0.628810103519676
653 1.0
654 1.0
