0 0
1 1.99829924916821
2 1.99829924916821
3 1.99001861527626
4 1.88240196796867
5 1.70951725734204
6 1.46909690338603
7 0.997025283388462
8 0.395367648942107
9 -0.384551608357306
10 -1.18494334835562
11 -1.54299170159872
12 -1.31481547553108
13 -0.950154767296883
14 -0.643657848713681
15 -0.342069782280523
16 -0.0593169715798231
17 0.180308697755264
18 0.390893776343631
19 0.636286008569732
20 0.792262060338178
21 0.919279613648771
22 1.02049901901143
23 1.09103013399977
24 1.15962673772457
25 1.22540424541178
26 1.24621636462606
27 1.25266874066229
28 1.24711396818518
29 1.2330426491637
30 1.21749824641124
31 1.20235200581723
32 1.18968618818636
33 1.20939329988564
34 1.20950870428936
35 1.21203422608568
36 1.2162136796554
37 1.2241031646198
38 1.23394540908269
39 1.24205627210876
40 1.25538102024151
41 1.27405992441937
42 1.29328002966881
43 1.31877762304646
44 1.34423217552932
45 1.39874427311571
46 1.40713312622151
47 1.41565195605851
48 1.42512162224337
49 1.4402525009879
50 1.45862828375845
51 1.58050694705803
52 1.58545630928332
53 1.58864457477385
54 1.59562938542586
55 1.58075988587279
56 1.61743243979546
57 1.67802958409998
58 1.75054841994362
59 1.85172025120478
60 1.95612957202001
61 2.09680053927476
62 2.23401351683802
63 2.40469573271551
64 2.56244284685323
65 2.61031523492851
66 2.75117891523538
67 2.89297379767931
68 2.9773070377647
69 3.05550074663814
70 3.16379254866471
71 3.35915188488372
72 3.47482635479741
73 3.59566317999876
74 3.74346472358353
75 3.90362310870458
76 4.11702489276211
77 4.3764656364793
78 4.51300580830379
79 4.79644594554152
80 5.146058430811
81 5.41409756981006
82 5.74390325418533
83 6.05499492392046
84 6.32041998043454
85 6.61348588308752
86 6.77235870330846
87 7.02843207555937
88 7.30416804038574
89 7.46027587206309
90 7.70335293330956
91 7.95080800299848
92 8.11491265250377
93 8.27011359321489
94 8.39860160767719
95 8.50011608681366
96 8.56381016318376
97 8.57432557090567
98 8.5398461285814
99 8.4281783099663
100 8.31369471525408
101 8.17107860379212
102 8.00220022151886
103 7.79911666805351
104 7.48112680047765
105 7.10302561583949
106 6.76182006930353
107 6.36365701327624
108 5.95833418058758
109 5.65856082993076
110 5.33284934833007
111 4.96789471368768
112 4.71338400859138
113 4.49667717401682
114 4.20081055895344
115 3.90522302235196
116 3.61705843913075
117 3.37821780632749
118 3.21427693851924
119 2.99979050195069
120 2.76688122579527
121 2.41456611970307
122 2.26430315857486
123 2.10225798472482
124 1.969662977049
125 1.88132708107472
126 1.70015967182601
127 1.62312381351921
128 1.58094830296434
129 1.57945525094439
130 1.58647781488138
131 1.59207269572952
132 1.7564922837677
133 1.6912279181673
134 1.60032084625326
135 1.66461312361433
136 1.4433792610971
137 1.24263569849483
138 0.8981907897825
139 0.671414773022197
140 0.510829277499803
141 0.258743392377952
142 -0.0184835675439888
143 -0.268907240621885
144 -0.281255074450711
145 -0.502760596515311
146 -0.697309583394793
147 -0.791111356585407
148 -0.75615578286631
149 -0.870259101315094
150 -0.886597238482222
151 -0.778002072992566
152 -0.482004687893885
153 -0.261805235382094
154 0.173939489588721
155 0.707163070087327
156 1.48360084902996
157 1.77492694046024
158 3.4223588540574
159 5.03242322876297
160 7.06551250048903
161 9.21107213127918
162 12.4321336872568
163 15.2243401096421
164 17.643978646668
165 21.763905630667
166 24.4657461251175
167 25.6499075154544
168 26.2585999265494
169 28.790994100078
170 28.2162380750649
171 26.9623757592024
172 25.0677494483955
173 23.4550602425443
174 21.7465801947748
175 20.1162946510989
176 18.4641284633008
177 16.5010951621929
178 14.5565389110263
179 13.1652348657511
180 11.5017208936572
181 10.1880051727379
182 9.12054905576087
183 8.02719534213837
184 7.04180777998057
185 6.31039429179182
186 5.53796555515226
187 4.92592676779007
188 4.30162167609538
189 3.55370564697656
190 3.13343386579825
191 2.80109910886832
192 2.24312704751267
193 2.06271142921982
194 1.95319929266428
195 1.85228303997704
196 1.72568639877325
197 1.53670727984092
198 1.27706603798199
199 0.906749511185024
200 0.326769924432808
201 -0.232077561457011
202 -1.04578901236868
203 -2.26788325595725
204 -3.74272861070448
205 -5.60320738654456
206 -7.40489452597467
207 -11.6579101089486
208 -15.5963496197294
209 -25.3565258614643
210 -28.9064358101481
211 -32.3581429825865
212 -32.5198521381207
213 -31.5817310172479
214 -30.3975348212071
215 -28.3680505905057
216 -26.1447626279448
217 -22.8836645888922
218 -19.9245755712051
219 -16.7876189488576
220 -14.185021970504
221 -12.0696984827071
222 -10.1703529280659
223 -8.52365467137534
224 -6.82666106194064
225 -5.66684227967963
226 -4.82679532649684
227 -3.90217030814744
228 -3.19617343504813
229 -2.43904083845771
230 -1.86511885429201
231 -1.27308196567327
232 -0.794536931270541
233 -0.288642569614204
234 0.130132057316836
235 0.5457364567661
236 0.930545072473232
237 1.31249931411307
238 1.71459096267569
239 2.06434098945764
240 2.47098638996419
241 2.90919147451855
242 3.41881579614466
243 4.19671989668058
244 4.72483447905065
245 5.26001826200377
246 6.03446777562665
247 7.23233462087998
248 8.5217628084272
249 10.235929506237
250 11.7883129970244
251 13.0434334799452
252 14.2484242233658
253 16.1049171656071
254 17.2285927255492
255 18.1270548522626
256 19.8636652706096
257 20.07355466709
258 19.982296625015
259 19.526165191248
260 18.6358282744699
261 17.8535191313462
262 16.8810995900235
263 15.9550997923943
264 14.7381931096654
265 13.5824489137131
266 12.2231616665379
267 11.1190413520845
268 10.2487312172082
269 9.39952604141567
270 8.73091773720977
271 8.21760354359906
272 7.72823990796328
273 7.45901946424251
274 7.1471924635831
275 6.90081792741344
276 6.65045723708256
277 6.46407508348377
278 6.21983351102804
279 6.08712422893072
280 5.91731446045541
281 5.78889804362118
282 5.66110918806708
283 5.55757389607705
284 5.44714008373946
285 5.38429773533815
286 5.32415947532241
287 5.28969274679404
288 5.27346986330518
289 5.26791204457395
290 5.27055157681977
291 5.26158473018226
292 5.2793286969093
293 5.26707958046046
294 5.25555626897881
295 5.23452218676525
296 5.20546261288829
297 5.16081741476429
298 5.08375972199507
299 4.97516992558269
300 4.87509935815698
301 4.75638617593028
302 4.60943001410415
303 4.45930403479094
304 4.2964485204484
305 4.1335231808509
306 3.94592710370687
307 3.76202033679237
308 3.56147794824529
309 3.38037280804948
310 3.14946710794504
311 2.9392686552153
312 2.72434866417077
313 2.56893866660526
314 2.40921704242118
315 2.18941645548602
316 1.98574982215205
317 1.83977748825426
318 1.80781294913193
319 1.70433704048388
320 1.63602870305095
321 1.61899428296331
322 1.62560540614385
323 1.606025212615
324 1.6131955320965
325 1.62504607213971
326 1.67781444310472
327 1.58403696283862
328 1.5805430292938
329 1.58449030060771
330 1.62803018753019
331 1.64337728762691
332 1.65647549633403
333 1.67083583372333
334 1.69827373234818
335 1.68667096947638
336 1.67301850034624
337 1.6857254939103
338 1.68800195430143
339 1.70181050201712
340 1.71560961552819
341 1.72326875439089
342 1.75395145331545
343 1.79773917627554
344 1.85917408587761
345 1.87738745079637
346 1.89902886391468
347 1.91823930954909
348 1.95152078225213
349 2.07461223365446
350 2.07089723335877
351 2.05993666159862
352 2.05732787414773
353 2.03298014226673
354 2.05179170921474
355 2.08186856267095
356 2.13959012993118
357 2.1923763892196
358 2.26891421525238
359 2.35093794177276
360 2.44676530622405
361 2.5573072639893
362 2.58643141603775
363 2.65824715074323
364 2.75360926851323
365 2.82577384743362
366 2.89269415644557
367 2.99343076792415
368 3.08386784478725
369 3.24717011220677
370 3.39028414376085
371 3.53474599326434
372 3.72664764989259
373 3.97524914879008
374 4.22185641907048
375 4.34404393183125
376 4.65610089662254
377 5.03825207061599
378 5.35103514455444
379 5.84010831207665
380 6.17274417890534
381 6.58180844822541
382 6.77641731008009
383 7.16513062900279
384 7.47098262339775
385 7.69633949586976
386 7.93808182502088
387 8.14305646053386
388 8.28287774481796
389 8.41102266099348
390 8.54701124280946
391 8.63004384569683
392 8.62956854836069
393 8.55371251491898
394 8.43307922803793
395 8.27170970401881
396 8.10037628612091
397 7.93714804181074
398 7.77739777588836
399 7.58544490005062
400 7.36416986253222
401 7.078391181941
402 6.76030644691987
403 6.40769916280666
404 6.12512447263981
405 5.68545322090588
406 5.34193698543522
407 4.99566898354616
408 4.6993325839265
409 4.50266024249769
410 4.15509096911082
411 3.85248404591236
412 3.56490267649224
413 3.32482150645141
414 3.18894182062076
415 2.94166188989143
416 2.70838016805438
417 2.41862872706716
418 2.24752955781374
419 2.10498177118512
420 1.97357172661717
421 1.87439120313833
422 1.70001630794144
423 1.59280651751348
424 1.5436693183723
425 1.52386247566237
426 1.51224455753786
427 1.69587647873862
428 1.65110405409252
429 1.55508494443905
430 1.44229457225678
431 1.49273859683689
432 1.28800611084488
433 1.08621781308957
434 0.842839585075835
435 0.627968152957543
436 0.522468750412795
437 0.176220208927829
438 -0.0559637289282636
439 -0.0851750583066467
440 -0.355997638311969
441 -0.562953781037321
442 -0.707528735539539
443 -0.815446045999312
444 -0.861249918403929
445 -0.873420722446331
446 -0.759414480652726
447 -0.488863964281525
448 -0.153411724658659
449 0.254492976078228
450 0.916862857369626
451 1.87562842273505
452 2.76834457326038
453 4.60130223476596
454 6.70781442191705
455 9.23549558165735
456 12.5987174667614
457 15.0345419268447
458 17.4902744755115
459 21.1362075724513
460 23.7304456359608
461 25.1653685769398
462 25.9506833454118
463 28.5463070394606
464 27.7547267127214
465 26.782442207685
466 25.1703171033265
467 23.8038871442282
468 21.7664773270878
469 19.9099460438597
470 17.94664707498
471 16.3942520694245
472 15.124326046669
473 13.9471117144462
474 12.6227925395675
475 11.0077650923164
476 9.6740733698129
477 8.59046048446625
478 7.35145820731185
479 6.53005820184269
480 5.85827771157544
481 5.23066647517533
482 4.59400960413284
483 4.09366331135201
484 3.30862675142755
485 2.97740170812939
486 2.72585871533838
487 2.50518559053536
488 2.0427322996796
489 1.94536651914793
490 1.90797686837037
491 1.87832367606673
492 1.81023969047833
493 1.7030181793829
494 1.5023255009097
495 1.1944176064296
496 0.824449912027697
497 0.265743962038878
498 -0.386551260688424
499 -1.36042256364608
500 -2.67412683137152
501 -4.23835422862621
502 -5.97063172075244
503 -7.79810856024329
504 -14.6721351914247
505 -18.8088557323433
506 -29.1337826073824
507 -34.0310934947327
508 -34.3847772665862
509 -33.2153819586921
510 -31.6970974595423
511 -29.428512651399
512 -26.7654081947755
513 -23.4108802958559
514 -20.9327990335698
515 -17.557026034237
516 -15.4927700737791
517 -12.9649090378895
518 -10.9344057570588
519 -8.97256711065546
520 -7.4999605814643
521 -6.02864778185149
522 -5.0549453393107
523 -4.1555905489477
524 -3.31111390141899
525 -2.57009128353743
526 -1.95924369181386
527 -1.43709336000515
528 -0.836941805802823
529 -0.365012032246499
530 0.0724523429000175
531 0.461931155955687
532 0.761111856569391
533 1.09136763187934
534 1.38575400364679
535 1.73840864754086
536 2.04919034964908
537 2.4268562665343
538 2.90859763808282
539 3.34142601643192
540 3.95179289188229
541 4.45902001623921
542 5.12907238201659
543 5.91177221231526
544 7.64580585811101
545 9.06671033628666
546 10.9632010783624
547 12.4025435889217
548 13.8368972172385
549 15.3346296259994
550 16.4727229249824
551 17.4142388390649
552 18.1645225092038
553 19.9044278063998
554 19.9994480181457
555 19.6230973992504
556 18.6840228035682
557 17.3727756763502
558 16.0731370420077
559 14.9529721223744
560 13.9811247808117
561 13.1495700104533
562 12.1188620539726
563 11.0516380009026
564 9.95339220821854
565 9.16381114408848
566 8.55912984915618
567 7.95562199611535
568 7.53515946875878
569 7.22114939584089
570 6.95131257952041
571 6.68143516850508
572 6.48953566666255
573 6.24063734941702
574 6.11047618536665
575 5.97222670618504
576 5.82197632827078
577 5.72048251564799
578 5.62341647860349
579 5.56322170555415
580 5.46931058685745
581 5.42450362810916
582 5.3671227694111
583 5.34208331801331
584 5.3248431758586
585 5.31902822649689
586 5.31786070045004
587 5.30276328868783
588 5.31349658968682
589 5.29238762800037
590 5.27335235118833
591 5.24700999472144
592 5.21629252300771
593 5.16768170161278
594 5.11175068973355
595 4.98505539109198
596 4.87825270113623
597 4.75442690721046
598 4.59897663186384
599 4.46530346460728
600 4.30796858459022
601 4.14310938117986
602 3.9988057444358
603 3.83113554427966
604 3.67219909220389
605 3.50775316934894
606 3.3587685617303
607 3.18859235361438
608 3.01771098106316
609 2.85493869687547
610 2.6885182552115
611 2.56296754141029
612 2.39540364756913
613 2.22444810047012
614 2.05076818703338
615 1.91330410855061
616 1.90690362763354
617 1.81149731880503
618 1.72046334254066
619 1.67430951919653
620 1.66033532950767
621 1.63636815051303
622 1.63390383831164
623 1.63542865253209
624 1.68487571648384
625 1.58265019593238
626 1.57383162704485
627 1.57376379076106
628 1.61561495418576
629 1.62555506955954
630 1.63787994697736
631 1.64904690468993
632 1.67592784818213
633 1.66658586767237
634 1.65299068912646
635 1.64139769859822
636 1.67101937545919
637 1.69073152675518
638 1.70910752876801
639 1.72523272912932
640 1.75810314373508
641 1.80488384540752
642 1.84272368644601
643 1.90216324667575
644 1.93348446421132
645 1.94874172950012
646 1.96842096301015
647 2.09665369078289
648 2.09831227286764
649 2.08053635508347
650 2.06534954518825
651 2.0310487583679
652 2.04399728439752
653 2.07408643851366
654 2.12429958123872
