0 0
1 -32.16173
1 -43.49173
1 -61.09
1 -78.29172
1 -93.05002
1 -107.7717
2 -32.16173
2 -43.49173
2 -61.09
2 -78.29172
2 -93.05002
2 -107.7717
3 -32.16173
3 -43.49173
3 -61.09
3 -78.29172
3 -93.05002
3 -107.7717
4 -32.16173
4 -43.49173
4 -61.09
4 -78.29172
4 -93.05002
4 -107.7717
5 -32.16173
5 -43.49173
5 -61.09
5 -78.29172
5 -93.05002
5 -107.7717
6 -32.16173
6 -43.49173
6 -61.09
6 -78.29172
6 -93.05002
6 -107.7717
7 -32.16173
7 -43.49173
7 -61.09
7 -78.29172
7 -93.05002
7 -107.7717
8 -32.16173
8 -43.49173
8 -61.09
8 -78.29172
8 -93.05002
8 -107.7717
9 -32.16173
9 -43.49173
9 -61.09
9 -78.29172
9 -93.05002
9 -107.7717
10 -32.16173
10 -43.49173
10 -61.09
10 -78.29172
10 -93.05002
10 -107.7717
11 -32.16173
11 -43.49173
11 -61.09
11 -78.29172
11 -93.05002
11 -107.7717
12 -32.16173
12 -43.49173
12 -61.09
12 -78.29172
12 -93.05002
12 -107.7717
13 -43.49173
13 -61.09
13 -78.29172
13 -93.05002
13 -107.7717
13 -123.3917
14 -43.49173
14 -61.09
14 -78.29172
14 -93.05002
14 -107.7717
14 -123.3917
15 -43.49173
15 -61.09
15 -78.29172
15 -93.05002
15 -107.7717
15 -123.3917
16 -43.49173
16 -61.09
16 -78.29172
16 -93.05002
16 -107.7717
16 -123.3917
17 -43.49173
17 -61.09
17 -78.29172
17 -93.05002
17 -107.7717
17 -123.3917
18 -43.49173
18 -61.09
18 -78.29172
18 -93.05002
18 -107.7717
18 -123.3917
19 -43.49173
19 -61.09
19 -78.29172
19 -93.05002
19 -107.7717
19 -123.3917
20 -43.49173
20 -61.09
20 -78.29172
20 -93.05002
20 -107.7717
20 -123.3917
21 -43.49173
21 -61.09
21 -78.29172
21 -93.05002
21 -107.7717
21 -123.3917
22 -43.49173
22 -61.09
22 -78.29172
22 -93.05002
22 -107.7717
22 -123.3917
23 -43.49173
23 -61.09
23 -78.29172
23 -93.05002
23 -107.7717
23 -123.3917
24 -43.49173
24 -61.09
24 -78.29172
24 -93.05002
24 -107.7717
24 -123.3917
25 -61.09
25 -78.29172
25 -93.05002
25 -107.7717
25 -123.3917
25 -134.97
26 -61.09
26 -78.29172
26 -93.05002
26 -107.7717
26 -123.3917
26 -134.97
27 -61.09
27 -78.29172
27 -93.05002
27 -107.7717
27 -123.3917
27 -134.97
28 -61.09
28 -78.29172
28 -93.05002
28 -107.7717
28 -123.3917
28 -134.97
29 -61.09
29 -78.29172
29 -93.05002
29 -107.7717
29 -123.3917
29 -134.97
30 -61.09
30 -78.29172
30 -93.05002
30 -107.7717
30 -123.3917
30 -134.97
31 -61.09
31 -78.29172
31 -93.05002
31 -107.7717
31 -123.3917
31 -134.97
32 -61.09
32 -78.29172
32 -93.05002
32 -107.7717
32 -123.3917
32 -134.97
33 -78.29172
33 -93.05002
33 -107.7717
33 -123.3917
33 -134.97
33 -145.1165
34 -78.29172
34 -93.05002
34 -107.7717
34 -123.3917
34 -134.97
34 -145.1165
35 -78.29172
35 -93.05002
35 -107.7717
35 -123.3917
35 -134.97
35 -145.1165
36 -78.29172
36 -93.05002
36 -107.7717
36 -123.3917
36 -134.97
36 -145.1165
37 -78.29172
37 -93.05002
37 -107.7717
37 -123.3917
37 -134.97
37 -145.1165
38 -78.29172
38 -93.05002
38 -107.7717
38 -123.3917
38 -134.97
38 -145.1165
39 -93.05002
39 -107.7717
39 -123.3917
39 -134.97
39 -145.1165
39 -158.3417
40 -93.05002
40 -107.7717
40 -123.3917
40 -134.97
40 -145.1165
40 -158.3417
41 -93.05002
41 -107.7717
41 -123.3917
41 -134.97
41 -145.1165
41 -158.3417
42 -93.05002
42 -107.7717
42 -123.3917
42 -134.97
42 -145.1165
42 -158.3417
43 -93.05002
43 -107.7717
43 -123.3917
43 -134.97
43 -145.1165
43 -158.3417
44 -93.05002
44 -107.7717
44 -123.3917
44 -134.97
44 -145.1165
44 -158.3417
45 -107.7717
45 -123.3917
45 -134.97
45 -145.1165
45 -158.3417
45 -164.3164
46 -107.7717
46 -123.3917
46 -134.97
46 -145.1165
46 -158.3417
46 -164.3164
47 -107.7717
47 -123.3917
47 -134.97
47 -145.1165
47 -158.3417
47 -164.3164
48 -107.7717
48 -123.3917
48 -134.97
48 -145.1165
48 -158.3417
48 -164.3164
49 -107.7717
49 -123.3917
49 -134.97
49 -145.1165
49 -158.3417
49 -164.3164
50 -107.7717
50 -123.3917
50 -134.97
50 -145.1165
50 -158.3417
50 -164.3164
51 -123.3917
51 -134.97
51 -145.1165
51 -158.3417
51 -164.3164
51 -169.3365
52 -123.3917
52 -134.97
52 -145.1165
52 -158.3417
52 -164.3164
52 -169.3365
53 -123.3917
53 -134.97
53 -145.1165
53 -158.3417
53 -164.3164
53 -169.3365
54 -123.3917
54 -134.97
54 -145.1165
54 -158.3417
54 -164.3164
54 -169.3365
55 -134.97
55 -145.1165
55 -158.3417
55 -164.3164
55 -169.3365
55 -175.4917
56 -134.97
56 -145.1165
56 -158.3417
56 -164.3164
56 -169.3365
56 -175.4917
57 -134.97
57 -145.1165
57 -158.3417
57 -164.3164
57 -169.3365
57 -175.4917
58 -134.97
58 -145.1165
58 -158.3417
58 -164.3164
58 -169.3365
58 -175.4917
59 -145.1165
59 -158.3417
59 -164.3164
59 -169.3365
59 -175.4917
59 -176.9617
60 -145.1165
60 -158.3417
60 -164.3164
60 -169.3365
60 -175.4917
60 -176.9617
61 -145.1165
61 -158.3417
61 -164.3164
61 -169.3365
61 -175.4917
61 -176.9617
62 -145.1165
62 -158.3417
62 -164.3164
62 -169.3365
62 -175.4917
62 -176.9617
63 -145.1165
63 -158.3417
63 -164.3164
63 -169.3365
63 -175.4917
63 -176.9617
64 -145.1165
64 -158.3417
64 -164.3164
64 -169.3365
64 -175.4917
64 -176.9617
65 -158.3417
65 -164.3164
65 -169.3365
65 -175.4917
65 -176.9617
65 -176.8864
66 -158.3417
66 -164.3164
66 -169.3365
66 -175.4917
66 -176.9617
66 -176.8864
67 -158.3417
67 -164.3164
67 -169.3365
67 -175.4917
67 -176.9617
67 -176.8864
68 -164.3164
68 -169.3365
68 -175.4917
68 -176.9617
68 -176.8864
68 -175.0817
69 -164.3164
69 -169.3365
69 -175.4917
69 -176.9617
69 -176.8864
69 -175.0817
70 -164.3164
70 -169.3365
70 -175.4917
70 -176.9617
70 -176.8864
70 -175.0817
71 -169.3365
71 -175.4917
71 -176.9617
71 -176.8864
71 -175.0817
71 -170.3617
72 -169.3365
72 -175.4917
72 -176.9617
72 -176.8864
72 -175.0817
72 -170.3617
73 -169.3365
73 -175.4917
73 -176.9617
73 -176.8864
73 -175.0817
73 -170.3617
74 -169.3365
74 -175.4917
74 -176.9617
74 -176.8864
74 -175.0817
74 -170.3617
75 -169.3365
75 -175.4917
75 -176.9617
75 -176.8864
75 -175.0817
75 -170.3617
76 -169.3365
76 -175.4917
76 -176.9617
76 -176.8864
76 -175.0817
76 -170.3617
77 -169.3365
77 -175.4917
77 -176.9617
77 -176.8864
77 -175.0817
77 -170.3617
78 -175.4917
78 -176.9617
78 -176.8864
78 -175.0817
78 -170.3617
78 -164.4217
79 -175.4917
79 -176.9617
79 -176.8864
79 -175.0817
79 -170.3617
79 -164.4217
80 -175.4917
80 -176.9617
80 -176.8864
80 -175.0817
80 -170.3617
80 -164.4217
81 -176.9617
81 -176.8864
81 -175.0817
81 -170.3617
81 -164.4217
81 -158.9417
82 -176.9617
82 -176.8864
82 -175.0817
82 -170.3617
82 -164.4217
82 -158.9417
83 -176.9617
83 -176.8864
83 -175.0817
83 -170.3617
83 -164.4217
83 -158.9417
84 -176.9617
84 -176.8864
84 -175.0817
84 -170.3617
84 -164.4217
84 -158.9417
85 -176.9617
85 -176.8864
85 -175.0817
85 -170.3617
85 -164.4217
85 -158.9417
86 -176.8864
86 -175.0817
86 -170.3617
86 -164.4217
86 -158.9417
86 -146.6317
87 -176.8864
87 -175.0817
87 -170.3617
87 -164.4217
87 -158.9417
87 -146.6317
88 -176.8864
88 -175.0817
88 -170.3617
88 -164.4217
88 -158.9417
88 -146.6317
89 -175.0817
89 -170.3617
89 -164.4217
89 -158.9417
89 -146.6317
89 -134.6765
90 -175.0817
90 -170.3617
90 -164.4217
90 -158.9417
90 -146.6317
90 -134.6765
91 -175.0817
91 -170.3617
91 -164.4217
91 -158.9417
91 -146.6317
91 -134.6765
92 -175.0817
92 -170.3617
92 -164.4217
92 -158.9417
92 -146.6317
92 -134.6765
93 -175.0817
93 -170.3617
93 -164.4217
93 -158.9417
93 -146.6317
93 -134.6765
94 -175.0817
94 -170.3617
94 -164.4217
94 -158.9417
94 -146.6317
94 -134.6765
95 -170.3617
95 -164.4217
95 -158.9417
95 -146.6317
95 -134.6765
95 -126.4965
96 -170.3617
96 -164.4217
96 -158.9417
96 -146.6317
96 -134.6765
96 -126.4965
97 -170.3617
97 -164.4217
97 -158.9417
97 -146.6317
97 -134.6765
97 -126.4965
98 -170.3617
98 -164.4217
98 -158.9417
98 -146.6317
98 -134.6765
98 -126.4965
99 -164.4217
99 -158.9417
99 -146.6317
99 -134.6765
99 -126.4965
99 -108.5617
100 -164.4217
100 -158.9417
100 -146.6317
100 -134.6765
100 -126.4965
100 -108.5617
101 -164.4217
101 -158.9417
101 -146.6317
101 -134.6765
101 -126.4965
101 -108.5617
102 -158.9417
102 -146.6317
102 -134.6765
102 -126.4965
102 -108.5617
102 -95.20645
103 -158.9417
103 -146.6317
103 -134.6765
103 -126.4965
103 -108.5617
103 -95.20645
104 -158.9417
104 -146.6317
104 -134.6765
104 -126.4965
104 -108.5617
104 -95.20645
105 -158.9417
105 -146.6317
105 -134.6765
105 -126.4965
105 -108.5617
105 -95.20645
106 -158.9417
106 -146.6317
106 -134.6765
106 -126.4965
106 -108.5617
106 -95.20645
107 -146.6317
107 -134.6765
107 -126.4965
107 -108.5617
107 -95.20645
107 -73.86172
108 -146.6317
108 -134.6765
108 -126.4965
108 -108.5617
108 -95.20645
108 -73.86172
109 -146.6317
109 -134.6765
109 -126.4965
109 -108.5617
109 -95.20645
109 -73.86172
110 -146.6317
110 -134.6765
110 -126.4965
110 -108.5617
110 -95.20645
110 -73.86172
111 -134.6765
111 -126.4965
111 -108.5617
111 -95.20645
111 -73.86172
111 -42.38173
112 -134.6765
112 -126.4965
112 -108.5617
112 -95.20645
112 -73.86172
112 -42.38173
113 -126.4965
113 -108.5617
113 -95.20645
113 -73.86172
113 -42.38173
113 -24.50172
114 -126.4965
114 -108.5617
114 -95.20645
114 -73.86172
114 -42.38173
114 -24.50172
115 -126.4965
115 -108.5617
115 -95.20645
115 -73.86172
115 -42.38173
115 -24.50172
116 -126.4965
116 -108.5617
116 -95.20645
116 -73.86172
116 -42.38173
116 -24.50172
117 -126.4965
117 -108.5617
117 -95.20645
117 -73.86172
117 -42.38173
117 -24.50172
118 -108.5617
118 -95.20645
118 -73.86172
118 -42.38173
118 -24.50172
118 2.908264
119 -108.5617
119 -95.20645
119 -73.86172
119 -42.38173
119 -24.50172
119 2.908264
120 -108.5617
120 -95.20645
120 -73.86172
120 -42.38173
120 -24.50172
120 2.908264
121 -95.20645
121 -73.86172
121 -42.38173
121 -24.50172
121 2.908264
121 22.10828
122 -95.20645
122 -73.86172
122 -42.38173
122 -24.50172
122 2.908264
122 22.10828
123 -95.20645
123 -73.86172
123 -42.38173
123 -24.50172
123 2.908264
123 22.10828
124 -95.20645
124 -73.86172
124 -42.38173
124 -24.50172
124 2.908264
124 22.10828
125 -95.20645
125 -73.86172
125 -42.38173
125 -24.50172
125 2.908264
125 22.10828
126 -73.86172
126 -42.38173
126 -24.50172
126 2.908264
126 22.10828
126 47.20827
127 -73.86172
127 -42.38173
127 -24.50172
127 2.908264
127 22.10828
127 47.20827
128 -73.86172
128 -42.38173
128 -24.50172
128 2.908264
128 22.10828
128 47.20827
129 -73.86172
129 -42.38173
129 -24.50172
129 2.908264
129 22.10828
129 47.20827
130 -73.86172
130 -42.38173
130 -24.50172
130 2.908264
130 22.10828
130 47.20827
131 -73.86172
131 -42.38173
131 -24.50172
131 2.908264
131 22.10828
131 47.20827
132 -42.38173
132 -24.50172
132 2.908264
132 22.10828
132 47.20827
132 75.06355
133 -42.38173
133 -24.50172
133 2.908264
133 22.10828
133 47.20827
133 75.06355
134 -42.38173
134 -24.50172
134 2.908264
134 22.10828
134 47.20827
134 75.06355
135 -24.50172
135 2.908264
135 22.10828
135 47.20827
135 75.06355
135 91.19354
136 -24.50172
136 2.908264
136 22.10828
136 47.20827
136 75.06355
136 91.19354
137 -24.50172
137 2.908264
137 22.10828
137 47.20827
137 75.06355
137 91.19354
138 -24.50172
138 2.908264
138 22.10828
138 47.20827
138 75.06355
138 91.19354
139 -24.50172
139 2.908264
139 22.10828
139 47.20827
139 75.06355
139 91.19354
140 2.908264
140 22.10828
140 47.20827
140 75.06355
140 91.19354
140 107.3083
141 2.908264
141 22.10828
141 47.20827
141 75.06355
141 91.19354
141 107.3083
142 2.908264
142 22.10828
142 47.20827
142 75.06355
142 91.19354
142 107.3083
143 2.908264
143 22.10828
143 47.20827
143 75.06355
143 91.19354
143 107.3083
144 22.10828
144 47.20827
144 75.06355
144 91.19354
144 107.3083
144 114.2635
145 22.10828
145 47.20827
145 75.06355
145 91.19354
145 107.3083
145 114.2635
146 22.10828
146 47.20827
146 75.06355
146 91.19354
146 107.3083
146 114.2635
147 22.10828
147 47.20827
147 75.06355
147 91.19354
147 107.3083
147 114.2635
148 47.20827
148 75.06355
148 91.19354
148 107.3083
148 114.2635
148 122.5583
149 47.20827
149 75.06355
149 91.19354
149 107.3083
149 114.2635
149 122.5583
150 47.20827
150 75.06355
150 91.19354
150 107.3083
150 114.2635
150 122.5583
151 47.20827
151 75.06355
151 91.19354
151 107.3083
151 114.2635
151 122.5583
152 47.20827
152 75.06355
152 91.19354
152 107.3083
152 114.2635
152 122.5583
153 75.06355
153 91.19354
153 107.3083
153 114.2635
153 122.5583
153 126.6183
154 75.06355
154 91.19354
154 107.3083
154 114.2635
154 122.5583
154 126.6183
155 75.06355
155 91.19354
155 107.3083
155 114.2635
155 122.5583
155 126.6183
156 75.06355
156 91.19354
156 107.3083
156 114.2635
156 122.5583
156 126.6183
157 91.19354
157 107.3083
157 114.2635
157 122.5583
157 126.6183
157 129.1083
158 91.19354
158 107.3083
158 114.2635
158 122.5583
158 126.6183
158 129.1083
159 91.19354
159 107.3083
159 114.2635
159 122.5583
159 126.6183
159 129.1083
160 91.19354
160 107.3083
160 114.2635
160 122.5583
160 126.6183
160 129.1083
161 91.19354
161 107.3083
161 114.2635
161 122.5583
161 126.6183
161 129.1083
162 107.3083
162 114.2635
162 122.5583
162 126.6183
162 129.1083
162 129.1283
163 107.3083
163 114.2635
163 122.5583
163 126.6183
163 129.1083
163 129.1283
164 107.3083
164 114.2635
164 122.5583
164 126.6183
164 129.1083
164 129.1283
165 114.2635
165 122.5583
165 126.6183
165 129.1083
165 129.1283
165 126.8983
166 114.2635
166 122.5583
166 126.6183
166 129.1083
166 129.1283
166 126.8983
167 114.2635
167 122.5583
167 126.6183
167 129.1083
167 129.1283
167 126.8983
168 114.2635
168 122.5583
168 126.6183
168 129.1083
168 129.1283
168 126.8983
169 122.5583
169 126.6183
169 129.1083
169 129.1283
169 126.8983
169 122.3383
170 122.5583
170 126.6183
170 129.1083
170 129.1283
170 126.8983
170 122.3383
171 122.5583
171 126.6183
171 129.1083
171 129.1283
171 126.8983
171 122.3383
172 126.6183
172 129.1083
172 129.1283
172 126.8983
172 122.3383
172 117.2083
173 126.6183
173 129.1083
173 129.1283
173 126.8983
173 122.3383
173 117.2083
174 126.6183
174 129.1083
174 129.1283
174 126.8983
174 122.3383
174 117.2083
175 126.6183
175 129.1083
175 129.1283
175 126.8983
175 122.3383
175 117.2083
176 126.6183
176 129.1083
176 129.1283
176 126.8983
176 122.3383
176 117.2083
177 129.1083
177 129.1283
177 126.8983
177 122.3383
177 117.2083
177 98.34827
178 129.1083
178 129.1283
178 126.8983
178 122.3383
178 117.2083
178 98.34827
179 129.1083
179 129.1283
179 126.8983
179 122.3383
179 117.2083
179 98.34827
180 129.1283
180 126.8983
180 122.3383
180 117.2083
180 98.34827
180 83.63827
181 129.1283
181 126.8983
181 122.3383
181 117.2083
181 98.34827
181 83.63827
182 129.1283
182 126.8983
182 122.3383
182 117.2083
182 98.34827
182 83.63827
183 129.1283
183 126.8983
183 122.3383
183 117.2083
183 98.34827
183 83.63827
184 129.1283
184 126.8983
184 122.3383
184 117.2083
184 98.34827
184 83.63827
185 126.8983
185 122.3383
185 117.2083
185 98.34827
185 83.63827
185 79.68355
186 126.8983
186 122.3383
186 117.2083
186 98.34827
186 83.63827
186 79.68355
187 126.8983
187 122.3383
187 117.2083
187 98.34827
187 83.63827
187 79.68355
188 126.8983
188 122.3383
188 117.2083
188 98.34827
188 83.63827
188 79.68355
189 122.3383
189 117.2083
189 98.34827
189 83.63827
189 79.68355
189 78.52827
190 122.3383
190 117.2083
190 98.34827
190 83.63827
190 79.68355
190 78.52827
191 122.3383
191 117.2083
191 98.34827
191 83.63827
191 79.68355
191 78.52827
192 117.2083
192 98.34827
192 83.63827
192 79.68355
192 78.52827
192 77.04827
193 117.2083
193 98.34827
193 83.63827
193 79.68355
193 78.52827
193 77.04827
194 117.2083
194 98.34827
194 83.63827
194 79.68355
194 78.52827
194 77.04827
195 117.2083
195 98.34827
195 83.63827
195 79.68355
195 78.52827
195 77.04827
196 117.2083
196 98.34827
196 83.63827
196 79.68355
196 78.52827
196 77.04827
197 117.2083
197 98.34827
197 83.63827
197 79.68355
197 78.52827
197 77.04827
198 117.2083
198 98.34827
198 83.63827
198 79.68355
198 78.52827
198 77.04827
199 117.2083
199 98.34827
199 83.63827
199 79.68355
199 78.52827
199 77.04827
200 117.2083
200 98.34827
200 83.63827
200 79.68355
200 78.52827
200 77.04827
201 98.34827
201 83.63827
201 79.68355
201 78.52827
201 77.04827
201 77.87827
202 98.34827
202 83.63827
202 79.68355
202 78.52827
202 77.04827
202 77.87827
203 98.34827
203 83.63827
203 79.68355
203 78.52827
203 77.04827
203 77.87827
204 98.34827
204 83.63827
204 79.68355
204 78.52827
204 77.04827
204 77.87827
205 98.34827
205 83.63827
205 79.68355
205 78.52827
205 77.04827
205 77.87827
206 98.34827
206 83.63827
206 79.68355
206 78.52827
206 77.04827
206 77.87827
207 83.63827
207 79.68355
207 78.52827
207 77.04827
207 77.87827
207 81.37827
208 83.63827
208 79.68355
208 78.52827
208 77.04827
208 77.87827
208 81.37827
209 79.68355
209 78.52827
209 77.04827
209 77.87827
209 81.37827
209 88.33827
210 79.68355
210 78.52827
210 77.04827
210 77.87827
210 81.37827
210 88.33827
211 78.52827
211 77.04827
211 77.87827
211 81.37827
211 88.33827
211 95.31827
212 78.52827
212 77.04827
212 77.87827
212 81.37827
212 88.33827
212 95.31827
213 78.52827
213 77.04827
213 77.87827
213 81.37827
213 88.33827
213 95.31827
214 77.04827
214 77.87827
214 81.37827
214 88.33827
214 95.31827
214 102.9283
215 77.04827
215 77.87827
215 81.37827
215 88.33827
215 95.31827
215 102.9283
216 77.04827
216 77.87827
216 81.37827
216 88.33827
216 95.31827
216 102.9283
217 77.87827
217 81.37827
217 88.33827
217 95.31827
217 102.9283
217 118.5435
218 77.87827
218 81.37827
218 88.33827
218 95.31827
218 102.9283
218 118.5435
219 81.37827
219 88.33827
219 95.31827
219 102.9283
219 118.5435
219 133.2435
220 81.37827
220 88.33827
220 95.31827
220 102.9283
220 118.5435
220 133.2435
221 81.37827
221 88.33827
221 95.31827
221 102.9283
221 118.5435
221 133.2435
222 81.37827
222 88.33827
222 95.31827
222 102.9283
222 118.5435
222 133.2435
223 88.33827
223 95.31827
223 102.9283
223 118.5435
223 133.2435
223 156.5083
224 88.33827
224 95.31827
224 102.9283
224 118.5435
224 133.2435
224 156.5083
225 88.33827
225 95.31827
225 102.9283
225 118.5435
225 133.2435
225 156.5083
226 95.31827
226 102.9283
226 118.5435
226 133.2435
226 156.5083
226 164.2383
227 95.31827
227 102.9283
227 118.5435
227 133.2435
227 156.5083
227 164.2383
228 95.31827
228 102.9283
228 118.5435
228 133.2435
228 156.5083
228 164.2383
229 102.9283
229 118.5435
229 133.2435
229 156.5083
229 164.2383
229 170.2883
230 102.9283
230 118.5435
230 133.2435
230 156.5083
230 164.2383
230 170.2883
231 102.9283
231 118.5435
231 133.2435
231 156.5083
231 164.2383
231 170.2883
232 102.9283
232 118.5435
232 133.2435
232 156.5083
232 164.2383
232 170.2883
233 102.9283
233 118.5435
233 133.2435
233 156.5083
233 164.2383
233 170.2883
234 102.9283
234 118.5435
234 133.2435
234 156.5083
234 164.2383
234 170.2883
235 118.5435
235 133.2435
235 156.5083
235 164.2383
235 170.2883
235 176.0983
236 118.5435
236 133.2435
236 156.5083
236 164.2383
236 170.2883
236 176.0983
237 118.5435
237 133.2435
237 156.5083
237 164.2383
237 170.2883
237 176.0983
238 118.5435
238 133.2435
238 156.5083
238 164.2383
238 170.2883
238 176.0983
239 133.2435
239 156.5083
239 164.2383
239 170.2883
239 176.0983
239 178.1583
240 133.2435
240 156.5083
240 164.2383
240 170.2883
240 176.0983
240 178.1583
241 133.2435
241 156.5083
241 164.2383
241 170.2883
241 176.0983
241 178.1583
242 133.2435
242 156.5083
242 164.2383
242 170.2883
242 176.0983
242 178.1583
243 133.2435
243 156.5083
243 164.2383
243 170.2883
243 176.0983
243 178.1583
244 133.2435
244 156.5083
244 164.2383
244 170.2883
244 176.0983
244 178.1583
245 133.2435
245 156.5083
245 164.2383
245 170.2883
245 176.0983
245 178.1583
246 156.5083
246 164.2383
246 170.2883
246 176.0983
246 178.1583
246 179.4383
247 156.5083
247 164.2383
247 170.2883
247 176.0983
247 178.1583
247 179.4383
248 156.5083
248 164.2383
248 170.2883
248 176.0983
248 178.1583
248 179.4383
249 164.2383
249 170.2883
249 176.0983
249 178.1583
249 179.4383
249 179.3083
250 164.2383
250 170.2883
250 176.0983
250 178.1583
250 179.4383
250 179.3083
251 164.2383
251 170.2883
251 176.0983
251 178.1583
251 179.4383
251 179.3083
252 164.2383
252 170.2883
252 176.0983
252 178.1583
252 179.4383
252 179.3083
253 170.2883
253 176.0983
253 178.1583
253 179.4383
253 179.3083
253 177.7183
254 170.2883
254 176.0983
254 178.1583
254 179.4383
254 179.3083
254 177.7183
255 170.2883
255 176.0983
255 178.1583
255 179.4383
255 179.3083
255 177.7183
256 176.0983
256 178.1583
256 179.4383
256 179.3083
256 177.7183
256 172.4083
257 176.0983
257 178.1583
257 179.4383
257 179.3083
257 177.7183
257 172.4083
258 176.0983
258 178.1583
258 179.4383
258 179.3083
258 177.7183
258 172.4083
259 178.1583
259 179.4383
259 179.3083
259 177.7183
259 172.4083
259 165.5735
260 178.1583
260 179.4383
260 179.3083
260 177.7183
260 172.4083
260 165.5735
261 178.1583
261 179.4383
261 179.3083
261 177.7183
261 172.4083
261 165.5735
262 179.4383
262 179.3083
262 177.7183
262 172.4083
262 165.5735
262 160.3583
263 179.4383
263 179.3083
263 177.7183
263 172.4083
263 165.5735
263 160.3583
264 179.4383
264 179.3083
264 177.7183
264 172.4083
264 165.5735
264 160.3583
265 179.3083
265 177.7183
265 172.4083
265 165.5735
265 160.3583
265 150.8283
266 179.3083
266 177.7183
266 172.4083
266 165.5735
266 160.3583
266 150.8283
267 179.3083
267 177.7183
267 172.4083
267 165.5735
267 160.3583
267 150.8283
268 177.7183
268 172.4083
268 165.5735
268 160.3583
268 150.8283
268 144.6183
269 177.7183
269 172.4083
269 165.5735
269 160.3583
269 150.8283
269 144.6183
270 177.7183
270 172.4083
270 165.5735
270 160.3583
270 150.8283
270 144.6183
271 177.7183
271 172.4083
271 165.5735
271 160.3583
271 150.8283
271 144.6183
272 177.7183
272 172.4083
272 165.5735
272 160.3583
272 150.8283
272 144.6183
273 172.4083
273 165.5735
273 160.3583
273 150.8283
273 144.6183
273 134.5383
274 172.4083
274 165.5735
274 160.3583
274 150.8283
274 144.6183
274 134.5383
275 172.4083
275 165.5735
275 160.3583
275 150.8283
275 144.6183
275 134.5383
276 172.4083
276 165.5735
276 160.3583
276 150.8283
276 144.6183
276 134.5383
277 172.4083
277 165.5735
277 160.3583
277 150.8283
277 144.6183
277 134.5383
278 165.5735
278 160.3583
278 150.8283
278 144.6183
278 134.5383
278 127.2283
279 165.5735
279 160.3583
279 150.8283
279 144.6183
279 134.5383
279 127.2283
280 160.3583
280 150.8283
280 144.6183
280 134.5383
280 127.2283
280 114.8083
281 160.3583
281 150.8283
281 144.6183
281 134.5383
281 127.2283
281 114.8083
282 160.3583
282 150.8283
282 144.6183
282 134.5383
282 127.2283
282 114.8083
283 160.3583
283 150.8283
283 144.6183
283 134.5383
283 127.2283
283 114.8083
284 150.8283
284 144.6183
284 134.5383
284 127.2283
284 114.8083
284 103.8935
285 150.8283
285 144.6183
285 134.5383
285 127.2283
285 114.8083
285 103.8935
286 144.6183
286 134.5383
286 127.2283
286 114.8083
286 103.8935
286 94.21827
287 144.6183
287 134.5383
287 127.2283
287 114.8083
287 103.8935
287 94.21827
288 144.6183
288 134.5383
288 127.2283
288 114.8083
288 103.8935
288 94.21827
289 144.6183
289 134.5383
289 127.2283
289 114.8083
289 103.8935
289 94.21827
290 134.5383
290 127.2283
290 114.8083
290 103.8935
290 94.21827
290 85.37355
291 134.5383
291 127.2283
291 114.8083
291 103.8935
291 94.21827
291 85.37355
292 127.2283
292 114.8083
292 103.8935
292 94.21827
292 85.37355
292 70.40827
293 127.2283
293 114.8083
293 103.8935
293 94.21827
293 85.37355
293 70.40827
294 127.2283
294 114.8083
294 103.8935
294 94.21827
294 85.37355
294 70.40827
295 127.2283
295 114.8083
295 103.8935
295 94.21827
295 85.37355
295 70.40827
296 114.8083
296 103.8935
296 94.21827
296 85.37355
296 70.40827
296 61.24355
297 114.8083
297 103.8935
297 94.21827
297 85.37355
297 70.40827
297 61.24355
298 114.8083
298 103.8935
298 94.21827
298 85.37355
298 70.40827
298 61.24355
299 103.8935
299 94.21827
299 85.37355
299 70.40827
299 61.24355
299 45.30827
300 103.8935
300 94.21827
300 85.37355
300 70.40827
300 61.24355
300 45.30827
301 103.8935
301 94.21827
301 85.37355
301 70.40827
301 61.24355
301 45.30827
302 94.21827
302 85.37355
302 70.40827
302 61.24355
302 45.30827
302 36.03354
303 94.21827
303 85.37355
303 70.40827
303 61.24355
303 45.30827
303 36.03354
304 85.37355
304 70.40827
304 61.24355
304 45.30827
304 36.03354
304 15.90826
305 85.37355
305 70.40827
305 61.24355
305 45.30827
305 36.03354
305 15.90826
306 85.37355
306 70.40827
306 61.24355
306 45.30827
306 36.03354
306 15.90826
307 70.40827
307 61.24355
307 45.30827
307 36.03354
307 15.90826
307 5.64827
308 70.40827
308 61.24355
308 45.30827
308 36.03354
308 15.90826
308 5.64827
309 61.24355
309 45.30827
309 36.03354
309 15.90826
309 5.64827
309 -9.99173
310 61.24355
310 45.30827
310 36.03354
310 15.90826
310 5.64827
310 -9.99173
311 61.24355
311 45.30827
311 36.03354
311 15.90826
311 5.64827
311 -9.99173
312 45.30827
312 36.03354
312 15.90826
312 5.64827
312 -9.99173
312 -24.01645
313 45.30827
313 36.03354
313 15.90826
313 5.64827
313 -9.99173
313 -24.01645
314 36.03354
314 15.90826
314 5.64827
314 -9.99173
314 -24.01645
314 -32.16173
315 36.03354
315 15.90826
315 5.64827
315 -9.99173
315 -24.01645
315 -32.16173
316 36.03354
316 15.90826
316 5.64827
316 -9.99173
316 -24.01645
316 -32.16173
317 36.03354
317 15.90826
317 5.64827
317 -9.99173
317 -24.01645
317 -32.16173
318 15.90826
318 5.64827
318 -9.99173
318 -24.01645
318 -32.16173
318 -43.49173
319 15.90826
319 5.64827
319 -9.99173
319 -24.01645
319 -32.16173
319 -43.49173
320 5.64827
320 -9.99173
320 -24.01645
320 -32.16173
320 -43.49173
320 -61.09
321 5.64827
321 -9.99173
321 -24.01645
321 -32.16173
321 -43.49173
321 -61.09
322 5.64827
322 -9.99173
322 -24.01645
322 -32.16173
322 -43.49173
322 -61.09
323 -9.99173
323 -24.01645
323 -32.16173
323 -43.49173
323 -61.09
323 -78.29172
324 -9.99173
324 -24.01645
324 -32.16173
324 -43.49173
324 -61.09
324 -78.29172
325 -9.99173
325 -24.01645
325 -32.16173
325 -43.49173
325 -61.09
325 -78.29172
326 -24.01645
326 -32.16173
326 -43.49173
326 -61.09
326 -78.29172
326 -93.05002
327 -32.16173
327 -43.49173
327 -61.09
327 -78.29172
327 -93.05002
327 -107.7717
328 -32.16173
328 -43.49173
328 -61.09
328 -78.29172
328 -93.05002
328 -107.7717
329 -32.16173
329 -43.49173
329 -61.09
329 -78.29172
329 -93.05002
329 -107.7717
330 -43.49173
330 -61.09
330 -78.29172
330 -93.05002
330 -107.7717
330 -123.3917
331 -43.49173
331 -61.09
331 -78.29172
331 -93.05002
331 -107.7717
331 -123.3917
332 -43.49173
332 -61.09
332 -78.29172
332 -93.05002
332 -107.7717
332 -123.3917
333 -43.49173
333 -61.09
333 -78.29172
333 -93.05002
333 -107.7717
333 -123.3917
334 -61.09
334 -78.29172
334 -93.05002
334 -107.7717
334 -123.3917
334 -134.97
335 -61.09
335 -78.29172
335 -93.05002
335 -107.7717
335 -123.3917
335 -134.97
336 -61.09
336 -78.29172
336 -93.05002
336 -107.7717
336 -123.3917
336 -134.97
337 -78.29172
337 -93.05002
337 -107.7717
337 -123.3917
337 -134.97
337 -145.1165
338 -78.29172
338 -93.05002
338 -107.7717
338 -123.3917
338 -134.97
338 -145.1165
339 -78.29172
339 -93.05002
339 -107.7717
339 -123.3917
339 -134.97
339 -145.1165
340 -78.29172
340 -93.05002
340 -107.7717
340 -123.3917
340 -134.97
340 -145.1165
341 -93.05002
341 -107.7717
341 -123.3917
341 -134.97
341 -145.1165
341 -158.3417
342 -93.05002
342 -107.7717
342 -123.3917
342 -134.97
342 -145.1165
342 -158.3417
343 -93.05002
343 -107.7717
343 -123.3917
343 -134.97
343 -145.1165
343 -158.3417
344 -107.7717
344 -123.3917
344 -134.97
344 -145.1165
344 -158.3417
344 -164.3164
345 -107.7717
345 -123.3917
345 -134.97
345 -145.1165
345 -158.3417
345 -164.3164
346 -107.7717
346 -123.3917
346 -134.97
346 -145.1165
346 -158.3417
346 -164.3164
347 -107.7717
347 -123.3917
347 -134.97
347 -145.1165
347 -158.3417
347 -164.3164
348 -107.7717
348 -123.3917
348 -134.97
348 -145.1165
348 -158.3417
348 -164.3164
349 -123.3917
349 -134.97
349 -145.1165
349 -158.3417
349 -164.3164
349 -169.3365
350 -123.3917
350 -134.97
350 -145.1165
350 -158.3417
350 -164.3164
350 -169.3365
351 -123.3917
351 -134.97
351 -145.1165
351 -158.3417
351 -164.3164
351 -169.3365
352 -123.3917
352 -134.97
352 -145.1165
352 -158.3417
352 -164.3164
352 -169.3365
353 -134.97
353 -145.1165
353 -158.3417
353 -164.3164
353 -169.3365
353 -175.4917
354 -134.97
354 -145.1165
354 -158.3417
354 -164.3164
354 -169.3365
354 -175.4917
355 -134.97
355 -145.1165
355 -158.3417
355 -164.3164
355 -169.3365
355 -175.4917
356 -145.1165
356 -158.3417
356 -164.3164
356 -169.3365
356 -175.4917
356 -176.9617
357 -145.1165
357 -158.3417
357 -164.3164
357 -169.3365
357 -175.4917
357 -176.9617
358 -145.1165
358 -158.3417
358 -164.3164
358 -169.3365
358 -175.4917
358 -176.9617
359 -145.1165
359 -158.3417
359 -164.3164
359 -169.3365
359 -175.4917
359 -176.9617
360 -145.1165
360 -158.3417
360 -164.3164
360 -169.3365
360 -175.4917
360 -176.9617
361 -145.1165
361 -158.3417
361 -164.3164
361 -169.3365
361 -175.4917
361 -176.9617
362 -158.3417
362 -164.3164
362 -169.3365
362 -175.4917
362 -176.9617
362 -176.8864
363 -158.3417
363 -164.3164
363 -169.3365
363 -175.4917
363 -176.9617
363 -176.8864
364 -158.3417
364 -164.3164
364 -169.3365
364 -175.4917
364 -176.9617
364 -176.8864
365 -164.3164
365 -169.3365
365 -175.4917
365 -176.9617
365 -176.8864
365 -175.0817
366 -164.3164
366 -169.3365
366 -175.4917
366 -176.9617
366 -176.8864
366 -175.0817
367 -164.3164
367 -169.3365
367 -175.4917
367 -176.9617
367 -176.8864
367 -175.0817
368 -164.3164
368 -169.3365
368 -175.4917
368 -176.9617
368 -176.8864
368 -175.0817
369 -169.3365
369 -175.4917
369 -176.9617
369 -176.8864
369 -175.0817
369 -170.3617
370 -169.3365
370 -175.4917
370 -176.9617
370 -176.8864
370 -175.0817
370 -170.3617
371 -169.3365
371 -175.4917
371 -176.9617
371 -176.8864
371 -175.0817
371 -170.3617
372 -169.3365
372 -175.4917
372 -176.9617
372 -176.8864
372 -175.0817
372 -170.3617
373 -169.3365
373 -175.4917
373 -176.9617
373 -176.8864
373 -175.0817
373 -170.3617
374 -169.3365
374 -175.4917
374 -176.9617
374 -176.8864
374 -175.0817
374 -170.3617
375 -175.4917
375 -176.9617
375 -176.8864
375 -175.0817
375 -170.3617
375 -164.4217
376 -175.4917
376 -176.9617
376 -176.8864
376 -175.0817
376 -170.3617
376 -164.4217
377 -175.4917
377 -176.9617
377 -176.8864
377 -175.0817
377 -170.3617
377 -164.4217
378 -176.9617
378 -176.8864
378 -175.0817
378 -170.3617
378 -164.4217
378 -158.9417
379 -176.9617
379 -176.8864
379 -175.0817
379 -170.3617
379 -164.4217
379 -158.9417
380 -176.9617
380 -176.8864
380 -175.0817
380 -170.3617
380 -164.4217
380 -158.9417
381 -176.9617
381 -176.8864
381 -175.0817
381 -170.3617
381 -164.4217
381 -158.9417
382 -176.8864
382 -175.0817
382 -170.3617
382 -164.4217
382 -158.9417
382 -146.6317
383 -176.8864
383 -175.0817
383 -170.3617
383 -164.4217
383 -158.9417
383 -146.6317
384 -176.8864
384 -175.0817
384 -170.3617
384 -164.4217
384 -158.9417
384 -146.6317
385 -175.0817
385 -170.3617
385 -164.4217
385 -158.9417
385 -146.6317
385 -134.6765
386 -175.0817
386 -170.3617
386 -164.4217
386 -158.9417
386 -146.6317
386 -134.6765
387 -175.0817
387 -170.3617
387 -164.4217
387 -158.9417
387 -146.6317
387 -134.6765
388 -175.0817
388 -170.3617
388 -164.4217
388 -158.9417
388 -146.6317
388 -134.6765
389 -175.0817
389 -170.3617
389 -164.4217
389 -158.9417
389 -146.6317
389 -134.6765
390 -175.0817
390 -170.3617
390 -164.4217
390 -158.9417
390 -146.6317
390 -134.6765
391 -170.3617
391 -164.4217
391 -158.9417
391 -146.6317
391 -134.6765
391 -126.4965
392 -170.3617
392 -164.4217
392 -158.9417
392 -146.6317
392 -134.6765
392 -126.4965
393 -170.3617
393 -164.4217
393 -158.9417
393 -146.6317
393 -134.6765
393 -126.4965
394 -170.3617
394 -164.4217
394 -158.9417
394 -146.6317
394 -134.6765
394 -126.4965
395 -164.4217
395 -158.9417
395 -146.6317
395 -134.6765
395 -126.4965
395 -108.5617
396 -164.4217
396 -158.9417
396 -146.6317
396 -134.6765
396 -126.4965
396 -108.5617
397 -164.4217
397 -158.9417
397 -146.6317
397 -134.6765
397 -126.4965
397 -108.5617
398 -158.9417
398 -146.6317
398 -134.6765
398 -126.4965
398 -108.5617
398 -95.20645
399 -158.9417
399 -146.6317
399 -134.6765
399 -126.4965
399 -108.5617
399 -95.20645
400 -158.9417
400 -146.6317
400 -134.6765
400 -126.4965
400 -108.5617
400 -95.20645
401 -158.9417
401 -146.6317
401 -134.6765
401 -126.4965
401 -108.5617
401 -95.20645
402 -158.9417
402 -146.6317
402 -134.6765
402 -126.4965
402 -108.5617
402 -95.20645
403 -146.6317
403 -134.6765
403 -126.4965
403 -108.5617
403 -95.20645
403 -73.86172
404 -146.6317
404 -134.6765
404 -126.4965
404 -108.5617
404 -95.20645
404 -73.86172
405 -146.6317
405 -134.6765
405 -126.4965
405 -108.5617
405 -95.20645
405 -73.86172
406 -134.6765
406 -126.4965
406 -108.5617
406 -95.20645
406 -73.86172
406 -42.38173
407 -134.6765
407 -126.4965
407 -108.5617
407 -95.20645
407 -73.86172
407 -42.38173
408 -134.6765
408 -126.4965
408 -108.5617
408 -95.20645
408 -73.86172
408 -42.38173
409 -126.4965
409 -108.5617
409 -95.20645
409 -73.86172
409 -42.38173
409 -24.50172
410 -126.4965
410 -108.5617
410 -95.20645
410 -73.86172
410 -42.38173
410 -24.50172
411 -126.4965
411 -108.5617
411 -95.20645
411 -73.86172
411 -42.38173
411 -24.50172
412 -126.4965
412 -108.5617
412 -95.20645
412 -73.86172
412 -42.38173
412 -24.50172
413 -126.4965
413 -108.5617
413 -95.20645
413 -73.86172
413 -42.38173
413 -24.50172
414 -108.5617
414 -95.20645
414 -73.86172
414 -42.38173
414 -24.50172
414 2.908264
415 -108.5617
415 -95.20645
415 -73.86172
415 -42.38173
415 -24.50172
415 2.908264
416 -108.5617
416 -95.20645
416 -73.86172
416 -42.38173
416 -24.50172
416 2.908264
417 -95.20645
417 -73.86172
417 -42.38173
417 -24.50172
417 2.908264
417 22.10828
418 -95.20645
418 -73.86172
418 -42.38173
418 -24.50172
418 2.908264
418 22.10828
419 -95.20645
419 -73.86172
419 -42.38173
419 -24.50172
419 2.908264
419 22.10828
420 -95.20645
420 -73.86172
420 -42.38173
420 -24.50172
420 2.908264
420 22.10828
421 -95.20645
421 -73.86172
421 -42.38173
421 -24.50172
421 2.908264
421 22.10828
422 -73.86172
422 -42.38173
422 -24.50172
422 2.908264
422 22.10828
422 47.20827
423 -73.86172
423 -42.38173
423 -24.50172
423 2.908264
423 22.10828
423 47.20827
424 -73.86172
424 -42.38173
424 -24.50172
424 2.908264
424 22.10828
424 47.20827
425 -73.86172
425 -42.38173
425 -24.50172
425 2.908264
425 22.10828
425 47.20827
426 -73.86172
426 -42.38173
426 -24.50172
426 2.908264
426 22.10828
426 47.20827
427 -42.38173
427 -24.50172
427 2.908264
427 22.10828
427 47.20827
427 75.06355
428 -42.38173
428 -24.50172
428 2.908264
428 22.10828
428 47.20827
428 75.06355
429 -42.38173
429 -24.50172
429 2.908264
429 22.10828
429 47.20827
429 75.06355
430 -42.38173
430 -24.50172
430 2.908264
430 22.10828
430 47.20827
430 75.06355
431 -24.50172
431 2.908264
431 22.10828
431 47.20827
431 75.06355
431 91.19354
432 -24.50172
432 2.908264
432 22.10828
432 47.20827
432 75.06355
432 91.19354
433 -24.50172
433 2.908264
433 22.10828
433 47.20827
433 75.06355
433 91.19354
434 -24.50172
434 2.908264
434 22.10828
434 47.20827
434 75.06355
434 91.19354
435 -24.50172
435 2.908264
435 22.10828
435 47.20827
435 75.06355
435 91.19354
436 2.908264
436 22.10828
436 47.20827
436 75.06355
436 91.19354
436 107.3083
437 2.908264
437 22.10828
437 47.20827
437 75.06355
437 91.19354
437 107.3083
438 2.908264
438 22.10828
438 47.20827
438 75.06355
438 91.19354
438 107.3083
439 22.10828
439 47.20827
439 75.06355
439 91.19354
439 107.3083
439 114.2635
440 22.10828
440 47.20827
440 75.06355
440 91.19354
440 107.3083
440 114.2635
441 22.10828
441 47.20827
441 75.06355
441 91.19354
441 107.3083
441 114.2635
442 22.10828
442 47.20827
442 75.06355
442 91.19354
442 107.3083
442 114.2635
443 22.10828
443 47.20827
443 75.06355
443 91.19354
443 107.3083
443 114.2635
444 47.20827
444 75.06355
444 91.19354
444 107.3083
444 114.2635
444 122.5583
445 47.20827
445 75.06355
445 91.19354
445 107.3083
445 114.2635
445 122.5583
446 47.20827
446 75.06355
446 91.19354
446 107.3083
446 114.2635
446 122.5583
447 47.20827
447 75.06355
447 91.19354
447 107.3083
447 114.2635
447 122.5583
448 75.06355
448 91.19354
448 107.3083
448 114.2635
448 122.5583
448 126.6183
449 75.06355
449 91.19354
449 107.3083
449 114.2635
449 122.5583
449 126.6183
450 75.06355
450 91.19354
450 107.3083
450 114.2635
450 122.5583
450 126.6183
451 75.06355
451 91.19354
451 107.3083
451 114.2635
451 122.5583
451 126.6183
452 91.19354
452 107.3083
452 114.2635
452 122.5583
452 126.6183
452 129.1083
453 91.19354
453 107.3083
453 114.2635
453 122.5583
453 126.6183
453 129.1083
454 91.19354
454 107.3083
454 114.2635
454 122.5583
454 126.6183
454 129.1083
455 91.19354
455 107.3083
455 114.2635
455 122.5583
455 126.6183
455 129.1083
456 107.3083
456 114.2635
456 122.5583
456 126.6183
456 129.1083
456 129.1283
457 107.3083
457 114.2635
457 122.5583
457 126.6183
457 129.1083
457 129.1283
458 107.3083
458 114.2635
458 122.5583
458 126.6183
458 129.1083
458 129.1283
459 114.2635
459 122.5583
459 126.6183
459 129.1083
459 129.1283
459 126.8983
460 114.2635
460 122.5583
460 126.6183
460 129.1083
460 129.1283
460 126.8983
461 114.2635
461 122.5583
461 126.6183
461 129.1083
461 129.1283
461 126.8983
462 114.2635
462 122.5583
462 126.6183
462 129.1083
462 129.1283
462 126.8983
463 122.5583
463 126.6183
463 129.1083
463 129.1283
463 126.8983
463 122.3383
464 122.5583
464 126.6183
464 129.1083
464 129.1283
464 126.8983
464 122.3383
465 122.5583
465 126.6183
465 129.1083
465 129.1283
465 126.8983
465 122.3383
466 126.6183
466 129.1083
466 129.1283
466 126.8983
466 122.3383
466 117.2083
467 126.6183
467 129.1083
467 129.1283
467 126.8983
467 122.3383
467 117.2083
468 126.6183
468 129.1083
468 129.1283
468 126.8983
468 122.3383
468 117.2083
469 126.6183
469 129.1083
469 129.1283
469 126.8983
469 122.3383
469 117.2083
470 129.1083
470 129.1283
470 126.8983
470 122.3383
470 117.2083
470 98.34827
471 129.1083
471 129.1283
471 126.8983
471 122.3383
471 117.2083
471 98.34827
472 129.1083
472 129.1283
472 126.8983
472 122.3383
472 117.2083
472 98.34827
473 129.1083
473 129.1283
473 126.8983
473 122.3383
473 117.2083
473 98.34827
474 129.1083
474 129.1283
474 126.8983
474 122.3383
474 117.2083
474 98.34827
475 129.1283
475 126.8983
475 122.3383
475 117.2083
475 98.34827
475 83.63827
476 129.1283
476 126.8983
476 122.3383
476 117.2083
476 98.34827
476 83.63827
477 129.1283
477 126.8983
477 122.3383
477 117.2083
477 98.34827
477 83.63827
478 129.1283
478 126.8983
478 122.3383
478 117.2083
478 98.34827
478 83.63827
479 129.1283
479 126.8983
479 122.3383
479 117.2083
479 98.34827
479 83.63827
480 126.8983
480 122.3383
480 117.2083
480 98.34827
480 83.63827
480 79.68355
481 126.8983
481 122.3383
481 117.2083
481 98.34827
481 83.63827
481 79.68355
482 126.8983
482 122.3383
482 117.2083
482 98.34827
482 83.63827
482 79.68355
483 126.8983
483 122.3383
483 117.2083
483 98.34827
483 83.63827
483 79.68355
484 122.3383
484 117.2083
484 98.34827
484 83.63827
484 79.68355
484 78.52827
485 122.3383
485 117.2083
485 98.34827
485 83.63827
485 79.68355
485 78.52827
486 122.3383
486 117.2083
486 98.34827
486 83.63827
486 79.68355
486 78.52827
487 122.3383
487 117.2083
487 98.34827
487 83.63827
487 79.68355
487 78.52827
488 117.2083
488 98.34827
488 83.63827
488 79.68355
488 78.52827
488 77.04827
489 117.2083
489 98.34827
489 83.63827
489 79.68355
489 78.52827
489 77.04827
490 117.2083
490 98.34827
490 83.63827
490 79.68355
490 78.52827
490 77.04827
491 117.2083
491 98.34827
491 83.63827
491 79.68355
491 78.52827
491 77.04827
492 117.2083
492 98.34827
492 83.63827
492 79.68355
492 78.52827
492 77.04827
493 117.2083
493 98.34827
493 83.63827
493 79.68355
493 78.52827
493 77.04827
494 117.2083
494 98.34827
494 83.63827
494 79.68355
494 78.52827
494 77.04827
495 117.2083
495 98.34827
495 83.63827
495 79.68355
495 78.52827
495 77.04827
496 117.2083
496 98.34827
496 83.63827
496 79.68355
496 78.52827
496 77.04827
497 98.34827
497 83.63827
497 79.68355
497 78.52827
497 77.04827
497 77.87827
498 98.34827
498 83.63827
498 79.68355
498 78.52827
498 77.04827
498 77.87827
499 98.34827
499 83.63827
499 79.68355
499 78.52827
499 77.04827
499 77.87827
500 98.34827
500 83.63827
500 79.68355
500 78.52827
500 77.04827
500 77.87827
501 98.34827
501 83.63827
501 79.68355
501 78.52827
501 77.04827
501 77.87827
502 98.34827
502 83.63827
502 79.68355
502 78.52827
502 77.04827
502 77.87827
503 98.34827
503 83.63827
503 79.68355
503 78.52827
503 77.04827
503 77.87827
504 83.63827
504 79.68355
504 78.52827
504 77.04827
504 77.87827
504 81.37827
505 83.63827
505 79.68355
505 78.52827
505 77.04827
505 77.87827
505 81.37827
506 79.68355
506 78.52827
506 77.04827
506 77.87827
506 81.37827
506 88.33827
507 78.52827
507 77.04827
507 77.87827
507 81.37827
507 88.33827
507 95.31827
508 78.52827
508 77.04827
508 77.87827
508 81.37827
508 88.33827
508 95.31827
509 78.52827
509 77.04827
509 77.87827
509 81.37827
509 88.33827
509 95.31827
510 77.04827
510 77.87827
510 81.37827
510 88.33827
510 95.31827
510 102.9283
511 77.04827
511 77.87827
511 81.37827
511 88.33827
511 95.31827
511 102.9283
512 77.04827
512 77.87827
512 81.37827
512 88.33827
512 95.31827
512 102.9283
513 77.87827
513 81.37827
513 88.33827
513 95.31827
513 102.9283
513 118.5435
514 77.87827
514 81.37827
514 88.33827
514 95.31827
514 102.9283
514 118.5435
515 77.87827
515 81.37827
515 88.33827
515 95.31827
515 102.9283
515 118.5435
516 81.37827
516 88.33827
516 95.31827
516 102.9283
516 118.5435
516 133.2435
517 81.37827
517 88.33827
517 95.31827
517 102.9283
517 118.5435
517 133.2435
518 81.37827
518 88.33827
518 95.31827
518 102.9283
518 118.5435
518 133.2435
519 88.33827
519 95.31827
519 102.9283
519 118.5435
519 133.2435
519 156.5083
520 88.33827
520 95.31827
520 102.9283
520 118.5435
520 133.2435
520 156.5083
521 88.33827
521 95.31827
521 102.9283
521 118.5435
521 133.2435
521 156.5083
522 88.33827
522 95.31827
522 102.9283
522 118.5435
522 133.2435
522 156.5083
523 95.31827
523 102.9283
523 118.5435
523 133.2435
523 156.5083
523 164.2383
524 95.31827
524 102.9283
524 118.5435
524 133.2435
524 156.5083
524 164.2383
525 95.31827
525 102.9283
525 118.5435
525 133.2435
525 156.5083
525 164.2383
526 102.9283
526 118.5435
526 133.2435
526 156.5083
526 164.2383
526 170.2883
527 102.9283
527 118.5435
527 133.2435
527 156.5083
527 164.2383
527 170.2883
528 102.9283
528 118.5435
528 133.2435
528 156.5083
528 164.2383
528 170.2883
529 102.9283
529 118.5435
529 133.2435
529 156.5083
529 164.2383
529 170.2883
530 102.9283
530 118.5435
530 133.2435
530 156.5083
530 164.2383
530 170.2883
531 118.5435
531 133.2435
531 156.5083
531 164.2383
531 170.2883
531 176.0983
532 118.5435
532 133.2435
532 156.5083
532 164.2383
532 170.2883
532 176.0983
533 118.5435
533 133.2435
533 156.5083
533 164.2383
533 170.2883
533 176.0983
534 118.5435
534 133.2435
534 156.5083
534 164.2383
534 170.2883
534 176.0983
535 118.5435
535 133.2435
535 156.5083
535 164.2383
535 170.2883
535 176.0983
536 133.2435
536 156.5083
536 164.2383
536 170.2883
536 176.0983
536 178.1583
537 133.2435
537 156.5083
537 164.2383
537 170.2883
537 176.0983
537 178.1583
538 133.2435
538 156.5083
538 164.2383
538 170.2883
538 176.0983
538 178.1583
539 133.2435
539 156.5083
539 164.2383
539 170.2883
539 176.0983
539 178.1583
540 133.2435
540 156.5083
540 164.2383
540 170.2883
540 176.0983
540 178.1583
541 133.2435
541 156.5083
541 164.2383
541 170.2883
541 176.0983
541 178.1583
542 133.2435
542 156.5083
542 164.2383
542 170.2883
542 176.0983
542 178.1583
543 156.5083
543 164.2383
543 170.2883
543 176.0983
543 178.1583
543 179.4383
544 156.5083
544 164.2383
544 170.2883
544 176.0983
544 178.1583
544 179.4383
545 156.5083
545 164.2383
545 170.2883
545 176.0983
545 178.1583
545 179.4383
546 164.2383
546 170.2883
546 176.0983
546 178.1583
546 179.4383
546 179.3083
547 164.2383
547 170.2883
547 176.0983
547 178.1583
547 179.4383
547 179.3083
548 164.2383
548 170.2883
548 176.0983
548 178.1583
548 179.4383
548 179.3083
549 170.2883
549 176.0983
549 178.1583
549 179.4383
549 179.3083
549 177.7183
550 170.2883
550 176.0983
550 178.1583
550 179.4383
550 179.3083
550 177.7183
551 170.2883
551 176.0983
551 178.1583
551 179.4383
551 179.3083
551 177.7183
552 170.2883
552 176.0983
552 178.1583
552 179.4383
552 179.3083
552 177.7183
553 176.0983
553 178.1583
553 179.4383
553 179.3083
553 177.7183
553 172.4083
554 176.0983
554 178.1583
554 179.4383
554 179.3083
554 177.7183
554 172.4083
555 178.1583
555 179.4383
555 179.3083
555 177.7183
555 172.4083
555 165.5735
556 178.1583
556 179.4383
556 179.3083
556 177.7183
556 172.4083
556 165.5735
557 179.4383
557 179.3083
557 177.7183
557 172.4083
557 165.5735
557 160.3583
558 179.4383
558 179.3083
558 177.7183
558 172.4083
558 165.5735
558 160.3583
559 179.4383
559 179.3083
559 177.7183
559 172.4083
559 165.5735
559 160.3583
560 179.3083
560 177.7183
560 172.4083
560 165.5735
560 160.3583
560 150.8283
561 179.3083
561 177.7183
561 172.4083
561 165.5735
561 160.3583
561 150.8283
562 179.3083
562 177.7183
562 172.4083
562 165.5735
562 160.3583
562 150.8283
563 179.3083
563 177.7183
563 172.4083
563 165.5735
563 160.3583
563 150.8283
564 177.7183
564 172.4083
564 165.5735
564 160.3583
564 150.8283
564 144.6183
565 177.7183
565 172.4083
565 165.5735
565 160.3583
565 150.8283
565 144.6183
566 177.7183
566 172.4083
566 165.5735
566 160.3583
566 150.8283
566 144.6183
567 177.7183
567 172.4083
567 165.5735
567 160.3583
567 150.8283
567 144.6183
568 177.7183
568 172.4083
568 165.5735
568 160.3583
568 150.8283
568 144.6183
569 172.4083
569 165.5735
569 160.3583
569 150.8283
569 144.6183
569 134.5383
570 172.4083
570 165.5735
570 160.3583
570 150.8283
570 144.6183
570 134.5383
571 172.4083
571 165.5735
571 160.3583
571 150.8283
571 144.6183
571 134.5383
572 172.4083
572 165.5735
572 160.3583
572 150.8283
572 144.6183
572 134.5383
573 165.5735
573 160.3583
573 150.8283
573 144.6183
573 134.5383
573 127.2283
574 165.5735
574 160.3583
574 150.8283
574 144.6183
574 134.5383
574 127.2283
575 165.5735
575 160.3583
575 150.8283
575 144.6183
575 134.5383
575 127.2283
576 160.3583
576 150.8283
576 144.6183
576 134.5383
576 127.2283
576 114.8083
577 160.3583
577 150.8283
577 144.6183
577 134.5383
577 127.2283
577 114.8083
578 160.3583
578 150.8283
578 144.6183
578 134.5383
578 127.2283
578 114.8083
579 160.3583
579 150.8283
579 144.6183
579 134.5383
579 127.2283
579 114.8083
580 150.8283
580 144.6183
580 134.5383
580 127.2283
580 114.8083
580 103.8935
581 150.8283
581 144.6183
581 134.5383
581 127.2283
581 114.8083
581 103.8935
582 144.6183
582 134.5383
582 127.2283
582 114.8083
582 103.8935
582 94.21827
583 144.6183
583 134.5383
583 127.2283
583 114.8083
583 103.8935
583 94.21827
584 144.6183
584 134.5383
584 127.2283
584 114.8083
584 103.8935
584 94.21827
585 144.6183
585 134.5383
585 127.2283
585 114.8083
585 103.8935
585 94.21827
586 134.5383
586 127.2283
586 114.8083
586 103.8935
586 94.21827
586 85.37355
587 134.5383
587 127.2283
587 114.8083
587 103.8935
587 94.21827
587 85.37355
588 127.2283
588 114.8083
588 103.8935
588 94.21827
588 85.37355
588 70.40827
589 127.2283
589 114.8083
589 103.8935
589 94.21827
589 85.37355
589 70.40827
590 127.2283
590 114.8083
590 103.8935
590 94.21827
590 85.37355
590 70.40827
591 127.2283
591 114.8083
591 103.8935
591 94.21827
591 85.37355
591 70.40827
592 114.8083
592 103.8935
592 94.21827
592 85.37355
592 70.40827
592 61.24355
593 114.8083
593 103.8935
593 94.21827
593 85.37355
593 70.40827
593 61.24355
594 114.8083
594 103.8935
594 94.21827
594 85.37355
594 70.40827
594 61.24355
595 103.8935
595 94.21827
595 85.37355
595 70.40827
595 61.24355
595 45.30827
596 103.8935
596 94.21827
596 85.37355
596 70.40827
596 61.24355
596 45.30827
597 103.8935
597 94.21827
597 85.37355
597 70.40827
597 61.24355
597 45.30827
598 94.21827
598 85.37355
598 70.40827
598 61.24355
598 45.30827
598 36.03354
599 94.21827
599 85.37355
599 70.40827
599 61.24355
599 45.30827
599 36.03354
600 85.37355
600 70.40827
600 61.24355
600 45.30827
600 36.03354
600 15.90826
601 85.37355
601 70.40827
601 61.24355
601 45.30827
601 36.03354
601 15.90826
602 85.37355
602 70.40827
602 61.24355
602 45.30827
602 36.03354
602 15.90826
603 85.37355
603 70.40827
603 61.24355
603 45.30827
603 36.03354
603 15.90826
604 70.40827
604 61.24355
604 45.30827
604 36.03354
604 15.90826
604 5.64827
605 70.40827
605 61.24355
605 45.30827
605 36.03354
605 15.90826
605 5.64827
606 61.24355
606 45.30827
606 36.03354
606 15.90826
606 5.64827
606 -9.99173
607 61.24355
607 45.30827
607 36.03354
607 15.90826
607 5.64827
607 -9.99173
608 61.24355
608 45.30827
608 36.03354
608 15.90826
608 5.64827
608 -9.99173
609 61.24355
609 45.30827
609 36.03354
609 15.90826
609 5.64827
609 -9.99173
610 45.30827
610 36.03354
610 15.90826
610 5.64827
610 -9.99173
610 -24.01645
611 45.30827
611 36.03354
611 15.90826
611 5.64827
611 -9.99173
611 -24.01645
612 36.03354
612 15.90826
612 5.64827
612 -9.99173
612 -24.01645
612 -32.16173
613 36.03354
613 15.90826
613 5.64827
613 -9.99173
613 -24.01645
613 -32.16173
614 36.03354
614 15.90826
614 5.64827
614 -9.99173
614 -24.01645
614 -32.16173
615 36.03354
615 15.90826
615 5.64827
615 -9.99173
615 -24.01645
615 -32.16173
616 15.90826
616 5.64827
616 -9.99173
616 -24.01645
616 -32.16173
616 -43.49173
617 15.90826
617 5.64827
617 -9.99173
617 -24.01645
617 -32.16173
617 -43.49173
618 5.64827
618 -9.99173
618 -24.01645
618 -32.16173
618 -43.49173
618 -61.09
619 5.64827
619 -9.99173
619 -24.01645
619 -32.16173
619 -43.49173
619 -61.09
620 5.64827
620 -9.99173
620 -24.01645
620 -32.16173
620 -43.49173
620 -61.09
621 -9.99173
621 -24.01645
621 -32.16173
621 -43.49173
621 -61.09
621 -78.29172
622 -9.99173
622 -24.01645
622 -32.16173
622 -43.49173
622 -61.09
622 -78.29172
623 -9.99173
623 -24.01645
623 -32.16173
623 -43.49173
623 -61.09
623 -78.29172
624 -24.01645
624 -32.16173
624 -43.49173
624 -61.09
624 -78.29172
624 -93.05002
625 -32.16173
625 -43.49173
625 -61.09
625 -78.29172
625 -93.05002
625 -107.7717
626 -32.16173
626 -43.49173
626 -61.09
626 -78.29172
626 -93.05002
626 -107.7717
627 -32.16173
627 -43.49173
627 -61.09
627 -78.29172
627 -93.05002
627 -107.7717
628 -43.49173
628 -61.09
628 -78.29172
628 -93.05002
628 -107.7717
628 -123.3917
629 -43.49173
629 -61.09
629 -78.29172
629 -93.05002
629 -107.7717
629 -123.3917
630 -43.49173
630 -61.09
630 -78.29172
630 -93.05002
630 -107.7717
630 -123.3917
631 -43.49173
631 -61.09
631 -78.29172
631 -93.05002
631 -107.7717
631 -123.3917
632 -61.09
632 -78.29172
632 -93.05002
632 -107.7717
632 -123.3917
632 -134.97
633 -61.09
633 -78.29172
633 -93.05002
633 -107.7717
633 -123.3917
633 -134.97
634 -61.09
634 -78.29172
634 -93.05002
634 -107.7717
634 -123.3917
634 -134.97
635 -61.09
635 -78.29172
635 -93.05002
635 -107.7717
635 -123.3917
635 -134.97
636 -78.29172
636 -93.05002
636 -107.7717
636 -123.3917
636 -134.97
636 -145.1165
637 -78.29172
637 -93.05002
637 -107.7717
637 -123.3917
637 -134.97
637 -145.1165
638 -78.29172
638 -93.05002
638 -107.7717
638 -123.3917
638 -134.97
638 -145.1165
639 -93.05002
639 -107.7717
639 -123.3917
639 -134.97
639 -145.1165
639 -158.3417
640 -93.05002
640 -107.7717
640 -123.3917
640 -134.97
640 -145.1165
640 -158.3417
641 -93.05002
641 -107.7717
641 -123.3917
641 -134.97
641 -145.1165
641 -158.3417
642 -93.05002
642 -107.7717
642 -123.3917
642 -134.97
642 -145.1165
642 -158.3417
643 -107.7717
643 -123.3917
643 -134.97
643 -145.1165
643 -158.3417
643 -164.3164
644 -107.7717
644 -123.3917
644 -134.97
644 -145.1165
644 -158.3417
644 -164.3164
645 -107.7717
645 -123.3917
645 -134.97
645 -145.1165
645 -158.3417
645 -164.3164
646 -107.7717
646 -123.3917
646 -134.97
646 -145.1165
646 -158.3417
646 -164.3164
647 -123.3917
647 -134.97
647 -145.1165
647 -158.3417
647 -164.3164
647 -169.3365
648 -123.3917
648 -134.97
648 -145.1165
648 -158.3417
648 -164.3164
648 -169.3365
649 -123.3917
649 -134.97
649 -145.1165
649 -158.3417
649 -164.3164
649 -169.3365
650 -123.3917
650 -134.97
650 -145.1165
650 -158.3417
650 -164.3164
650 -169.3365
651 -134.97
651 -145.1165
651 -158.3417
651 -164.3164
651 -169.3365
651 -175.4917
652 -134.97
652 -145.1165
652 -158.3417
652 -164.3164
652 -169.3365
652 -175.4917
653 -134.97
653 -145.1165
653 -158.3417
653 -164.3164
653 -169.3365
653 -175.4917
654 -134.97
654 -145.1165
654 -158.3417
654 -164.3164
654 -169.3365
654 -175.4917
