0 0
1 113.361
1 105.941
1 92.88499
1 78.73102
1 65.34102
1 50.57938
2 113.361
2 105.941
2 92.88499
2 78.73102
2 65.34102
2 50.57938
3 113.361
3 105.941
3 92.88499
3 78.73102
3 65.34102
3 50.57938
4 113.361
4 105.941
4 92.88499
4 78.73102
4 65.34102
4 50.57938
5 113.361
5 105.941
5 92.88499
5 78.73102
5 65.34102
5 50.57938
6 113.361
6 105.941
6 92.88499
6 78.73102
6 65.34102
6 50.57938
7 113.361
7 105.941
7 92.88499
7 78.73102
7 65.34102
7 50.57938
8 113.361
8 105.941
8 92.88499
8 78.73102
8 65.34102
8 50.57938
9 113.361
9 105.941
9 92.88499
9 78.73102
9 65.34102
9 50.57938
10 113.361
10 105.941
10 92.88499
10 78.73102
10 65.34102
10 50.57938
11 113.361
11 105.941
11 92.88499
11 78.73102
11 65.34102
11 50.57938
12 113.361
12 105.941
12 92.88499
12 78.73102
12 65.34102
12 50.57938
13 105.941
13 92.88499
13 78.73102
13 65.34102
13 50.57938
13 33.37102
14 105.941
14 92.88499
14 78.73102
14 65.34102
14 50.57938
14 33.37102
15 105.941
15 92.88499
15 78.73102
15 65.34102
15 50.57938
15 33.37102
16 105.941
16 92.88499
16 78.73102
16 65.34102
16 50.57938
16 33.37102
17 105.941
17 92.88499
17 78.73102
17 65.34102
17 50.57938
17 33.37102
18 105.941
18 92.88499
18 78.73102
18 65.34102
18 50.57938
18 33.37102
19 105.941
19 92.88499
19 78.73102
19 65.34102
19 50.57938
19 33.37102
20 105.941
20 92.88499
20 78.73102
20 65.34102
20 50.57938
20 33.37102
21 105.941
21 92.88499
21 78.73102
21 65.34102
21 50.57938
21 33.37102
22 105.941
22 92.88499
22 78.73102
22 65.34102
22 50.57938
22 33.37102
23 105.941
23 92.88499
23 78.73102
23 65.34102
23 50.57938
23 33.37102
24 105.941
24 92.88499
24 78.73102
24 65.34102
24 50.57938
24 33.37102
25 92.88499
25 78.73102
25 65.34102
25 50.57938
25 33.37102
25 18.404
26 92.88499
26 78.73102
26 65.34102
26 50.57938
26 33.37102
26 18.404
27 92.88499
27 78.73102
27 65.34102
27 50.57938
27 33.37102
27 18.404
28 92.88499
28 78.73102
28 65.34102
28 50.57938
28 33.37102
28 18.404
29 92.88499
29 78.73102
29 65.34102
29 50.57938
29 33.37102
29 18.404
30 92.88499
30 78.73102
30 65.34102
30 50.57938
30 33.37102
30 18.404
31 92.88499
31 78.73102
31 65.34102
31 50.57938
31 33.37102
31 18.404
32 92.88499
32 78.73102
32 65.34102
32 50.57938
32 33.37102
32 18.404
33 78.73102
33 65.34102
33 50.57938
33 33.37102
33 18.404
33 4.339378
34 78.73102
34 65.34102
34 50.57938
34 33.37102
34 18.404
34 4.339378
35 78.73102
35 65.34102
35 50.57938
35 33.37102
35 18.404
35 4.339378
36 78.73102
36 65.34102
36 50.57938
36 33.37102
36 18.404
36 4.339378
37 78.73102
37 65.34102
37 50.57938
37 33.37102
37 18.404
37 4.339378
38 78.73102
38 65.34102
38 50.57938
38 33.37102
38 18.404
38 4.339378
39 65.34102
39 50.57938
39 33.37102
39 18.404
39 4.339378
39 -17.42898
40 65.34102
40 50.57938
40 33.37102
40 18.404
40 4.339378
40 -17.42898
41 65.34102
41 50.57938
41 33.37102
41 18.404
41 4.339378
41 -17.42898
42 65.34102
42 50.57938
42 33.37102
42 18.404
42 4.339378
42 -17.42898
43 65.34102
43 50.57938
43 33.37102
43 18.404
43 4.339378
43 -17.42898
44 65.34102
44 50.57938
44 33.37102
44 18.404
44 4.339378
44 -17.42898
45 50.57938
45 33.37102
45 18.404
45 4.339378
45 -17.42898
45 -30.18062
46 50.57938
46 33.37102
46 18.404
46 4.339378
46 -17.42898
46 -30.18062
47 50.57938
47 33.37102
47 18.404
47 4.339378
47 -17.42898
47 -30.18062
48 50.57938
48 33.37102
48 18.404
48 4.339378
48 -17.42898
48 -30.18062
49 50.57938
49 33.37102
49 18.404
49 4.339378
49 -17.42898
49 -30.18062
50 50.57938
50 33.37102
50 18.404
50 4.339378
50 -17.42898
50 -30.18062
51 33.37102
51 18.404
51 4.339378
51 -17.42898
51 -30.18062
51 -42.84062
52 33.37102
52 18.404
52 4.339378
52 -17.42898
52 -30.18062
52 -42.84062
53 33.37102
53 18.404
53 4.339378
53 -17.42898
53 -30.18062
53 -42.84062
54 33.37102
54 18.404
54 4.339378
54 -17.42898
54 -30.18062
54 -42.84062
55 18.404
55 4.339378
55 -17.42898
55 -30.18062
55 -42.84062
55 -66.52898
56 18.404
56 4.339378
56 -17.42898
56 -30.18062
56 -42.84062
56 -66.52898
57 18.404
57 4.339378
57 -17.42898
57 -30.18062
57 -42.84062
57 -66.52898
58 18.404
58 4.339378
58 -17.42898
58 -30.18062
58 -42.84062
58 -66.52898
59 4.339378
59 -17.42898
59 -30.18062
59 -42.84062
59 -66.52898
59 -76.85062
60 4.339378
60 -17.42898
60 -30.18062
60 -42.84062
60 -66.52898
60 -76.85062
61 4.339378
61 -17.42898
61 -30.18062
61 -42.84062
61 -66.52898
61 -76.85062
62 4.339378
62 -17.42898
62 -30.18062
62 -42.84062
62 -66.52898
62 -76.85062
63 4.339378
63 -17.42898
63 -30.18062
63 -42.84062
63 -66.52898
63 -76.85062
64 4.339378
64 -17.42898
64 -30.18062
64 -42.84062
64 -66.52898
64 -76.85062
65 -17.42898
65 -30.18062
65 -42.84062
65 -66.52898
65 -76.85062
65 -90.64063
66 -17.42898
66 -30.18062
66 -42.84062
66 -66.52898
66 -76.85062
66 -90.64063
67 -17.42898
67 -30.18062
67 -42.84062
67 -66.52898
67 -76.85062
67 -90.64063
68 -30.18062
68 -42.84062
68 -66.52898
68 -76.85062
68 -90.64063
68 -100.3206
69 -30.18062
69 -42.84062
69 -66.52898
69 -76.85062
69 -90.64063
69 -100.3206
70 -30.18062
70 -42.84062
70 -66.52898
70 -76.85062
70 -90.64063
70 -100.3206
71 -42.84062
71 -66.52898
71 -76.85062
71 -90.64063
71 -100.3206
71 -115.129
72 -42.84062
72 -66.52898
72 -76.85062
72 -90.64063
72 -100.3206
72 -115.129
73 -42.84062
73 -66.52898
73 -76.85062
73 -90.64063
73 -100.3206
73 -115.129
74 -42.84062
74 -66.52898
74 -76.85062
74 -90.64063
74 -100.3206
74 -115.129
75 -42.84062
75 -66.52898
75 -76.85062
75 -90.64063
75 -100.3206
75 -115.129
76 -42.84062
76 -66.52898
76 -76.85062
76 -90.64063
76 -100.3206
76 -115.129
77 -42.84062
77 -66.52898
77 -76.85062
77 -90.64063
77 -100.3206
77 -115.129
78 -66.52898
78 -76.85062
78 -90.64063
78 -100.3206
78 -115.129
78 -124.5206
79 -66.52898
79 -76.85062
79 -90.64063
79 -100.3206
79 -115.129
79 -124.5206
80 -66.52898
80 -76.85062
80 -90.64063
80 -100.3206
80 -115.129
80 -124.5206
81 -76.85062
81 -90.64063
81 -100.3206
81 -115.129
81 -124.5206
81 -131.399
82 -76.85062
82 -90.64063
82 -100.3206
82 -115.129
82 -124.5206
82 -131.399
83 -76.85062
83 -90.64063
83 -100.3206
83 -115.129
83 -124.5206
83 -131.399
84 -76.85062
84 -90.64063
84 -100.3206
84 -115.129
84 -124.5206
84 -131.399
85 -76.85062
85 -90.64063
85 -100.3206
85 -115.129
85 -124.5206
85 -131.399
86 -90.64063
86 -100.3206
86 -115.129
86 -124.5206
86 -131.399
86 -141.329
87 -90.64063
87 -100.3206
87 -115.129
87 -124.5206
87 -131.399
87 -141.329
88 -90.64063
88 -100.3206
88 -115.129
88 -124.5206
88 -131.399
88 -141.329
89 -100.3206
89 -115.129
89 -124.5206
89 -131.399
89 -141.329
89 -147.489
90 -100.3206
90 -115.129
90 -124.5206
90 -131.399
90 -141.329
90 -147.489
91 -100.3206
91 -115.129
91 -124.5206
91 -131.399
91 -141.329
91 -147.489
92 -100.3206
92 -115.129
92 -124.5206
92 -131.399
92 -141.329
92 -147.489
93 -100.3206
93 -115.129
93 -124.5206
93 -131.399
93 -141.329
93 -147.489
94 -100.3206
94 -115.129
94 -124.5206
94 -131.399
94 -141.329
94 -147.489
95 -115.129
95 -124.5206
95 -131.399
95 -141.329
95 -147.489
95 -150.849
96 -115.129
96 -124.5206
96 -131.399
96 -141.329
96 -147.489
96 -150.849
97 -115.129
97 -124.5206
97 -131.399
97 -141.329
97 -147.489
97 -150.849
98 -115.129
98 -124.5206
98 -131.399
98 -141.329
98 -147.489
98 -150.849
99 -124.5206
99 -131.399
99 -141.329
99 -147.489
99 -150.849
99 -155.499
100 -124.5206
100 -131.399
100 -141.329
100 -147.489
100 -150.849
100 -155.499
101 -124.5206
101 -131.399
101 -141.329
101 -147.489
101 -150.849
101 -155.499
102 -131.399
102 -141.329
102 -147.489
102 -150.849
102 -155.499
102 -157.609
103 -131.399
103 -141.329
103 -147.489
103 -150.849
103 -155.499
103 -157.609
104 -131.399
104 -141.329
104 -147.489
104 -150.849
104 -155.499
104 -157.609
105 -131.399
105 -141.329
105 -147.489
105 -150.849
105 -155.499
105 -157.609
106 -131.399
106 -141.329
106 -147.489
106 -150.849
106 -155.499
106 -157.609
107 -141.329
107 -147.489
107 -150.849
107 -155.499
107 -157.609
107 -159.129
108 -141.329
108 -147.489
108 -150.849
108 -155.499
108 -157.609
108 -159.129
109 -141.329
109 -147.489
109 -150.849
109 -155.499
109 -157.609
109 -159.129
110 -141.329
110 -147.489
110 -150.849
110 -155.499
110 -157.609
110 -159.129
111 -147.489
111 -150.849
111 -155.499
111 -157.609
111 -159.129
111 -159.099
112 -147.489
112 -150.849
112 -155.499
112 -157.609
112 -159.129
112 -159.099
113 -150.849
113 -155.499
113 -157.609
113 -159.129
113 -159.099
113 -157.469
114 -150.849
114 -155.499
114 -157.609
114 -159.129
114 -159.099
114 -157.469
115 -150.849
115 -155.499
115 -157.609
115 -159.129
115 -159.099
115 -157.469
116 -150.849
116 -155.499
116 -157.609
116 -159.129
116 -159.099
116 -157.469
117 -150.849
117 -155.499
117 -157.609
117 -159.129
117 -159.099
117 -157.469
118 -155.499
118 -157.609
118 -159.129
118 -159.099
118 -157.469
118 -153.909
119 -155.499
119 -157.609
119 -159.129
119 -159.099
119 -157.469
119 -153.909
120 -155.499
120 -157.609
120 -159.129
120 -159.099
120 -157.469
120 -153.909
121 -157.609
121 -159.129
121 -159.099
121 -157.469
121 -153.909
121 -151.629
122 -157.609
122 -159.129
122 -159.099
122 -157.469
122 -153.909
122 -151.629
123 -157.609
123 -159.129
123 -159.099
123 -157.469
123 -153.909
123 -151.629
124 -157.609
124 -159.129
124 -159.099
124 -157.469
124 -153.909
124 -151.629
125 -157.609
125 -159.129
125 -159.099
125 -157.469
125 -153.909
125 -151.629
126 -159.129
126 -159.099
126 -157.469
126 -153.909
126 -151.629
126 -148.129
127 -159.129
127 -159.099
127 -157.469
127 -153.909
127 -151.629
127 -148.129
128 -159.129
128 -159.099
128 -157.469
128 -153.909
128 -151.629
128 -148.129
129 -159.129
129 -159.099
129 -157.469
129 -153.909
129 -151.629
129 -148.129
130 -159.129
130 -159.099
130 -157.469
130 -153.909
130 -151.629
130 -148.129
131 -159.129
131 -159.099
131 -157.469
131 -153.909
131 -151.629
131 -148.129
132 -159.099
132 -157.469
132 -153.909
132 -151.629
132 -148.129
132 -143.929
133 -159.099
133 -157.469
133 -153.909
133 -151.629
133 -148.129
133 -143.929
134 -159.099
134 -157.469
134 -153.909
134 -151.629
134 -148.129
134 -143.929
135 -157.469
135 -153.909
135 -151.629
135 -148.129
135 -143.929
135 -139.979
136 -157.469
136 -153.909
136 -151.629
136 -148.129
136 -143.929
136 -139.979
137 -157.469
137 -153.909
137 -151.629
137 -148.129
137 -143.929
137 -139.979
138 -157.469
138 -153.909
138 -151.629
138 -148.129
138 -143.929
138 -139.979
139 -157.469
139 -153.909
139 -151.629
139 -148.129
139 -143.929
139 -139.979
140 -153.909
140 -151.629
140 -148.129
140 -143.929
140 -139.979
140 -134.209
141 -153.909
141 -151.629
141 -148.129
141 -143.929
141 -139.979
141 -134.209
142 -153.909
142 -151.629
142 -148.129
142 -143.929
142 -139.979
142 -134.209
143 -153.909
143 -151.629
143 -148.129
143 -143.929
143 -139.979
143 -134.209
144 -151.629
144 -148.129
144 -143.929
144 -139.979
144 -134.209
144 -130.6506
145 -151.629
145 -148.129
145 -143.929
145 -139.979
145 -134.209
145 -130.6506
146 -151.629
146 -148.129
146 -143.929
146 -139.979
146 -134.209
146 -130.6506
147 -151.629
147 -148.129
147 -143.929
147 -139.979
147 -134.209
147 -130.6506
148 -148.129
148 -143.929
148 -139.979
148 -134.209
148 -130.6506
148 -123.779
149 -148.129
149 -143.929
149 -139.979
149 -134.209
149 -130.6506
149 -123.779
150 -148.129
150 -143.929
150 -139.979
150 -134.209
150 -130.6506
150 -123.779
151 -148.129
151 -143.929
151 -139.979
151 -134.209
151 -130.6506
151 -123.779
152 -148.129
152 -143.929
152 -139.979
152 -134.209
152 -130.6506
152 -123.779
153 -143.929
153 -139.979
153 -134.209
153 -130.6506
153 -123.779
153 -118.159
154 -143.929
154 -139.979
154 -134.209
154 -130.6506
154 -123.779
154 -118.159
155 -143.929
155 -139.979
155 -134.209
155 -130.6506
155 -123.779
155 -118.159
156 -143.929
156 -139.979
156 -134.209
156 -130.6506
156 -123.779
156 -118.159
157 -139.979
157 -134.209
157 -130.6506
157 -123.779
157 -118.159
157 -108.669
158 -139.979
158 -134.209
158 -130.6506
158 -123.779
158 -118.159
158 -108.669
159 -139.979
159 -134.209
159 -130.6506
159 -123.779
159 -118.159
159 -108.669
160 -139.979
160 -134.209
160 -130.6506
160 -123.779
160 -118.159
160 -108.669
161 -139.979
161 -134.209
161 -130.6506
161 -123.779
161 -118.159
161 -108.669
162 -134.209
162 -130.6506
162 -123.779
162 -118.159
162 -108.669
162 -100.349
163 -134.209
163 -130.6506
163 -123.779
163 -118.159
163 -108.669
163 -100.349
164 -134.209
164 -130.6506
164 -123.779
164 -118.159
164 -108.669
164 -100.349
165 -130.6506
165 -123.779
165 -118.159
165 -108.669
165 -100.349
165 -89.95898
166 -130.6506
166 -123.779
166 -118.159
166 -108.669
166 -100.349
166 -89.95898
167 -130.6506
167 -123.779
167 -118.159
167 -108.669
167 -100.349
167 -89.95898
168 -130.6506
168 -123.779
168 -118.159
168 -108.669
168 -100.349
168 -89.95898
169 -123.779
169 -118.159
169 -108.669
169 -100.349
169 -89.95898
169 -79.97897
170 -123.779
170 -118.159
170 -108.669
170 -100.349
170 -89.95898
170 -79.97897
171 -123.779
171 -118.159
171 -108.669
171 -100.349
171 -89.95898
171 -79.97897
172 -118.159
172 -108.669
172 -100.349
172 -89.95898
172 -79.97897
172 -69.827
173 -118.159
173 -108.669
173 -100.349
173 -89.95898
173 -79.97897
173 -69.827
174 -118.159
174 -108.669
174 -100.349
174 -89.95898
174 -79.97897
174 -69.827
175 -118.159
175 -108.669
175 -100.349
175 -89.95898
175 -79.97897
175 -69.827
176 -118.159
176 -108.669
176 -100.349
176 -89.95898
176 -79.97897
176 -69.827
177 -108.669
177 -100.349
177 -89.95898
177 -79.97897
177 -69.827
177 -42.02898
178 -108.669
178 -100.349
178 -89.95898
178 -79.97897
178 -69.827
178 -42.02898
179 -108.669
179 -100.349
179 -89.95898
179 -79.97897
179 -69.827
179 -42.02898
180 -100.349
180 -89.95898
180 -79.97897
180 -69.827
180 -42.02898
180 -20.72898
181 -100.349
181 -89.95898
181 -79.97897
181 -69.827
181 -42.02898
181 -20.72898
182 -100.349
182 -89.95898
182 -79.97897
182 -69.827
182 -42.02898
182 -20.72898
183 -100.349
183 -89.95898
183 -79.97897
183 -69.827
183 -42.02898
183 -20.72898
184 -100.349
184 -89.95898
184 -79.97897
184 -69.827
184 -42.02898
184 -20.72898
185 -89.95898
185 -79.97897
185 -69.827
185 -42.02898
185 -20.72898
185 -12.66062
186 -89.95898
186 -79.97897
186 -69.827
186 -42.02898
186 -20.72898
186 -12.66062
187 -89.95898
187 -79.97897
187 -69.827
187 -42.02898
187 -20.72898
187 -12.66062
188 -89.95898
188 -79.97897
188 -69.827
188 -42.02898
188 -20.72898
188 -12.66062
189 -79.97897
189 -69.827
189 -42.02898
189 -20.72898
189 -12.66062
189 -7.878983
190 -79.97897
190 -69.827
190 -42.02898
190 -20.72898
190 -12.66062
190 -7.878983
191 -79.97897
191 -69.827
191 -42.02898
191 -20.72898
191 -12.66062
191 -7.878983
192 -69.827
192 -42.02898
192 -20.72898
192 -12.66062
192 -7.878983
192 -1.338982
193 -69.827
193 -42.02898
193 -20.72898
193 -12.66062
193 -7.878983
193 -1.338982
194 -69.827
194 -42.02898
194 -20.72898
194 -12.66062
194 -7.878983
194 -1.338982
195 -69.827
195 -42.02898
195 -20.72898
195 -12.66062
195 -7.878983
195 -1.338982
196 -69.827
196 -42.02898
196 -20.72898
196 -12.66062
196 -7.878983
196 -1.338982
197 -69.827
197 -42.02898
197 -20.72898
197 -12.66062
197 -7.878983
197 -1.338982
198 -69.827
198 -42.02898
198 -20.72898
198 -12.66062
198 -7.878983
198 -1.338982
199 -69.827
199 -42.02898
199 -20.72898
199 -12.66062
199 -7.878983
199 -1.338982
200 -69.827
200 -42.02898
200 -20.72898
200 -12.66062
200 -7.878983
200 -1.338982
201 -42.02898
201 -20.72898
201 -12.66062
201 -7.878983
201 -1.338982
201 5.75
202 -42.02898
202 -20.72898
202 -12.66062
202 -7.878983
202 -1.338982
202 5.75
203 -42.02898
203 -20.72898
203 -12.66062
203 -7.878983
203 -1.338982
203 5.75
204 -42.02898
204 -20.72898
204 -12.66062
204 -7.878983
204 -1.338982
204 5.75
205 -42.02898
205 -20.72898
205 -12.66062
205 -7.878983
205 -1.338982
205 5.75
206 -42.02898
206 -20.72898
206 -12.66062
206 -7.878983
206 -1.338982
206 5.75
207 -20.72898
207 -12.66062
207 -7.878983
207 -1.338982
207 5.75
207 12.86102
208 -20.72898
208 -12.66062
208 -7.878983
208 -1.338982
208 5.75
208 12.86102
209 -12.66062
209 -7.878983
209 -1.338982
209 5.75
209 12.86102
209 19.95102
210 -12.66062
210 -7.878983
210 -1.338982
210 5.75
210 12.86102
210 19.95102
211 -7.878983
211 -1.338982
211 5.75
211 12.86102
211 19.95102
211 25.33102
212 -7.878983
212 -1.338982
212 5.75
212 12.86102
212 19.95102
212 25.33102
213 -7.878983
213 -1.338982
213 5.75
213 12.86102
213 19.95102
213 25.33102
214 -1.338982
214 5.75
214 12.86102
214 19.95102
214 25.33102
214 29.88102
215 -1.338982
215 5.75
215 12.86102
215 19.95102
215 25.33102
215 29.88102
216 -1.338982
216 5.75
216 12.86102
216 19.95102
216 25.33102
216 29.88102
217 5.75
217 12.86102
217 19.95102
217 25.33102
217 29.88102
217 38.04939
218 5.75
218 12.86102
218 19.95102
218 25.33102
218 29.88102
218 38.04939
219 12.86102
219 19.95102
219 25.33102
219 29.88102
219 38.04939
219 45.58102
220 12.86102
220 19.95102
220 25.33102
220 29.88102
220 38.04939
220 45.58102
221 12.86102
221 19.95102
221 25.33102
221 29.88102
221 38.04939
221 45.58102
222 12.86102
222 19.95102
222 25.33102
222 29.88102
222 38.04939
222 45.58102
223 19.95102
223 25.33102
223 29.88102
223 38.04939
223 45.58102
223 59.27102
224 19.95102
224 25.33102
224 29.88102
224 38.04939
224 45.58102
224 59.27102
225 19.95102
225 25.33102
225 29.88102
225 38.04939
225 45.58102
225 59.27102
226 25.33102
226 29.88102
226 38.04939
226 45.58102
226 59.27102
226 65.83102
227 25.33102
227 29.88102
227 38.04939
227 45.58102
227 59.27102
227 65.83102
228 25.33102
228 29.88102
228 38.04939
228 45.58102
228 59.27102
228 65.83102
229 29.88102
229 38.04939
229 45.58102
229 59.27102
229 65.83102
229 71.59937
230 29.88102
230 38.04939
230 45.58102
230 59.27102
230 65.83102
230 71.59937
231 29.88102
231 38.04939
231 45.58102
231 59.27102
231 65.83102
231 71.59937
232 29.88102
232 38.04939
232 45.58102
232 59.27102
232 65.83102
232 71.59937
233 29.88102
233 38.04939
233 45.58102
233 59.27102
233 65.83102
233 71.59937
234 29.88102
234 38.04939
234 45.58102
234 59.27102
234 65.83102
234 71.59937
235 38.04939
235 45.58102
235 59.27102
235 65.83102
235 71.59937
235 79.57102
236 38.04939
236 45.58102
236 59.27102
236 65.83102
236 71.59937
236 79.57102
237 38.04939
237 45.58102
237 59.27102
237 65.83102
237 71.59937
237 79.57102
238 38.04939
238 45.58102
238 59.27102
238 65.83102
238 71.59937
238 79.57102
239 45.58102
239 59.27102
239 65.83102
239 71.59937
239 79.57102
239 84.19102
240 45.58102
240 59.27102
240 65.83102
240 71.59937
240 79.57102
240 84.19102
241 45.58102
241 59.27102
241 65.83102
241 71.59937
241 79.57102
241 84.19102
242 45.58102
242 59.27102
242 65.83102
242 71.59937
242 79.57102
242 84.19102
243 45.58102
243 59.27102
243 65.83102
243 71.59937
243 79.57102
243 84.19102
244 45.58102
244 59.27102
244 65.83102
244 71.59937
244 79.57102
244 84.19102
245 45.58102
245 59.27102
245 65.83102
245 71.59937
245 79.57102
245 84.19102
246 59.27102
246 65.83102
246 71.59937
246 79.57102
246 84.19102
246 90.79102
247 59.27102
247 65.83102
247 71.59937
247 79.57102
247 84.19102
247 90.79102
248 59.27102
248 65.83102
248 71.59937
248 79.57102
248 84.19102
248 90.79102
249 65.83102
249 71.59937
249 79.57102
249 84.19102
249 90.79102
249 98.67102
250 65.83102
250 71.59937
250 79.57102
250 84.19102
250 90.79102
250 98.67102
251 65.83102
251 71.59937
251 79.57102
251 84.19102
251 90.79102
251 98.67102
252 65.83102
252 71.59937
252 79.57102
252 84.19102
252 90.79102
252 98.67102
253 71.59937
253 79.57102
253 84.19102
253 90.79102
253 98.67102
253 106.031
254 71.59937
254 79.57102
254 84.19102
254 90.79102
254 98.67102
254 106.031
255 71.59937
255 79.57102
255 84.19102
255 90.79102
255 98.67102
255 106.031
256 79.57102
256 84.19102
256 90.79102
256 98.67102
256 106.031
256 117.181
257 79.57102
257 84.19102
257 90.79102
257 98.67102
257 106.031
257 117.181
258 79.57102
258 84.19102
258 90.79102
258 98.67102
258 106.031
258 117.181
259 84.19102
259 90.79102
259 98.67102
259 106.031
259 117.181
259 127.2894
260 84.19102
260 90.79102
260 98.67102
260 106.031
260 117.181
260 127.2894
261 84.19102
261 90.79102
261 98.67102
261 106.031
261 117.181
261 127.2894
262 90.79102
262 98.67102
262 106.031
262 117.181
262 127.2894
262 132.651
263 90.79102
263 98.67102
263 106.031
263 117.181
263 127.2894
263 132.651
264 90.79102
264 98.67102
264 106.031
264 117.181
264 127.2894
264 132.651
265 98.67102
265 106.031
265 117.181
265 127.2894
265 132.651
265 140.601
266 98.67102
266 106.031
266 117.181
266 127.2894
266 132.651
266 140.601
267 98.67102
267 106.031
267 117.181
267 127.2894
267 132.651
267 140.601
268 106.031
268 117.181
268 127.2894
268 132.651
268 140.601
268 144.511
269 106.031
269 117.181
269 127.2894
269 132.651
269 140.601
269 144.511
270 106.031
270 117.181
270 127.2894
270 132.651
270 140.601
270 144.511
271 106.031
271 117.181
271 127.2894
271 132.651
271 140.601
271 144.511
272 106.031
272 117.181
272 127.2894
272 132.651
272 140.601
272 144.511
273 117.181
273 127.2894
273 132.651
273 140.601
273 144.511
273 150.031
274 117.181
274 127.2894
274 132.651
274 140.601
274 144.511
274 150.031
275 117.181
275 127.2894
275 132.651
275 140.601
275 144.511
275 150.031
276 117.181
276 127.2894
276 132.651
276 140.601
276 144.511
276 150.031
277 117.181
277 127.2894
277 132.651
277 140.601
277 144.511
277 150.031
278 127.2894
278 132.651
278 140.601
278 144.511
278 150.031
278 152.971
279 127.2894
279 132.651
279 140.601
279 144.511
279 150.031
279 152.971
280 132.651
280 140.601
280 144.511
280 150.031
280 152.971
280 156.621
281 132.651
281 140.601
281 144.511
281 150.031
281 152.971
281 156.621
282 132.651
282 140.601
282 144.511
282 150.031
282 152.971
282 156.621
283 132.651
283 140.601
283 144.511
283 150.031
283 152.971
283 156.621
284 140.601
284 144.511
284 150.031
284 152.971
284 156.621
284 158.4294
285 140.601
285 144.511
285 150.031
285 152.971
285 156.621
285 158.4294
286 144.511
286 150.031
286 152.971
286 156.621
286 158.4294
286 158.891
287 144.511
287 150.031
287 152.971
287 156.621
287 158.4294
287 158.891
288 144.511
288 150.031
288 152.971
288 156.621
288 158.4294
288 158.891
289 144.511
289 150.031
289 152.971
289 156.621
289 158.4294
289 158.891
290 150.031
290 152.971
290 156.621
290 158.4294
290 158.891
290 158.731
291 150.031
291 152.971
291 156.621
291 158.4294
291 158.891
291 158.731
292 152.971
292 156.621
292 158.4294
292 158.891
292 158.731
292 157.101
293 152.971
293 156.621
293 158.4294
293 158.891
293 158.731
293 157.101
294 152.971
294 156.621
294 158.4294
294 158.891
294 158.731
294 157.101
295 152.971
295 156.621
295 158.4294
295 158.891
295 158.731
295 157.101
296 156.621
296 158.4294
296 158.891
296 158.731
296 157.101
296 155.4194
297 156.621
297 158.4294
297 158.891
297 158.731
297 157.101
297 155.4194
298 156.621
298 158.4294
298 158.891
298 158.731
298 157.101
298 155.4194
299 158.4294
299 158.891
299 158.731
299 157.101
299 155.4194
299 151.201
300 158.4294
300 158.891
300 158.731
300 157.101
300 155.4194
300 151.201
301 158.4294
301 158.891
301 158.731
301 157.101
301 155.4194
301 151.201
302 158.891
302 158.731
302 157.101
302 155.4194
302 151.201
302 148.141
303 158.891
303 158.731
303 157.101
303 155.4194
303 151.201
303 148.141
304 158.731
304 157.101
304 155.4194
304 151.201
304 148.141
304 140.121
305 158.731
305 157.101
305 155.4194
305 151.201
305 148.141
305 140.121
306 158.731
306 157.101
306 155.4194
306 151.201
306 148.141
306 140.121
307 157.101
307 155.4194
307 151.201
307 148.141
307 140.121
307 135.321
308 157.101
308 155.4194
308 151.201
308 148.141
308 140.121
308 135.321
309 155.4194
309 151.201
309 148.141
309 140.121
309 135.321
309 127.081
310 155.4194
310 151.201
310 148.141
310 140.121
310 135.321
310 127.081
311 155.4194
311 151.201
311 148.141
311 140.121
311 135.321
311 127.081
312 151.201
312 148.141
312 140.121
312 135.321
312 127.081
312 119.021
313 151.201
313 148.141
313 140.121
313 135.321
313 127.081
313 119.021
314 148.141
314 140.121
314 135.321
314 127.081
314 119.021
314 113.361
315 148.141
315 140.121
315 135.321
315 127.081
315 119.021
315 113.361
316 148.141
316 140.121
316 135.321
316 127.081
316 119.021
316 113.361
317 148.141
317 140.121
317 135.321
317 127.081
317 119.021
317 113.361
318 140.121
318 135.321
318 127.081
318 119.021
318 113.361
318 105.941
319 140.121
319 135.321
319 127.081
319 119.021
319 113.361
319 105.941
320 135.321
320 127.081
320 119.021
320 113.361
320 105.941
320 92.88499
321 135.321
321 127.081
321 119.021
321 113.361
321 105.941
321 92.88499
322 135.321
322 127.081
322 119.021
322 113.361
322 105.941
322 92.88499
323 127.081
323 119.021
323 113.361
323 105.941
323 92.88499
323 78.73102
324 127.081
324 119.021
324 113.361
324 105.941
324 92.88499
324 78.73102
325 127.081
325 119.021
325 113.361
325 105.941
325 92.88499
325 78.73102
326 119.021
326 113.361
326 105.941
326 92.88499
326 78.73102
326 65.34102
327 113.361
327 105.941
327 92.88499
327 78.73102
327 65.34102
327 50.57938
328 113.361
328 105.941
328 92.88499
328 78.73102
328 65.34102
328 50.57938
329 113.361
329 105.941
329 92.88499
329 78.73102
329 65.34102
329 50.57938
330 105.941
330 92.88499
330 78.73102
330 65.34102
330 50.57938
330 33.37102
331 105.941
331 92.88499
331 78.73102
331 65.34102
331 50.57938
331 33.37102
332 105.941
332 92.88499
332 78.73102
332 65.34102
332 50.57938
332 33.37102
333 105.941
333 92.88499
333 78.73102
333 65.34102
333 50.57938
333 33.37102
334 92.88499
334 78.73102
334 65.34102
334 50.57938
334 33.37102
334 18.404
335 92.88499
335 78.73102
335 65.34102
335 50.57938
335 33.37102
335 18.404
336 92.88499
336 78.73102
336 65.34102
336 50.57938
336 33.37102
336 18.404
337 78.73102
337 65.34102
337 50.57938
337 33.37102
337 18.404
337 4.339378
338 78.73102
338 65.34102
338 50.57938
338 33.37102
338 18.404
338 4.339378
339 78.73102
339 65.34102
339 50.57938
339 33.37102
339 18.404
339 4.339378
340 78.73102
340 65.34102
340 50.57938
340 33.37102
340 18.404
340 4.339378
341 65.34102
341 50.57938
341 33.37102
341 18.404
341 4.339378
341 -17.42898
342 65.34102
342 50.57938
342 33.37102
342 18.404
342 4.339378
342 -17.42898
343 65.34102
343 50.57938
343 33.37102
343 18.404
343 4.339378
343 -17.42898
344 50.57938
344 33.37102
344 18.404
344 4.339378
344 -17.42898
344 -30.18062
345 50.57938
345 33.37102
345 18.404
345 4.339378
345 -17.42898
345 -30.18062
346 50.57938
346 33.37102
346 18.404
346 4.339378
346 -17.42898
346 -30.18062
347 50.57938
347 33.37102
347 18.404
347 4.339378
347 -17.42898
347 -30.18062
348 50.57938
348 33.37102
348 18.404
348 4.339378
348 -17.42898
348 -30.18062
349 33.37102
349 18.404
349 4.339378
349 -17.42898
349 -30.18062
349 -42.84062
350 33.37102
350 18.404
350 4.339378
350 -17.42898
350 -30.18062
350 -42.84062
351 33.37102
351 18.404
351 4.339378
351 -17.42898
351 -30.18062
351 -42.84062
352 33.37102
352 18.404
352 4.339378
352 -17.42898
352 -30.18062
352 -42.84062
353 18.404
353 4.339378
353 -17.42898
353 -30.18062
353 -42.84062
353 -66.52898
354 18.404
354 4.339378
354 -17.42898
354 -30.18062
354 -42.84062
354 -66.52898
355 18.404
355 4.339378
355 -17.42898
355 -30.18062
355 -42.84062
355 -66.52898
356 4.339378
356 -17.42898
356 -30.18062
356 -42.84062
356 -66.52898
356 -76.85062
357 4.339378
357 -17.42898
357 -30.18062
357 -42.84062
357 -66.52898
357 -76.85062
358 4.339378
358 -17.42898
358 -30.18062
358 -42.84062
358 -66.52898
358 -76.85062
359 4.339378
359 -17.42898
359 -30.18062
359 -42.84062
359 -66.52898
359 -76.85062
360 4.339378
360 -17.42898
360 -30.18062
360 -42.84062
360 -66.52898
360 -76.85062
361 4.339378
361 -17.42898
361 -30.18062
361 -42.84062
361 -66.52898
361 -76.85062
362 -17.42898
362 -30.18062
362 -42.84062
362 -66.52898
362 -76.85062
362 -90.64063
363 -17.42898
363 -30.18062
363 -42.84062
363 -66.52898
363 -76.85062
363 -90.64063
364 -17.42898
364 -30.18062
364 -42.84062
364 -66.52898
364 -76.85062
364 -90.64063
365 -30.18062
365 -42.84062
365 -66.52898
365 -76.85062
365 -90.64063
365 -100.3206
366 -30.18062
366 -42.84062
366 -66.52898
366 -76.85062
366 -90.64063
366 -100.3206
367 -30.18062
367 -42.84062
367 -66.52898
367 -76.85062
367 -90.64063
367 -100.3206
368 -30.18062
368 -42.84062
368 -66.52898
368 -76.85062
368 -90.64063
368 -100.3206
369 -42.84062
369 -66.52898
369 -76.85062
369 -90.64063
369 -100.3206
369 -115.129
370 -42.84062
370 -66.52898
370 -76.85062
370 -90.64063
370 -100.3206
370 -115.129
371 -42.84062
371 -66.52898
371 -76.85062
371 -90.64063
371 -100.3206
371 -115.129
372 -42.84062
372 -66.52898
372 -76.85062
372 -90.64063
372 -100.3206
372 -115.129
373 -42.84062
373 -66.52898
373 -76.85062
373 -90.64063
373 -100.3206
373 -115.129
374 -42.84062
374 -66.52898
374 -76.85062
374 -90.64063
374 -100.3206
374 -115.129
375 -66.52898
375 -76.85062
375 -90.64063
375 -100.3206
375 -115.129
375 -124.5206
376 -66.52898
376 -76.85062
376 -90.64063
376 -100.3206
376 -115.129
376 -124.5206
377 -66.52898
377 -76.85062
377 -90.64063
377 -100.3206
377 -115.129
377 -124.5206
378 -76.85062
378 -90.64063
378 -100.3206
378 -115.129
378 -124.5206
378 -131.399
379 -76.85062
379 -90.64063
379 -100.3206
379 -115.129
379 -124.5206
379 -131.399
380 -76.85062
380 -90.64063
380 -100.3206
380 -115.129
380 -124.5206
380 -131.399
381 -76.85062
381 -90.64063
381 -100.3206
381 -115.129
381 -124.5206
381 -131.399
382 -90.64063
382 -100.3206
382 -115.129
382 -124.5206
382 -131.399
382 -141.329
383 -90.64063
383 -100.3206
383 -115.129
383 -124.5206
383 -131.399
383 -141.329
384 -90.64063
384 -100.3206
384 -115.129
384 -124.5206
384 -131.399
384 -141.329
385 -100.3206
385 -115.129
385 -124.5206
385 -131.399
385 -141.329
385 -147.489
386 -100.3206
386 -115.129
386 -124.5206
386 -131.399
386 -141.329
386 -147.489
387 -100.3206
387 -115.129
387 -124.5206
387 -131.399
387 -141.329
387 -147.489
388 -100.3206
388 -115.129
388 -124.5206
388 -131.399
388 -141.329
388 -147.489
389 -100.3206
389 -115.129
389 -124.5206
389 -131.399
389 -141.329
389 -147.489
390 -100.3206
390 -115.129
390 -124.5206
390 -131.399
390 -141.329
390 -147.489
391 -115.129
391 -124.5206
391 -131.399
391 -141.329
391 -147.489
391 -150.849
392 -115.129
392 -124.5206
392 -131.399
392 -141.329
392 -147.489
392 -150.849
393 -115.129
393 -124.5206
393 -131.399
393 -141.329
393 -147.489
393 -150.849
394 -115.129
394 -124.5206
394 -131.399
394 -141.329
394 -147.489
394 -150.849
395 -124.5206
395 -131.399
395 -141.329
395 -147.489
395 -150.849
395 -155.499
396 -124.5206
396 -131.399
396 -141.329
396 -147.489
396 -150.849
396 -155.499
397 -124.5206
397 -131.399
397 -141.329
397 -147.489
397 -150.849
397 -155.499
398 -131.399
398 -141.329
398 -147.489
398 -150.849
398 -155.499
398 -157.609
399 -131.399
399 -141.329
399 -147.489
399 -150.849
399 -155.499
399 -157.609
400 -131.399
400 -141.329
400 -147.489
400 -150.849
400 -155.499
400 -157.609
401 -131.399
401 -141.329
401 -147.489
401 -150.849
401 -155.499
401 -157.609
402 -131.399
402 -141.329
402 -147.489
402 -150.849
402 -155.499
402 -157.609
403 -141.329
403 -147.489
403 -150.849
403 -155.499
403 -157.609
403 -159.129
404 -141.329
404 -147.489
404 -150.849
404 -155.499
404 -157.609
404 -159.129
405 -141.329
405 -147.489
405 -150.849
405 -155.499
405 -157.609
405 -159.129
406 -147.489
406 -150.849
406 -155.499
406 -157.609
406 -159.129
406 -159.099
407 -147.489
407 -150.849
407 -155.499
407 -157.609
407 -159.129
407 -159.099
408 -147.489
408 -150.849
408 -155.499
408 -157.609
408 -159.129
408 -159.099
409 -150.849
409 -155.499
409 -157.609
409 -159.129
409 -159.099
409 -157.469
410 -150.849
410 -155.499
410 -157.609
410 -159.129
410 -159.099
410 -157.469
411 -150.849
411 -155.499
411 -157.609
411 -159.129
411 -159.099
411 -157.469
412 -150.849
412 -155.499
412 -157.609
412 -159.129
412 -159.099
412 -157.469
413 -150.849
413 -155.499
413 -157.609
413 -159.129
413 -159.099
413 -157.469
414 -155.499
414 -157.609
414 -159.129
414 -159.099
414 -157.469
414 -153.909
415 -155.499
415 -157.609
415 -159.129
415 -159.099
415 -157.469
415 -153.909
416 -155.499
416 -157.609
416 -159.129
416 -159.099
416 -157.469
416 -153.909
417 -157.609
417 -159.129
417 -159.099
417 -157.469
417 -153.909
417 -151.629
418 -157.609
418 -159.129
418 -159.099
418 -157.469
418 -153.909
418 -151.629
419 -157.609
419 -159.129
419 -159.099
419 -157.469
419 -153.909
419 -151.629
420 -157.609
420 -159.129
420 -159.099
420 -157.469
420 -153.909
420 -151.629
421 -157.609
421 -159.129
421 -159.099
421 -157.469
421 -153.909
421 -151.629
422 -159.129
422 -159.099
422 -157.469
422 -153.909
422 -151.629
422 -148.129
423 -159.129
423 -159.099
423 -157.469
423 -153.909
423 -151.629
423 -148.129
424 -159.129
424 -159.099
424 -157.469
424 -153.909
424 -151.629
424 -148.129
425 -159.129
425 -159.099
425 -157.469
425 -153.909
425 -151.629
425 -148.129
426 -159.129
426 -159.099
426 -157.469
426 -153.909
426 -151.629
426 -148.129
427 -159.099
427 -157.469
427 -153.909
427 -151.629
427 -148.129
427 -143.929
428 -159.099
428 -157.469
428 -153.909
428 -151.629
428 -148.129
428 -143.929
429 -159.099
429 -157.469
429 -153.909
429 -151.629
429 -148.129
429 -143.929
430 -159.099
430 -157.469
430 -153.909
430 -151.629
430 -148.129
430 -143.929
431 -157.469
431 -153.909
431 -151.629
431 -148.129
431 -143.929
431 -139.979
432 -157.469
432 -153.909
432 -151.629
432 -148.129
432 -143.929
432 -139.979
433 -157.469
433 -153.909
433 -151.629
433 -148.129
433 -143.929
433 -139.979
434 -157.469
434 -153.909
434 -151.629
434 -148.129
434 -143.929
434 -139.979
435 -157.469
435 -153.909
435 -151.629
435 -148.129
435 -143.929
435 -139.979
436 -153.909
436 -151.629
436 -148.129
436 -143.929
436 -139.979
436 -134.209
437 -153.909
437 -151.629
437 -148.129
437 -143.929
437 -139.979
437 -134.209
438 -153.909
438 -151.629
438 -148.129
438 -143.929
438 -139.979
438 -134.209
439 -151.629
439 -148.129
439 -143.929
439 -139.979
439 -134.209
439 -130.6506
440 -151.629
440 -148.129
440 -143.929
440 -139.979
440 -134.209
440 -130.6506
441 -151.629
441 -148.129
441 -143.929
441 -139.979
441 -134.209
441 -130.6506
442 -151.629
442 -148.129
442 -143.929
442 -139.979
442 -134.209
442 -130.6506
443 -151.629
443 -148.129
443 -143.929
443 -139.979
443 -134.209
443 -130.6506
444 -148.129
444 -143.929
444 -139.979
444 -134.209
444 -130.6506
444 -123.779
445 -148.129
445 -143.929
445 -139.979
445 -134.209
445 -130.6506
445 -123.779
446 -148.129
446 -143.929
446 -139.979
446 -134.209
446 -130.6506
446 -123.779
447 -148.129
447 -143.929
447 -139.979
447 -134.209
447 -130.6506
447 -123.779
448 -143.929
448 -139.979
448 -134.209
448 -130.6506
448 -123.779
448 -118.159
449 -143.929
449 -139.979
449 -134.209
449 -130.6506
449 -123.779
449 -118.159
450 -143.929
450 -139.979
450 -134.209
450 -130.6506
450 -123.779
450 -118.159
451 -143.929
451 -139.979
451 -134.209
451 -130.6506
451 -123.779
451 -118.159
452 -139.979
452 -134.209
452 -130.6506
452 -123.779
452 -118.159
452 -108.669
453 -139.979
453 -134.209
453 -130.6506
453 -123.779
453 -118.159
453 -108.669
454 -139.979
454 -134.209
454 -130.6506
454 -123.779
454 -118.159
454 -108.669
455 -139.979
455 -134.209
455 -130.6506
455 -123.779
455 -118.159
455 -108.669
456 -134.209
456 -130.6506
456 -123.779
456 -118.159
456 -108.669
456 -100.349
457 -134.209
457 -130.6506
457 -123.779
457 -118.159
457 -108.669
457 -100.349
458 -134.209
458 -130.6506
458 -123.779
458 -118.159
458 -108.669
458 -100.349
459 -130.6506
459 -123.779
459 -118.159
459 -108.669
459 -100.349
459 -89.95898
460 -130.6506
460 -123.779
460 -118.159
460 -108.669
460 -100.349
460 -89.95898
461 -130.6506
461 -123.779
461 -118.159
461 -108.669
461 -100.349
461 -89.95898
462 -130.6506
462 -123.779
462 -118.159
462 -108.669
462 -100.349
462 -89.95898
463 -123.779
463 -118.159
463 -108.669
463 -100.349
463 -89.95898
463 -79.97897
464 -123.779
464 -118.159
464 -108.669
464 -100.349
464 -89.95898
464 -79.97897
465 -123.779
465 -118.159
465 -108.669
465 -100.349
465 -89.95898
465 -79.97897
466 -118.159
466 -108.669
466 -100.349
466 -89.95898
466 -79.97897
466 -69.827
467 -118.159
467 -108.669
467 -100.349
467 -89.95898
467 -79.97897
467 -69.827
468 -118.159
468 -108.669
468 -100.349
468 -89.95898
468 -79.97897
468 -69.827
469 -118.159
469 -108.669
469 -100.349
469 -89.95898
469 -79.97897
469 -69.827
470 -108.669
470 -100.349
470 -89.95898
470 -79.97897
470 -69.827
470 -42.02898
471 -108.669
471 -100.349
471 -89.95898
471 -79.97897
471 -69.827
471 -42.02898
472 -108.669
472 -100.349
472 -89.95898
472 -79.97897
472 -69.827
472 -42.02898
473 -108.669
473 -100.349
473 -89.95898
473 -79.97897
473 -69.827
473 -42.02898
474 -108.669
474 -100.349
474 -89.95898
474 -79.97897
474 -69.827
474 -42.02898
475 -100.349
475 -89.95898
475 -79.97897
475 -69.827
475 -42.02898
475 -20.72898
476 -100.349
476 -89.95898
476 -79.97897
476 -69.827
476 -42.02898
476 -20.72898
477 -100.349
477 -89.95898
477 -79.97897
477 -69.827
477 -42.02898
477 -20.72898
478 -100.349
478 -89.95898
478 -79.97897
478 -69.827
478 -42.02898
478 -20.72898
479 -100.349
479 -89.95898
479 -79.97897
479 -69.827
479 -42.02898
479 -20.72898
480 -89.95898
480 -79.97897
480 -69.827
480 -42.02898
480 -20.72898
480 -12.66062
481 -89.95898
481 -79.97897
481 -69.827
481 -42.02898
481 -20.72898
481 -12.66062
482 -89.95898
482 -79.97897
482 -69.827
482 -42.02898
482 -20.72898
482 -12.66062
483 -89.95898
483 -79.97897
483 -69.827
483 -42.02898
483 -20.72898
483 -12.66062
484 -79.97897
484 -69.827
484 -42.02898
484 -20.72898
484 -12.66062
484 -7.878983
485 -79.97897
485 -69.827
485 -42.02898
485 -20.72898
485 -12.66062
485 -7.878983
486 -79.97897
486 -69.827
486 -42.02898
486 -20.72898
486 -12.66062
486 -7.878983
487 -79.97897
487 -69.827
487 -42.02898
487 -20.72898
487 -12.66062
487 -7.878983
488 -69.827
488 -42.02898
488 -20.72898
488 -12.66062
488 -7.878983
488 -1.338982
489 -69.827
489 -42.02898
489 -20.72898
489 -12.66062
489 -7.878983
489 -1.338982
490 -69.827
490 -42.02898
490 -20.72898
490 -12.66062
490 -7.878983
490 -1.338982
491 -69.827
491 -42.02898
491 -20.72898
491 -12.66062
491 -7.878983
491 -1.338982
492 -69.827
492 -42.02898
492 -20.72898
492 -12.66062
492 -7.878983
492 -1.338982
493 -69.827
493 -42.02898
493 -20.72898
493 -12.66062
493 -7.878983
493 -1.338982
494 -69.827
494 -42.02898
494 -20.72898
494 -12.66062
494 -7.878983
494 -1.338982
495 -69.827
495 -42.02898
495 -20.72898
495 -12.66062
495 -7.878983
495 -1.338982
496 -69.827
496 -42.02898
496 -20.72898
496 -12.66062
496 -7.878983
496 -1.338982
497 -42.02898
497 -20.72898
497 -12.66062
497 -7.878983
497 -1.338982
497 5.75
498 -42.02898
498 -20.72898
498 -12.66062
498 -7.878983
498 -1.338982
498 5.75
499 -42.02898
499 -20.72898
499 -12.66062
499 -7.878983
499 -1.338982
499 5.75
500 -42.02898
500 -20.72898
500 -12.66062
500 -7.878983
500 -1.338982
500 5.75
501 -42.02898
501 -20.72898
501 -12.66062
501 -7.878983
501 -1.338982
501 5.75
502 -42.02898
502 -20.72898
502 -12.66062
502 -7.878983
502 -1.338982
502 5.75
503 -42.02898
503 -20.72898
503 -12.66062
503 -7.878983
503 -1.338982
503 5.75
504 -20.72898
504 -12.66062
504 -7.878983
504 -1.338982
504 5.75
504 12.86102
505 -20.72898
505 -12.66062
505 -7.878983
505 -1.338982
505 5.75
505 12.86102
506 -12.66062
506 -7.878983
506 -1.338982
506 5.75
506 12.86102
506 19.95102
507 -7.878983
507 -1.338982
507 5.75
507 12.86102
507 19.95102
507 25.33102
508 -7.878983
508 -1.338982
508 5.75
508 12.86102
508 19.95102
508 25.33102
509 -7.878983
509 -1.338982
509 5.75
509 12.86102
509 19.95102
509 25.33102
510 -1.338982
510 5.75
510 12.86102
510 19.95102
510 25.33102
510 29.88102
511 -1.338982
511 5.75
511 12.86102
511 19.95102
511 25.33102
511 29.88102
512 -1.338982
512 5.75
512 12.86102
512 19.95102
512 25.33102
512 29.88102
513 5.75
513 12.86102
513 19.95102
513 25.33102
513 29.88102
513 38.04939
514 5.75
514 12.86102
514 19.95102
514 25.33102
514 29.88102
514 38.04939
515 5.75
515 12.86102
515 19.95102
515 25.33102
515 29.88102
515 38.04939
516 12.86102
516 19.95102
516 25.33102
516 29.88102
516 38.04939
516 45.58102
517 12.86102
517 19.95102
517 25.33102
517 29.88102
517 38.04939
517 45.58102
518 12.86102
518 19.95102
518 25.33102
518 29.88102
518 38.04939
518 45.58102
519 19.95102
519 25.33102
519 29.88102
519 38.04939
519 45.58102
519 59.27102
520 19.95102
520 25.33102
520 29.88102
520 38.04939
520 45.58102
520 59.27102
521 19.95102
521 25.33102
521 29.88102
521 38.04939
521 45.58102
521 59.27102
522 19.95102
522 25.33102
522 29.88102
522 38.04939
522 45.58102
522 59.27102
523 25.33102
523 29.88102
523 38.04939
523 45.58102
523 59.27102
523 65.83102
524 25.33102
524 29.88102
524 38.04939
524 45.58102
524 59.27102
524 65.83102
525 25.33102
525 29.88102
525 38.04939
525 45.58102
525 59.27102
525 65.83102
526 29.88102
526 38.04939
526 45.58102
526 59.27102
526 65.83102
526 71.59937
527 29.88102
527 38.04939
527 45.58102
527 59.27102
527 65.83102
527 71.59937
528 29.88102
528 38.04939
528 45.58102
528 59.27102
528 65.83102
528 71.59937
529 29.88102
529 38.04939
529 45.58102
529 59.27102
529 65.83102
529 71.59937
530 29.88102
530 38.04939
530 45.58102
530 59.27102
530 65.83102
530 71.59937
531 38.04939
531 45.58102
531 59.27102
531 65.83102
531 71.59937
531 79.57102
532 38.04939
532 45.58102
532 59.27102
532 65.83102
532 71.59937
532 79.57102
533 38.04939
533 45.58102
533 59.27102
533 65.83102
533 71.59937
533 79.57102
534 38.04939
534 45.58102
534 59.27102
534 65.83102
534 71.59937
534 79.57102
535 38.04939
535 45.58102
535 59.27102
535 65.83102
535 71.59937
535 79.57102
536 45.58102
536 59.27102
536 65.83102
536 71.59937
536 79.57102
536 84.19102
537 45.58102
537 59.27102
537 65.83102
537 71.59937
537 79.57102
537 84.19102
538 45.58102
538 59.27102
538 65.83102
538 71.59937
538 79.57102
538 84.19102
539 45.58102
539 59.27102
539 65.83102
539 71.59937
539 79.57102
539 84.19102
540 45.58102
540 59.27102
540 65.83102
540 71.59937
540 79.57102
540 84.19102
541 45.58102
541 59.27102
541 65.83102
541 71.59937
541 79.57102
541 84.19102
542 45.58102
542 59.27102
542 65.83102
542 71.59937
542 79.57102
542 84.19102
543 59.27102
543 65.83102
543 71.59937
543 79.57102
543 84.19102
543 90.79102
544 59.27102
544 65.83102
544 71.59937
544 79.57102
544 84.19102
544 90.79102
545 59.27102
545 65.83102
545 71.59937
545 79.57102
545 84.19102
545 90.79102
546 65.83102
546 71.59937
546 79.57102
546 84.19102
546 90.79102
546 98.67102
547 65.83102
547 71.59937
547 79.57102
547 84.19102
547 90.79102
547 98.67102
548 65.83102
548 71.59937
548 79.57102
548 84.19102
548 90.79102
548 98.67102
549 71.59937
549 79.57102
549 84.19102
549 90.79102
549 98.67102
549 106.031
550 71.59937
550 79.57102
550 84.19102
550 90.79102
550 98.67102
550 106.031
551 71.59937
551 79.57102
551 84.19102
551 90.79102
551 98.67102
551 106.031
552 71.59937
552 79.57102
552 84.19102
552 90.79102
552 98.67102
552 106.031
553 79.57102
553 84.19102
553 90.79102
553 98.67102
553 106.031
553 117.181
554 79.57102
554 84.19102
554 90.79102
554 98.67102
554 106.031
554 117.181
555 84.19102
555 90.79102
555 98.67102
555 106.031
555 117.181
555 127.2894
556 84.19102
556 90.79102
556 98.67102
556 106.031
556 117.181
556 127.2894
557 90.79102
557 98.67102
557 106.031
557 117.181
557 127.2894
557 132.651
558 90.79102
558 98.67102
558 106.031
558 117.181
558 127.2894
558 132.651
559 90.79102
559 98.67102
559 106.031
559 117.181
559 127.2894
559 132.651
560 98.67102
560 106.031
560 117.181
560 127.2894
560 132.651
560 140.601
561 98.67102
561 106.031
561 117.181
561 127.2894
561 132.651
561 140.601
562 98.67102
562 106.031
562 117.181
562 127.2894
562 132.651
562 140.601
563 98.67102
563 106.031
563 117.181
563 127.2894
563 132.651
563 140.601
564 106.031
564 117.181
564 127.2894
564 132.651
564 140.601
564 144.511
565 106.031
565 117.181
565 127.2894
565 132.651
565 140.601
565 144.511
566 106.031
566 117.181
566 127.2894
566 132.651
566 140.601
566 144.511
567 106.031
567 117.181
567 127.2894
567 132.651
567 140.601
567 144.511
568 106.031
568 117.181
568 127.2894
568 132.651
568 140.601
568 144.511
569 117.181
569 127.2894
569 132.651
569 140.601
569 144.511
569 150.031
570 117.181
570 127.2894
570 132.651
570 140.601
570 144.511
570 150.031
571 117.181
571 127.2894
571 132.651
571 140.601
571 144.511
571 150.031
572 117.181
572 127.2894
572 132.651
572 140.601
572 144.511
572 150.031
573 127.2894
573 132.651
573 140.601
573 144.511
573 150.031
573 152.971
574 127.2894
574 132.651
574 140.601
574 144.511
574 150.031
574 152.971
575 127.2894
575 132.651
575 140.601
575 144.511
575 150.031
575 152.971
576 132.651
576 140.601
576 144.511
576 150.031
576 152.971
576 156.621
577 132.651
577 140.601
577 144.511
577 150.031
577 152.971
577 156.621
578 132.651
578 140.601
578 144.511
578 150.031
578 152.971
578 156.621
579 132.651
579 140.601
579 144.511
579 150.031
579 152.971
579 156.621
580 140.601
580 144.511
580 150.031
580 152.971
580 156.621
580 158.4294
581 140.601
581 144.511
581 150.031
581 152.971
581 156.621
581 158.4294
582 144.511
582 150.031
582 152.971
582 156.621
582 158.4294
582 158.891
583 144.511
583 150.031
583 152.971
583 156.621
583 158.4294
583 158.891
584 144.511
584 150.031
584 152.971
584 156.621
584 158.4294
584 158.891
585 144.511
585 150.031
585 152.971
585 156.621
585 158.4294
585 158.891
586 150.031
586 152.971
586 156.621
586 158.4294
586 158.891
586 158.731
587 150.031
587 152.971
587 156.621
587 158.4294
587 158.891
587 158.731
588 152.971
588 156.621
588 158.4294
588 158.891
588 158.731
588 157.101
589 152.971
589 156.621
589 158.4294
589 158.891
589 158.731
589 157.101
590 152.971
590 156.621
590 158.4294
590 158.891
590 158.731
590 157.101
591 152.971
591 156.621
591 158.4294
591 158.891
591 158.731
591 157.101
592 156.621
592 158.4294
592 158.891
592 158.731
592 157.101
592 155.4194
593 156.621
593 158.4294
593 158.891
593 158.731
593 157.101
593 155.4194
594 156.621
594 158.4294
594 158.891
594 158.731
594 157.101
594 155.4194
595 158.4294
595 158.891
595 158.731
595 157.101
595 155.4194
595 151.201
596 158.4294
596 158.891
596 158.731
596 157.101
596 155.4194
596 151.201
597 158.4294
597 158.891
597 158.731
597 157.101
597 155.4194
597 151.201
598 158.891
598 158.731
598 157.101
598 155.4194
598 151.201
598 148.141
599 158.891
599 158.731
599 157.101
599 155.4194
599 151.201
599 148.141
600 158.731
600 157.101
600 155.4194
600 151.201
600 148.141
600 140.121
601 158.731
601 157.101
601 155.4194
601 151.201
601 148.141
601 140.121
602 158.731
602 157.101
602 155.4194
602 151.201
602 148.141
602 140.121
603 158.731
603 157.101
603 155.4194
603 151.201
603 148.141
603 140.121
604 157.101
604 155.4194
604 151.201
604 148.141
604 140.121
604 135.321
605 157.101
605 155.4194
605 151.201
605 148.141
605 140.121
605 135.321
606 155.4194
606 151.201
606 148.141
606 140.121
606 135.321
606 127.081
607 155.4194
607 151.201
607 148.141
607 140.121
607 135.321
607 127.081
608 155.4194
608 151.201
608 148.141
608 140.121
608 135.321
608 127.081
609 155.4194
609 151.201
609 148.141
609 140.121
609 135.321
609 127.081
610 151.201
610 148.141
610 140.121
610 135.321
610 127.081
610 119.021
611 151.201
611 148.141
611 140.121
611 135.321
611 127.081
611 119.021
612 148.141
612 140.121
612 135.321
612 127.081
612 119.021
612 113.361
613 148.141
613 140.121
613 135.321
613 127.081
613 119.021
613 113.361
614 148.141
614 140.121
614 135.321
614 127.081
614 119.021
614 113.361
615 148.141
615 140.121
615 135.321
615 127.081
615 119.021
615 113.361
616 140.121
616 135.321
616 127.081
616 119.021
616 113.361
616 105.941
617 140.121
617 135.321
617 127.081
617 119.021
617 113.361
617 105.941
618 135.321
618 127.081
618 119.021
618 113.361
618 105.941
618 92.88499
619 135.321
619 127.081
619 119.021
619 113.361
619 105.941
619 92.88499
620 135.321
620 127.081
620 119.021
620 113.361
620 105.941
620 92.88499
621 127.081
621 119.021
621 113.361
621 105.941
621 92.88499
621 78.73102
622 127.081
622 119.021
622 113.361
622 105.941
622 92.88499
622 78.73102
623 127.081
623 119.021
623 113.361
623 105.941
623 92.88499
623 78.73102
624 119.021
624 113.361
624 105.941
624 92.88499
624 78.73102
624 65.34102
625 113.361
625 105.941
625 92.88499
625 78.73102
625 65.34102
625 50.57938
626 113.361
626 105.941
626 92.88499
626 78.73102
626 65.34102
626 50.57938
627 113.361
627 105.941
627 92.88499
627 78.73102
627 65.34102
627 50.57938
628 105.941
628 92.88499
628 78.73102
628 65.34102
628 50.57938
628 33.37102
629 105.941
629 92.88499
629 78.73102
629 65.34102
629 50.57938
629 33.37102
630 105.941
630 92.88499
630 78.73102
630 65.34102
630 50.57938
630 33.37102
631 105.941
631 92.88499
631 78.73102
631 65.34102
631 50.57938
631 33.37102
632 92.88499
632 78.73102
632 65.34102
632 50.57938
632 33.37102
632 18.404
633 92.88499
633 78.73102
633 65.34102
633 50.57938
633 33.37102
633 18.404
634 92.88499
634 78.73102
634 65.34102
634 50.57938
634 33.37102
634 18.404
635 92.88499
635 78.73102
635 65.34102
635 50.57938
635 33.37102
635 18.404
636 78.73102
636 65.34102
636 50.57938
636 33.37102
636 18.404
636 4.339378
637 78.73102
637 65.34102
637 50.57938
637 33.37102
637 18.404
637 4.339378
638 78.73102
638 65.34102
638 50.57938
638 33.37102
638 18.404
638 4.339378
639 65.34102
639 50.57938
639 33.37102
639 18.404
639 4.339378
639 -17.42898
640 65.34102
640 50.57938
640 33.37102
640 18.404
640 4.339378
640 -17.42898
641 65.34102
641 50.57938
641 33.37102
641 18.404
641 4.339378
641 -17.42898
642 65.34102
642 50.57938
642 33.37102
642 18.404
642 4.339378
642 -17.42898
643 50.57938
643 33.37102
643 18.404
643 4.339378
643 -17.42898
643 -30.18062
644 50.57938
644 33.37102
644 18.404
644 4.339378
644 -17.42898
644 -30.18062
645 50.57938
645 33.37102
645 18.404
645 4.339378
645 -17.42898
645 -30.18062
646 50.57938
646 33.37102
646 18.404
646 4.339378
646 -17.42898
646 -30.18062
647 33.37102
647 18.404
647 4.339378
647 -17.42898
647 -30.18062
647 -42.84062
648 33.37102
648 18.404
648 4.339378
648 -17.42898
648 -30.18062
648 -42.84062
649 33.37102
649 18.404
649 4.339378
649 -17.42898
649 -30.18062
649 -42.84062
650 33.37102
650 18.404
650 4.339378
650 -17.42898
650 -30.18062
650 -42.84062
651 18.404
651 4.339378
651 -17.42898
651 -30.18062
651 -42.84062
651 -66.52898
652 18.404
652 4.339378
652 -17.42898
652 -30.18062
652 -42.84062
652 -66.52898
653 18.404
653 4.339378
653 -17.42898
653 -30.18062
653 -42.84062
653 -66.52898
654 18.404
654 4.339378
654 -17.42898
654 -30.18062
654 -42.84062
654 -66.52898
