0 0
1 0.744287
2 0.743834
3 0.739204
4 0.729823
5 0.715897
6 0.686048
7 0.642746
8 0.576937
9 0.482838
10 0.392707
11 0.307223
12 0.161914
13 0.0996432
14 0.0436748
15 -0.00444563
16 -0.0450777
17 -0.0774321
18 -0.10839
19 -0.120783
20 -0.125721
21 -0.124267
22 -0.118523
23 -0.106288
24 -0.0947756
25 -0.0633304
26 -0.029612
27 0.000698514
28 0.0299627
29 0.0512922
30 0.0681687
31 0.0808795
32 0.0439335
33 0.0578112
34 0.0691571
35 0.0773021
36 0.0849469
37 0.0905804
38 0.107947
39 0.110963
40 0.113921
41 0.116508
42 0.119834
43 0.123601
44 0.14947
45 0.185128
46 0.214416
47 0.231234
48 0.242084
49 0.245652
50 0.134283
51 0.21882
52 0.277638
53 0.320554
54 0.369629
55 0.333019
56 0.289979
57 0.251545
58 0.222003
59 0.192991
60 0.166062
61 0.151386
62 0.147594
63 0.156392
64 0.187398
65 0.299506
66 0.361953
67 0.391923
68 0.486453
69 0.529141
70 0.407887
71 0.50541
72 0.516018
73 0.477108
74 0.418033
75 0.340196
76 0.256085
77 0.225307
78 0.198716
79 0.137184
80 -0.0490157
81 0.0153651
82 0.0346861
83 0.032985
84 0.0212427
85 -0.028479
86 0.0660132
87 0.119717
88 0.185396
89 0.225213
90 0.219278
91 0.198495
92 0.171227
93 0.150604
94 0.0353683
95 0.112081
96 0.188062
97 0.241043
98 0.3905
99 0.389693
100 0.410291
101 0.401085
102 0.495408
103 0.613166
104 0.724211
105 0.802379
106 0.856292
107 0.949765
108 1.00621
109 1.05438
110 1.10462
111 1.11592
112 1.03073
113 1.13548
114 1.20676
115 1.24647
116 1.25811
117 1.14756
118 1.18063
119 1.19088
120 1.14433
121 1.06362
122 0.964421
123 0.872915
124 0.808638
125 0.904165
126 0.769685
127 0.657617
128 0.592607
129 0.562702
130 0.555496
131 0.515141
132 0.674245
133 0.798766
134 0.769463
135 1.00803
136 1.1203
137 1.1807
138 1.1542
139 1.0017
140 1.00695
141 0.928539
142 0.77677
143 0.529434
144 0.445175
145 0.244309
146 0.0317597
147 -0.112968
148 -0.156207
149 -0.360418
150 -0.657599
151 -1.02582
152 -1.41313
153 -1.28431
154 -1.34283
155 -1.51477
156 -1.43514
157 -1.02029
158 -1.1055
159 -1.40995
160 -1.77292
161 -2.07918
162 -2.02024
163 -2.12635
164 -2.03789
165 -1.94179
166 -2.03272
167 -2.08655
168 -2.07391
169 -1.723
170 -1.49656
171 -1.4531
172 -1.1325
173 -0.792298
174 -0.471354
175 -0.188625
176 0.181936
177 0.432426
178 0.617359
179 0.717806
180 0.945414
181 1.11489
182 1.2677
183 1.37356
184 1.27834
185 1.33737
186 1.36231
187 1.36385
188 1.50019
189 1.25085
190 1.03814
191 1.0966
192 0.691565
193 0.412791
194 0.263106
195 0.232446
196 0.288885
197 0.421493
198 0.614851
199 0.879693
200 0.679327
201 0.567959
202 0.742368
203 1.07188
204 1.46645
205 1.76764
206 1.81837
207 1.72215
208 2.25324
209 1.84171
210 1.86629
211 2.01107
212 2.12826
213 2.0572
214 1.89825
215 1.62033
216 1.14834
217 0.634009
218 0.125054
219 -0.436922
220 -0.875532
221 -1.2259
222 -1.43683
223 -1.69178
224 -1.81257
225 -1.76583
226 -1.80998
227 -1.80732
228 -1.8141
229 -1.74423
230 -1.64409
231 -1.54604
232 -1.42959
233 -1.32826
234 -1.21002
235 -1.03708
236 -0.909345
237 -0.820768
238 -0.66628
239 -0.413345
240 -0.329903
241 -0.33795
242 -0.419439
243 -0.48315
244 -0.543228
245 -0.53629
246 -0.342291
247 -0.332903
248 -0.4763
249 -0.528724
250 -0.646182
251 -0.779732
252 -0.904
253 -0.999753
254 -1.06326
255 -1.07987
256 -0.939148
257 -0.825182
258 -0.797787
259 -0.6031
260 -0.453561
261 -0.183793
262 0.0199329
263 0.241206
264 0.350755
265 0.601886
266 0.736859
267 0.709202
268 0.875664
269 0.956296
270 0.985638
271 0.982379
272 0.967753
273 0.871876
274 0.797606
275 0.724336
276 0.673444
277 0.647923
278 0.676861
279 0.696788
280 0.730862
281 0.748259
282 0.750664
283 0.733826
284 0.758495
285 0.807026
286 0.775935
287 0.744098
288 0.706788
289 0.652632
290 0.64255
291 0.670156
292 0.6197
293 0.594353
294 0.586065
295 0.611873
296 0.632676
297 0.679973
298 0.694801
299 0.800109
300 0.893935
301 0.981835
302 1.04112
303 1.08693
304 1.13313
305 1.174
306 1.20281
307 1.23062
308 1.21547
309 1.24976
310 1.25164
311 1.22423
312 1.18166
313 1.15188
314 1.14404
315 1.08352
316 1.00471
317 0.871241
318 0.765608
319 0.715123
320 0.657884
321 0.61212
322 0.619178
323 0.620803
324 0.626942
325 0.612354
326 0.803369
327 0.754938
328 0.717803
329 0.663307
330 0.676849
331 0.689108
332 0.703554
333 0.73758
334 0.785936
335 0.80997
336 0.774999
337 0.784553
338 0.789469
339 0.790413
340 0.797879
341 0.791753
342 0.787128
343 0.795444
344 0.842753
345 0.866174
346 0.876005
347 0.872713
348 0.783885
349 0.869275
350 0.907034
351 0.916545
352 0.917293
353 0.864899
354 0.810548
355 0.751783
356 0.699311
357 0.629647
358 0.57071
359 0.518857
360 0.477597
361 0.467585
362 0.519881
363 0.540783
364 0.510692
365 0.590851
366 0.607138
367 0.582078
368 0.508368
369 0.508058
370 0.464884
371 0.394833
372 0.305012
373 0.220466
374 0.164587
375 0.145057
376 0.0915782
377 -0.118796
378 -0.0261131
379 -0.00878763
380 -0.00901514
381 -0.0906114
382 0.069355
383 0.131312
384 0.221653
385 0.244558
386 0.228267
387 0.207662
388 0.192001
389 0.18245
390 0.115003
391 0.164979
392 0.216378
393 0.261486
394 0.381495
395 0.366505
396 0.37663
397 0.359408
398 0.446654
399 0.536666
400 0.637539
401 0.7329
402 0.798543
403 0.886811
404 0.998603
405 1.08454
406 1.11733
407 1.14016
408 1.09397
409 1.20756
410 1.27142
411 1.30323
412 1.308
413 1.21611
414 1.24304
415 1.24124
416 1.17792
417 1.08505
418 0.996118
419 0.903741
420 0.830313
421 0.915774
422 0.745434
423 0.652481
424 0.595542
425 0.562201
426 0.415523
427 0.563975
428 0.713559
429 0.810401
430 0.821037
431 0.996189
432 1.0838
433 1.11653
434 1.09301
435 0.926735
436 0.940037
437 0.866782
438 0.467444
439 0.474496
440 0.365295
441 0.200344
442 -0.0792525
443 -0.154478
444 -0.335323
445 -0.587676
446 -0.911509
447 -1.38749
448 -1.24614
449 -1.30572
450 -1.51852
451 -1.02266
452 -0.979448
453 -1.2573
454 -1.68475
455 -1.9819
456 -1.94071
457 -2.06267
458 -2.01653
459 -1.9057
460 -2.00419
461 -2.06976
462 -1.969
463 -1.6219
464 -1.44442
465 -1.45263
466 -1.21509
467 -0.886318
468 -0.563408
469 -0.067125
470 0.160994
471 0.377375
472 0.570044
473 0.74379
474 0.828767
475 0.999479
476 1.11843
477 1.22405
478 1.27107
479 1.12995
480 1.15186
481 1.15427
482 1.13852
483 1.33998
484 1.10949
485 0.906896
486 0.715084
487 0.739389
488 0.387253
489 0.176586
490 0.0645166
491 0.0460057
492 0.0998872
493 0.231239
494 0.42278
495 0.626792
496 0.938928
497 0.582217
498 0.603187
499 0.876121
500 1.24345
501 1.60071
502 1.89038
503 1.76781
504 1.88523
505 1.8917
506 1.8215
507 1.92644
508 2.01743
509 1.93217
510 1.77907
511 1.49119
512 1.0532
513 0.649524
514 0.0126154
515 -0.313653
516 -0.839335
517 -1.18428
518 -1.38498
519 -1.59147
520 -1.73364
521 -1.78601
522 -1.70386
523 -1.70005
524 -1.65576
525 -1.63753
526 -1.54681
527 -1.41496
528 -1.29394
529 -1.17606
530 -1.11924
531 -0.953651
532 -0.809844
533 -0.721259
534 -0.657106
535 -0.50829
536 -0.297018
537 -0.241747
538 -0.272454
539 -0.357769
540 -0.435362
541 -0.530287
542 -0.531711
543 -0.333987
544 -0.376998
545 -0.490371
546 -0.576461
547 -0.720633
548 -0.837927
549 -0.923313
550 -1.01601
551 -1.06873
552 -0.998206
553 -0.869575
554 -0.810142
555 -0.582238
556 -0.270792
557 -0.00146846
558 0.204851
559 0.2999
560 0.53145
561 0.701055
562 0.816989
563 0.844114
564 0.949844
565 0.996246
566 1.00568
567 0.984241
568 0.934704
569 0.839398
570 0.744739
571 0.676398
572 0.577934
573 0.614224
574 0.644036
575 0.670687
576 0.700321
577 0.716396
578 0.720669
579 0.715339
580 0.740721
581 0.791165
582 0.768906
583 0.738229
584 0.710205
585 0.660269
586 0.653423
587 0.674897
588 0.629414
589 0.607482
590 0.601728
591 0.625778
592 0.642537
593 0.673974
594 0.691047
595 0.795251
596 0.887332
597 0.973992
598 1.0239
599 1.06744
600 1.11319
601 1.14597
602 1.17494
603 1.19961
604 1.22071
605 1.20874
606 1.23939
607 1.24968
608 1.24228
609 1.20973
610 1.17699
611 1.18354
612 1.17123
613 1.11855
614 1.0447
615 0.936859
616 0.853449
617 0.804301
618 0.732944
619 0.685517
620 0.674099
621 0.669432
622 0.668916
623 0.632776
624 0.837566
625 0.78239
626 0.743668
627 0.677649
628 0.685116
629 0.694311
630 0.703161
631 0.73733
632 0.773061
633 0.797277
634 0.806224
635 0.769233
636 0.776343
637 0.779892
638 0.792107
639 0.789149
640 0.788507
641 0.789591
642 0.839373
643 0.878231
644 0.890495
645 0.893162
646 0.797805
647 0.888167
648 0.928689
649 0.938818
650 0.942861
651 0.888467
652 0.823819
653 0.75927
