0 0
1 -0.00214534
2 -0.00188597
3 0.00152937
4 0.00695234
5 0.0144696
6 0.0291607
7 0.0477274
8 0.071481
9 0.0949404
10 0.103786
11 0.0932575
12 0.0718019
13 0.0595207
14 0.0476114
15 0.036593
16 0.0272651
17 0.0191843
18 0.00999962
19 0.00440804
20 2.88399e-05
21 -0.0032802
22 -0.00542854
23 -0.00729805
24 -0.0168416
25 -0.0158652
26 -0.0142284
27 -0.012289
28 -0.00999013
29 -0.00798745
30 -0.00613402
31 -0.00449037
32 -0.00562787
33 -0.00452461
34 -0.00358538
35 -0.00288866
36 -0.00225227
37 -0.00182963
38 -0.00100146
39 -0.000697304
40 -0.000490608
41 -0.000414662
42 -0.000444244
43 -0.000556408
44 -0.0106248
45 -0.00766875
46 -0.00465747
47 -0.00240224
48 -0.000269405
49 0.00120897
50 -0.0235537
51 -0.0163304
52 -0.0099615
53 -0.00304411
54 0.00928228
55 0.0112471
56 0.0120094
57 0.0118472
58 0.0104138
59 0.00969516
60 0.00807502
61 0.0062039
62 0.00368538
63 0.00126158
64 -0.0249785
65 -0.0142989
66 -0.00617328
67 -0.0313933
68 -0.0154553
69 -0.00219455
70 -0.036739
71 -0.0140498
72 0.000749076
73 0.0112071
74 0.0169489
75 0.0200601
76 0.020334
77 0.000463688
78 0.00942972
79 0.0144258
80 -0.0325564
81 -0.0170509
82 -0.00839908
83 -0.00478763
84 -0.0030786
85 -0.0539541
86 -0.0349996
87 -0.0209395
88 -0.0329682
89 -0.0164304
90 -0.00797618
91 -0.00525281
92 -0.00491498
93 -0.00684059
94 -0.0354802
95 -0.0320108
96 -0.0312205
97 -0.0313098
98 -0.00395146
99 -0.0108956
100 -0.0165494
101 -0.0398779
102 -0.0390278
103 -0.0358961
104 -0.0308618
105 -0.0257525
106 -0.0317398
107 -0.0232881
108 -0.0174125
109 -0.0115403
110 -0.00389447
111 -0.00148605
112 -0.031376
113 -0.0210641
114 -0.0116919
115 -0.00347947
116 0.00257306
117 -0.00971163
118 -0.00270402
119 0.00401943
120 0.0247314
121 0.0241878
122 0.0226775
123 0.0204877
124 0.0185322
125 0.0318028
126 0.0255843
127 0.0185029
128 0.0121115
129 0.00706766
130 0.00280811
131 -0.0319559
132 -0.0247861
133 -0.017911
134 -0.0472437
135 -0.0281721
136 -0.0147964
137 0.00336099
138 0.0130267
139 -0.00652108
140 0.00883163
141 0.0232314
142 0.0343272
143 0.00711016
144 0.0246564
145 0.0390952
146 0.04657
147 -0.00631328
148 0.0231681
149 0.0469051
150 0.0613196
151 0.0683127
152 -0.0540062
153 -0.000398095
154 0.0305811
155 0.0509745
156 -0.196457
157 -0.035516
158 0.042392
159 0.0887626
160 0.102701
161 -0.088525
162 -0.00254393
163 0.0305857
164 -0.179179
165 -0.0418356
166 -0.0230927
167 -0.0418235
168 -0.238356
169 -0.155708
170 -0.138188
171 -0.174583
172 -0.178148
173 -0.185745
174 -0.186915
175 -0.178519
176 -0.14235
177 -0.128463
178 -0.112084
179 -0.127369
180 -0.104589
181 -0.0829758
182 -0.0593578
183 -0.0376689
184 -0.0359571
185 -0.0205809
186 -0.00919187
187 0.0010784
188 0.0827874
189 0.0711641
190 0.0577183
191 0.121437
192 0.0868057
193 0.0523738
194 0.0204912
195 -0.00428889
196 -0.0249962
197 -0.0416143
198 -0.0531801
199 -0.0597841
200 0.0682121
201 -0.00188944
202 -0.0533913
203 -0.0779673
204 -0.0816139
205 -0.0701797
206 0.102451
207 -0.00649971
208 0.283295
209 0.0975705
210 0.00280378
211 -0.0178855
212 0.0360672
213 0.0795746
214 0.134899
215 0.180128
216 0.200537
217 0.21722
218 0.232404
219 0.200966
220 0.16191
221 0.120837
222 0.112761
223 0.0669909
224 0.0372387
225 0.030152
226 0.00858939
227 -0.00535347
228 -0.0207715
229 -0.027893
230 -0.0325365
231 -0.0343786
232 -0.0344104
233 -0.0332585
234 -0.0547193
235 -0.0418459
236 -0.0301169
237 -0.0203849
238 -0.0806275
239 -0.0396326
240 -0.0124015
241 0.00543515
242 0.017213
243 0.0191651
244 0.018326
245 -0.106903
246 -0.0376711
247 0.00782952
248 -0.0180721
249 0.0252014
250 0.0401863
251 0.0412623
252 0.0171678
253 0.0094035
254 -0.0138451
255 -0.0993763
256 -0.0826245
257 -0.0822675
258 -0.106558
259 -0.105298
260 -0.10841
261 -0.124873
262 -0.114323
263 -0.102358
264 -0.138813
265 -0.096933
266 -0.0674662
267 -0.101918
268 -0.0641309
269 -0.0378483
270 -0.0196457
271 -0.0040672
272 0.028895
273 0.0253944
274 0.0217132
275 0.0166475
276 0.0113087
277 -0.0174143
278 -0.012987
279 -0.0173357
280 -0.0100657
281 -0.00418593
282 -0.000490975
283 -0.0127471
284 -0.0056884
285 0.00641662
286 0.0091595
287 0.0101513
288 0.0100742
289 0.00146011
290 0.00189793
291 0.0171209
292 0.0106085
293 0.00529974
294 -0.000855038
295 -0.00210912
296 -0.00744623
297 -0.0118507
298 -0.0273717
299 -0.0235666
300 -0.0196395
301 -0.013344
302 -0.0106375
303 -0.00928827
304 -0.00650072
305 -0.00353912
306 -0.00355509
307 0.000178084
308 -0.00508848
309 0.00159902
310 0.00672505
311 0.0131633
312 0.0143094
313 0.00116509
314 0.00998502
315 0.016426
316 0.0199774
317 0.0206868
318 0.0176456
319 0.0170566
320 0.0136553
321 0.00929919
322 0.00456895
323 0.00399599
324 0.00328777
325 -0.00934895
326 0.0143879
327 0.0123561
328 0.0104339
329 0.00262112
330 0.00261282
331 0.00261333
332 0.00262978
333 -0.00402255
334 -0.000181921
335 0.00267133
336 0.00289953
337 0.00418608
338 0.00504086
339 0.00571898
340 0.00663761
341 0.00643154
342 0.00605342
343 -0.00493115
344 -0.000585654
345 0.0022274
346 0.00444872
347 0.00624348
348 -0.0168371
349 -0.00785439
350 -0.001081
351 0.00505508
352 0.0156269
353 0.0172091
354 0.017971
355 0.0171939
356 0.0171761
357 0.0165066
358 0.0152748
359 0.0135603
360 0.0114357
361 -0.0136575
362 -0.00468876
363 0.00271693
364 -0.025844
365 -0.00895158
366 0.00441732
367 0.0123452
368 -0.011806
369 0.0059714
370 0.0146063
371 0.0200068
372 0.0220787
373 0.0217187
374 -0.00239496
375 0.00844541
376 0.0135039
377 -0.0376874
378 -0.0178587
379 -0.0105433
380 -0.00627751
381 -0.0643805
382 -0.0365388
383 -0.0234357
384 -0.0301374
385 -0.0149088
386 -0.00745687
387 -0.0057522
388 -0.00673905
389 -0.0100595
390 -0.0347239
391 -0.0323116
392 -0.0301383
393 -0.0284603
394 -0.000445937
395 -0.00738515
396 -0.0128282
397 -0.03539
398 -0.0352089
399 -0.0339365
400 -0.0312178
401 -0.027473
402 -0.0346722
403 -0.0288069
404 -0.0200339
405 -0.00991105
406 -0.00627049
407 -0.0029745
408 -0.0303025
409 -0.0183352
410 -0.00895047
411 -0.00100356
412 0.00486437
413 -0.00705275
414 0.000672733
415 0.00701059
416 0.0249742
417 0.0243129
418 0.0228923
419 0.0206218
420 0.0183139
421 0.0312214
422 0.0233679
423 0.0176161
424 0.0125612
425 0.00800497
426 -0.0331143
427 -0.026945
428 -0.0191038
429 -0.0124209
430 -0.0384108
431 -0.022395
432 -0.00979002
433 0.00281813
434 0.0121942
435 -0.0109013
436 0.0107903
437 0.0229133
438 -0.0119747
439 0.0118892
440 0.0281779
441 0.0389366
442 0.0479636
443 0.0176429
444 0.0428829
445 0.0566379
446 0.064658
447 -0.0570537
448 -0.00627241
449 0.0314856
450 0.0536427
451 -0.0885613
452 0.0240701
453 0.0826363
454 0.10332
455 -0.0778758
456 -0.000131032
457 0.0355404
458 -0.183396
459 -0.0452226
460 -0.0196299
461 -0.0352463
462 -0.212553
463 -0.143312
464 -0.138199
465 -0.174837
466 -0.174221
467 -0.178509
468 -0.17826
469 -0.136363
470 -0.14175
471 -0.137608
472 -0.127359
473 -0.108813
474 -0.12035
475 -0.0940633
476 -0.0706665
477 -0.0430709
478 -0.0252091
479 -0.025849
480 -0.0140197
481 -0.00308459
482 0.0044506
483 0.0912635
484 0.0804417
485 0.0678146
486 0.0521929
487 0.110905
488 0.0761988
489 0.0458513
490 0.0174631
491 -0.00746153
492 -0.0260614
493 -0.0431408
494 -0.0553768
495 -0.0620489
496 0.129094
497 0.0387045
498 -0.029344
499 -0.0693323
500 -0.0845975
501 -0.0820387
502 -0.0674366
503 0.00817274
504 -0.0359324
505 0.139282
506 0.0409536
507 -0.0033174
508 0.0421492
509 0.0884308
510 0.136438
511 0.180741
512 0.194193
513 0.21421
514 0.204898
515 0.216827
516 0.176347
517 0.133714
518 0.121859
519 0.082271
520 0.0435682
521 0.0197298
522 0.0123333
523 -0.00536715
524 -0.0179969
525 -0.0295288
526 -0.0343242
527 -0.036825
528 -0.0362005
529 -0.0340113
530 -0.060404
531 -0.0480808
532 -0.0347157
533 -0.0243036
534 -0.0142384
535 -0.071316
536 -0.0320541
537 -0.00367838
538 0.0108315
539 0.0208777
540 0.0236397
541 0.0228175
542 -0.1013
543 -0.014781
544 0.021066
545 0.00369153
546 0.0317937
547 0.0407602
548 0.00911927
549 0.0164973
550 0.0061391
551 -0.0185205
552 -0.085068
553 -0.0803926
554 -0.108233
555 -0.108217
556 -0.133067
557 -0.115281
558 -0.103412
559 -0.151513
560 -0.122135
561 -0.0925298
562 -0.0648202
563 -0.0853049
564 -0.053462
565 -0.0311466
566 -0.010876
567 0.0018341
568 0.0328578
569 0.0291811
570 0.0240347
571 0.0183554
572 -0.0201415
573 -0.0151522
574 -0.0108189
575 -0.0142209
576 -0.00830322
577 -0.00378384
578 -0.00163168
579 -0.0133528
580 -0.00743728
581 0.00500691
582 0.00732516
583 0.00852244
584 0.00857393
585 0.000209791
586 0.00093545
587 0.0154627
588 0.00935093
589 0.00436731
590 -0.000810839
591 -0.00113713
592 -0.0064571
593 -0.0101562
594 -0.0274714
595 -0.0234631
596 -0.0194049
597 -0.0127324
598 -0.0103527
599 -0.00928122
600 -0.0064717
601 -0.0042036
602 -0.00178887
603 -0.0020104
604 0.000739389
605 -0.00482972
606 0.000140644
607 0.00445077
608 0.00788196
609 0.0121837
610 0.0129843
611 0.00337125
612 0.0100758
613 0.0156187
614 0.0190476
615 0.0197632
616 0.017735
617 0.0179018
618 0.0147439
619 0.0115464
620 0.00552965
621 0.00496011
622 0.0043751
623 -0.00921598
624 0.0156106
625 0.0135326
626 0.0117626
627 0.00351459
628 0.00347772
629 0.00340627
630 0.00334118
631 -0.00319152
632 -0.000253399
633 0.00261212
634 0.00467229
635 0.00386989
636 0.00461511
637 0.00510336
638 0.00599593
639 0.00584167
640 0.00538519
641 0.00508811
642 -0.0025935
643 0.00132997
644 0.00353472
645 0.00582132
646 -0.0175583
647 -0.00867064
648 -0.00165315
649 0.00485453
650 0.015947
651 0.0176515
652 0.0185428
653 0.0183665
