0 0
1 0
2 -0.1634202
3 -0.1634202
4 -0.1634202
5 -0.1634202
6 -0.1634202
7 -0.1634202
8 -0.1634202
9 -0.1007812
10 -0.1007812
11 0.04012037
12 0.02230198
13 0.0248012
14 0.01761887
15 0.01761887
16 0.007993725
17 0.005882606
18 0.00267734
19 0.0004408977
20 -0.002329497
21 -0.003553587
22 -0.004745371
23 -0.005566876
24 -0.00609767
25 -0.006643138
26 -0.007430783
27 -0.00735525
28 -0.00735525
29 -0.007270395
30 -0.007119255
31 -0.006993015
32 -0.006875263
33 -0.006786145
34 -0.006871938
35 -0.006822854
36 -0.006822854
37 -0.006844832
38 -0.006844832
39 -0.006929546
40 -0.006929546
41 -0.007043494
42 -0.007125141
43 -0.00721687
44 -0.007339215
45 -0.007448162
46 -0.007752207
47 -0.007765545
48 -0.007888596
49 -0.007992147
50 -0.008157677
51 -0.00831762
52 -0.009031708
53 -0.009031708
54 -0.009275748
55 -0.009580226
56 -0.009766252
57 -0.01022514
58 -0.01022514
59 -0.0113031
60 -0.0113031
61 -0.01245401
62 -0.01295047
63 -0.01352782
64 -0.01352782
65 -0.01493081
66 -0.01604943
67 -0.01668458
68 -0.01749845
69 -0.0189988
70 -0.01926175
71 -0.01995677
72 -0.02146818
73 -0.02181056
74 -0.02254217
75 -0.02254217
76 -0.02423385
77 -0.02477381
78 -0.02576152
79 -0.02743981
80 -0.02851199
81 -0.03003851
82 -0.03211935
83 -0.03291393
84 -0.0340138
85 -0.0350013
86 -0.03627347
87 -0.0384219
88 -0.03871177
89 -0.0397523
90 -0.04120012
91 -0.04198853
92 -0.04292354
93 -0.04326278
94 -0.04369013
95 -0.04369013
96 -0.04495811
97 -0.04517004
98 -0.04537106
99 -0.04506737
100 -0.04506737
101 -0.04277237
102 -0.04277237
103 -0.04242341
104 -0.04096464
105 -0.0385818
106 -0.03604127
107 -0.03604127
108 -0.03103824
109 -0.02926119
110 -0.02926119
111 -0.02485
112 -0.02485
113 -0.02134565
114 -0.02064193
115 -0.01870303
116 -0.01719048
117 -0.01568162
118 -0.01454484
119 -0.01362957
120 -0.01254879
121 -0.01145567
122 -0.009955685
123 -0.009491257
124 -0.009491257
125 -0.008648416
126 -0.007465872
127 -0.007465872
128 -0.006862129
129 -0.00600337
130 -0.005892899
131 -0.005892899
132 -0.005208429
133 -0.005416233
134 -0.005416233
135 -0.004726002
136 -0.003969117
137 -0.003231312
138 -0.002736693
139 -0.002736693
140 -0.001411806
141 -0.001860237
142 -0.00151758
143 -0.001570046
144 -0.001759393
145 -0.0029026
146 -0.003281889
147 -0.003281889
148 -0.005468967
149 -0.005468967
150 -0.008320234
151 -0.01075501
152 -0.01157318
153 -0.01332913
154 -0.01772178
155 -0.01857938
156 -0.02030057
157 -0.02229201
158 -0.03089897
159 -0.03260711
160 -0.03489932
161 -0.03773489
162 -0.04115595
163 -0.0488447
164 -0.05475372
165 -0.05475372
166 -0.07274462
167 -0.07274462
168 -0.08020028
169 -0.08020028
170 -0.09171715
171 -0.09536274
172 -0.09939227
173 -0.1018991
174 -0.1067932
175 -0.1121422
176 -0.1107474
177 -0.1031305
178 -0.0925635
179 -0.08256411
180 -0.07520536
181 -0.06589251
182 -0.05808504
183 -0.05152256
184 -0.04422298
185 -0.03797613
186 -0.03327892
187 -0.02815457
188 -0.02452019
189 -0.02039511
190 -0.01508563
191 -0.01301727
192 -0.01301727
193 -0.005930664
194 -0.005596053
195 -0.003586977
196 -0.003586977
197 0.0005404473
198 0.002236375
199 0.002236375
200 0.008765658
201 0.01180929
202 0.02107311
203 0.02368035
204 0.0268069
205 0.03003194
206 0.03003194
207 0.03891291
208 0.05019728
209 0.057855
210 0.07628673
211 0.07731085
212 0.08640148
213 0.09106054
214 0.1006023
215 0.1066765
216 0.1066765
217 0.1196037
218 0.112069
219 0.1038398
220 0.09094261
221 0.07875095
222 0.06666119
223 0.06666119
224 0.04300598
225 0.03560401
226 0.03560401
227 0.02106368
228 0.02106368
229 0.01188471
230 0.008517486
231 0.004970257
232 0.001398476
233 -0.001232216
234 -0.004272764
235 -0.006493109
236 -0.009732231
237 -0.009732231
238 -0.01457413
239 -0.01607194
240 -0.02000489
241 -0.02170779
242 -0.02404436
243 -0.02539753
244 -0.02539753
245 -0.02975821
246 -0.03046517
247 -0.03870836
248 -0.04082169
249 -0.04296062
250 -0.04701446
251 -0.04846521
252 -0.04999683
253 -0.05594639
254 -0.06410953
255 -0.06884513
256 -0.07413758
257 -0.07413758
258 -0.08443358
259 -0.08620596
260 -0.08791721
261 -0.08791721
262 -0.08512294
263 -0.0867224
264 -0.08942971
265 -0.08375581
266 -0.07839011
267 -0.06853773
268 -0.06210143
269 -0.05882074
270 -0.0521949
271 -0.04823104
272 -0.04505428
273 -0.04226283
274 -0.03982001
275 -0.03806851
276 -0.03634236
277 -0.03455205
278 -0.03328713
279 -0.0334101
280 -0.0321161
281 -0.03159378
282 -0.03055487
283 -0.0299307
284 -0.02946817
285 -0.02965591
286 -0.02965591
287 -0.02855808
288 -0.02855808
289 -0.02839214
290 -0.02839214
291 -0.02826638
292 -0.02826638
293 -0.02714991
294 -0.02714991
295 -0.02659429
296 -0.02611122
297 -0.02611122
298 -0.02458606
299 -0.02458606
300 -0.0237415
301 -0.02290499
302 -0.02203893
303 -0.02203893
304 -0.01961538
305 -0.01896722
306 -0.01779877
307 -0.01660508
308 -0.01573357
309 -0.0145199
310 -0.01388932
311 -0.01388932
312 -0.01137964
313 -0.0106744
314 -0.009943123
315 -0.009916498
316 -0.009066825
317 -0.008629344
318 -0.008353669
319 -0.007096867
320 -0.006855653
321 -0.006684393
322 -0.006517208
323 -0.006350141
324 -0.006350141
325 -0.006642775
326 -0.006503852
327 -0.00681356
328 -0.00681356
329 -0.006319872
330 -0.006319872
331 -0.006557211
332 -0.006557211
333 -0.006499095
334 -0.006499095
335 -0.006745056
336 -0.006720504
337 -0.006785155
338 -0.006785155
339 -0.006891157
340 -0.006995594
341 -0.007107784
342 -0.007107784
343 -0.007443943
344 -0.007621595
345 -0.008096373
346 -0.00826556
347 -0.008565146
348 -0.008808271
349 -0.008808271
350 -0.00997155
351 -0.00997155
352 -0.01027524
353 -0.01061036
354 -0.01077658
355 -0.01077658
356 -0.01155785
357 -0.01194742
358 -0.01232493
359 -0.01285957
360 -0.01330777
361 -0.01380432
362 -0.01431418
363 -0.01578788
364 -0.01604332
365 -0.01672902
366 -0.01672902
367 -0.01874889
368 -0.01896704
369 -0.01969384
370 -0.02116247
371 -0.02180644
372 -0.02226283
373 -0.02295325
374 -0.02407789
375 -0.02407789
376 -0.02741545
377 -0.02812885
378 -0.02941716
379 -0.03162895
380 -0.03339412
381 -0.03459087
382 -0.03622217
383 -0.03848671
384 -0.03967401
385 -0.04100149
386 -0.04256222
387 -0.04273391
388 -0.04321858
389 -0.04321858
390 -0.0448602
391 -0.04627775
392 -0.04627775
393 -0.04686287
394 -0.04571781
395 -0.04481137
396 -0.04287893
397 -0.04188537
398 -0.04106304
399 -0.04081268
400 -0.03947453
401 -0.03947453
402 -0.0378751
403 -0.033105
404 -0.03185629
405 -0.02993649
406 -0.02696981
407 -0.02516441
408 -0.02300209
409 -0.02300209
410 -0.01985057
411 -0.01827859
412 -0.01666139
413 -0.01521891
414 -0.01521891
415 -0.01304947
416 -0.01215022
417 -0.01215022
418 -0.009608919
419 -0.009316681
420 -0.008545651
421 -0.007934551
422 -0.007934551
423 -0.006593876
424 -0.00620095
425 -0.00620095
426 -0.005812496
427 -0.005124858
428 -0.005124858
429 -0.004860349
430 -0.004205734
431 -0.003692633
432 -0.003597982
433 -0.002834696
434 -0.002400713
435 -0.001878784
436 -0.001565978
437 -0.001842362
438 -0.001503399
439 -0.001614859
440 -0.001614859
441 -0.003223918
442 -0.003223918
443 -0.004495628
444 -0.005678254
445 -0.009688593
446 -0.01103233
447 -0.01220604
448 -0.01400277
449 -0.01400277
450 -0.02134249
451 -0.02199068
452 -0.02504781
453 -0.03468405
454 -0.03468405
455 -0.03987488
456 -0.0434949
457 -0.05176171
458 -0.05335956
459 -0.05734109
460 -0.06656485
461 -0.07402491
462 -0.07402491
463 -0.08660185
464 -0.09124707
465 -0.09772521
466 -0.1022583
467 -0.1072743
468 -0.1062991
469 -0.1032598
470 -0.09856708
471 -0.09330587
472 -0.09622484
473 -0.09829511
474 -0.08942862
475 -0.07987678
476 -0.0698448
477 -0.0698448
478 -0.05008515
479 -0.04400778
480 -0.03802237
481 -0.0331681
482 -0.02885548
483 -0.02438337
484 -0.02123824
485 -0.01466572
486 -0.01466572
487 -0.01133987
488 -0.01133987
489 -0.005809416
490 -0.005707999
491 -0.005707999
492 -0.002879389
493 -0.001742479
494 1.578879e-05
495 0.002412915
496 0.002412915
497 0.00871401
498 0.01743489
499 0.01996667
500 0.02502931
501 0.02754913
502 0.03103917
503 0.03468514
504 0.03858132
505 0.05895343
506 0.06684293
507 0.08093318
508 0.08869907
509 0.09562624
510 0.1047832
511 0.111783
512 0.1180224
513 0.1184117
514 0.1184117
515 0.1054308
516 0.0984559
517 0.09245826
518 0.07504916
519 0.06333381
520 0.06333381
521 0.03856459
522 0.03278935
523 0.02602326
524 0.02022572
525 0.01477498
526 0.01020573
527 0.01020573
528 0.002498192
529 -4.953406e-05
530 -0.002984066
531 -0.005495951
532 -0.008497087
533 -0.01003993
534 -0.0122188
535 -0.01387978
536 -0.01602615
537 -0.01602615
538 -0.02229328
539 -0.02370518
540 -0.02499909
541 -0.02684475
542 -0.0281353
543 -0.03007882
544 -0.0380661
545 -0.04242023
546 -0.04463138
547 -0.0490571
548 -0.05094865
549 -0.05094865
550 -0.06013815
551 -0.06466506
552 -0.06985012
553 -0.07479875
554 -0.08146469
555 -0.08527578
556 -0.08955092
557 -0.08866996
558 -0.08866996
559 -0.07965887
560 -0.08269383
561 -0.08599856
562 -0.07857691
563 -0.07112164
564 -0.06352566
565 -0.05800615
566 -0.05800615
567 -0.04661216
568 -0.04661216
569 -0.04063033
570 -0.04063033
571 -0.03588625
572 -0.03485324
573 -0.03337785
574 -0.03352442
575 -0.03225646
576 -0.0313009
577 -0.0313009
578 -0.0300696
579 -0.02980683
580 -0.02953226
581 -0.02972529
582 -0.02921622
583 -0.02889886
584 -0.02874448
585 -0.02867462
586 -0.02867462
587 -0.02848113
588 -0.02848113
589 -0.02723723
590 -0.02723723
591 -0.02663288
592 -0.02663288
593 -0.02546838
594 -0.0249019
595 -0.02415325
596 -0.02399825
597 -0.02293555
598 -0.0220969
599 -0.0208516
600 -0.02009074
601 -0.01899503
602 -0.01899503
603 -0.01677249
604 -0.01605208
605 -0.01527432
606 -0.01427216
607 -0.01380408
608 -0.01284229
609 -0.01284229
610 -0.01108897
611 -0.01039253
612 -0.01039253
613 -0.009688946
614 -0.009234533
615 -0.008793226
616 -0.008543815
617 -0.00734332
618 -0.007141307
619 -0.006857207
620 -0.006599905
621 -0.006599905
622 -0.00666186
623 -0.006553402
624 -0.006497237
625 -0.006777445
626 -0.006286026
627 -0.006286026
628 -0.006385815
629 -0.006466663
630 -0.006445187
631 -0.006452059
632 -0.006449105
633 -0.006689001
634 -0.006659548
635 -0.00672656
636 -0.00672656
637 -0.00684454
638 -0.006965338
639 -0.007071813
640 -0.007232417
641 -0.007395898
642 -0.007395898
643 -0.007827082
644 -0.008330443
645 -0.008330443
646 -0.008857995
647 -0.009085534
648 -0.009936076
649 -0.01002859
650 -0.01026105
651 -0.01056155
652 -0.0107002
653 -0.01104909
654 -0.01141683
