0 0
1 0.4380091
2 3.942019
3 4.893566
4 2.01056
5 1.734278
6 2.605505
7 3.984348
8 5.483175
9 7.249667
10 9.280304
11 11.04425
12 12.93646
13 15.1518
14 16.89357
15 18.54566
16 20.14984
17 21.72358
18 23.27183
19 25.37652
20 26.88609
21 28.37024
22 29.82994
23 31.08741
24 32.67752
25 33.8939
26 35.09272
27 36.44159
28 37.76825
29 39.23463
30 40.51525
31 41.77475
32 43.01349
33 44.08061
34 45.2813
35 46.46216
36 47.47945
37 48.62405
38 49.61004
39 50.71946
40 51.67516
41 52.75047
42 53.67676
43 54.71902
44 55.61682
45 56.62696
46 57.49712
47 58.47606
48 59.31946
49 60.2683
50 61.08566
51 62.00525
52 62.79739
53 63.57782
54 64.56472
55 65.42647
56 66.2739
57 67.10706
58 67.82469
59 68.63194
60 69.32706
61 69.8706
62 69.56269
63 68.08731
64 64.71696
65 61.51382
66 59.71032
67 60.20185
68 60.5715
69 57.54952
70 54.05949
71 50.64681
72 49.08084
73 50.17587
74 51.2727
75 51.35088
76 48.41967
77 44.7252
78 43.84264
79 45.04142
80 46.36878
81 46.8566
82 43.60485
83 40.43626
84 39.52287
85 40.80175
86 42.05204
87 43.04927
88 42.52844
89 39.37867
90 36.30616
91 35.35482
92 36.55233
93 37.87267
94 39.17123
95 39.61235
96 38.97989
97 38.652
98 38.94089
99 39.67742
100 40.20316
101 39.9292
102 39.86013
103 40.52842
104 42.09455
105 43.62677
106 44.82992
107 46.16083
108 47.46459
109 48.46453
110 49.58939
111 50.83053
112 51.78482
113 52.85556
114 53.90528
115 54.94371
116 55.96058
117 56.83813
118 57.82775
119 58.67757
120 59.63631
121 60.81328
122 61.62019
123 62.64527
124 63.64747
125 64.41668
126 65.28283
127 66.23679
128 67.27982
129 68.19709
130 68.9995
131 69.78833
132 70.59185
133 71.4259
134 72.15101
135 72.98642
136 73.79377
137 74.41404
138 75.36971
139 75.9669
140 76.7222
141 77.30006
142 77.95032
143 78.58989
144 79.21903
145 79.83778
146 80.5217
147 81.04488
148 81.63351
149 82.14046
150 78.64809
151 74.76791
152 70.77693
153 67.05022
154 63.51593
155 60.289
156 56.74058
157 52.83676
158 51.22078
159 48.28098
160 45.00064
161 41.79656
162 38.27824
163 38.43981
164 39.56356
165 39.63266
166 36.5521
167 33.91274
168 30.9571
169 28.79357
170 29.01859
171 30.61566
172 31.88827
173 28.9632
174 25.7818
175 25.3536
176 26.90088
177 28.55917
178 30.19058
179 31.44209
180 33.02317
181 34.39952
182 35.58952
183 36.92601
184 38.24296
185 39.53814
186 40.81264
187 41.91073
188 43.14647
189 44.21151
190 45.40973
191 46.58914
192 47.60463
193 48.88934
194 50.15012
195 51.3886
196 52.46901
197 53.53224
198 54.57695
199 55.60474
200 56.74042
201 57.85442
202 58.82561
203 54.85941
204 51.01043
205 46.83849
206 43.19649
207 40.02431
208 40.23152
209 40.25606
210 37.53688
211 33.36964
212 30.42727
213 26.49902
214 23.37267
215 24.77714
216 26.47561
217 28.49697
218 30.29754
219 32.19661
220 33.57742
221 35.12397
222 36.63485
223 37.95201
224 39.57545
225 40.84963
226 41.94526
227 43.18241
228 44.24728
229 45.44524
230 46.47845
231 47.6403
232 48.64252
233 49.76955
234 50.73972
235 51.83281
236 52.90509
237 53.95948
238 54.99683
239 55.88972
240 57.01848
241 58.00286
242 54.49387
243 49.81216
244 46.9073
245 44.06146
246 42.23433
247 43.46387
248 40.28469
249 36.81042
250 33.42175
251 30.48574
252 31.10334
253 32.86301
254 34.24143
255 33.63668
256 30.68764
257 27.81313
258 27.25279
259 28.58008
260 30.38483
261 31.6258
262 29.62906
263 26.43164
264 27.03477
265 28.71331
266 30.69878
267 32.29162
268 33.51283
269 35.056
270 36.40249
271 37.40886
272 37.77946
273 37.85865
274 38.38879
275 39.52761
276 40.80134
277 41.89886
278 43.13201
279 44.19421
280 45.38895
281 46.54896
282 46.66517
283 46.19025
284 45.97028
285 46.41247
286 46.78507
287 46.95448
288 46.57437
289 46.19252
290 46.30315
291 46.85768
292 47.64503
293 48.49852
294 49.1779
295 50.08997
296 51.03546
297 52.09796
298 53.29029
299 54.07494
300 55.10739
301 55.84923
302 56.46077
303 57.05441
304 57.97396
305 58.9383
306 60.00916
307 60.94684
308 61.97696
309 62.87771
310 63.98639
311 64.96533
312 66.02783
313 66.86537
314 67.69204
315 68.79696
316 69.88457
317 70.75262
318 71.60503
319 72.62913
320 73.44608
321 74.16146
322 75.03858
323 75.64182
324 76.23633
325 76.98792
326 77.72564
327 78.36986
328 79.00335
329 79.6265
330 80.16325
331 80.76711
332 81.28727
333 81.87254
334 82.37663
335 83.01404
336 83.57057
337 84.18593
338 84.6559
339 85.15607
340 85.36469
341 85.25406
342 84.92822
343 84.28178
344 83.67686
345 83.00566
346 78.09432
347 74.62485
348 72.16698
349 72.79306
350 73.51791
351 74.14209
352 74.07989
353 72.75439
354 69.38535
355 66.08862
356 63.28458
357 64.03907
358 65.01598
359 65.86893
360 66.37096
361 66.1513
362 65.24258
363 64.35117
364 60.69782
365 57.13523
366 53.65248
367 51.39898
368 52.31882
369 53.38078
370 53.90953
371 49.79306
372 46.48527
373 45.59034
374 46.76197
375 47.91512
376 49.04895
377 44.43694
378 40.85732
379 41.01502
380 42.26282
381 43.72213
382 44.35789
383 40.37853
384 36.90106
385 36.13116
386 37.64135
387 39.03135
388 39.68406
389 36.86446
390 33.10905
391 33.57429
392 34.94475
393 36.45813
394 37.78045
395 39.0808
396 40.51789
397 40.91519
398 40.97658
399 41.51699
400 42.75632
401 44.12428
402 45.46712
403 46.77459
404 47.78235
405 49.33751
406 50.44817
407 51.67131
408 52.74572
409 53.66771
410 54.83519
411 55.85805
412 56.8581
413 57.72561
414 58.57926
415 59.5355
416 60.4824
417 61.40908
418 62.32253
419 63.22367
420 64.21421
421 65.08443
422 65.83096
423 67.08894
424 68.00998
425 68.8158
426 69.60744
427 70.58714
428 71.30879
429 72.06387
430 72.8197
431 73.54015
432 74.25163
433 74.86496
434 75.55482
435 76.14936
436 76.81843
437 77.63938
438 78.20405
439 78.91817
440 79.61913
441 80.23127
442 80.7586
443 81.42544
444 82.22362
445 82.79259
446 79.21648
447 76.0026
448 70.91435
449 67.77779
450 63.99984
451 59.91253
452 55.05717
453 51.61617
454 48.25755
455 44.5689
456 40.97604
457 38.24945
458 35.19599
459 34.85501
460 36.37381
461 37.42686
462 34.7602
463 31.79158
464 28.1704
465 25.3526
466 26.2626
467 27.56253
468 29.20235
469 30.63731
470 30.85319
471 27.97287
472 25.1674
473 26.09139
474 27.58077
475 29.22958
476 30.67167
477 31.91846
478 33.49204
479 34.69746
480 36.05289
481 37.22102
482 38.53493
483 39.6673
484 40.941
485 42.03887
486 43.1203
487 44.33802
488 45.38534
489 46.71229
490 47.8693
491 49.00781
492 50.12696
493 51.09152
494 52.1767
495 53.24409
496 54.16353
497 55.32622
498 56.46629
499 57.58187
500 53.64951
501 49.83013
502 46.10319
503 42.47522
504 40.96004
505 42.36407
506 38.82017
507 34.6198
508 31.27678
509 27.67098
510 24.51404
511 25.66094
512 27.3332
513 29.15358
514 30.56451
515 30.51597
516 30.41256
517 32.40714
518 33.96662
519 35.49878
520 36.83761
521 38.32244
522 39.45874
523 40.73528
524 41.99231
525 43.22789
526 44.29356
527 45.34336
528 46.67052
529 47.83077
530 48.97121
531 50.09232
532 51.05582
533 52.14164
534 53.07651
535 54.12817
536 55.03384
537 56.17855
538 57.30049
539 54.23885
540 50.40442
541 47.48762
542 43.82478
543 42.11442
544 43.80239
545 40.61809
546 37.1331
547 34.10809
548 30.79103
549 30.82307
550 32.18507
551 33.57392
552 33.98418
553 30.2997
554 27.07894
555 26.90188
556 29.15036
557 31.2968
558 32.43589
559 29.62991
560 26.43197
561 27.46603
562 29.1149
563 30.73786
564 32.33219
565 33.72564
566 34.92509
567 36.27499
568 37.43842
569 38.70807
570 39.68181
571 40.92915
572 42.02428
573 43.25562
574 44.31603
575 45.50877
576 46.51054
577 47.04067
578 46.65823
579 46.14662
580 46.11455
581 46.59382
582 46.91114
583 46.89124
584 46.31366
585 45.9836
586 46.2146
587 46.83961
588 47.73395
589 48.51913
590 49.15633
591 49.94596
592 50.79104
593 51.85702
594 52.79271
595 53.84456
596 54.88046
597 55.67723
598 56.39102
599 56.9504
600 57.92469
601 58.88975
602 59.7227
603 60.66316
604 61.47406
605 62.38115
606 63.16628
607 64.05023
608 64.92224
609 65.77104
610 66.71756
611 67.44302
612 68.25339
613 69.15279
614 70.13562
615 70.99705
616 71.65843
617 72.49638
618 73.31918
619 74.12291
620 74.82826
621 75.51971
622 76.28503
623 77.03574
624 77.69139
625 78.41603
626 79.04878
627 79.59398
628 80.28328
629 80.81049
630 81.40365
631 81.91459
632 82.48943
633 82.98461
634 83.54169
635 84.02155
636 84.56129
637 84.9396
638 85.20319
639 85.2146
640 85.00735
641 84.48029
642 83.91063
643 83.1321
644 82.34768
645 79.19807
646 75.21582
647 71.85673
648 72.21587
649 72.83779
650 73.21433
651 72.78128
652 68.69456
653 64.95042
654 63.365
