0 0
1 0
2 1
3 1
4 1
5 1
6 1
7 1
8 1
9 1
10 1
11 1
12 1
13 1
14 1
15 1
16 1
17 1
18 1
19 1
20 1
21 1
22 1
23 1
24 1
25 1
26 1
27 1
28 1
29 1
30 1
31 1
32 1
33 1
34 1
35 1
36 1
37 1
38 1
39 1
40 1
41 1
42 1
43 1
44 1
45 1
46 1
47 1
48 1
49 1
50 1
51 1
52 1
53 1
54 1
55 1
56 1
57 1
58 1
59 1
60 1
61 0.3832204
62 0
63 0
64 0
65 0.6395658
66 0.7414917
67 0.7060119
68 0
69 0
70 0
71 0.2854574
72 1
73 1
74 0.4726253
75 0.4726253
76 0
77 0.4291182
78 1
79 1
80 0.6467996
81 0
82 0
83 0.5313995
84 1
85 1
86 0.9523866
87 0.09951597
88 0
89 0
90 0.3639923
91 1
92 1
93 1
94 0.6008527
95 0.6008527
96 0.1972703
97 0.4985754
98 0.6726687
99 0.6139683
100 0.6139683
101 0.3052604
102 0.3052604
103 1
104 1
105 1
106 1
107 1
108 1
109 1
110 1
111 1
112 1
113 1
114 1
115 1
116 1
117 1
118 1
119 1
120 1
121 1
122 1
123 1
124 1
125 1
126 1
127 1
128 1
129 1
130 1
131 1
132 1
133 1
134 1
135 1
136 1
137 1
138 1
139 1
140 1
141 1
142 1
143 1
144 1
145 1
146 1
147 1
148 1
149 1
150 0
151 0
152 0
153 0
154 0
155 0
156 0
157 0.3174495
158 0
159 0
160 0
161 0
162 1
163 1
164 0.3894415
165 0.3894415
166 0
167 0
168 0
169 0
170 1
171 0.928624
172 0
173 0
174 0.3302028
175 1
176 1
177 1
178 1
179 1
180 1
181 1
182 1
183 1
184 1
185 1
186 1
187 1
188 1
189 1
190 1
191 1
192 1
193 1
194 1
195 1
196 1
197 1
198 1
199 1
200 1
201 1
202 0
203 0
204 0
205 0
206 0
207 1
208 0.356725
209 0
210 0
211 0
212 0
213 0
214 1
215 1
216 1
217 1
218 1
219 0.8516723
220 1
221 1
222 1
223 1
224 1
225 1
226 1
227 1
228 1
229 1
230 1
231 1
232 1
233 1
234 1
235 1
236 1
237 1
238 1
239 1
240 1
241 0
242 0
243 0
244 0
245 0.1382577
246 1
247 0
248 0
249 0
250 0
251 1
252 1
253 1
254 0.03649402
255 0
256 0
257 0
258 1
259 1
260 1
261 1
262 0
263 0.6646785
264 1
265 1
266 1
267 1
268 1
269 1
270 0.9099698
271 0.5169558
272 0.3716191
273 0.5952461
274 1
275 1
276 1
277 1
278 1
279 1
280 0.9921201
281 0.4816812
282 0.167901
283 0.2817198
284 0.6261279
285 0.6184916
286 0.6184916
287 0.174199
288 0.174199
289 0.4629716
290 0.4629716
291 0.9497173
292 0.9497173
293 0.818199
294 0.818199
295 0.9128325
296 0.9904315
297 0.9904315
298 1
299 1
300 0.8639601
301 0.7619693
302 0.7927113
303 0.7927113
304 1
305 1
306 1
307 1
308 1
309 1
310 1
311 1
312 1
313 1
314 1
315 1
316 1
317 1
318 1
319 1
320 1
321 1
322 1
323 1
324 1
325 1
326 1
327 1
328 1
329 1
330 1
331 1
332 1
333 1
334 1
335 1
336 1
337 1
338 1
339 0.821919
340 0.6465387
341 0.52236
342 0.52236
343 0.3599461
344 0.366989
345 0
346 0
347 0.6607304
348 1
349 1
350 1
351 1
352 0
353 0
354 0
355 0
356 1
357 1
358 1
359 0.8139468
360 0.4335741
361 0.1317582
362 0.02276772
363 0
364 0
365 0
366 0
367 1
368 1
369 0.6936581
370 0
371 0
372 0.6165761
373 1
374 1
375 1
376 0
377 0
378 0.8303565
379 1
380 1
381 0.7042356
382 0
383 0
384 0.4340232
385 1
386 1
387 0.7205514
388 0
389 0
390 1
391 1
392 1
393 1
394 1
395 1
396 0.5554836
397 0.3883353
398 0.630098
399 1
400 1
401 1
402 1
403 1
404 1
405 1
406 1
407 1
408 1
409 1
410 1
411 1
412 1
413 1
414 1
415 1
416 1
417 1
418 1
419 1
420 1
421 1
422 1
423 1
424 1
425 1
426 1
427 1
428 1
429 1
430 1
431 1
432 1
433 1
434 1
435 1
436 1
437 1
438 1
439 1
440 1
441 1
442 1
443 1
444 1
445 0
446 0
447 0
448 0
449 0
450 0
451 0
452 0
453 0
454 0
455 0
456 0
457 0
458 0.7021081
459 1
460 0.9426886
461 0
462 0
463 0
464 0
465 1
466 1
467 1
468 1
469 0.3813334
470 0
471 0
472 1
473 1
474 1
475 1
476 1
477 1
478 1
479 1
480 1
481 1
482 1
483 1
484 1
485 1
486 1
487 1
488 1
489 1
490 1
491 1
492 1
493 1
494 1
495 1
496 1
497 1
498 1
499 0
500 0
501 0
502 0
503 0.2935246
504 1
505 0
506 0
507 0
508 0
509 0
510 1
511 1
512 1
513 0.9871637
514 0.9871637
515 0.2080733
516 1
517 1
518 1
519 1
520 1
521 1
522 1
523 1
524 1
525 1
526 1
527 1
528 1
529 1
530 1
531 1
532 1
533 1
534 1
535 1
536 1
537 1
538 0
539 0
540 0
541 0
542 0.1919437
543 1
544 0
545 0
546 0
547 0
548 0.7130687
549 0.7130687
550 1
551 0.4899299
552 0
553 0
554 0.4535499
555 1
556 1
557 0.7504515
558 0.7504515
559 0
560 1
561 1
562 1
563 1
564 1
565 1
566 1
567 1
568 1
569 0.9088634
570 0.9088634
571 1
572 1
573 1
574 1
575 0.9419169
576 0.6731043
577 0.6731043
578 0.09673326
579 0.3809571
580 0.6811501
581 0.5630354
582 0.3885047
583 0.09940957
584 0.2025012
585 0.5328287
586 0.5328287
587 0.9346138
588 0.9346138
589 0.7935529
590 0.7935529
591 0.9318218
592 0.9318218
593 1
594 1
595 1
596 0.8803426
597 0.8067316
598 0.814739
599 1
600 1
601 1
602 1
603 1
604 1
605 1
606 1
607 1
608 1
609 1
610 1
611 1
612 1
613 1
614 1
615 1
616 1
617 1
618 1
619 1
620 1
621 1
622 1
623 1
624 1
625 1
626 1
627 1
628 1
629 1
630 1
631 1
632 1
633 1
634 1
635 1
636 1
637 0.8814703
638 0.7200499
639 0.5923213
640 0.4392195
641 0.3784703
642 0.3784703
643 0.3478756
644 0
645 0
646 0.2079918
647 0.8473494
648 1
649 0.8040525
650 0.3336036
651 0
652 0
653 0.6288101
654 1
