0 0
1 4.12033
2 4.12033
3 4.120056
4 4.116514
5 4.110831
6 4.102952
7 4.087561
8 4.068099
9 4.043139
10 4.017894
11 4.007082
12 4.014991
13 4.025888
14 4.035509
15 4.044483
16 4.052297
17 4.058155
18 4.062501
19 4.06613
20 4.067377
21 4.067163
22 4.06563
23 4.063344
24 4.059242
25 4.055316
26 4.050805
27 4.044858
28 4.038305
29 4.030445
30 4.023156
31 4.015685
32 4.008083
33 4.001337
34 3.993528
35 3.985547
36 3.97841
37 3.970095
38 3.96267
39 3.953985
40 3.946197
41 3.937073
42 3.928877
43 3.919264
44 3.910619
45 3.900435
46 3.891246
47 3.880336
48 3.870482
49 3.858878
50 3.848416
51 3.836078
52 3.824939
53 3.813295
54 3.797595
55 3.782999
56 3.767788
57 3.752013
58 3.737638
59 3.720431
60 3.704582
61 3.68554
62 3.668074
63 3.64754
64 3.629637
65 3.611915
66 3.589377
67 3.565096
68 3.541918
69 3.521126
70 3.497652
71 3.474505
72 3.449011
73 3.424623
74 3.398344
75 3.374229
76 3.346576
77 3.316676
78 3.287831
79 3.260535
80 3.227072
81 3.195318
82 3.163386
83 3.132141
84 3.105546
85 3.073115
86 3.038168
87 3.005618
88 2.96662
89 2.928405
90 2.892278
91 2.853268
92 2.821233
93 2.782205
94 2.741004
95 2.703654
96 2.655292
97 2.601568
98 2.563519
99 2.513532
100 2.468289
101 2.423362
102 2.379567
103 2.335993
104 2.280406
105 2.223903
106 2.178397
107 2.128487
108 2.079645
109 2.043147
110 2.003031
111 1.95988
112 1.927907
113 1.893027
114 1.860183
115 1.82874
116 1.798867
117 1.774165
118 1.747541
119 1.725647
120 1.702048
121 1.674408
122 1.65634
123 1.634772
124 1.614811
125 1.600172
126 1.584459
127 1.568016
128 1.551447
129 1.537939
130 1.526417
131 1.515197
132 1.50274
133 1.492239
134 1.482105
135 1.470957
136 1.460505
137 1.452856
138 1.441915
139 1.435676
140 1.428677
141 1.424114
142 1.419413
143 1.415157
144 1.411234
145 1.407423
146 1.402544
147 1.398113
148 1.392088
149 1.385581
150 1.37615
151 1.364173
152 1.347963
153 1.335009
154 1.319058
155 1.302746
156 1.281949
157 1.256562
158 1.229505
159 1.204884
160 1.174039
161 1.141608
162 1.104149
163 1.069496
164 1.033495
165 0.9921538
166 0.9344102
167 0.8870378
168 0.8320826
169 0.7912555
170 0.7283699
171 0.6555275
172 0.5834365
173 0.5107028
174 0.4344518
175 0.3617596
176 0.2908593
177 0.2048032
178 0.1165109
179 0.04911894
180 6.250042
181 6.180589
182 6.122959
183 6.062069
184 6.006065
185 5.955008
186 5.90894
187 5.872361
188 5.834911
189 5.805534
190 5.77585
191 5.750723
192 5.731981
193 5.711401
194 5.695486
195 5.68301
196 5.674243
197 5.66766
198 5.663919
199 5.66266
200 5.66452
201 5.670808
202 5.680882
203 5.699354
204 5.723652
205 5.755419
206 5.786711
207 5.816269
208 5.857724
209 5.916825
210 5.95897
211 6.034731
212 6.091325
213 6.168641
214 6.228795
215 0.01608811
216 0.09009296
217 0.1952144
218 0.3034545
219 0.4271722
220 0.5386266
221 0.6346079
222 0.724255
223 0.797154
224 0.8780487
225 0.9332842
226 0.9754086
227 1.016915
228 1.047157
229 1.076038
230 1.096487
231 1.114777
232 1.126849
233 1.136249
234 1.140969
235 1.142287
236 1.139262
237 1.13232
238 1.121897
239 1.10963
240 1.089762
241 1.067732
242 1.042961
243 1.00683
244 0.9832307
245 0.9593019
246 0.931536
247 0.9013112
248 0.8676562
249 0.8285113
250 0.7896363
251 0.7554472
252 0.7208796
253 0.6724594
254 0.6285202
255 0.5729726
256 0.5220656
257 0.4719712
258 0.4158625
259 0.3669555
260 0.2894346
261 0.2307876
262 0.1556778
263 0.08844657
264 0.003919148
265 6.218211
266 6.130581
267 6.058046
268 6.003461
269 5.937027
270 5.880195
271 5.83249
272 5.781244
273 5.73989
274 5.695817
275 5.658381
276 5.616722
277 5.581493
278 5.542096
279 5.508127
280 5.469309
281 5.430504
282 5.38742
283 5.345871
284 5.310151
285 5.275024
286 5.244301
287 5.209346
288 5.179283
289 5.14561
290 5.11647
291 5.083086
292 5.057725
293 5.023438
294 4.993396
295 4.954701
296 4.920136
297 4.885371
298 4.846001
299 4.81961
300 4.785108
301 4.750712
302 4.712503
303 4.679189
304 4.646548
305 4.614939
306 4.580435
307 4.55071
308 4.518505
309 4.49109
310 4.458358
311 4.430099
312 4.400385
313 4.378053
314 4.356874
315 4.32969
316 4.303707
317 4.283319
318 4.263841
319 4.241151
320 4.223964
321 4.209596
322 4.19253
323 4.180832
324 4.169365
325 4.154634
326 4.139784
327 4.126597
328 4.113243
329 4.099857
330 4.088232
331 4.074954
332 4.063221
333 4.049686
334 4.037801
335 4.022395
336 4.008459
337 3.992527
338 3.98008
339 3.965908
340 3.951363
341 3.938511
342 3.925956
343 3.909456
344 3.896317
345 3.8815
346 3.868738
347 3.856189
348 3.840584
349 3.828295
350 3.813193
351 3.799153
352 3.782616
353 3.767612
354 3.752567
355 3.737752
356 3.719296
357 3.704476
358 3.684171
359 3.66505
360 3.644955
361 3.624099
362 3.600008
363 3.580908
364 3.558924
365 3.537226
366 3.515886
367 3.492314
368 3.47286
369 3.449063
370 3.4207
371 3.398536
372 3.374233
373 3.347551
374 3.322217
375 3.295027
376 3.265984
377 3.233488
378 3.20217
379 3.160411
380 3.129506
381 3.086921
382 3.050316
383 3.004685
384 2.965502
385 2.918923
386 2.877802
387 2.833216
388 2.796877
389 2.761661
390 2.71503
391 2.67941
392 2.64087
393 2.59437
394 2.550843
395 2.506083
396 2.454714
397 2.409178
398 2.370176
399 2.32634
400 2.282295
401 2.232274
402 2.182163
403 2.132677
404 2.094794
405 2.037205
406 1.996571
407 1.953011
408 1.916076
409 1.885398
410 1.848037
411 1.816575
412 1.786962
413 1.762442
414 1.739281
415 1.714486
416 1.691226
417 1.669361
418 1.648849
419 1.629859
420 1.610054
421 1.593525
422 1.579873
423 1.558057
424 1.543102
425 1.530874
426 1.519225
427 1.505496
428 1.49637
429 1.484806
430 1.47489
431 1.465484
432 1.45676
433 1.449604
434 1.44213
435 1.436267
436 1.430394
437 1.424172
438 1.420253
439 1.415647
440 1.411361
441 1.407281
442 1.403117
443 1.396864
444 1.387372
445 1.378824
446 1.369303
447 1.355397
448 1.337774
449 1.322932
450 1.302745
451 1.275884
452 1.239881
453 1.211932
454 1.180153
455 1.141103
456 1.099937
457 1.066817
458 1.026758
459 0.9905071
460 0.9373196
461 0.8892756
462 0.8376788
463 0.7782148
464 0.7037054
465 0.6461977
466 0.5875316
467 0.5295182
468 0.446012
469 0.3665247
470 0.2759181
471 0.2017285
472 0.1377189
473 0.0776421
474 0.01262446
475 6.221124
476 6.155913
477 6.101636
478 6.037442
479 5.992823
480 5.946621
481 5.909962
482 5.872082
483 5.84206
484 5.811364
485 5.787313
486 5.766753
487 5.746599
488 5.731304
489 5.714124
490 5.702097
491 5.692387
492 5.684172
493 5.67833
494 5.67322
495 5.669939
496 5.668947
497 5.670854
498 5.677086
499 5.691274
500 5.712066
501 5.737724
502 5.767134
503 5.799097
504 5.849492
505 5.890513
506 5.941509
507 6.012921
508 6.076664
509 6.150453
510 6.215382
511 0.0005156478
512 0.0802317
513 0.1815066
514 0.2696522
515 0.4024159
516 0.4863359
517 0.5980054
518 0.689074
519 0.773763
520 0.8416792
521 0.9093857
522 0.9542078
523 0.9978352
524 1.034586
525 1.064961
526 1.086893
527 1.104585
528 1.121769
529 1.131975
530 1.13812
531 1.140038
532 1.138764
533 1.133793
534 1.126645
535 1.115326
536 1.102804
537 1.083027
538 1.058634
539 1.03704
540 1.007835
541 0.984522
542 0.9541132
543 0.9272065
544 0.8861105
545 0.8525387
546 0.812824
547 0.7770026
548 0.7365976
549 0.7005574
550 0.6605948
551 0.6148555
552 0.5572965
553 0.4918004
554 0.435231
555 0.3718562
556 0.284819
557 0.1856886
558 0.09728989
559 0.02127291
560 6.23977
561 6.178934
562 6.111989
563 6.043089
564 5.97522
565 5.917284
566 5.868791
567 5.815693
568 5.772179
569 5.725329
570 5.686461
571 5.643374
572 5.607176
573 5.567113
574 5.532731
575 5.493562
576 5.454538
577 5.416081
578 5.373797
579 5.342086
580 5.306715
581 5.276023
582 5.24086
583 5.21025
584 5.175872
585 5.146386
586 5.117113
587 5.083469
588 5.053608
589 5.019027
590 4.988808
591 4.954278
592 4.923965
593 4.889153
594 4.858637
595 4.823535
596 4.788876
597 4.754372
598 4.715909
599 4.686598
600 4.653884
601 4.621972
602 4.594856
603 4.564732
604 4.539294
605 4.511387
606 4.487867
607 4.462008
608 4.437044
609 4.413198
610 4.3875
611 4.368428
612 4.34773
613 4.325686
614 4.30218
615 4.281782
616 4.266443
617 4.247262
618 4.229191
619 4.212165
620 4.198015
621 4.18443
622 4.169495
623 4.154618
624 4.141383
625 4.126541
626 4.113211
627 4.101561
628 4.086642
629 4.075043
630 4.061694
631 4.049917
632 4.036415
633 4.024516
634 4.010699
635 3.998448
636 3.984467
637 3.970587
638 3.958154
639 3.943683
640 3.931222
641 3.91684
642 3.903844
643 3.887012
644 3.870211
645 3.858731
646 3.843611
647 3.829377
648 3.81465
649 3.800682
650 3.784168
651 3.769176
652 3.754329
653 3.737725
654 3.721591
