0 0
1 -40.62
2 -40.62
3 -40.62437
4 -40.66268
5 -40.73992
6 -40.84644
7 -41.05133
8 -41.30864
9 -41.6492
10 -42.14722
11 -42.69798
12 -43.44755
13 -44.43181
14 -45.33299
15 -46.33298
16 -47.43075
17 -48.62382
18 -49.91029
19 -51.82739
20 -53.32645
21 -54.91054
22 -56.57672
23 -58.09969
24 -60.14363
25 -61.79771
26 -63.50592
27 -65.52168
28 -67.60235
29 -70.01725
30 -72.22681
31 -74.49301
32 -76.8135
33 -78.88658
34 -81.30247
35 -83.7658
36 -85.95818
37 -88.50375
38 -90.76427
39 -93.38329
40 -95.70412
41 -98.38741
42 -100.7603
43 -103.4981
44 -105.9144
45 -108.6968
46 -111.1473
47 -113.963
48 -116.4375
49 -119.2748
50 -121.763
51 -124.6096
52 -127.1003
53 -129.5878
54 -132.7763
55 -135.5965
56 -138.3983
57 -141.177
58 -143.5853
59 -146.306
60 -148.6539
61 -151.2894
62 -153.5305
63 -155.9776
64 -157.9682
65 -159.7999
66 -161.955
67 -164.0078
68 -165.7508
69 -167.1633
70 -168.6051
71 -169.8746
72 -171.1304
73 -172.1669
74 -173.1362
75 -173.915
76 -174.6912
77 -175.3973
78 -175.9589
79 -176.374
80 -176.7413
81 -176.9655
82 -177.0804
83 -177.0915
84 -177.026
85 -176.8611
86 -176.5897
87 -176.2563
88 -175.7665
89 -175.1895
90 -174.5575
91 -173.7811
92 -173.0852
93 -172.1716
94 -171.1233
95 -170.0988
96 -168.6645
97 -166.9366
98 -165.6305
99 -163.8124
100 -162.0618
101 -160.2066
102 -158.2672
103 -156.2231
104 -153.4666
105 -150.4702
106 -147.9009
107 -144.8307
108 -141.5757
109 -138.9208
110 -135.7599
111 -132.0493
112 -129.0553
113 -125.5231
114 -121.8792
115 -118.1285
116 -114.2762
117 -110.8262
118 -106.7969
119 -103.199
120 -99.00848
121 -93.65755
122 -89.84098
123 -84.85187
124 -79.77438
125 -75.76659
126 -71.12557
127 -65.82999
128 -59.85668
129 -54.40328
130 -49.49613
131 -44.53449
132 -38.89086
133 -33.8159
134 -28.69551
135 -22.87638
136 -16.99812
137 -12.38618
138 -5.06986
139 -0.3709668
140 5.718893
141 10.49279
142 15.98825
143 21.52536
144 27.10356
145 32.72218
146 39.09011
147 44.07613
148 49.80844
149 54.8523
150 60.50314
151 65.8616
152 71.58943
153 75.76765
154 80.28914
155 84.02219
156 88.03436
157 92.23096
158 96.1538
159 99.06345
160 102.146
161 104.9742
162 107.8597
163 110.2537
164 112.3677
165 114.4576
166 116.956
167 118.6703
168 120.3924
169 121.5258
170 123.0609
171 124.5435
172 125.7899
173 126.8597
174 127.7928
175 128.5102
176 129.0384
177 129.4979
178 129.7881
179 129.8837
180 129.8356
181 129.6221
182 129.2937
183 128.7598
184 128.0603
185 127.2007
186 126.1875
187 125.1801
188 123.8977
189 122.6666
190 121.1422
191 119.5019
192 117.9789
193 115.9089
194 113.7248
195 111.4382
196 109.3266
197 107.1475
198 104.9092
199 102.6207
200 99.99648
201 97.33498
202 94.95326
203 92.40833
204 90.114
205 87.8618
206 86.09728
207 84.73013
208 83.21114
209 81.71127
210 80.91241
211 79.97626
212 79.52066
213 79.15932
214 79.04862
215 79.0822
216 79.26859
217 79.76115
218 80.51622
219 81.72721
220 83.18172
221 84.78045
222 86.64989
223 88.52853
224 91.14236
225 93.42691
226 95.55487
227 98.12261
228 100.4785
229 103.2858
230 105.8354
231 108.8475
232 111.5631
233 114.7511
234 117.6089
235 120.9468
236 124.3533
237 127.8206
238 131.3414
239 134.4597
240 138.5102
241 142.1386
242 145.6253
243 149.9921
244 152.52
245 154.8588
246 157.3274
247 159.7575
248 162.0548
249 164.3571
250 166.3754
251 167.9443
252 169.3902
253 171.1977
254 172.6246
255 174.1278
256 175.2823
257 176.235
258 177.1213
259 177.7438
260 178.5219
261 178.9675
262 179.3737
263 179.5849
264 179.63
265 179.4965
266 179.095
267 178.5526
268 177.9917
269 177.0902
270 176.1147
271 175.1278
272 173.8664
273 172.6639
274 171.1808
275 169.7724
276 168.0229
277 166.371
278 164.3465
279 162.4557
280 160.1578
281 157.7139
282 154.8297
283 151.8645
284 149.1723
285 146.4052
286 143.9114
287 140.9893
288 138.396
289 135.4092
290 132.7631
291 129.6764
292 127.298
293 124.0375
294 121.1104
295 117.249
296 113.7202
297 110.0943
298 105.8995
299 103.0375
300 99.14468
301 95.17899
302 90.65882
303 86.59708
304 82.48557
305 78.31302
306 73.55241
307 69.26692
308 64.39143
309 60.01458
310 54.49232
311 49.47931
312 43.86814
313 39.35101
314 34.81127
315 28.53629
316 22.22774
317 17.04512
318 11.84653
319 5.47382
320 0.245215
321 -4.412361
322 -10.24719
323 -14.33883
324 -18.43532
325 -23.70739
326 -28.98226
327 -33.67088
328 -38.35699
329 -43.03819
330 -47.1287
331 -51.79551
332 -55.87014
333 -60.5145
334 -64.56574
335 -69.75463
336 -74.34532
337 -79.48162
338 -83.45296
339 -87.96438
340 -92.43533
341 -96.29799
342 -100.1029
343 -104.8983
344 -108.543
345 -112.6158
346 -116.0022
347 -119.1659
348 -122.9813
349 -125.896
350 -129.2024
351 -132.0687
352 -135.2941
353 -138.0286
354 -140.6161
355 -143.0312
356 -145.9023
357 -148.069
358 -150.8144
359 -153.21
360 -155.5501
361 -157.81
362 -160.2253
363 -161.9998
364 -163.8689
365 -165.5458
366 -167.0423
367 -168.5344
368 -169.6265
369 -170.8193
370 -172.0729
371 -172.9322
372 -173.7671
373 -174.563
374 -175.1955
375 -175.7549
376 -176.2312
377 -176.6283
378 -176.8831
379 -177.0414
380 -177.0378
381 -176.8908
382 -176.6463
383 -176.2017
384 -175.7047
385 -174.9784
386 -174.2365
387 -173.3366
388 -172.525
389 -171.6634
390 -170.4185
391 -169.3819
392 -168.2187
393 -166.7481
394 -165.2889
395 -163.6802
396 -161.6861
397 -159.7699
398 -158.0064
399 -155.8887
400 -153.6336
401 -150.9133
402 -148.0001
403 -144.8977
404 -142.357
405 -138.145
406 -134.9196
407 -131.1364
408 -127.6427
409 -124.4897
410 -120.3111
411 -116.4847
412 -112.5586
413 -109.0455
414 -105.463
415 -101.2881
416 -97.03093
417 -92.69522
418 -88.28469
419 -83.80231
420 -78.67764
421 -74.0523
422 -69.95294
423 -62.81684
424 -57.37791
425 -52.48326
426 -47.53368
427 -41.27278
428 -36.84043
429 -31.08622
430 -25.9214
431 -20.70877
432 -15.45019
433 -10.81187
434 -5.469387
435 -0.758882
436 4.665007
437 11.50488
438 16.33194
439 22.58483
440 28.88941
441 34.53588
442 39.50822
443 45.94298
444 53.86795
445 59.67016
446 64.62791
447 70.0535
448 75.78507
449 79.99137
450 84.53625
451 89.31274
452 94.67704
453 98.25694
454 101.5693
455 104.9792
456 108.061
457 110.2362
458 112.4898
459 114.3112
460 116.6509
461 118.462
462 120.1467
463 121.8282
464 123.5823
465 124.7296
466 125.7386
467 126.5822
468 127.5797
469 128.3547
470 129.0534
471 129.4814
472 129.7402
473 129.8727
474 129.8901
475 129.763
476 129.4998
477 129.1496
478 128.5352
479 127.9341
480 127.119
481 126.2967
482 125.2368
483 124.2076
484 122.9202
485 121.7005
486 120.3998
487 118.8203
488 117.3613
489 115.3854
490 113.5422
491 111.6245
492 109.6368
493 107.8434
494 105.7363
495 103.5727
496 101.6386
497 99.10545
498 96.53377
499 93.9483
500 91.503
501 89.30772
502 87.36404
503 85.6664
504 83.55974
505 82.22563
506 81.08054
507 80.03585
508 79.45542
509 79.07209
510 78.9232
511 78.92796
512 79.09256
513 79.52398
514 80.08725
515 81.28748
516 82.29289
517 83.97833
518 85.64645
519 87.56813
520 89.47617
521 91.83189
522 93.80441
523 96.19608
524 98.72353
525 101.3761
526 103.7924
527 106.2916
528 109.6181
529 112.6737
530 115.8153
531 119.0357
532 121.9126
533 125.2619
534 128.2412
535 131.6954
536 134.7552
537 138.7313
538 142.7419
539 145.7538
540 149.3325
541 151.8932
542 154.9075
543 157.3573
544 160.6822
545 162.9688
546 165.2585
547 167.0531
548 168.8154
549 170.2271
550 171.6203
551 172.9916
552 174.4546
553 175.8385
554 176.8193
555 177.6973
556 178.5857
557 179.2486
558 179.57
559 179.6519
560 179.5755
561 179.36
562 178.9802
563 178.4212
564 177.6728
565 176.8435
566 175.9895
567 174.8652
568 173.7528
569 172.3371
570 170.9775
571 169.2858
572 167.6825
573 165.7112
574 163.8653
575 161.6171
576 159.2245
577 156.7095
578 153.7783
579 151.4587
580 148.7563
581 146.3244
582 143.4633
583 140.9045
584 137.9497
585 135.3476
586 132.7102
587 129.6269
588 126.8482
589 123.5794
590 120.6485
591 117.2194
592 114.1443
593 110.5385
594 107.3027
595 103.5166
596 99.64133
597 95.69111
598 91.18045
599 87.6314
600 83.52241
601 79.35115
602 75.65466
603 71.38099
604 67.60214
605 63.24268
606 59.39573
607 54.96534
608 50.50233
609 46.01045
610 40.92603
611 36.951
612 32.38838
613 27.23276
614 21.47915
615 16.28176
616 12.22884
617 7.006288
618 1.772175
619 -3.47187
620 -8.141449
621 -12.81882
622 -18.08854
623 -23.36392
624 -28.0554
625 -33.33315
626 -38.02187
627 -42.12063
628 -47.38296
629 -51.46833
630 -56.12717
631 -60.19293
632 -64.82518
633 -68.86414
634 -73.46139
635 -77.46543
636 -82.01786
637 -86.53955
638 -90.46348
639 -94.89861
640 -98.72408
641 -103.0201
642 -106.7027
643 -111.3263
644 -115.8253
645 -118.6986
646 -122.3068
647 -125.6672
648 -128.9274
649 -131.7484
650 -134.9307
651 -137.6562
652 -140.2262
653 -142.9516
654 -145.4881
