0 0
-40.62 108.73
-40.62 108.73
-40.62437 108.7265
-40.66268 108.695
-40.73992 108.6314
-40.84644 108.5424
-41.05133 108.3672
-41.30864 108.1396
-41.6492 107.8273
-42.14722 107.3725
-42.69798 106.8859
-43.44755 106.2671
-44.43181 105.4718
-45.33299 104.7578
-46.33298 103.9771
-47.43075 103.1311
-48.62382 102.2198
-49.91029 101.2441
-51.82739 99.79765
-53.32645 98.66975
-54.91054 97.477
-56.57672 96.21844
-58.09969 95.06247
-60.14363 93.49992
-61.79771 92.22444
-63.50592 90.89557
-65.52168 89.31029
-67.60235 87.65299
-70.01725 85.70152
-72.22681 83.88885
-74.49301 82.00228
-76.8135 80.04153
-78.88658 78.26482
-81.30247 76.16432
-83.7658 73.98887
-85.95818 72.02356
-88.50375 69.70652
-90.76427 67.61674
-93.38329 65.15678
-95.70412 62.94125
-98.38741 60.33668
-100.7603 57.99379
-103.4981 55.24265
-105.9144 52.77061
-108.6968 49.87074
-111.1473 47.26744
-113.963 44.21608
-116.4375 41.47879
-119.2748 38.27285
-121.763 35.39911
-124.6096 32.03577
-127.1003 29.023
-129.5878 25.94413
-132.7763 21.88701
-135.5965 18.18631
-138.3983 14.39553
-141.177 10.51367
-143.5853 7.0415
-146.306 2.985768
-148.6539 -0.6407762
-151.2894 -4.868678
-153.5305 -8.612065
-155.9776 -12.87798
-157.9682 -16.50544
-159.7999 -19.98857
-161.955 -24.29994
-164.0078 -28.668
-165.7508 -32.62177
-167.1633 -36.02561
-168.6051 -39.73021
-169.8746 -43.2363
-171.1304 -46.99974
-172.1669 -50.39931
-173.1362 -53.90064
-173.915 -57.01696
-174.6912 -60.49949
-175.3973 -64.16268
-175.9589 -67.64415
-176.374 -70.80107
-176.7413 -74.46641
-176.9655 -77.7952
-177.0804 -81.01322
-177.0915 -84.00405
-177.026 -86.4752
-176.8611 -89.34906
-176.5897 -92.30532
-176.2563 -94.95189
-175.7665 -97.97034
-175.1895 -100.8272
-174.5575 -103.4444
-173.7811 -106.1822
-173.0852 -108.3284
-172.1716 -110.8346
-171.1233 -113.3889
-170.0988 -115.6332
-168.6645 -118.4533
-166.9366 -121.4609
-165.6305 -123.5095
-163.8124 -126.1017
-162.0618 -128.362
-160.2066 -130.5487
-158.2672 -132.6413
-156.2231 -134.6625
-153.4666 -137.1313
-150.4702 -139.5307
-147.9009 -141.3852
-144.8307 -143.3898
-141.5757 -145.297
-138.9208 -146.7074
-135.7599 -148.2375
-132.0493 -149.8496
-129.0553 -151.0217
-125.5231 -152.2722
-121.8792 -153.4274
-118.1285 -154.4867
-114.2762 -155.4496
-110.8262 -156.214
-106.7969 -156.9999
-103.199 -157.6124
-99.00848 -158.2285
-93.65755 -158.8757
-89.84098 -159.2497
-84.85187 -159.6391
-79.77438 -159.9293
-75.76659 -160.0888
-71.12557 -160.2026
-65.82999 -160.2468
-59.85668 -160.1975
-54.40328 -160.0714
-49.49613 -159.8974
-44.53449 -159.6652
-38.89086 -159.3351
-33.8159 -158.9773
-28.69551 -158.5631
-22.87638 -158.0296
-16.99812 -157.4266
-12.38618 -156.9113
-5.06986 -156.0239
-0.3709668 -155.4129
5.718893 -154.579
10.49279 -153.8968
15.98825 -153.0841
21.52536 -152.2386
27.10356 -151.3622
32.72218 -150.4561
39.09011 -149.3997
44.07613 -148.548
49.80844 -147.5382
54.8523 -146.6173
60.50314 -145.5406
65.8616 -144.4628
71.58943 -143.2403
75.76765 -142.2765
80.28914 -141.1682
84.02219 -140.1894
88.03436 -139.0573
92.23096 -137.7673
96.1538 -136.4445
99.06345 -135.3746
102.146 -134.1395
104.9742 -132.8969
107.8597 -131.5014
110.2537 -130.2272
112.3677 -128.997
114.4576 -127.6653
116.956 -125.8902
118.6703 -124.523
120.3924 -122.9895
121.5258 -121.8705
123.0609 -120.1737
124.5435 -118.2774
125.7899 -116.4154
126.8597 -114.536
127.7928 -112.5577
128.5102 -110.6571
129.0384 -108.8557
129.4979 -106.665
129.7881 -104.3123
129.8837 -102.3807
129.8356 -99.78062
129.6221 -97.37296
129.2937 -95.20241
128.7598 -92.65868
128.0603 -90.05704
127.2007 -87.40551
126.1875 -84.71045
125.1801 -82.32056
123.8977 -79.55605
122.6666 -77.10995
121.1422 -74.2844
119.5019 -71.42611
117.9789 -68.89709
115.9089 -65.60581
113.7248 -62.26607
111.4382 -58.87386
109.3266 -55.81221
107.1475 -52.70426
104.9092 -49.54584
102.6207 -46.33233
99.99648 -42.64565
97.33498 -38.87456
94.95326 -35.44279
92.40833 -31.66447
90.114 -28.09698
87.8618 -24.37018
86.09728 -21.22609
84.73013 -18.59899
83.21114 -15.38953
81.71127 -11.72715
80.91241 -9.440861
79.97626 -6.104069
79.52066 -3.882615
79.15932 -1.126678
79.04862 0.8621361
79.0822 2.99725
79.26859 5.058207
79.76115 7.724319
80.51622 10.24919
81.72721 13.08349
83.18172 15.64479
84.78045 17.90749
86.64989 20.11555
88.52853 22.01701
91.14236 24.30293
93.42691 26.05941
95.55487 27.5458
98.12261 29.19162
100.4785 30.59208
103.2858 32.15491
105.8354 33.49687
108.8475 35.01101
111.5631 36.32666
114.7511 37.83007
117.6089 39.15391
120.9468 40.68761
124.3533 42.25697
127.8206 43.87597
131.3414 45.55653
134.4597 47.08792
138.5102 49.15581
142.1386 51.10307
145.6253 53.07761
149.9921 55.72549
152.52 57.36538
154.8588 58.96508
157.3274 60.75393
159.7575 62.6306
162.0548 64.52915
164.3571 66.58337
166.3754 68.53822
167.9443 70.1813
169.3902 71.81318
171.1977 74.0392
172.6246 75.97632
174.1278 78.25075
175.2823 80.22446
176.235 82.07194
177.1213 84.06269
177.7438 85.70275
178.5219 88.22926
178.9675 90.12341
179.3737 92.55603
179.5849 94.7863
179.63 97.62322
179.4965 99.87036
179.095 102.7726
178.5526 105.2552
177.9917 107.2421
177.0902 109.8565
176.1147 112.2248
175.1278 114.3179
173.8664 116.6939
172.6639 118.7327
171.1808 121.0239
169.7724 123.0206
168.0229 125.3064
166.371 127.3048
164.3465 129.5812
162.4557 131.5606
160.1578 133.8006
157.7139 136.0079
154.8297 138.41
151.8645 140.6771
149.1723 142.5763
146.4052 144.3849
143.9114 145.9001
140.9893 147.5469
138.396 148.9
135.4092 150.3393
132.7631 151.5132
129.6764 152.7682
127.298 153.6547
124.0375 154.761
121.1104 155.6514
117.249 156.6842
113.7202 157.4925
110.0943 158.1932
105.8995 158.8458
103.0375 159.1959
99.14468 159.5531
95.17899 159.7816
90.65882 159.8786
86.59708 159.8215
82.48557 159.6288
78.31302 159.2997
73.55241 158.7668
69.26692 158.1487
64.39143 157.2917
60.01458 156.3883
54.49232 155.0751
49.47931 153.7212
43.86814 152.03
39.35101 150.5403
34.81127 148.9329
28.53629 146.5378
22.22774 143.935
17.04512 141.6541
11.84653 139.2411
5.47382 136.1171
0.245215 133.4252
-4.412361 130.9337
-10.24719 127.6941
-14.33883 125.3452
-18.43532 122.9302
-23.70739 119.7284
-28.98226 116.4172
-33.67088 113.3819
-38.35699 110.2596
-43.03819 107.0499
-47.1287 104.1698
-51.79551 100.7969
-55.87014 97.77409
-60.5145 94.23727
-64.56574 91.0705
-69.75463 86.90002
-74.34532 83.09895
-79.48162 78.71595
-83.45296 75.22792
-87.96438 71.15871
-92.43533 67.00898
-96.29799 63.32293
-100.1029 59.59842
-104.8983 54.76799
-108.543 50.98485
-112.6158 46.63638
-116.0022 42.92168
-119.1659 39.36123
-122.9813 34.93818
-125.896 31.45911
-129.2024 27.39943
-132.0687 23.7716
-135.2941 19.55921
-138.0286 15.87141
-140.6161 12.27257
-143.0312 8.806812
-145.9023 4.535185
-148.069 1.188001
-150.8144 -3.224398
-153.21 -7.250236
-155.5501 -11.36319
-157.81 -15.52911
-160.2253 -20.22779
-161.9998 -23.87005
-163.8689 -27.91426
-165.5458 -31.76235
-167.0423 -35.41357
-168.5344 -39.31196
-169.6265 -42.37211
-170.8193 -45.96416
-172.0729 -50.09772
-172.9322 -53.20916
-173.7671 -56.53379
-174.563 -60.10159
-175.1955 -63.34856
-175.7549 -66.69322
-176.2312 -70.13322
-176.6283 -73.82766
-176.8831 -77.23318
-177.0414 -81.56676
-177.0378 -84.55066
-176.8908 -88.40102
-176.6463 -91.54432
-176.2017 -95.28703
-175.7047 -98.33977
-174.9784 -101.8083
-174.2365 -104.6899
-173.3366 -107.6497
-172.525 -109.9785
-171.6634 -112.1962
-170.4185 -115.0464
-169.3819 -117.1658
-168.2187 -119.3295
-166.7481 -121.8052
-165.2889 -124.0302
-163.6802 -126.2662
-161.6861 -128.7802
-159.7699 -130.9752
-158.0064 -132.8345
-155.8887 -134.892
-153.6336 -136.8997
-150.9133 -139.1043
-148.0001 -141.237
-144.8977 -143.2841
-142.357 -144.8092
-138.145 -147.074
-134.9196 -148.6124
-131.1364 -150.2282
-127.6427 -151.5602
-124.4897 -152.644
-120.3111 -153.925
-116.4847 -154.9576
-112.5586 -155.8908
-109.0455 -156.6273
-105.463 -157.2905
-101.2881 -157.9607
-97.03093 -158.5402
-92.69522 -159.0312
-88.28469 -159.4363
-83.80231 -159.7591
-78.67764 -160.028
-74.0523 -160.1862
-69.95294 -160.2642
-62.81684 -160.2717
-57.37791 -160.1778
-52.48326 -160.0274
-47.53368 -159.8169
-41.27278 -159.4721
-36.84043 -159.1771
-31.08622 -158.7314
-25.9214 -158.2756
-20.70877 -157.7645
-15.45019 -157.2007
-10.81187 -156.6658
-5.469387 -156.0097
-0.758882 -155.3989
4.665007 -154.6624
11.50488 -153.6899
16.33194 -152.9776
22.58483 -152.0262
28.88941 -151.0368
34.53588 -150.1255
39.50822 -149.3011
45.94298 -148.1999
53.86795 -146.7808
59.67016 -145.6886
64.62791 -144.7103
70.0535 -143.5886
75.78507 -142.2979
79.99137 -141.2827
84.53625 -140.1034
89.31274 -138.7438
94.67704 -137.0336
98.25694 -135.7624
101.5693 -134.4684
104.9792 -132.9885
108.061 -131.4944
110.2362 -130.3316
112.4898 -129.0103
114.3112 -127.8381
116.6509 -126.1711
118.462 -124.7309
120.1467 -123.2449
121.8282 -121.5803
123.5823 -119.5772
124.7296 -118.0614
125.7386 -116.5355
126.5822 -115.0711
127.5797 -113.0091
128.3547 -111.0078
129.0534 -108.6358
129.4814 -106.59
129.7402 -104.7206
129.8727 -102.9086
129.8901 -100.9828
129.763 -98.69347
129.4998 -96.56116
129.1496 -94.62857
128.5352 -92.06261
127.9341 -90.00957
127.119 -87.60783
126.2967 -85.46179
125.2368 -82.96209
124.2076 -80.73628
122.9202 -78.15052
121.7005 -75.85255
120.3998 -73.52113
118.8203 -70.81509
117.3613 -68.41072
115.3854 -65.26892
113.5422 -62.42648
111.6245 -59.53474
109.6368 -56.59283
107.8434 -53.97669
105.7363 -50.93758
103.5727 -47.84404
101.6386 -45.09009
99.10545 -41.4796
96.53377 -37.7831
93.9483 -33.98614
91.503 -30.26007
89.30772 -26.74343
87.36404 -23.42924
85.6664 -20.315
83.55974 -16.02287
82.22563 -12.94025
81.08054 -9.8991
80.03585 -6.463765
79.45542 -3.893224
79.07209 -1.304094
78.9232 0.7753703
78.92796 2.776626
79.09256 4.909327
79.52398 7.404737
80.08725 9.470778
81.28748 12.5247
82.29289 14.45671
83.97833 17.05763
85.64645 19.15079
87.56813 21.1887
89.47617 22.94413
91.83189 24.8503
93.80441 26.28481
96.19608 27.87777
98.72353 29.42657
101.3761 30.93876
103.7924 32.23815
106.2916 33.52218
109.6181 35.16077
112.6737 36.6172
115.8153 38.08404
119.0357 39.57287
121.9126 40.90321
125.2619 42.46531
128.2412 43.87694
131.6954 45.55165
134.7552 47.07943
138.7313 49.14293
142.7419 51.33532
145.7538 53.07129
149.3325 55.25463
151.8932 56.91147
154.9075 58.98146
157.3573 60.77427
160.6822 63.39351
162.9688 65.34211
165.2585 67.44931
167.0531 69.23796
168.8154 71.14349
170.2271 72.80269
171.6203 74.57928
172.9916 76.49733
174.4546 78.78889
175.8385 81.28706
176.8193 83.36005
177.6973 85.57668
178.5857 88.46179
179.2486 91.6449
179.57 94.47968
179.6519 96.97911
179.5755 99.21825
179.36 101.3561
178.9802 103.6079
178.4212 105.9574
177.6728 108.3893
176.8435 110.6079
175.9895 112.5849
174.8652 114.8761
173.7528 116.9027
172.3371 119.2358
170.9775 121.2827
169.2858 123.623
167.6825 125.6707
165.7112 128.005
163.8653 130.0368
161.6171 132.3387
159.2245 134.6075
156.7095 136.8174
153.7783 139.193
151.4587 140.9362
148.7563 142.8286
146.3244 144.4142
143.4633 146.1478
140.9045 147.5858
137.9497 149.1227
135.3476 150.3723
132.7102 151.5442
129.6269 152.7992
126.8482 153.8288
123.5794 154.9223
120.6485 155.7995
117.2194 156.7076
114.1443 157.4172
110.5385 158.128
107.3027 158.6582
103.5166 159.1528
99.64133 159.5228
95.69111 159.7644
91.18045 159.8766
87.6314 159.8457
83.52241 159.6835
79.35115 159.3844
75.65466 159.0108
71.38099 158.4559
67.60214 157.8594
63.24268 157.0522
59.39573 156.2379
54.96534 155.1859
50.50233 154.006
46.01045 152.7006
40.92603 151.0857
36.951 149.725
32.38838 148.0608
27.23276 146.0544
21.47915 143.6622
16.28176 141.3656
12.22884 139.4872
7.006288 136.956
1.772175 134.2977
-3.47187 131.5171
-8.141449 128.9469
-12.81882 126.2885
-18.08854 123.194
-23.36392 119.9902
-28.0554 117.0503
-33.33315 113.6394
-38.02187 110.5151
-42.12063 107.7098
-47.38296 104.0052
-51.46833 101.0479
-56.12717 97.58646
-60.19293 94.48614
-64.82518 90.86088
-68.86414 87.61696
-73.46139 83.82707
-77.46543 80.43816
-82.01786 76.48161
-86.53955 72.44007
-90.46348 68.83961
-94.89861 64.65828
-98.72408 60.95233
-103.0201 56.67875
-106.7027 52.91315
-111.3263 48.04026
-115.8253 43.13747
-118.6986 39.91599
-122.3068 35.75979
-125.6672 31.77022
-128.9274 27.78127
-131.7484 24.22216
-134.9307 20.07728
-137.6562 16.4115
-140.2262 12.848
-142.9516 8.942663
-145.4881 5.175753
