0 0
1 108.73
2 108.73
3 108.7265
4 108.695
5 108.6314
6 108.5424
7 108.3672
8 108.1396
9 107.8273
10 107.3725
11 106.8859
12 106.2671
13 105.4718
14 104.7578
15 103.9771
16 103.1311
17 102.2198
18 101.2441
19 99.79765
20 98.66975
21 97.477
22 96.21844
23 95.06247
24 93.49992
25 92.22444
26 90.89557
27 89.31029
28 87.65299
29 85.70152
30 83.88885
31 82.00228
32 80.04153
33 78.26482
34 76.16432
35 73.98887
36 72.02356
37 69.70652
38 67.61674
39 65.15678
40 62.94125
41 60.33668
42 57.99379
43 55.24265
44 52.77061
45 49.87074
46 47.26744
47 44.21608
48 41.47879
49 38.27285
50 35.39911
51 32.03577
52 29.023
53 25.94413
54 21.88701
55 18.18631
56 14.39553
57 10.51367
58 7.0415
59 2.985768
60 -0.6407762
61 -4.868678
62 -8.612065
63 -12.87798
64 -16.50544
65 -19.98857
66 -24.29994
67 -28.668
68 -32.62177
69 -36.02561
70 -39.73021
71 -43.2363
72 -46.99974
73 -50.39931
74 -53.90064
75 -57.01696
76 -60.49949
77 -64.16268
78 -67.64415
79 -70.80107
80 -74.46641
81 -77.7952
82 -81.01322
83 -84.00405
84 -86.4752
85 -89.34906
86 -92.30532
87 -94.95189
88 -97.97034
89 -100.8272
90 -103.4444
91 -106.1822
92 -108.3284
93 -110.8346
94 -113.3889
95 -115.6332
96 -118.4533
97 -121.4609
98 -123.5095
99 -126.1017
100 -128.362
101 -130.5487
102 -132.6413
103 -134.6625
104 -137.1313
105 -139.5307
106 -141.3852
107 -143.3898
108 -145.297
109 -146.7074
110 -148.2375
111 -149.8496
112 -151.0217
113 -152.2722
114 -153.4274
115 -154.4867
116 -155.4496
117 -156.214
118 -156.9999
119 -157.6124
120 -158.2285
121 -158.8757
122 -159.2497
123 -159.6391
124 -159.9293
125 -160.0888
126 -160.2026
127 -160.2468
128 -160.1975
129 -160.0714
130 -159.8974
131 -159.6652
132 -159.3351
133 -158.9773
134 -158.5631
135 -158.0296
136 -157.4266
137 -156.9113
138 -156.0239
139 -155.4129
140 -154.579
141 -153.8968
142 -153.0841
143 -152.2386
144 -151.3622
145 -150.4561
146 -149.3997
147 -148.548
148 -147.5382
149 -146.6173
150 -145.5406
151 -144.4628
152 -143.2403
153 -142.2765
154 -141.1682
155 -140.1894
156 -139.0573
157 -137.7673
158 -136.4445
159 -135.3746
160 -134.1395
161 -132.8969
162 -131.5014
163 -130.2272
164 -128.997
165 -127.6653
166 -125.8902
167 -124.523
168 -122.9895
169 -121.8705
170 -120.1737
171 -118.2774
172 -116.4154
173 -114.536
174 -112.5577
175 -110.6571
176 -108.8557
177 -106.665
178 -104.3123
179 -102.3807
180 -99.78062
181 -97.37296
182 -95.20241
183 -92.65868
184 -90.05704
185 -87.40551
186 -84.71045
187 -82.32056
188 -79.55605
189 -77.10995
190 -74.2844
191 -71.42611
192 -68.89709
193 -65.60581
194 -62.26607
195 -58.87386
196 -55.81221
197 -52.70426
198 -49.54584
199 -46.33233
200 -42.64565
201 -38.87456
202 -35.44279
203 -31.66447
204 -28.09698
205 -24.37018
206 -21.22609
207 -18.59899
208 -15.38953
209 -11.72715
210 -9.440861
211 -6.104069
212 -3.882615
213 -1.126678
214 0.8621361
215 2.99725
216 5.058207
217 7.724319
218 10.24919
219 13.08349
220 15.64479
221 17.90749
222 20.11555
223 22.01701
224 24.30293
225 26.05941
226 27.5458
227 29.19162
228 30.59208
229 32.15491
230 33.49687
231 35.01101
232 36.32666
233 37.83007
234 39.15391
235 40.68761
236 42.25697
237 43.87597
238 45.55653
239 47.08792
240 49.15581
241 51.10307
242 53.07761
243 55.72549
244 57.36538
245 58.96508
246 60.75393
247 62.6306
248 64.52915
249 66.58337
250 68.53822
251 70.1813
252 71.81318
253 74.0392
254 75.97632
255 78.25075
256 80.22446
257 82.07194
258 84.06269
259 85.70275
260 88.22926
261 90.12341
262 92.55603
263 94.7863
264 97.62322
265 99.87036
266 102.7726
267 105.2552
268 107.2421
269 109.8565
270 112.2248
271 114.3179
272 116.6939
273 118.7327
274 121.0239
275 123.0206
276 125.3064
277 127.3048
278 129.5812
279 131.5606
280 133.8006
281 136.0079
282 138.41
283 140.6771
284 142.5763
285 144.3849
286 145.9001
287 147.5469
288 148.9
289 150.3393
290 151.5132
291 152.7682
292 153.6547
293 154.761
294 155.6514
295 156.6842
296 157.4925
297 158.1932
298 158.8458
299 159.1959
300 159.5531
301 159.7816
302 159.8786
303 159.8215
304 159.6288
305 159.2997
306 158.7668
307 158.1487
308 157.2917
309 156.3883
310 155.0751
311 153.7212
312 152.03
313 150.5403
314 148.9329
315 146.5378
316 143.935
317 141.6541
318 139.2411
319 136.1171
320 133.4252
321 130.9337
322 127.6941
323 125.3452
324 122.9302
325 119.7284
326 116.4172
327 113.3819
328 110.2596
329 107.0499
330 104.1698
331 100.7969
332 97.77409
333 94.23727
334 91.0705
335 86.90002
336 83.09895
337 78.71595
338 75.22792
339 71.15871
340 67.00898
341 63.32293
342 59.59842
343 54.76799
344 50.98485
345 46.63638
346 42.92168
347 39.36123
348 34.93818
349 31.45911
350 27.39943
351 23.7716
352 19.55921
353 15.87141
354 12.27257
355 8.806812
356 4.535185
357 1.188001
358 -3.224398
359 -7.250236
360 -11.36319
361 -15.52911
362 -20.22779
363 -23.87005
364 -27.91426
365 -31.76235
366 -35.41357
367 -39.31196
368 -42.37211
369 -45.96416
370 -50.09772
371 -53.20916
372 -56.53379
373 -60.10159
374 -63.34856
375 -66.69322
376 -70.13322
377 -73.82766
378 -77.23318
379 -81.56676
380 -84.55066
381 -88.40102
382 -91.54432
383 -95.28703
384 -98.33977
385 -101.8083
386 -104.6899
387 -107.6497
388 -109.9785
389 -112.1962
390 -115.0464
391 -117.1658
392 -119.3295
393 -121.8052
394 -124.0302
395 -126.2662
396 -128.7802
397 -130.9752
398 -132.8345
399 -134.892
400 -136.8997
401 -139.1043
402 -141.237
403 -143.2841
404 -144.8092
405 -147.074
406 -148.6124
407 -150.2282
408 -151.5602
409 -152.644
410 -153.925
411 -154.9576
412 -155.8908
413 -156.6273
414 -157.2905
415 -157.9607
416 -158.5402
417 -159.0312
418 -159.4363
419 -159.7591
420 -160.028
421 -160.1862
422 -160.2642
423 -160.2717
424 -160.1778
425 -160.0274
426 -159.8169
427 -159.4721
428 -159.1771
429 -158.7314
430 -158.2756
431 -157.7645
432 -157.2007
433 -156.6658
434 -156.0097
435 -155.3989
436 -154.6624
437 -153.6899
438 -152.9776
439 -152.0262
440 -151.0368
441 -150.1255
442 -149.3011
443 -148.1999
444 -146.7808
445 -145.6886
446 -144.7103
447 -143.5886
448 -142.2979
449 -141.2827
450 -140.1034
451 -138.7438
452 -137.0336
453 -135.7624
454 -134.4684
455 -132.9885
456 -131.4944
457 -130.3316
458 -129.0103
459 -127.8381
460 -126.1711
461 -124.7309
462 -123.2449
463 -121.5803
464 -119.5772
465 -118.0614
466 -116.5355
467 -115.0711
468 -113.0091
469 -111.0078
470 -108.6358
471 -106.59
472 -104.7206
473 -102.9086
474 -100.9828
475 -98.69347
476 -96.56116
477 -94.62857
478 -92.06261
479 -90.00957
480 -87.60783
481 -85.46179
482 -82.96209
483 -80.73628
484 -78.15052
485 -75.85255
486 -73.52113
487 -70.81509
488 -68.41072
489 -65.26892
490 -62.42648
491 -59.53474
492 -56.59283
493 -53.97669
494 -50.93758
495 -47.84404
496 -45.09009
497 -41.4796
498 -37.7831
499 -33.98614
500 -30.26007
501 -26.74343
502 -23.42924
503 -20.315
504 -16.02287
505 -12.94025
506 -9.8991
507 -6.463765
508 -3.893224
509 -1.304094
510 0.7753703
511 2.776626
512 4.909327
513 7.404737
514 9.470778
515 12.5247
516 14.45671
517 17.05763
518 19.15079
519 21.1887
520 22.94413
521 24.8503
522 26.28481
523 27.87777
524 29.42657
525 30.93876
526 32.23815
527 33.52218
528 35.16077
529 36.6172
530 38.08404
531 39.57287
532 40.90321
533 42.46531
534 43.87694
535 45.55165
536 47.07943
537 49.14293
538 51.33532
539 53.07129
540 55.25463
541 56.91147
542 58.98146
543 60.77427
544 63.39351
545 65.34211
546 67.44931
547 69.23796
548 71.14349
549 72.80269
550 74.57928
551 76.49733
552 78.78889
553 81.28706
554 83.36005
555 85.57668
556 88.46179
557 91.6449
558 94.47968
559 96.97911
560 99.21825
561 101.3561
562 103.6079
563 105.9574
564 108.3893
565 110.6079
566 112.5849
567 114.8761
568 116.9027
569 119.2358
570 121.2827
571 123.623
572 125.6707
573 128.005
574 130.0368
575 132.3387
576 134.6075
577 136.8174
578 139.193
579 140.9362
580 142.8286
581 144.4142
582 146.1478
583 147.5858
584 149.1227
585 150.3723
586 151.5442
587 152.7992
588 153.8288
589 154.9223
590 155.7995
591 156.7076
592 157.4172
593 158.128
594 158.6582
595 159.1528
596 159.5228
597 159.7644
598 159.8766
599 159.8457
600 159.6835
601 159.3844
602 159.0108
603 158.4559
604 157.8594
605 157.0522
606 156.2379
607 155.1859
608 154.006
609 152.7006
610 151.0857
611 149.725
612 148.0608
613 146.0544
614 143.6622
615 141.3656
616 139.4872
617 136.956
618 134.2977
619 131.5171
620 128.9469
621 126.2885
622 123.194
623 119.9902
624 117.0503
625 113.6394
626 110.5151
627 107.7098
628 104.0052
629 101.0479
630 97.58646
631 94.48614
632 90.86088
633 87.61696
634 83.82707
635 80.43816
636 76.48161
637 72.44007
638 68.83961
639 64.65828
640 60.95233
641 56.67875
642 52.91315
643 48.04026
644 43.13747
645 39.91599
646 35.75979
647 31.77022
648 27.78127
649 24.22216
650 20.07728
651 16.4115
652 12.848
653 8.942663
654 5.175753
