0 0
1 0.001431757
2 0.4161248
3 2.040183
4 4.102037
5 5.72644
6 7.329064
7 9.356988
8 10.90925
9 13.02537
10 16.03209
11 18.7532
12 20.77614
13 22.56507
14 24.88701
15 27.33934
16 29.72667
17 32.40239
18 34.65485
19 36.51378
20 38.49379
21 40.26596
22 41.99803
23 43.69092
24 45.04749
25 46.67141
26 48.40112
27 49.9491
28 51.46207
29 53.20605
30 54.64529
31 56.17821
32 57.5501
33 59.01126
34 60.31883
35 61.59681
36 62.95795
37 64.28519
38 65.47285
39 66.63342
40 67.86927
41 68.97498
42 70.15227
43 71.20517
44 72.2333
45 73.14661
46 74.21568
47 75.17138
48 76.1867
49 77.09161
50 78.05011
51 78.83566
52 79.51092
53 80.26035
54 81.11594
55 81.91825
56 82.58727
57 83.29657
58 84.0901
59 84.7347
60 85.30105
61 85.96471
62 86.49828
63 86.93659
64 87.64552
65 88.40601
66 89.03262
67 89.64095
68 90.22685
69 90.87091
70 91.50362
71 92.02396
72 92.68457
73 93.18182
74 93.66718
75 94.24745
76 94.72321
77 95.1685
78 95.64497
79 96.10963
80 96.56484
81 96.97182
82 97.41553
83 97.8903
84 98.2782
85 98.65832
86 98.96107
87 99.46936
88 99.75105
89 99.57687
90 99.4626
91 99.32738
92 97.57016
93 95.4552
94 20.17232
95 5.505091
96 3.566692
97 0.07299773
98 0.8079166
99 0.1758219
100 0.126672
101 0.2078004
102 0.09490154
103 0.03891844
104 0.08450034
105 0.123324
106 0.05966316
107 0.05152642
108 0.06657074
109 0.05965279
110 0.07196368
111 0.04837164
112 0.06849018
113 0.0534965
114 0.07088144
115 0.07459947
116 0.05491071
117 0.0663024
118 0.06529626
119 0.06601011
