0 0
1 0.744296
2 0.743694
3 0.741666
4 0.737383
5 0.727538
6 0.706372
7 0.68358
8 0.643117
9 0.518855
10 0.442367
11 0.373775
12 0.308642
13 0.221823
14 0.133522
15 0.0587997
16 -0.00250734
17 -0.0219954
18 -0.0019137
19 0.0280457
20 0.0587841
21 0.0892451
22 0.116651
23 0.095998
24 0.124986
25 0.149651
26 0.165597
27 0.186379
28 0.188387
29 0.185764
30 0.181211
31 0.226811
32 0.25301
33 0.258202
34 0.250985
35 0.223253
36 0.302386
37 0.366944
38 0.324491
39 0.275608
40 0.25523
41 0.247034
42 0.273619
43 0.340367
44 0.509188
45 0.698593
46 0.903496
47 0.947339
48 1.12283
49 1.10916
50 1.06627
51 1.14276
52 1.09826
53 1.30433
54 1.56325
55 1.81158
56 1.91108
57 2.1068
58 2.55091
59 2.72858
60 3.20236
61 3.4561
62 3.61215
63 3.49385
64 3.12298
65 2.81503
66 2.18891
67 1.63192
68 0.808456
69 0.0652682
70 -0.202201
71 -0.467042
72 -0.308554
73 -0.0394059
74 0.986296
75 1.70462
76 2.49472
77 2.8945
78 2.68447
79 2.32432
80 1.52409
81 0.399589
82 -0.847155
83 -1.71233
84 -2.29066
85 -2.882
86 -3.02721
87 -2.48287
88 1.31386
89 3.00502
90 4.97235
91 8.7446
92 13.4108
93 16.7944
94 19.3388
95 23.0411
96 23.7752
97 23.5062
98 23.3047
99 23.2675
100 23.2694
101 23.2255
102 23.1452
103 23.0738
104 23.0375
105 22.9943
106 22.9416
107 22.8936
108 22.8427
109 22.7947
110 22.7483
111 22.7057
112 22.6692
113 22.6289
114 22.5791
115 22.5433
116 22.5029
117 22.4497
118 22.4006
