0 0
-40.61077 108.7362
-40.61486 108.7334
-40.68496 108.6853
-40.8951 108.5407
-41.15339 108.3605
-41.49174 108.1188
-42.04205 107.7182
-42.55808 107.3376
-43.42368 106.6935
-44.889 105.5861
-46.50294 104.3454
-47.90565 103.255
-49.28609 102.1761
-51.29744 100.5984
-53.69185 98.71441
-56.30529 96.65444
-59.58494 94.06444
-62.64775 91.63765
-65.39169 89.45153
-68.5341 86.92354
-71.54219 84.47095
-74.66367 81.88522
-77.89021 79.16291
-80.60269 76.83187
-84.00001 73.8539
-87.80059 70.44077
-91.36292 67.15911
-94.99287 63.72953
-99.3603 59.48386
-103.1133 55.72713
-107.2591 51.45613
-111.0992 47.38167
-115.3226 42.76147
-119.2169 38.36389
-123.1243 33.80931
-127.3919 28.65987
-131.6532 23.31963
-135.5418 18.25376
-139.4004 13.02103
-143.5605 7.118835
-147.3138 1.527497
-151.3248 -4.772855
-154.9073 -10.73523
-158.3761 -16.88204
-161.4083 -22.63496
-164.854 -29.75468
-167.7869 -36.49417
-170.695 -44.07938
-173.0439 -51.24503
-175.1924 -59.28894
-176.6005 -66.1622
-177.5317 -72.46699
-178.1457 -79.58512
-178.2154 -88.24242
-177.4273 -96.95248
-176.0095 -104.1693
-173.6067 -111.9633
-169.5929 -120.8192
-165.1987 -127.8594
-160.432 -133.7783
-153.8108 -140.1419
-147.6315 -144.7511
-139.5163 -149.3111
-132.3019 -152.316
-123.2744 -155.0989
-114.7464 -156.9388
-106.0471 -158.1743
-97.23048 -158.8994
-87.51867 -159.2264
-77.73196 -159.2382
-69.52557 -159.1614
-58.78848 -159.0708
-50.47723 -159.0647
-42.12217 -159.0989
-32.03799 -159.101
-22.7467 -158.9452
-14.26531 -158.5453
-4.916134 -157.7316
4.430604 -156.4759
13.75376 -154.7809
22.20132 -152.9049
31.47939 -150.597
41.62996 -147.9926
50.14125 -145.873
58.71782 -143.8783
68.2282 -141.8611
77.81453 -140.0038
87.44093 -138.1636
97.16757 -137.0365
106.9439 -136.6362
115.6865 -135.1481
124.9978 -132.5097
134.0833 -129.8126
139.8637 -128.3876
140.4631 -128.8535
140.7428 -128.9987
140.8042 -129.0307
140.8026 -129.027
140.8108 -129.014
140.8071 -129.0176
140.8001 -129.0192
140.7941 -129.0206
140.7908 -129.0204
140.787 -129.0213
140.7818 -129.0225
140.7774 -129.0234
140.7726 -129.0246
140.768 -129.0256
140.763 -129.0266
140.7583 -129.0275
140.7539 -129.0284
140.7498 -129.0293
140.7463 -129.0302
140.7424 -129.0313
140.7376 -129.0324
140.7341 -129.0332
140.7302 -129.0341
140.7249 -129.0352
140.72 -129.0363
