0 0
1 0.0074269
2 0.00729937
3 0.0067617
4 0.00726695
5 0.0102256
6 0.0163892
7 0.0217612
8 0.0281344
9 0.0281115
10 0.0337891
11 0.0353699
12 0.0345112
13 0.031192
14 0.0257365
15 0.0188223
16 0.0101787
17 -0.00494728
18 -0.00787809
19 -0.00921384
20 -0.00923864
21 -0.00840029
22 -0.00697708
23 -0.00805333
24 -0.00635758
25 -0.00443664
26 -0.00278791
27 -0.00083333
28 0.000584656
29 0.00131234
30 0.00160333
31 -0.00531821
32 -0.00110869
33 0.00172897
34 0.00354679
35 -0.0144783
36 -0.00542178
37 0.00809612
38 0.00961111
39 0.00891962
40 0.00624543
41 0.00235825
42 -0.00266253
43 -0.00788999
44 -0.0270826
45 -0.0122714
46 -0.0203807
47 -0.0380152
48 -0.00262234
49 0.0132965
50 0.0140617
51 0.0082904
52 -0.0262724
53 -0.00616851
54 -0.0222158
55 -0.00472527
56 0.00620162
57 -0.0206599
58 0.00472693
59 -0.0278551
60 -0.0160502
61 -0.0124915
62 0.0213432
63 0.0467303
64 0.037888
65 0.0707233
66 0.0741261
67 0.090864
68 0.103023
69 0.077505
70 0.0590761
71 0.00511041
72 -0.035841
73 -0.102139
74 -0.0999005
75 -0.114998
76 -0.0656058
77 -0.00685931
78 0.0171873
79 0.0837338
80 0.12792
81 0.123332
82 0.130742
83 0.0654918
84 0.0692466
85 0.0459714
86 -0.0893451
87 -0.0471673
88 -0.386058
89 -0.102004
90 -1.14548
91 -0.121836
92 -0.2802
93 -0.0332555
94 0.540616
95 0.820849
96 0.855698
97 0.842
98 0.831157
99 0.829199
100 0.82964
101 0.827511
102 0.823234
103 0.819392
104 0.817585
105 0.815336
106 0.812531
107 0.809973
108 0.807251
109 0.804653
110 0.802119
111 0.799776
112 0.797745
113 0.795489
114 0.792685
115 0.790658
116 0.788355
117 0.785302
118 0.782464
