0 0
1 0.744287
2 0.744304
3 0.744357
4 0.744353
5 0.744403
6 0.744352
7 0.744344
8 0.744344
9 0.744339
10 0.744367
11 0.744342
12 0.744348
13 0.744335
14 0.744384
15 0.744346
16 0.744368
17 0.74439
18 0.74438
19 0.74439
20 0.744407
21 0.744372
22 0.744343
23 0.74437
24 0.744395
25 0.744344
26 0.744347
27 0.744349
28 0.744325
29 0.744387
30 0.744336
31 0.74435
32 0.744351
33 0.744422
34 0.744342
35 0.744422
36 0.744385
37 0.744351
38 0.744349
39 0.744353
40 0.744379
41 0.744355
42 0.744373
43 0.744322
44 0.744367
45 0.744323
46 0.744361
47 0.744379
48 0.744329
49 0.744332
50 0.744315
51 0.744371
52 0.744359
53 0.744388
54 0.744358
55 0.744371
56 0.744377
57 0.744307
58 0.744312
59 0.744343
60 0.74438
61 0.744376
62 0.744377
63 0.744365
64 0.744364
65 0.744382
66 0.744313
67 0.744363
68 0.744369
69 0.744351
70 0.744348
71 0.744341
72 0.744394
73 0.744388
74 0.744393
75 0.744374
76 0.744375
77 0.74436
78 0.744339
79 0.744307
80 0.74435
81 0.74434
82 0.744353
83 0.744324
84 0.744316
85 0.744315
86 0.744323
87 0.744335
88 0.744325
89 0.74435
90 0.744373
91 0.744305
92 0.744332
93 0.744301
94 0.744329
95 0.744317
96 0.744368
97 0.744368
98 0.744347
99 0.744358
100 0.744315
101 0.744389
102 0.744385
103 0.744325
104 0.744378
105 0.744367
106 0.744405
107 0.744347
108 0.74436
109 0.744349
110 0.744337
111 0.744324
112 0.744329
113 0.744336
114 0.744346
115 0.744383
116 0.744393
117 0.744367
118 0.744418
119 0.744372
120 0.744393
121 0.744415
122 0.744355
123 0.744413
124 0.744395
125 0.744378
126 0.744412
127 0.744436
128 0.744388
129 0.744374
130 0.744378
131 0.744384
132 0.744387
133 0.7444
134 0.744414
135 0.744423
136 0.744399
137 0.74441
138 0.744408
139 0.744412
140 0.744395
141 0.744361
142 0.744356
143 0.744364
144 0.744384
