0 0
1 0.744287
2 0.743327
3 0.738796
4 0.728213
5 0.709407
6 0.681188
7 0.629397
8 0.556086
9 0.421655
10 0.309775
11 0.214166
12 0.0796564
13 0.0186678
14 -0.0325732
15 -0.0591121
16 -0.0778431
17 -0.0856605
18 -0.0803882
19 -0.0684252
20 -0.0523725
21 -0.0344436
22 -0.0187289
23 -0.00204999
24 0.00291993
25 0.0314353
26 0.0570424
27 0.0725944
28 0.0827377
29 0.0857439
30 0.0834216
31 0.075079
32 0.0148013
33 0.00951731
34 0.00505063
35 0.00140002
36 -0.00108704
37 -0.0014113
38 0.000720126
39 0.0155876
40 0.021518
41 0.0280416
42 0.0374786
43 0.0473683
44 0.0725385
45 0.122711
46 0.15579
47 0.182016
48 0.196062
49 0.203648
50 0.0711194
51 0.172464
52 0.238682
53 0.271771
54 0.286205
55 0.292503
56 0.243485
57 0.20039
58 0.178268
59 0.15104
60 0.134928
61 0.129449
62 0.13951
63 0.113074
64 0.262779
65 0.374343
66 0.370946
67 0.55982
68 0.641786
69 0.641145
70 0.701196
71 0.697486
72 0.655598
73 0.599885
74 0.574856
75 0.571395
76 0.522608
77 0.440685
78 0.496633
79 0.509827
80 0.423332
81 0.575726
82 0.635828
83 0.719307
84 0.704223
85 0.666116
86 0.625825
87 0.50199
88 0.551938
89 0.597988
90 0.729708
91 0.6834
92 0.676939
93 0.688169
94 0.765866
95 0.860138
96 0.920625
97 0.964492
98 1.02849
99 1.06954
100 1.10614
101 1.09512
102 0.977735
103 1.04947
104 1.08185
105 1.07095
106 0.887468
107 0.889467
108 0.844844
109 0.7668
110 0.62389
111 0.466325
112 0.361388
113 0.482205
114 0.338654
115 0.234784
116 0.175108
117 0.142526
118 0.134404
119 0.147544
120 0.139505
121 0.32847
122 0.459208
123 0.450204
124 0.665543
125 0.829153
126 0.876227
127 0.855153
128 0.685459
129 0.706944
130 0.641538
131 0.492533
132 0.248835
133 0.194996
134 0.0746912
135 -0.117984
136 -0.219288
137 -0.177465
138 -0.278919
139 -0.461684
140 -0.698529
141 -0.797014
142 -0.578707
143 -0.605392
144 -0.0656065
145 0.312368
146 -0.00671197
147 -0.485556
148 -0.253623
149 -0.174943
150 -0.0801276
151 -0.197344
152 -0.131
153 0.173019
154 0.152868
155 0.380453
156 0.558379
157 0.743228
158 0.964331
159 1.01389
160 1.05268
161 1.06651
162 0.946482
163 0.982348
164 0.981835
165 0.946391
166 0.717051
167 0.686417
168 0.624786
169 0.896587
170 0.562422
171 0.293795
172 0.119071
173 0.0323211
174 -0.2137
175 -0.387116
176 -0.417092
177 -0.350029
178 -0.19835
179 -0.0132938
180 0.300866
181 0.230484
182 0.00124843
183 0.116443
184 0.348892
185 0.681075
186 0.902783
187 0.638801
188 0.623741
189 0.703661
190 0.513003
191 0.658849
192 0.757233
193 0.686154
194 0.531502
195 0.238968
196 -0.0235836
197 -0.368724
198 -0.57591
199 -0.919822
200 -1.11246
201 -1.1784
202 -1.17351
203 -1.16977
204 -1.09945
205 -0.881241
206 -0.775497
207 -0.687977
208 -0.549821
209 -0.397941
210 -0.278585
211 -0.164271
212 -0.123632
213 0.0430958
214 0.109666
215 0.147252
216 0.14315
217 0.304311
218 0.386463
219 0.35009
220 0.240378
221 0.11445
222 -0.0317725
223 0.0842439
224 0.129652
225 0.0187512
226 -0.0744018
227 -0.237597
228 -0.317397
229 -0.359789
230 -0.259437
231 -0.0926319
232 0.015578
233 0.212552
234 0.462743
235 0.672606
236 0.789822
237 1.02624
238 1.11851
239 1.12701
240 1.19223
241 1.16329
242 1.12207
243 0.896966
244 0.739961
245 0.588752
246 0.497929
247 0.485242
248 0.477143
249 0.474951
250 0.467758
251 0.44604
252 0.488495
253 0.542187
254 0.530083
255 0.523181
256 0.516139
257 0.586543
258 0.582229
259 0.605391
260 0.6891
261 0.751998
262 0.845054
263 0.930674
264 1.06888
265 1.16206
266 1.22895
267 1.27059
268 1.28625
269 1.27971
270 1.26171
271 1.1781
272 1.14995
273 1.08805
274 1.00062
275 0.874914
276 0.790411
277 0.742369
278 0.664789
279 0.58551
280 0.451956
281 0.376791
282 0.347856
283 0.296272
284 0.279809
285 0.302065
286 0.337891
287 0.380896
288 0.360708
289 0.477346
290 0.624874
291 0.598596
292 0.553846
293 0.57679
294 0.594346
295 0.60197
296 0.653306
297 0.67583
298 0.680597
299 0.629487
300 0.622506
301 0.610318
302 0.607112
303 0.585409
304 0.565024
305 0.550913
306 0.591555
307 0.615095
308 0.623252
309 0.622342
310 0.578638
311 0.665912
312 0.70998
313 0.732998
314 0.701803
315 0.656309
316 0.644698
317 0.632649
318 0.630464
319 0.641484
320 0.638108
321 0.810748
322 0.808791
323 1.03845
324 1.0782
325 1.05015
326 1.08624
327 1.04587
328 0.960956
329 0.846683
330 0.811377
331 0.769661
332 0.693237
333 0.556998
334 0.570317
335 0.546562
336 0.405879
337 0.530679
338 0.58365
339 0.651388
340 0.623326
341 0.572852
342 0.525139
343 0.438827
344 0.506031
345 0.565315
346 0.706569
347 0.703724
348 0.679021
349 0.793951
350 0.925831
351 1.00076
352 1.0335
353 1.1077
354 1.15929
355 1.17539
356 1.17786
357 1.14458
358 1.06358
359 1.09372
360 1.08592
361 1.046
362 0.868988
363 0.857508
364 0.811871
365 0.724607
366 0.601394
367 0.491996
368 0.386605
369 0.313185
370 0.386916
371 0.292322
372 0.219772
373 0.185037
374 0.17429
375 0.1873
376 0.166129
377 0.361357
378 0.5088
379 0.460021
380 0.701393
381 0.827204
382 0.883416
383 0.865305
384 0.664031
385 0.689786
386 0.62121
387 0.471432
388 0.204083
389 0.130301
390 -0.000269622
391 -0.198144
392 -0.260872
393 -0.219814
394 -0.320016
395 -0.528085
396 -0.758753
397 -0.753436
398 -0.587907
399 -0.644524
400 0.0743213
401 0.252014
402 -0.105181
403 -0.45201
404 -0.329226
405 -0.196147
406 -0.153206
407 -0.252185
408 -0.0940426
409 0.193746
410 0.192128
411 0.399841
412 0.610212
413 0.77944
414 0.95669
415 1.11477
416 1.16414
417 1.18798
418 1.04241
419 1.07873
420 1.07272
421 1.02299
422 0.772963
423 0.714743
424 0.652014
425 0.904444
426 0.555253
427 0.274799
428 0.0692601
429 -0.00486848
430 -0.286257
431 -0.437947
432 -0.469345
433 -0.388868
434 -0.200532
435 -0.00154308
436 0.291912
437 0.301151
438 0.00817294
439 0.0886558
440 0.358004
441 0.676546
442 0.937688
443 0.744421
444 0.756878
445 0.657974
446 0.595066
447 0.703178
448 0.801742
449 0.738947
450 0.606317
451 0.257192
452 -0.0528914
453 -0.402305
454 -0.620879
455 -0.958046
456 -1.13416
457 -1.13181
458 -1.17092
459 -1.13689
460 -0.925667
461 -0.819
462 -0.699148
463 -0.618074
464 -0.474449
465 -0.321008
466 -0.203826
467 -0.095381
468 -0.0943353
469 0.0428769
470 0.136377
471 0.169857
472 0.155472
473 0.285497
474 0.369587
475 0.344233
476 0.239547
477 0.11302
478 -0.0384367
479 -0.0870181
480 0.100513
481 -0.0390274
482 -0.0692358
483 -0.222678
484 -0.343225
485 -0.411078
486 -0.401122
487 -0.279796
488 -0.157194
489 -0.0603179
490 0.12527
491 0.390114
492 0.589682
493 0.706682
494 0.919678
495 1.03443
496 1.06731
497 1.12636
498 1.10488
499 1.04953
500 0.862945
501 0.679328
502 0.548053
503 0.490252
504 0.480316
505 0.478216
506 0.476697
507 0.467916
508 0.449019
509 0.4875
510 0.536395
511 0.523369
512 0.513611
513 0.496063
514 0.533539
515 0.566503
516 0.594678
517 0.670488
518 0.732217
519 0.823876
520 0.928324
521 1.04569
522 1.14715
523 1.20374
524 1.24604
525 1.26345
526 1.26004
527 1.24561
528 1.20867
529 1.15313
530 1.11238
531 1.02897
532 0.928813
533 0.821598
534 0.779518
535 0.700178
536 0.624525
537 0.493745
538 0.406437
539 0.376789
540 0.326893
541 0.302502
542 0.319904
