0 0
-40.62 108.73
-40.62 108.73
-40.62776 108.7236
-40.66714 108.6915
-40.75361 108.6202
-40.89565 108.5012
-41.08568 108.338
-41.38602 108.0707
-41.74113 107.7391
-42.30617 107.1887
-42.87455 106.6634
-43.55243 106.0813
-44.3398 105.4362
-45.23348 104.7293
-46.36319 103.8619
-47.33269 103.1343
-48.53204 102.2458
-50.16492 101.0478
-51.57463 100.019
-53.07169 98.92477
-54.65224 97.76299
-56.31268 96.53177
-57.82837 95.39617
-59.62947 94.03053
-61.26347 92.77553
-62.9497 91.46397
-64.93806 89.89483
-66.72926 88.45968
-68.83302 86.74845
-70.72206 85.18936
-72.93449 83.33736
-75.48971 81.16512
-78.40836 78.64227
-80.80141 76.54184
-82.93615 74.64433
-85.10756 72.69118
-87.63218 70.39078
-89.87704 68.31793
-92.48125 65.87997
-94.79166 63.68582
-97.80237 60.78021
-100.1727 58.4537
-102.9094 55.7225
-105.3258 53.26862
-108.1092 50.38992
-110.9126 47.43087
-113.3789 44.7747
-116.2092 41.66133
-118.6933 38.86841
-121.5379 35.59722
-124.0291 32.66502
-126.8755 29.23342
-129.7171 25.71481
-132.1961 22.56376
-135.017 18.87922
-137.8208 15.10499
-140.9492 10.75096
-143.702 6.784048
-146.0848 3.237537
-148.7729 -0.9031235
-151.0891 -4.603884
-154.0088 -9.470695
-156.227 -13.34225
-158.696 -17.86123
-160.7907 -21.89936
-163.0981 -26.61232
-165.0313 -30.82313
-167.1307 -35.73556
-169.3263 -41.36832
-171.047 -46.26457
-172.3528 -50.37766
-173.4824 -54.32849
-174.5697 -58.64233
-175.4625 -62.77908
-176.2125 -66.97513
-176.8771 -71.80473
-177.2889 -76.16787
-177.494 -79.89375
-177.5556 -83.91964
-177.4725 -87.23615
-177.1754 -91.48118
-176.7135 -95.31523
-175.9492 -99.68059
-175.0801 -103.4166
-174.0862 -106.868
-172.9895 -110.055
-171.7271 -113.1888
-170.2667 -116.3252
-168.5995 -119.4477
-166.4676 -122.9214
-164.3389 -125.9538
-161.679 -129.2794
-159.7507 -131.4342
-156.6299 -134.5565
-154.0182 -136.8818
-150.4316 -139.7228
-147.4703 -141.8048
-143.9122 -144.0395
-140.656 -145.863
-137.2756 -147.5616
-133.2702 -149.3474
-129.6514 -150.7753
-125.3952 -152.2556
-121.5744 -153.4213
-117.1064 -154.6104
-113.1149 -155.5294
-108.4674 -156.4482
-103.7352 -157.2347
-98.3187 -157.9717
-94.04263 -158.4448
-89.09272 -158.8877
-82.81628 -159.3056
-77.72782 -159.5392
-73.22868 -159.6749
-68.03549 -159.7558
-62.78958 -159.7616
-58.15764 -159.7078
-53.48795 -159.6007
-48.7816 -159.4413
-44.03969 -159.2302
-38.57972 -158.9265
-33.07179 -158.5524
-28.22201 -158.1709
-22.64051 -157.6723
-17.72443 -157.1824
-11.36102 -156.4814
-6.37923 -155.8829
-0.6516269 -155.1461
4.38974 -154.4604
10.18528 -153.6367
15.28611 -152.8856
21.14971 -151.9982
26.31031 -151.2008
32.24238 -150.27
37.46265 -149.4402
43.46194 -148.4737
49.49569 -147.4855
55.56231 -146.4702
60.89545 -145.5505
66.24798 -144.5897
72.37624 -143.4377
77.5974 -142.3803
83.27916 -141.1344
88.65231 -139.8297
93.71265 -138.449
99.59737 -136.5981
103.9463 -135.0039
107.9675 -133.2968
112.0888 -131.2384
115.3835 -129.2905
118.6633 -126.9802
121.1934 -124.8444
123.1088 -122.9345
125.1715 -120.4628
126.8053 -118.0222
128.0482 -115.6674
128.9003 -113.5789
129.6519 -111.0335
130.1063 -108.6126
130.3423 -106.0637
130.3551 -103.4085
130.192 -101.0138
129.7951 -98.21214
129.2746 -95.71507
128.4947 -92.81904
127.6614 -90.25414
126.6979 -87.66396
125.7764 -85.42506
124.2399 -82.0365
122.9258 -79.3766
121.3058 -76.31094
119.5707 -73.21618
117.9688 -70.48109
116.05 -67.32257
114.2975 -64.53016
111.9512 -60.89825
110.3339 -58.449
107.8326 -54.73243
105.5364 -51.38556
103.4744 -48.42281
100.4515 -44.13123
97.35112 -39.7633
94.19641 -35.30549
91.66425 -31.65499
89.46982 -28.38243
86.83726 -24.23848
84.76148 -20.71187
82.94389 -17.32688
81.38924 -14.08224
80.10627 -10.97882
78.80672 -6.948592
78.13165 -3.876891
77.83045 -1.644644
77.7097 1.557548
77.84852 3.746745
78.27596 6.29349
78.9267 8.603107
79.98502 11.2113
81.39872 13.78386
83.38055 16.54732
85.50864 18.91661
87.36847 20.67156
89.68784 22.58457
91.86831 24.18258
94.51305 25.93233
97.66037 27.81964
100.2193 29.24286
103.2491 30.83775
105.9839 32.2167
109.1961 33.78699
112.0761 35.16637
115.4397 36.76068
119.3075 38.59108
123.255 40.47528
125.9262 41.76885
129.0779 43.32334
133.1785 45.4054
136.3991 47.09842
140.5703 49.38283
143.8295 51.25475
147.559 53.50923
150.816 55.59405
154.5164 58.11934
159.4303 61.78596
162.3341 64.15752
165.3577 66.84538
168.0645 69.50695
171.0036 72.78468
173.0058 75.35121
175.0863 78.46339
176.5796 81.14436
177.905 84.08879
178.8832 86.93125
179.6168 89.96613
180.0259 92.80849
180.1793 96.14162
180.0021 99.58404
179.4537 103.0968
178.7714 105.8532
177.7272 109.0083
176.4135 112.1505
174.8428 115.2635
173.2704 117.9541
170.9943 121.3585
169.0379 123.9574
166.6154 126.8708
164.3421 129.3678
161.5761 132.1572
158.6362 134.8708
155.127 137.8229
152.2533 140.0379
149.2563 142.1751
145.6835 144.5142
142.4309 146.4625
138.573 148.567
135.0775 150.2931
130.9503 152.1236
127.2276 153.592
122.8511 155.1072
119.4878 156.1232
114.3212 157.444
110.209 158.295
105.4179 159.0696
101.1538 159.5691
96.20799 159.9333
91.82544 160.069
86.76409 160.0166
81.01452 159.6944
76.51098 159.254
71.33812 158.5549
66.79447 157.7773
60.93637 156.5601
55.71898 155.2845
50.49593 153.8359
45.27067 152.2243
39.39159 150.2301
34.16586 148.3077
29.59393 146.5186
24.36892 144.3605
19.79745 142.3777
14.57396 140.0082
10.00494 137.8474
4.785816 135.281
-1.081109 132.2735
-6.290611 129.4955
-11.4931 126.62
-16.03792 124.0244
-21.22161 120.9672
-26.39167 117.8125
-31.54536 114.5598
-36.03928 111.6328
-41.79263 107.758
-47.5152 103.7579
-52.57372 100.0979
-57.60331 96.33987
-61.9786 92.9715
-66.94783 89.03095
-71.26705 85.50379
-76.16824 81.38259
-80.4246 77.69827
-85.25048 73.39889
-89.43767 69.55965
-93.59008 65.64857
-98.29108 61.09119
-102.9417 56.44041
-106.9674 52.29428
-111.5152 47.46799
-115.4453 43.16761
-119.3261 38.79425
-122.6109 34.98697
-126.9265 29.82514
-130.6379 25.22716
-134.2764 20.56183
-138.3037 15.19415
-141.1736 11.22395
-145.6027 4.824222
-148.834 -0.08696276
-151.5362 -4.379957
-154.5385 -9.383767
-157.0819 -13.85013
-159.5345 -18.3925
-162.522 -24.3065
-165.2222 -30.10484
-168.0709 -36.85531
-169.849 -41.52736
-171.3947 -45.99592
-172.723 -50.26059
-173.9057 -54.54057
-174.9554 -58.92064
-175.9552 -63.93507
-176.6379 -68.23199
-177.0783 -71.80211
-177.4189 -75.6835
-177.6077 -79.58556
-177.6364 -83.56476
-177.5176 -87.10335
-177.2045 -91.17767
-176.7913 -94.59369
-176.0159 -99.11298
-175.1453 -102.9024
-174.052 -106.7035
-172.8727 -110.1046
-171.2973 -113.9355
-169.6644 -117.3258
-167.82 -120.6548
-166.0424 -123.4857
-163.8239 -126.6179
-161.403 -129.6351
-158.7834 -132.5264
-155.9574 -135.2919
-152.1223 -138.5658
-149.2452 -140.7221
-145.7746 -143.0405
-142.5869 -144.9351
-138.7839 -146.9432
-135.3262 -148.5613
-131.2379 -150.2518
-127.5511 -151.5946
-123.2227 -152.9773
-119.3439 -154.0593
-115.386 -155.0266
-111.3555 -155.8845
-107.2578 -156.6392
-103.6954 -157.2085
-98.87873 -157.8631
-93.99054 -158.4091
-89.65842 -158.8042
-85.27749 -159.1271
-80.21372 -159.413
-75.73513 -159.5942
-69.91415 -159.7368
-65.33968 -159.7802
-60.06319 -159.7602
-55.40521 -159.6834
-50.71013 -159.5522
-45.30037 -159.3364
-39.16122 -159.0116
-33.6558 -158.6462
-28.11137 -158.2089
-23.22673 -157.7691
-17.60775 -157.2023
-12.66024 -156.6523
-6.971293 -155.9657
-1.963625 -155.3181
3.79329 -154.5305
8.860309 -153.8058
14.68528 -152.9435
20.54676 -152.0509
26.44496 -151.1346
33.12444 -150.0816
38.35149 -149.2481
44.35868 -148.2793
49.64336 -147.415
55.71383 -146.4024
61.05038 -145.4855
67.17116 -144.3881
73.30897 -143.23
78.55067 -142.1605
84.25818 -140.89
89.65079 -139.5496
94.72662 -138.1223
100.0571 -136.4027
104.4496 -134.7571
108.5072 -132.9895
112.6616 -130.8576
115.5812 -129.0955
118.9207 -126.7082
121.4925 -124.4968
123.4357 -122.5174
125.5201 -119.9518
127.0008 -117.6949
128.0296 -115.7709
128.939 -113.6336
129.5711 -111.6729
130.1564 -108.9784
130.4154 -106.7641
130.4931 -104.128
130.3512 -101.4005
130.0354 -98.95502
129.468 -96.1075
128.8049 -93.57838
127.8702 -90.65305
126.91 -88.06673
125.6648 -85.08267
124.4555 -82.44838
122.9471 -79.4117
121.3136 -76.34741
119.5675 -73.25291
117.7205 -70.12523
116.0277 -67.35992
114.0112 -64.16576
111.914 -60.93357
110.0188 -58.07188
107.5042 -54.34563
104.9059 -50.5663
102.8306 -47.58925
100.1002 -43.70978
97.93588 -40.64792
95.11663 -36.64452
92.28552 -32.5477
89.79156 -28.80777
87.44696 -25.11239
85.34368 -21.56957
83.06493 -17.34704
81.1853 -13.34888
79.84517 -9.944183
78.842 -6.730875
78.22967 -4.047854
77.86833 -1.542419
77.73701 1.043977
77.82841 3.236566
78.32106 6.374323
79.09008 9.000399
80.21175 11.6292
81.69251 14.21312
83.74659 16.9817
85.94116 19.3457
88.13915 21.33368
90.23012 22.98838
92.78758 24.79235
95.50317 26.51542
98.35722 28.17419
100.9547 29.58753
103.6356 30.97782
106.3923 32.35601
109.6271 33.9293
112.525 35.31468
115.9069 36.91952
118.9222 38.35128
121.9853 39.81637
125.5387 41.54086
129.1416 43.32946
132.7873 45.19195
136.007 46.88968
139.7134 48.91728
142.9723 50.77755
146.7044 53.01473
149.9671 55.07997
153.6787 57.57737
157.7716 60.55109
161.2064 63.26168
164.3265 65.94992
167.1296 68.61469
169.6163 71.24812
172.2858 74.47837
174.0817 76.99301
175.756 79.72498
176.8196 81.76216
177.8329 84.07639
178.7916 86.86852
179.5147 89.8517
179.9583 93.00571
180.0865 96.30176
179.8936 99.70605
179.4207 102.7929
178.6654 105.9108
177.4859 109.4275
176.157 112.541
174.7876 115.2428
173.0009 118.2951
170.9911 121.3012
168.4804 124.6188
166.0399 127.5047
163.7513 129.9767
160.9683 132.7361
158.3909 135.0877
155.2872 137.6961
152.0188 140.2122
149.0271 142.331
145.461 144.6495
142.2149 146.5802
138.8543 148.4123
135.3823 150.1382
131.8022 151.7503
127.583 153.4436
122.6811 155.1444
118.7609 156.3075
114.1734 157.4567
110.0722 158.2978
105.294 159.0627
100.429 159.6118
96.10902 159.9127
91.11017 160.0491
86.6903 159.9882
80.95557 159.6647
76.46326 159.2255
71.30273 158.5297
66.76941 157.7564
61.57417 156.6922
57.0196 155.6114
52.45944 154.3976
46.59205 152.6512
41.37502 150.9349
36.15766 149.0739
30.94092 147.0777
25.07242 144.6837
20.5081 142.7201
15.29277 140.3713
10.0794 137.9148
4.869015 135.3538
-0.3373192 132.6912
-6.188015 129.5769
-11.38111 126.7045
