0 0
1 0.744287
2 0.744227
3 0.740012
4 0.729823
5 0.715897
6 0.676949
7 0.628447
8 0.541331
9 0.442393
10 0.342754
11 0.262513
12 0.117975
13 0.0450856
14 0.00247565
15 -0.0246635
16 -0.0455176
17 -0.0555856
18 -0.0596061
19 -0.0577404
20 -0.0511853
21 -0.0385624
22 -0.0249101
23 -0.0139907
24 -0.00753828
25 0.0262703
26 0.0521762
27 0.0672902
28 0.0746259
29 0.0770246
30 0.0746732
31 0.0680423
32 0.0125969
33 0.00926055
34 0.00633643
35 0.00377897
36 0.00276669
37 0.00343582
38 0.00647522
39 0.0215419
40 0.0277276
41 0.0342605
42 0.043403
43 0.0544125
44 0.0849655
45 0.131904
46 0.162315
47 0.185687
48 0.197667
49 0.203122
50 0.0900295
51 0.202842
52 0.256288
53 0.280333
54 0.315796
55 0.276787
56 0.239398
57 0.203508
58 0.179672
59 0.154659
60 0.140696
61 0.136945
62 0.14513
63 0.166077
64 0.255548
65 0.357981
66 0.423384
67 0.532015
68 0.628623
69 0.538049
70 0.681128
71 0.70974
72 0.690788
73 0.64251
74 0.582998
75 0.580991
76 0.562817
77 0.512471
78 0.447832
79 0.484728
80 0.483912
81 0.383718
82 0.527985
83 0.565686
84 0.632915
85 0.605438
86 0.560746
87 0.524754
88 0.390641
89 0.44061
90 0.487527
91 0.640368
92 0.594264
93 0.583057
94 0.585776
95 0.697979
96 0.780336
97 0.797779
98 0.901915
99 0.969317
100 1.02151
101 1.00686
102 0.864985
103 0.927223
104 0.964566
105 0.959572
106 0.919106
107 0.773415
108 0.762672
109 0.731199
110 0.65727
111 0.510453
112 0.378548
113 0.312849
114 0.429279
115 0.304822
116 0.238599
117 0.197564
118 0.179535
119 0.180308
120 0.201007
121 0.212033
122 0.391177
123 0.511712
124 0.510284
125 0.707093
126 0.83841
127 0.877281
128 0.859601
129 0.655496
130 0.690212
131 0.635136
132 0.496217
133 0.211913
134 0.167552
135 0.0142202
136 -0.15345
137 -0.246152
138 -0.198404
139 -0.292357
140 -0.493755
141 -0.69229
142 -0.754252
143 -0.568119
144 -0.57211
145 -0.283705
146 0.329751
147 0.168994
148 -0.239319
149 -0.360111
150 -0.418728
151 -0.199594
152 -0.310466
153 -0.392467
154 -0.219613
155 -0.0174291
156 0.107515
157 0.0912469
158 0.261699
159 0.430722
160 0.56495
161 0.765965
162 0.826624
163 0.888888
164 0.924043
165 0.861164
166 0.921914
167 0.947905
168 0.93951
169 0.73726
170 0.715421
171 0.6779
172 0.636468
173 0.656905
174 0.349694
175 0.167571
176 0.0632364
177 -0.254735
178 -0.403823
179 -0.435384
180 -0.378389
181 -0.233775
182 -0.0547522
183 0.187719
184 0.333726
185 -0.0288473
186 0.137982
187 0.438455
188 0.733828
189 0.84187
190 0.611892
191 0.657521
192 0.432358
193 0.53624
194 0.582068
195 0.470447
196 0.239512
197 -0.0819078
198 -0.460811
199 -0.716808
200 -0.802347
201 -0.977979
202 -1.07406
203 -1.08985
204 -1.02219
205 -0.988309
206 -0.915825
207 -0.702139
208 -0.618652
209 -0.511026
210 -0.462038
211 -0.374502
212 -0.270375
213 -0.205035
214 -0.138074
215 -0.0987068
216 -0.0538101
217 0.00686754
218 0.0309415
219 0.0199961
220 0.102903
221 0.225922
222 0.235959
223 0.168456
224 0.069216
225 -0.0428198
226 -0.152299
227 0.101413
228 0.00416931
229 -0.0537626
230 -0.204152
231 -0.264902
232 -0.330211
233 -0.341061
234 -0.262521
235 -0.140688
236 -0.10072
237 0.0712534
238 0.295144
239 0.53013
240 0.67141
241 0.856852
242 1.01297
243 0.997673
244 1.11071
245 1.12311
246 1.04978
247 0.914494
248 0.741794
249 0.562086
250 0.472633
251 0.462949
252 0.4569
253 0.455463
254 0.446347
255 0.413326
256 0.456316
257 0.514694
258 0.498101
259 0.448228
260 0.47941
261 0.546873
262 0.54163
263 0.568904
264 0.644791
265 0.704467
266 0.79389
267 0.871498
268 1.00929
269 1.10427
270 1.17116
271 1.20397
272 1.22991
273 1.23195
274 1.21851
275 1.19572
276 1.12533
277 1.09797
278 1.03839
279 0.967684
280 0.8655
281 0.767896
282 0.724081
283 0.664018
284 0.583524
285 0.429464
286 0.359257
287 0.325506
288 0.309524
289 0.321433
290 0.357382
291 0.389937
292 0.367972
293 0.469667
294 0.591978
295 0.561219
296 0.509442
297 0.526759
298 0.539121
299 0.542922
300 0.590811
301 0.61886
302 0.630324
303 0.629527
304 0.584495
305 0.579317
306 0.571102
307 0.571906
308 0.559553
309 0.547712
310 0.557054
311 0.604405
312 0.624598
313 0.63091
314 0.488447
315 0.629859
316 0.69761
317 0.767078
318 0.736273
319 0.696183
320 0.661215
321 0.64167
322 0.619127
323 0.595108
324 0.588743
325 0.595337
326 0.659991
327 0.748279
328 0.751194
329 0.906713
330 0.940572
331 0.908381
332 0.910379
333 0.861853
334 0.793331
335 0.719682
336 0.662572
337 0.63532
338 0.572799
339 0.409237
340 0.454062
341 0.456322
342 0.437024
343 0.423171
344 0.50673
345 0.530161
346 0.608911
347 0.590787
348 0.552413
349 0.524873
350 0.39707
351 0.462573
352 0.51984
353 0.682824
354 0.654908
355 0.605905
356 0.689918
357 0.794543
358 0.866765
359 0.93177
360 0.956329
361 1.02108
362 1.05271
363 1.08096
364 1.05984
365 0.927858
366 0.987312
367 0.998203
368 0.975532
369 0.925637
370 0.778343
371 0.753193
372 0.70369
373 0.59719
374 0.427938
375 0.309577
376 0.444407
377 0.297537
378 0.206499
379 0.173432
380 0.16316
381 0.174745
382 0.110906
383 0.332646
384 0.510668
385 0.515048
386 0.702393
387 0.813378
388 0.855563
389 0.828422
390 0.636093
391 0.65303
392 0.579464
393 0.429533
394 0.172036
395 0.0882301
396 -0.0431488
397 -0.210222
398 -0.246141
399 -0.226354
400 -0.365427
401 -0.546643
402 -0.751781
403 -0.626835
404 -0.439499
405 -0.428213
406 0.190414
407 0.656981
408 0.47737
409 0.0599001
410 0.0282287
411 -0.00447671
412 0.0621808
413 0.0681163
414 -0.0859299
415 -0.187517
416 -0.0762449
417 0.0277672
418 0.0776674
419 -0.0218606
420 0.0844511
421 0.22652
422 0.357197
423 0.574812
424 0.662687
425 0.766873
426 0.706289
427 0.868745
428 0.984243
429 1.03766
430 0.872381
431 0.880275
432 0.855696
433 0.808804
434 0.812406
435 0.547647
436 0.302883
437 0.164833
438 -0.165604
439 -0.379096
440 -0.427151
441 -0.338245
442 -0.169214
443 0.0547742
444 0.281762
445 -0.115168
446 -0.0919258
447 0.166512
448 0.50069
449 0.860354
450 0.80514
451 0.690711
452 0.814055
453 0.677653
454 0.716747
455 0.935098
456 0.959267
457 0.881169
458 0.64983
459 0.3137
460 -0.0700108
461 -0.454128
462 -0.696244
463 -1.04446
464 -1.21265
465 -1.24578
466 -1.31003
467 -1.2955
468 -1.11431
469 -1.03404
470 -0.903232
471 -0.815644
472 -0.641726
473 -0.493915
474 -0.340216
475 -0.209507
476 -0.141493
477 0.024565
478 0.115496
479 0.161458
480 0.193671
481 0.410415
482 0.442115
483 0.339408
484 0.216748
485 -0.00393056
486 0.171168
487 0.147662
488 0.0605496
489 -0.0725741
490 -0.189141
491 -0.258579
492 -0.336529
493 -0.369699
494 -0.284975
495 -0.232386
496 -0.0647254
497 0.196383
498 0.431595
499 0.62817
500 0.768402
501 0.935923
502 0.854186
503 0.98955
504 1.01805
505 0.974604
506 0.890316
507 0.745216
508 0.587329
509 0.403077
510 0.280404
511 0.286125
512 0.283382
513 0.306962
514 0.323316
515 0.333891
516 0.338684
517 0.38812
518 0.45811
519 0.458747
520 0.459253
521 0.443631
522 0.484862
523 0.523989
524 0.539344
525 0.577305
526 0.649875
527 0.712772
528 0.786807
529 0.855472
530 0.962183
531 1.04674
532 1.10621
533 1.13539
534 1.15937
535 1.16231
536 1.15034
537 1.12922
538 1.06741
539 1.04327
540 0.989559
541 0.925614
542 0.808181
543 0.746929
544 0.698551
545 0.630339
546 0.551243
547 0.43204
548 0.371081
549 0.353153
550 0.323106
551 0.315176
552 0.348747
553 0.377255
554 0.410161
