0 0
1 0.4380091
2 4.380013
3 3.26036
4 2.008885
5 1.86606
6 2.898827
7 4.331081
8 5.902638
9 7.472522
10 9.262014
11 11.24069
12 13.27778
13 15.33843
14 17.41476
15 19.05321
16 20.87587
17 22.26104
18 23.82318
19 25.16787
20 26.68019
21 28.16764
22 29.63057
23 31.06947
24 32.30902
25 33.87651
26 35.24545
27 36.59177
28 38.40685
29 39.70118
30 41.13178
31 42.38113
32 43.60992
33 44.81845
34 45.85952
35 47.03082
36 48.18294
37 49.31595
38 50.43027
39 51.39019
40 52.60395
41 53.53243
42 54.44744
43 55.60439
44 56.48936
45 57.48505
46 58.34274
47 59.30773
48 60.13898
49 61.07423
50 61.87983
51 62.6738
52 63.56681
53 64.33612
54 65.30882
55 66.05296
56 66.88985
57 67.61079
58 68.42176
59 69.12015
60 69.90553
61 70.58192
62 71.34249
63 71.9974
64 72.64233
65 73.36745
66 73.99126
67 74.69247
68 75.29584
69 71.94946
70 67.17931
71 62.99922
72 59.37562
73 58.56055
74 59.63297
75 60.45103
76 56.01751
77 52.13085
78 51.62449
79 52.95502
80 53.99833
81 55.40372
82 51.51919
83 48.15971
84 44.87398
85 44.11802
86 45.30781
87 46.62258
88 48.05529
89 49.17956
90 50.42197
91 51.50721
92 52.70663
93 53.62325
94 54.65463
95 55.66903
96 56.54399
97 57.52922
98 58.37375
99 59.21389
100 60.03689
101 60.96874
102 61.88411
103 62.89328
104 63.78161
105 64.648
106 65.50826
107 66.24533
108 67.07879
109 67.89616
110 68.7015
111 69.49363
112 70.36945
113 71.13464
114 71.98045
115 72.71944
116 73.35608
117 74.1613
118 75.03857
119 75.67117
120 76.33811
121 76.9624
122 77.55388
123 78.27318
124 78.90741
125 79.53024
126 80.14314
127 80.67133
128 81.26581
129 81.77798
130 82.28292
131 82.85109
132 83.40997
133 83.89141
134 84.3659
135 84.89977
136 85.35958
137 85.81249
138 86.32192
139 86.55509
140 81.65225
141 77.3423
142 73.34078
143 69.96289
144 65.24542
145 61.55918
146 57.51153
147 53.56493
148 50.56202
149 46.78002
150 43.50079
151 40.30015
152 37.56098
153 34.5025
154 30.94859
155 32.05255
156 33.42936
157 34.78779
158 35.96125
159 37.45024
160 38.59209
161 39.8744
162 41.13321
163 42.21954
164 43.44526
165 44.65213
166 45.8383
167 47.0081
168 48.15921
169 49.14946
170 50.12684
171 51.22681
172 52.17464
173 53.2407
174 54.15939
175 55.19363
176 56.21069
177 57.21117
178 58.19526
179 59.04317
180 59.9972
181 60.9354
182 61.85794
183 62.87483
184 63.76112
185 58.33125
186 53.51044
187 48.018
188 44.31787
189 41.09654
190 36.79034
191 32.62579
192 30.04238
193 31.1675
194 33.06402
195 34.92663
196 36.26812
197 37.76097
198 39.21879
199 40.4985
200 41.91362
201 42.99775
202 44.2186
203 45.26775
204 46.44917
205 47.4656
206 48.46852
207 49.4567
208 50.70628
209 51.66228
210 52.73801
211 53.66475
212 54.70733
213 55.60532
214 56.49022
215 57.60875
216 58.58506
217 59.42514
218 60.36992
219 61.29819
220 62.09674
221 62.88213
222 60.26152
223 56.26083
224 52.78544
225 49.80809
226 46.47725
227 42.82395
228 39.26502
229 36.17878
230 36.61377
231 38.08095
232 39.35854
233 40.61555
234 42.00374
235 42.02307
236 38.47597
237 38.77225
238 40.35634
239 41.60725
240 42.84587
241 43.91061
242 45.10583
243 46.14275
244 47.16129
245 48.30378
246 49.29071
247 50.53721
248 51.48994
249 52.42909
250 53.35462
251 54.39558
252 55.41948
253 56.55036
254 57.41498
255 58.38782
256 59.46228
257 60.39998
258 61.20744
259 62.22761
260 63.11801
261 63.99364
262 64.85417
263 65.70141
264 66.42716
265 67.35348
266 68.0543
267 68.84888
268 69.63563
269 70.39998
270 71.06396
271 71.81691
272 72.45888
273 73.09149
274 73.81025
275 74.51846
276 75.20748
277 75.8097
278 76.56586
279 77.14405
280 77.71556
281 78.35803
282 78.91177
283 79.53501
284 80.07211
285 80.67651
286 81.19728
287 81.78328
288 82.3597
289 82.92657
290 83.41492
291 83.96441
292 84.5048
293 85.03624
294 85.55898
295 86.07304
296 86.51581
297 87.01405
298 87.44321
299 87.92605
300 88.34192
301 88.80997
302 89.21305
303 89.66658
304 90.16783
305 90.71374
306 91.08913
307 91.51141
308 91.87503
309 92.33463
310 92.73584
311 93.08131
312 93.46973
313 93.85138
314 93.15669
315 89.3711
316 85.14562
317 81.52594
318 79.22278
319 79.90531
320 80.58366
321 81.10277
322 81.54032
323 77.48093
324 73.52757
325 70.13972
326 66.82129
327 63.63781
328 64.32505
329 65.18465
330 66.02843
331 62.32883
332 59.17091
333 56.67764
334 57.42567
335 58.27655
336 59.23335
337 55.56299
338 52.11364
339 51.47222
340 52.67347
341 53.97991
342 55.00433
343 51.98114
344 49.02741
345 45.72137
346 44.91469
347 45.9445
348 47.10286
349 48.2423
350 49.22394
351 50.32882
352 51.28114
353 52.35141
354 53.40409
355 54.56806
356 55.70867
357 56.83232
358 57.93052
359 58.8975
360 59.72517
361 60.66363
362 61.584
363 62.37437
364 63.27174
365 64.03831
366 64.90817
367 65.65578
368 66.39135
369 67.22147
370 68.03719
371 68.84019
372 69.72782
373 70.40718
374 71.36066
375 72.29491
376 73.02862
377 73.7504
378 74.4603
379 75.23431
380 75.98112
381 76.48738
382 77.17529
383 77.74239
384 78.38342
385 78.93714
386 79.55953
387 80.09614
388 80.62507
389 81.1465
390 81.73328
391 82.31053
392 82.87829
393 83.36745
394 83.91777
395 84.39188
396 84.85911
397 85.44971
398 85.90117
399 86.28568
400 87.00681
401 83.27682
402 79.29587
403 75.25878
404 71.36135
405 67.06499
406 63.33257
407 59.23156
408 55.66889
409 52.17802
410 48.76925
411 45.42975
412 42.57074
413 38.99185
414 35.89054
415 32.8687
416 29.92197
417 30.72719
418 32.12848
419 33.51865
420 34.72141
421 36.07259
422 37.23771
423 38.54987
424 39.68016
425 40.95248
426 41.89247
427 43.12835
428 44.19234
429 45.2411
430 46.27467
431 47.43818
432 48.44106
433 49.56894
434 50.67846
435 51.9049
436 52.9764
437 54.02998
438 55.0663
439 56.08566
440 57.08839
441 58.07465
442 59.16481
443 60.23399
444 61.16611
445 61.9687
446 58.92244
447 54.52654
448 51.08841
449 46.09711
450 42.45078
451 38.49851
452 34.28997
453 30.21559
454 30.82288
455 32.20454
456 33.568
457 35.24954
458 36.90388
459 38.53165
460 39.97333
461 41.24067
462 42.48521
463 43.70911
464 44.76851
465 45.95682
466 46.9835
467 48.13601
468 49.1278
469 50.24544
470 51.20776
471 52.15654
472 53.09154
473 54.14367
474 55.04995
475 56.06944
476 56.94759
477 57.93525
478 58.78577
479 59.62359
480 60.56483
481 61.375
482 62.28576
483 62.61093
484 58.99086
485 55.02535
486 52.00493
487 48.62883
488 45.32963
489 41.70794
490 38.18146
491 38.338
492 39.45798
493 40.71283
494 41.94442
495 38.78947
496 34.95935
497 34.94211
498 36.27332
499 37.58465
500 39.03684
501 40.46833
502 41.71931
503 42.95337
504 44.16718
505 45.21264
506 46.38939
507 47.54654
508 48.68407
509 49.80309
510 50.90392
511 52.11913
512 53.04862
513 53.96478
514 55.12283
515 56.13398
516 57.12839
517 57.98375
518 58.94654
519 59.77531
520 60.70741
521 61.62373
522 62.52415
523 63.40926
524 64.06366
525 65.02947
526 65.76862
527 66.49391
528 67.41998
529 68.12115
530 69.01049
531 69.69909
532 70.36961
533 71.02935
534 71.78004
535 72.42952
536 73.1486
537 73.86643
538 74.48794
539 75.26123
540 76.0321
541 76.78381
542 77.52245
543 78.24803
544 78.96042
545 79.50555
546 80.19504
547 80.79743
548 81.38996
549 81.97277
550 82.54606
551 83.10989
552 83.73307
553 84.34478
