0 0
1 -0.00214534
2 -0.00128571
3 0.00207098
4 0.00781611
5 0.0172302
6 0.0332562
7 0.0533342
8 0.0763165
9 0.107444
10 0.117842
11 0.106763
12 0.0798284
13 0.0552468
14 0.0362948
15 0.0191861
16 0.00998866
17 0.00240701
18 -0.00230012
19 -0.00575595
20 -0.00776398
21 -0.00837026
22 -0.00823079
23 -0.0076953
24 -0.0153007
25 -0.0125252
26 -0.00946595
27 -0.0051041
28 -0.00227416
29 0.000182325
30 0.00174418
31 0.00271227
32 0.00072493
33 0.00066248
34 0.00035287
35 -0.000132113
36 -0.000714188
37 -0.00132288
38 -0.00130018
39 -0.00172673
40 -0.00202438
41 -0.00227558
42 -0.00253187
43 -0.0130742
44 -0.00946579
45 -0.00650002
46 -0.00346022
47 -0.0011802
48 0.000950886
49 -0.0247182
50 -0.0171209
51 -0.0095443
52 -0.00380511
53 0.00205879
54 0.0115057
55 0.0122539
56 0.011885
57 0.00980138
58 0.00868422
59 0.00658814
60 0.00427161
61 0.00139289
62 -0.00121166
63 -0.0281229
64 -0.0158485
65 -0.00768293
66 -0.0279472
67 -0.00954839
68 -0.0413203
69 -0.00764265
70 0.00824929
71 0.0149106
72 0.0168854
73 -0.00189335
74 0.00944687
75 0.0149456
76 -0.0204198
77 -0.00667759
78 0.000670775
79 -0.0462361
80 -0.0134517
81 -0.0137105
82 0.00169512
83 0.0068936
84 0.00670724
85 0.00510548
86 -0.0166429
87 -0.0125869
88 -0.0106665
89 0.0136511
90 0.00680062
91 -0.0177364
92 -0.0167676
93 -0.0144313
94 -0.0109786
95 -0.0210562
96 -0.013724
97 -0.00715413
98 -0.000942374
99 0.00657138
100 0.0104653
101 -0.0166024
102 -0.00284791
103 0.0078049
104 0.0163432
105 0.00520453
106 0.0124029
107 0.018167
108 0.0347414
109 0.0318095
110 0.0279734
111 0.0228751
112 0.0345578
113 0.0258118
114 0.0184393
115 0.0124675
116 0.00570907
117 -0.000274891
118 -0.0346389
119 -0.0274454
120 -0.0194317
121 -0.0511222
122 -0.0296295
123 -0.0124481
124 0.00249301
125 0.0148082
126 -0.00895326
127 0.00968856
128 0.0224438
129 0.0318535
130 0.00120848
131 0.0176267
132 0.0275801
133 0.0336408
134 -0.03238
135 -0.00207492
136 0.0200397
137 0.0353342
138 0.0380265
139 -0.0923165
140 -0.0240034
141 0.00868237
142 -0.298875
143 -0.0407318
144 0.0552109
145 0.0843979
146 -0.0365038
147 0.0254861
148 -0.0935431
149 -0.00998287
150 -0.0163643
151 -0.157319
152 -0.0949492
153 -0.0829771
154 -0.0976205
155 -0.0964284
156 -0.0912156
157 -0.0811342
158 -0.0553604
159 -0.0476469
160 -0.0331742
161 -0.0630481
162 -0.0441738
163 -0.0217731
164 -0.0019998
165 -0.00384886
166 0.00890895
167 0.0183042
168 0.107398
169 0.092884
170 0.0740757
171 0.055671
172 0.0983476
173 0.0662685
174 0.0317093
175 0.00133604
176 -0.0234377
177 -0.0416985
178 -0.0521754
179 -0.0577695
180 0.113122
181 0.0326943
182 -0.0306519
183 -0.0618268
184 -0.063566
185 0.130078
186 -0.0157038
187 0.164999
188 0.103717
189 0.000862181
190 0.056624
191 0.0891333
192 0.135781
193 0.142375
194 0.133671
195 0.10459
196 0.10767
197 0.0617365
198 0.0238989
199 0.0186154
200 -0.00854222
201 -0.0314404
202 -0.0290475
203 -0.0374556
204 -0.040502
205 -0.0443369
206 -0.0412895
207 -0.0347342
208 -0.0281774
209 -0.0203811
210 -0.0412168
211 -0.0244553
212 -0.011807
213 -0.00138316
214 -0.0643527
215 -0.027331
216 -0.00233666
217 0.017625
218 0.0286582
219 0.0316445
220 0.0293781
221 -0.0913123
222 -0.00259327
223 -0.0251918
224 0.0238757
225 0.0412543
226 0.0179703
227 0.0110508
228 -0.0106583
229 -0.0771408
230 -0.0670141
231 -0.0868337
232 -0.0878586
233 -0.105133
234 -0.0839821
235 -0.123889
236 -0.0842019
237 -0.0450737
238 -0.061681
239 -0.0222412
240 0.00429434
241 0.0258142
242 0.0608207
243 0.0571234
244 0.0497222
245 0.0408818
246 0.00544017
247 0.00692821
248 -0.000572944
249 0.00238153
250 0.00373402
251 -0.016114
252 -0.00793015
253 0.00374308
254 0.0051966
255 0.0046662
256 -0.00476679
257 -0.0046166
258 0.00481556
259 -0.00193428
260 -0.00710164
261 -0.00808259
262 -0.010992
263 -0.0242715
264 -0.0156532
265 -0.00648844
266 -0.000989621
267 0.00287605
268 0.00817401
269 0.0122124
270 0.0136412
271 0.0175002
272 0.0124474
273 0.018131
274 0.022125
275 0.0265336
276 0.0261834
277 0.0119857
278 0.0163317
279 0.0192652
280 0.0210762
281 0.022772
282 0.018162
283 0.01423
284 0.0125085
285 0.00876068
286 0.00500079
287 -0.000141126
288 -0.000175003
289 -6.28289e-05
290 -0.0120698
291 0.012679
292 0.0113798
293 0.00259637
294 0.00351312
295 0.00422625
296 0.00495082
297 -0.00284816
298 0.00156338
299 0.00476944
300 0.00767897
301 0.00710542
302 0.00834507
303 0.00908396
304 0.0097286
305 0.00944491
306 0.00876212
307 -0.00150932
308 0.00318542
309 0.00610977
310 0.00775617
311 -0.0121435
312 -0.00239718
313 0.00474743
314 0.0146198
315 0.0148255
316 0.0139279
317 0.0119103
318 0.00963865
319 0.00709815
320 0.00496639
321 -0.0214145
322 -0.00787874
323 0.000930144
324 -0.0190029
325 -0.00254029
326 0.010298
327 -0.0126983
328 0.00760033
329 0.0204573
330 0.0267823
331 0.0282373
332 0.00755715
333 0.0190539
334 0.0236647
335 -0.0158354
336 -0.00231101
337 0.00453245
338 0.00590153
339 -0.0310505
340 -0.00997105
341 -0.0111473
342 0.000975949
343 0.00431122
344 0.00321763
345 -0.00013915
346 -0.0231405
347 -0.0193805
348 -0.0165631
349 0.0145655
350 0.00799969
351 0.00311985
352 -0.01866
353 -0.0162449
354 -0.01209
355 -0.00664841
356 -0.012006
357 -0.00265571
358 0.00426881
359 0.0111254
360 0.0143617
361 -0.0135213
362 -0.0037686
363 0.00587957
364 0.0127547
365 -0.000717607
366 0.00614217
367 0.0112925
368 0.0312862
369 0.0288326
370 0.0255766
371 0.0213142
372 0.0177631
373 0.0273686
374 0.0192548
375 0.0133784
376 0.00813013
377 0.0037062
378 -0.0357024
379 -0.0270302
380 -0.0197893
381 -0.0117395
382 -0.0367733
383 -0.019055
384 -0.005243
385 0.00823973
386 0.0178684
387 -0.00449586
388 0.0107612
389 0.0242131
390 0.0334674
391 0.00570872
392 0.0186153
393 0.0285574
394 0.0332224
395 -0.0270773
396 0.00800104
397 0.026115
398 0.0365047
399 0.0371788
400 -0.0531035
401 -0.00142571
402 0.0230542
403 -0.139312
404 0.027623
405 0.0803237
406 -0.0990242
407 0.0139397
408 -0.149224
409 -0.0216497
410 -0.0251826
411 -0.164892
412 -0.101287
413 -0.117124
414 -0.113364
415 -0.110205
416 -0.0976102
417 -0.0743322
418 -0.0431268
419 -0.0250483
420 -0.00368632
421 -0.0377615
422 -0.0171517
423 -0.000628637
424 0.0144947
425 0.0231731
426 0.0115519
427 0.0154662
428 0.0174828
429 0.105465
430 0.0854788
431 0.066453
432 0.0445616
433 0.090894
434 0.0513382
435 0.0189881
436 -0.00891304
437 -0.0309229
438 -0.0467095
439 -0.0560278
440 -0.059269
441 0.11819
442 0.0336845
443 -0.0211057
444 -0.0501913
445 -0.0613985
446 -0.0507767
447 0.131253
448 -0.0127748
449 0.211955
450 0.0948746
451 -0.0112712
452 0.0402337
453 0.0728369
454 0.11459
455 0.113173
456 0.149768
457 0.136516
458 0.139783
459 0.0915323
460 0.0484384
461 0.0436571
462 0.00595686
463 -0.0181884
464 -0.0230142
465 -0.0356191
466 -0.0430935
467 -0.0496356
468 -0.0480123
469 -0.0438842
470 -0.0379649
471 -0.0310654
472 -0.0533343
473 -0.0369497
474 -0.0201223
475 -0.00775516
476 0.00334826
477 -0.0440446
478 -0.0144311
479 0.010345
480 0.0247056
481 0.0327808
482 0.033271
483 -0.107323
484 -0.0120661
485 0.0271174
486 0.0162332
487 0.0415802
488 0.0127707
489 0.0186273
490 0.000946233
491 -0.0216015
492 -0.0695429
493 -0.0933977
494 -0.0885374
495 -0.094411
496 -0.104851
497 -0.0874003
498 -0.0683649
499 -0.0822305
500 -0.0428611
501 -0.06573
502 -0.0255211
503 0.00393481
504 0.0216472
505 0.0588035
506 0.0525875
507 0.0435601
508 0.0327245
509 -0.0014866
510 0.000148499
511 -0.00594749
512 -0.00291952
513 -0.00104295
514 -0.0164532
515 -0.00907984
516 0.0025499
517 0.00436181
518 0.00450589
519 -0.00404216
520 -0.00335321
521 0.00605461
522 -0.000317216
523 -0.00412843
524 -0.00573288
525 -0.00865331
526 -0.023799
527 -0.0154348
528 -0.00619553
529 -0.000351252
530 0.00233993
531 0.00673084
532 0.0105015
533 0.0114021
534 0.0153771
535 0.0102719
536 0.0162997
537 0.0202466
538 0.0257308
539 0.0256923
540 0.0128699
541 0.0179702
542 0.0209047
543 0.0218976
544 0.0199623
545 0.0151874
546 0.0136568
547 0.00947085
548 0.00575747
549 0.000927657
550 0.000723121
551 -0.0151791
552 -0.00883293
