0 0
1 0
2 4.380013
3 4.895183
4 2.010028
5 1.874948
6 3.060382
7 4.363196
8 5.953375
9 7.758042
10 9.328357
11 11.31342
12 13.35961
13 15.04889
14 17.15887
15 18.79559
16 20.39394
17 21.96326
18 23.50882
19 25.041
20 26.74199
21 28.41254
22 30.05211
23 31.66139
24 33.06678
25 34.44907
26 35.9769
27 37.31117
28 38.46066
29 39.75407
30 41.02613
31 42.12198
32 43.50774
33 44.56776
34 45.76046
35 46.78791
36 48.08705
37 49.22173
38 50.3376
39 51.43503
40 52.51434
41 53.57584
42 54.74899
43 55.64636
44 56.53074
45 57.52575
46 58.38274
47 59.34716
48 60.17786
49 61.11248
50 61.91752
51 62.82332
52 63.60336
53 64.4811
54 65.23701
55 66.08775
56 66.7163
57 67.54221
58 68.35425
59 69.15274
60 69.73283
61 70.38035
62 70.78691
63 71.20187
64 71.44553
65 71.64237
66 71.52646
67 71.23138
68 70.68275
69 69.94205
70 68.87695
71 66.12296
72 62.38301
73 59.58115
74 58.97534
75 58.69421
76 58.34276
77 57.99578
78 57.35033
79 56.54914
80 55.76384
81 54.96983
82 54.12681
83 53.32359
84 52.32883
85 50.58236
86 48.22707
87 47.53922
88 47.38302
89 47.39869
90 47.65574
91 47.91256
92 48.1643
93 48.36738
94 48.81178
95 49.28242
96 50.026
97 50.84095
98 51.62979
99 52.4955
100 53.46822
101 54.48605
102 55.37974
103 56.38986
104 57.26077
105 58.23763
106 59.20157
107 60.03056
108 61.08038
109 61.9971
110 62.89926
111 63.67651
112 64.44279
113 65.19829
114 66.04872
115 66.7812
116 67.6058
117 68.41668
118 69.11548
119 69.90189
120 70.67535
121 71.62439
122 72.36955
123 73.13133
124 73.98504
125 74.59953
126 75.30252
127 75.9813
128 76.65338
129 77.23154
130 77.8017
131 78.44344
132 78.99643
133 79.54148
134 80.07877
135 80.60833
136 81.20425
137 81.71758
138 82.29519
139 82.75971
140 83.22297
141 83.55353
142 83.48873
143 82.96786
144 82.41022
145 80.93906
146 81.06201
147 76.97421
148 72.55453
149 70.92828
150 67.56808
151 63.81612
152 60.59306
153 56.52641
154 53.00526
155 49.55215
156 46.18226
157 42.48785
158 39.67546
159 36.54502
160 33.12701
161 31.59134
162 32.04343
163 32.78796
164 34.2311
165 35.41615
166 36.76345
167 37.92554
168 39.22948
169 40.35335
170 41.77348
171 42.85696
172 44.07767
173 45.2779
174 46.45864
175 47.62009
176 48.76204
177 49.88527
178 51.12703
179 52.34555
180 53.40972
181 54.45628
182 55.48573
183 56.37265
184 57.37078
185 58.23058
186 59.1977
187 60.61668
188 61.38329
189 60.48177
190 56.79696
191 51.60409
192 47.40065
193 42.47675
194 38.12295
195 34.27878
196 31.28276
197 29.5807
198 30.15381
199 31.27675
200 32.89838
201 34.79312
202 36.14935
203 37.32136
204 38.8015
205 40.09142
206 41.35815
207 42.75796
208 43.82878
209 45.03348
210 46.21849
211 47.23928
212 48.38794
213 49.37754
214 50.491
215 51.58612
216 52.52951
217 53.59081
218 54.505
219 55.6608
220 56.79479
221 57.7846
222 58.75681
223 59.47942
224 59.71175
225 59.46241
226 55.02092
227 50.31092
228 46.56224
229 42.9068
230 38.56802
231 35.88031
232 34.84399
233 35.39872
234 36.10673
235 36.54334
236 36.83458
237 37.19802
238 37.57469
239 38.06599
240 38.58746
241 39.20522
242 40.01907
243 40.80203
244 41.68823
245 43.00854
246 43.93372
247 44.81144
248 45.9488
249 47.19271
250 48.33598
251 49.60023
252 50.70387
253 51.78901
254 52.85661
255 53.69631
256 54.55145
257 55.22534
258 55.88687
259 56.5221
260 56.91499
261 57.22359
262 57.49575
263 57.78638
264 58.05086
265 58.34647
266 58.73547
267 59.11651
268 59.59608
269 60.06207
270 60.66811
271 61.28449
272 61.77085
273 62.37651
274 63.01131
275 63.6325
276 64.38648
277 65.08443
278 65.92247
279 67.07186
280 67.99129
281 68.99213
282 69.68126
283 70.45672
284 71.2196
285 71.87698
286 72.61674
287 73.2541
288 74.06019
289 74.81467
290 75.41784
291 76.2683
292 76.91657
293 77.45255
294 78.03505
295 78.48979
296 78.96593
297 79.46132
298 79.93247
299 80.29591
300 80.55987
301 80.84599
302 81.13873
303 81.38285
304 81.6443
305 81.86037
306 82.05235
307 82.2431
308 82.3867
309 82.52751
310 82.64572
311 82.74672
312 82.82953
313 82.88558
314 82.92794
315 82.95408
316 82.96136
317 82.95229
318 82.89879
319 82.78836
320 82.67316
321 82.47507
322 82.27682
323 81.98009
324 81.60172
325 81.1393
326 80.61803
327 80.12698
328 79.53441
329 78.98296
330 78.23119
331 77.62523
332 76.89039
333 76.23083
334 75.30569
335 74.13457
336 70.59688
337 66.8148
338 63.10351
339 60.16852
340 59.60004
341 59.31643
342 58.9081
343 58.45785
344 58.10736
345 57.32416
346 56.59489
347 55.93841
348 55.20304
349 54.51385
350 53.75051
351 52.84209
352 50.86164
353 49.18912
354 48.53014
355 48.27976
356 48.14261
357 48.07665
358 48.19077
359 48.35399
360 48.65185
361 48.89613
362 49.25509
363 49.93312
364 50.60603
365 51.25754
366 52.0741
367 52.84356
368 53.81823
369 55.08505
370 55.9699
371 56.97298
372 57.83282
373 58.80291
374 59.99226
375 61.04282
376 61.96029
377 63.08638
378 63.97084
379 64.84092
380 65.59094
381 66.43471
382 67.16194
383 67.98024
384 68.8849
385 69.77301
386 70.45237
387 71.31158
388 71.96877
389 72.64659
390 73.40993
391 74.0427
392 74.66263
393 75.36217
394 75.95589
395 76.62828
396 77.28879
397 77.85816
398 78.49897
399 79.05114
400 79.59541
401 80.13191
402 80.66073
403 81.18194
404 81.76836
405 82.26592
406 82.80756
407 83.21893
408 83.62063
409 83.53814
410 82.93538
411 82.38199
412 80.38973
413 76.37469
414 72.91339
415 68.59326
416 64.83412
417 60.69992
418 57.5562
419 54.03209
420 51.01207
421 46.80257
422 43.52034
423 40.7104
424 37.18449
425 34.13337
426 31.10973
427 30.57164
428 31.39693
429 32.39169
430 33.58907
431 34.71213
432 36.17163
433 37.33236
434 38.63915
435 39.76624
436 40.87703
437 42.12809
438 43.20652
439 44.41917
440 45.61231
441 46.9311
442 47.94044
443 49.07697
444 50.3325
445 51.42935
446 52.50821
447 53.56977
448 54.61362
449 55.51296
450 56.65038
451 57.88965
452 58.742
453 59.70091
454 60.6435
455 61.57005
456 61.17078
457 58.02915
458 53.65391
459 49.82349
460 46.07263
461 40.43237
462 36.16505
463 29.82096
464 26.2392
465 26.80375
466 28.6408
467 30.61171
468 31.85493
469 33.60553
470 34.97779
471 36.49901
472 37.66007
473 38.96909
474 40.09606
475 41.36171
476 42.45285
477 43.68009
478 44.88704
479 46.07452
480 47.09741
481 48.1054
482 49.23981
483 50.21707
484 51.31671
485 52.26393
486 53.46155
487 54.37755
488 55.40804
489 56.29541
490 57.41689
491 58.51643
492 59.16727
493 59.38877
494 59.20846
495 54.36666
496 51.09435
497 47.73412
498 44.0533
499 39.29057
500 36.5883
501 35.52343
502 36.06719
503 36.87053
504 37.4442
505 37.57963
506 37.74812
507 37.91628
508 38.19492
509 38.64836
510 39.09428
511 39.82887
512 40.60995
513 41.58352
514 42.50918
515 43.53896
516 44.40816
517 45.31126
518 46.36058
519 47.5176
520 48.65573
521 49.77542
522 50.73988
523 51.82476
524 52.75934
525 53.73686
526 54.50054
527 55.28654
528 55.87505
529 56.43583
530 56.82919
531 57.14569
532 57.38857
533 57.64726
534 57.92027
535 58.19733
536 58.55647
537 58.96906
538 59.49166
539 60.07257
540 60.66675
541 61.2213
542 61.71809
543 62.25442
544 62.90508
545 63.5268
546 64.27677
547 64.98363
548 65.81858
549 66.55222
550 67.38159
551 68.1931
552 68.99294
553 69.87701
554 70.64935
555 71.409
556 72.15628
557 72.80021
558 73.52481
559 74.12642
560 74.84217
561 75.52805
562 76.20796
563 76.85114
564 77.3884
565 77.97561
566 78.50086
567 78.98425
568 79.48656
569 79.96082
570 80.37504
571 80.68395
572 80.93919
573 81.19605
574 81.47477
575 81.70409
576 81.97877
577 82.19196
578 82.32555
579 82.45737
580 82.56694
581 82.68853
582 82.79115
583 82.86333
584 82.91478
585 82.94865
586 82.95578
587 82.94052
