0 0
-40.62 108.73
-40.62 108.73
-40.62468 108.7267
-40.67138 108.6886
-40.75428 108.6202
-40.908 108.491
-41.11198 108.3149
-41.39106 108.0653
-41.75459 107.7249
-42.14724 107.3513
-42.77329 106.792
-43.52923 106.1455
-44.4189 105.4165
-45.56479 104.5127
-46.46434 103.8235
-47.58525 102.9783
-48.80361 102.0714
-50.11651 101.1021
-51.5205 100.0694
-53.20453 98.82953
-54.99447 97.50494
-56.88554 96.09341
-58.87293 94.59272
-60.71678 93.18253
-62.63026 91.69952
-64.86269 89.94318
-66.9146 88.30264
-68.7599 86.80536
-70.92387 85.02358
-73.14455 83.16664
-75.13272 81.48048
-77.74886 79.22903
-79.82886 77.41343
-82.25285 75.26981
-84.41333 73.33417
-87.24287 70.76316
-89.80444 68.39983
-92.40718 65.96268
-95.04836 63.4511
-97.72514 60.86426
-100.4345 58.20127
-103.5176 55.1132
-105.9384 52.64296
-108.3766 50.112
-111.1814 47.14413
-113.6487 44.48022
-116.4799 41.35795
-118.9647 38.5573
-121.8098 35.27736
-124.3014 32.33754
-127.1479 28.89726
-129.6347 25.81572
-132.4681 22.21137
-134.9366 18.98468
-137.7417 15.21298
-139.8317 12.32497
-142.5965 8.394802
-145.3316 4.372939
-148.0312 0.25819
-150.0285 -2.889429
-152.6465 -7.165707
-154.5694 -10.42977
-157.0688 -14.85291
-159.1852 -18.78446
-161.7958 -23.917
-164.2626 -29.12282
-166.0675 -33.20783
-167.9956 -37.90014
-169.5545 -42.01208
-171.1782 -46.69873
-172.4389 -50.71968
-173.526 -54.56082
-174.3287 -57.71081
-175.1466 -61.32462
-175.8504 -64.93723
-176.5834 -69.58672
-177.0143 -73.2
-177.351 -77.30954
-177.5154 -81.37582
-177.4903 -85.89031
-177.2789 -89.841
-176.8893 -93.71898
-176.322 -97.51553
-175.4733 -101.6756
-174.4165 -105.6705
-173.3308 -109.0253
-171.9459 -112.6169
-170.3649 -116.0917
-168.7892 -119.0925
-166.8188 -122.3708
-164.8894 -125.1929
-163.0655 -127.584
-161.1195 -129.8956
-158.1353 -133.0526
-155.5756 -135.4542
-152.5115 -138.0227
-149.252 -140.4456
-146.1942 -142.4712
-142.9899 -144.3755
-139.6408 -146.1571
-136.1506 -147.8177
-132.9861 -149.1714
-129.2503 -150.6053
-125.8836 -151.7634
-121.9314 -152.9786
-117.8742 -154.0806
-114.2432 -154.9549
-109.4704 -155.9594
-105.1348 -156.7425
-100.7167 -157.4262
-96.78657 -157.9458
-92.79913 -158.3948
-88.75687 -158.7761
-84.07283 -159.1331
-79.92023 -159.3796
-75.11497 -159.5892
-70.24859 -159.7243
-65.94207 -159.7828
-60.9668 -159.7835
-55.93628 -159.7153
-49.57316 -159.5347
-44.42482 -159.3143
-38.57449 -158.987
-32.66094 -158.5716
-28.02473 -158.1904
-22.68345 -157.6926
-17.29921 -157.1314
-11.87297 -156.5096
-7.091269 -155.9185
-2.278452 -155.2875
3.25983 -154.5234
8.139067 -153.823
13.04942 -153.0981
17.99092 -152.3528
22.96371 -151.5912
28.68524 -150.7057
33.7249 -149.9195
39.52199 -149.0084
44.6255 -148.1994
50.4888 -147.2585
55.64101 -146.4165
61.53282 -145.4248
67.39766 -144.3939
72.48527 -143.4557
78.92226 -142.1625
83.86552 -141.076
89.33762 -139.7419
95.11323 -138.1338
101.1385 -136.1699
105.1761 -134.6381
109.4604 -132.7533
112.91 -130.9816
116.9095 -128.5292
120.0355 -126.1974
122.7448 -123.7511
125.0321 -121.2264
127.1089 -118.3495
128.3768 -116.1283
129.4778 -113.6521
130.3209 -110.9973
130.7779 -108.7605
131.0188 -106.4954
131.0583 -104.4638
130.8556 -101.4689
130.519 -99.31036
129.9486 -96.78706
129.3039 -94.53522
128.4137 -91.91755
127.5115 -89.59098
126.2006 -86.55099
125.0754 -84.14822
123.6863 -81.36059
122.1941 -78.52859
120.6068 -75.65125
118.9343 -72.72575
117.183 -69.75083
115.356 -66.72681
113.216 -63.26508
110.9896 -59.74077
108.9375 -56.55798
106.8154 -53.33078
104.6227 -50.06143
102.6472 -47.16694
100.3285 -43.81914
98.25186 -40.85228
95.83514 -37.41232
92.16956 -32.12458
89.43731 -28.04219
87.09457 -24.36983
84.68377 -20.32011
81.98343 -15.19959
80.19488 -11.17362
78.62973 -6.640399
77.76794 -2.795122
77.42731 0.4036408
77.42353 2.73377
77.80013 5.926134
78.48449 8.509448
79.41086 10.80552
80.80574 13.31928
82.7879 16.00164
84.50977 17.8724
86.19034 19.44862
88.5621 21.39616
90.84405 23.06505
93.27032 24.68709
96.1553 26.46832
98.50286 27.83096
101.2873 29.37416
104.1719 30.91173
106.7726 32.25956
109.8264 33.8107
112.5657 35.18319
115.7683 36.77564
119.0432 38.3999
121.9645 39.85224
125.3621 41.55422
128.3822 43.08689
132.3236 45.12607
136.3224 47.25373
139.917 49.23042
143.5392 51.30099
147.1699 53.47546
151.2217 56.04616
155.6193 59.05104
160.1268 62.41919
164.099 65.70773
166.9578 68.33086
169.4652 70.88921
172.0601 73.91354
173.4529 75.76537
175.0001 78.10843
176.2369 80.29506
177.3378 82.60572
178.2736 85.03075
179.0213 87.54678
179.6195 90.46535
179.9244 93.12302
180.0103 95.82836
179.8885 98.56874
179.541 101.3312
178.8853 104.4529
178.1863 106.8868
177.1908 109.6676
175.6556 113.1332
174.3924 115.5472
172.9828 117.9443
170.9652 120.9934
168.7259 124.0044
166.5534 126.6475
163.9097 129.5766
161.3866 132.1333
158.7035 134.6374
155.8624 137.0805
153.2509 139.1596
150.1305 141.4571
147.2871 143.39
143.9164 145.4998
139.9807 147.734
136.3683 149.5841
132.6616 151.2964
128.8692 152.8643
124.9968 154.2823
121.0504 155.5455
117.5399 156.5209
113.4637 157.485
109.8431 158.1942
105.6465 158.849
101.9254 159.283
97.61852 159.6203
92.71255 159.795
88.85985 159.7801
84.42104 159.6043
79.94744 159.2615
76.0056 158.8285
71.46925 158.1865
67.47342 157.4991
62.87664 156.5741
56.5071 155.0697
51.25797 153.6483
45.39055 151.88
41.26365 150.5286
36.52914 148.8742
31.77684 147.1071
27.60503 145.4719
22.82305 143.5045
18.62759 141.6988
13.21973 139.2642
7.800173 136.7055
3.578682 134.6306
-2.460592 131.5385
-7.296277 128.9576
-11.5275 126.6219
-16.35974 123.8649
-20.58149 121.3772
-25.39425 118.4494
-30.78858 115.0495
-36.15741 111.5382
-40.90427 108.3252
-45.03453 105.4458
-49.7258 102.0802
-54.38552 98.63618
-58.43623 95.5592
-63.03383 91.97184
-67.02784 88.77236
-70.99345 85.51774
-75.48863 81.73252
-79.38793 78.36463
-83.80355 74.45368
-87.63019 70.97836
-91.42095 67.45392
-95.1742 63.88133
-98.36002 60.78136
-102.0384 57.12142
-105.6733 53.41547
-108.7529 50.20277
-112.8044 45.86773
-116.2951 42.02729
-120.2173 37.58629
-123.1092 34.22041
-126.8944 29.68766
-130.1368 25.68054
-133.7577 21.0564
-137.2813 16.38813
-140.7002 11.68069
-144.0087 6.938043
-146.8088 2.761936
-149.8955 -2.038624
-152.493 -6.261679
-155.6839 -11.71908
-158.0451 -15.9834
-160.6084 -20.87507
-162.728 -25.16893
-164.7244 -29.46609
-166.8449 -34.36658
-168.7565 -39.16264
-170.4342 -43.76356
-171.8874 -48.15855
-173.1288 -52.345
-174.2138 -56.48532
-175.0446 -60.11094
-175.9461 -64.77917
-176.6536 -69.44577
-177.0137 -72.54987
-177.3796 -77.17596
-177.5259 -81.24366
-177.5001 -85.2648
-177.2996 -89.23091
-176.9802 -92.64605
-176.4503 -96.4776
-175.6448 -100.6854
-174.7569 -104.2772
-173.584 -108.1193
-172.2222 -111.8033
-171.0257 -114.5848
-169.5076 -117.6798
-167.6071 -121.0509
-165.7444 -123.9464
-163.9794 -126.3989
-161.2421 -129.763
-158.5696 -132.6381
-156.3582 -134.7715
-153.34 -137.3859
-150.4924 -139.5856
-147.8755 -141.4104
-144.7457 -143.3813
-141.8886 -145.0054
-138.4901 -146.7466
-134.0481 -148.7516
-130.8168 -150.041
-127.0092 -151.4021
-123.5835 -152.4968
-119.5676 -153.6403
-114.4069 -154.915
-109.6369 -155.9181
-105.3037 -156.6991
-99.77153 -157.536
-95.25854 -158.0985
-90.67212 -158.5702
-86.60156 -158.9128
-81.88667 -159.2285
-77.70823 -159.4416
-72.87454 -159.6157
-67.36497 -159.7257
-61.78228 -159.7478
-57.39137 -159.7057
-51.68527 -159.5764
-47.20148 -159.4175
-42.03031 -159.1737
-37.46509 -158.9055
-32.20139 -158.5325
-27.56128 -158.1514
-22.21567 -157.6533
-17.50315 -157.1645
-12.07816 -156.5476
-6.612167 -155.8722
-1.796238 -155.2376
3.74546 -154.469
8.627543 -153.7642
13.5406 -153.0344
18.48475 -152.2842
23.46012 -151.5178
28.46681 -150.7391
34.22684 -149.8367
39.29941 -149.036
45.13208 -148.1073
50.26332 -147.2805
56.89064 -146.1915
62.04779 -145.3165
67.91182 -144.2789
72.9968 -143.331
80.13182 -141.8773
85.58421 -140.6473
90.10143 -139.5218
95.56291 -137.9867
100.0888 -136.531
104.8032 -134.775
108.1874 -133.3145
111.7443 -131.5422
114.5767 -129.9026
118.1606 -127.4348
120.6344 -125.3825
122.5142 -123.5542
124.5504 -121.1952
126.02 -119.1288
127.1937 -117.1275
128.1311 -115.1522
128.9018 -113.0743
129.436 -111.1466
129.8734 -108.8234
130.0995 -106.6933
130.1656 -103.8366
130.0514 -101.5343
129.7307 -98.83087
129.288 -96.41272
128.7008 -93.95352
127.8602 -91.1009
126.986 -88.57266
125.8383 -85.65088
124.5418 -82.69785
122.9171 -79.34118
121.5397 -76.70618
119.8563 -73.66644
117.8366 -70.20768
115.9378 -67.09714
113.9483 -63.95139
111.8761 -60.76793
109.7278 -57.54448
107.7887 -54.69068
105.2188 -50.97483
102.2704 -46.7815
100.1546 -43.80294
97.69377 -40.34975
95.20019 -36.83652
91.77306 -31.89398
88.73759 -27.29852
86.77113 -24.14594
84.28774 -19.83872
82.38641 -16.15553
80.80927 -12.65396
79.03206 -7.572052
78.18726 -3.923644
77.71765 1.030266
77.81111 3.517126
78.1039 5.608765
78.7191 8.017672
79.80003 10.73074
80.72308 12.45957
82.35049 14.89971
83.90623 16.80315
85.90698 18.87749
87.63231 20.43692
89.76875 22.16236
91.76674 23.63009
94.18436 25.26548
96.40801 26.6655
99.06252 28.23916
101.8291 29.79257
104.6998 31.33422
107.2913 32.68036
109.9522 34.03023
113.0731 35.58471
115.8691 36.96165
119.1344 38.56161
122.0485 39.9906
125.867 41.87754
128.8873 43.3919
132.3874 45.18132
135.4873 46.80544
139.5151 48.98585
143.5776 51.28794
146.7455 53.17181
150.3398 55.42359
154.739 58.38132
159.2212 61.6739
163.2066 64.90919
165.8287 67.25551
168.4441 69.83781
171.3929 73.16653
172.8415 75.03201
174.462 77.39235
175.6134 79.317
176.946 81.93487
177.9646 84.39172
178.7034 86.62008
179.3547 89.23412
179.7887 91.90507
179.999 94.61945
179.9525 98.05473
179.6644 100.8213
179.0693 103.9421
178.3053 106.7186
177.1889 109.8341
176.1367 112.2503
174.7442 114.9993
173.3671 117.3863
171.8495 119.753
169.9501 122.4305
167.8792 125.0794
165.6404 127.6971
163.2377 130.2764
161.0035 132.4965
158.3018 134.9845
155.8096 137.1119
152.8187 139.4773
150.0826 141.4795
146.8263 143.68
143.8708 145.5193
140.3805 147.5127
136.7833 149.3787
133.0908 151.1079
129.7885 152.5033
126.4235 153.7849
122.5061 155.1058
119.0195 156.1328
114.9703 157.1565
110.8548 158.0172
106.1493 158.7871
101.3688 159.3422
97.05965 159.6545
92.70052 159.7952
88.85143 159.7773
84.97256 159.6299
80.50567 159.3055
76.56872 158.8889
72.03773 158.2655
68.04576 157.5947
63.45259 156.6892
59.40825 155.7793
54.75928 154.6107
50.08407 153.3122
45.38519 151.8887
40.07349 150.1431
35.33165 148.4677
30.57247 146.6801
25.79768 144.7834
21.60829 143.0366
16.80883 140.9428
12.60107 139.0275
7.184513 136.454
2.364464 134.0626
-2.461179 131.5739
-7.289725 128.9892
-11.51434 126.6499
-16.33911 123.8888
-21.15622 121.0358
-25.96099 118.0929
-31.34705 114.6766
-36.70853 111.1501
-42.04071 107.5154
-46.75113 104.1979
-50.84836 101.2308
-54.9221 98.20453
-59.54804 94.67465
-63.56842 91.5248
-68.69812 87.39298
-73.21835 83.64452
-76.58232 80.78767
-80.47685 77.40692
-84.33719 73.9761
-88.70561 69.99462
-93.02579 65.94924
-96.76449 62.35796
-100.4624 58.71933
-104.636 54.50377
-108.2392 50.76612
-112.2985 46.43914
