0 0
1 0.74436
2 0.740688
3 0.729771
4 0.713825
5 0.678427
6 0.625955
7 0.556782
8 0.473241
9 0.402168
10 0.311891
11 0.177194
12 0.113647
13 0.0705831
14 0.027361
15 -0.0127771
16 -0.0386967
17 -0.0602484
18 -0.0680524
19 -0.0703421
20 -0.0685688
21 -0.0618995
22 -0.0549046
23 -0.0437946
24 -0.031539
25 -0.0214994
26 0.00967692
27 0.0324502
28 0.0503598
29 0.0632691
30 0.071268
31 0.0748737
32 0.0739209
33 0.0706831
34 0.0209598
35 0.0202927
36 0.0192174
37 0.0180909
38 0.0177529
39 0.0185341
40 0.03228
41 0.0344629
42 0.038139
43 0.0427101
44 0.0487175
45 0.0560979
46 0.0744066
47 0.116463
48 0.152182
49 0.175767
50 0.189015
51 0.193691
52 0.0567131
53 0.158503
54 0.218871
55 0.256113
56 0.273718
57 0.298738
58 0.258574
59 0.221402
60 0.181678
61 0.168052
62 0.146648
63 0.131204
64 0.128585
65 0.138003
66 0.106469
67 0.273413
68 0.378024
69 0.390866
70 0.565089
71 0.632641
72 0.626471
73 0.693379
74 0.678313
75 0.62601
76 0.564534
77 0.586936
78 0.54628
79 0.468429
80 0.532181
81 0.555551
82 0.485645
83 0.644621
84 0.741018
85 0.759052
86 0.705799
87 0.658706
88 0.619579
89 0.536446
90 0.565958
91 0.59392
92 0.673985
93 0.628822
94 0.56421
95 0.631061
96 0.706328
97 0.765564
98 0.778855
99 0.862047
100 0.903961
101 0.951029
102 0.936198
103 0.79341
104 0.883207
105 0.921823
106 0.924772
107 0.897247
108 0.76204
109 0.756675
110 0.725071
111 0.639599
112 0.501474
113 0.376044
114 0.342702
115 0.204531
116 0.164432
117 0.150264
118 0.157114
119 0.158655
120 0.322977
121 0.458126
122 0.454146
123 0.670034
124 0.769325
125 0.775411
126 0.718554
127 0.60312
128 0.567894
129 0.451196
130 0.152063
131 0.145941
132 0.0662981
133 -0.111438
134 -0.282762
135 -0.186241
136 -0.204016
137 -0.346658
138 -0.554124
139 -0.838191
140 -0.539175
141 -0.532706
142 -0.0214369
143 0.403454
144 0.0923664
145 -0.329214
146 -0.22544
147 -0.0229857
148 -0.0569574
149 -0.133491
150 0.0836901
151 0.335631
152 0.339441
153 0.559537
154 0.729978
155 0.922377
156 1.12936
157 1.17438
158 1.19948
159 1.20669
160 1.05544
161 1.0818
162 1.06759
163 1.00991
164 0.755531
165 0.691554
166 0.625095
167 0.868809
168 0.520841
169 0.273085
170 0.0606483
171 -0.03085
172 -0.333022
173 -0.472454
174 -0.470946
175 -0.386666
176 -0.214428
177 -0.0150209
178 0.245355
179 0.378041
180 0.0135944
181 0.115257
182 0.397517
183 0.718373
184 1.10655
185 0.713959
186 0.864494
187 0.566133
188 0.661028
189 0.790268
190 0.750336
191 0.640231
192 0.269683
193 -0.0250897
194 -0.371507
195 -0.616962
196 -0.889279
197 -1.08752
198 -1.16051
199 -1.16389
200 -1.1618
201 -1.1062
202 -0.906941
203 -0.798875
204 -0.687251
205 -0.592791
206 -0.465377
207 -0.348075
208 -0.232678
209 -0.141724
210 -0.0654068
211 0.0349124
212 0.0955608
213 0.108935
214 0.207297
215 0.336417
216 0.356964
217 0.282117
218 0.1542
219 -0.0219884
220 0.044138
221 0.155866
222 0.0405591
223 -0.00685079
224 -0.155517
225 -0.289868
226 -0.318167
227 -0.251437
228 -0.0748978
229 0.0393028
230 0.227554
231 0.488614
232 0.683437
233 0.804571
234 1.02353
235 0.971478
236 1.09078
237 1.09906
238 1.01581
239 0.861486
240 0.66256
241 0.495146
242 0.339531
243 0.332106
244 0.325298
245 0.337512
246 0.341839
247 0.310009
248 0.377609
249 0.463016
250 0.467636
251 0.472509
252 0.466355
253 0.510797
254 0.560801
255 0.584676
256 0.63995
257 0.713946
258 0.796092
259 0.848058
260 0.991444
261 1.09492
262 1.16145
263 1.19148
264 1.21777
265 1.22004
266 1.20137
267 1.17745
268 1.09674
269 1.07306
270 1.01792
271 0.950491
272 0.85331
273 0.74285
274 0.7017
275 0.636358
276 0.55671
277 0.384435
278 0.359236
279 0.30556
280 0.285726
281 0.297644
282 0.333069
283 0.365167
284 0.341383
285 0.4522
286 0.595163
287 0.567752
288 0.510896
289 0.532567
290 0.54801
291 0.562022
292 0.593913
293 0.631048
294 0.644622
295 0.596474
296 0.597435
297 0.590584
298 0.578739
299 0.576786
300 0.562043
301 0.546311
302 0.575727
303 0.607692
304 0.623139
305 0.62442
306 0.576601
307 0.665923
308 0.715343
309 0.734349
310 0.693451
311 0.657959
312 0.646637
313 0.628138
314 0.619815
315 0.624039
316 0.599007
317 0.767979
318 0.835577
319 0.895309
320 0.990096
321 1.01512
322 0.965643
323 0.998462
324 0.944762
325 0.850982
326 0.759149
327 0.708278
328 0.668375
329 0.601898
330 0.459305
331 0.495325
332 0.485204
333 0.35168
334 0.489091
335 0.549176
336 0.62025
337 0.633402
338 0.599367
339 0.554054
340 0.526718
341 0.458641
342 0.523133
343 0.580324
344 0.677264
345 0.676684
346 0.698894
347 0.816956
348 0.897006
349 0.91222
350 0.986361
351 1.04131
352 1.06483
353 1.07743
354 1.04675
355 0.938487
356 0.996472
357 1.00708
358 0.976626
359 0.809476
360 0.802165
361 0.769001
362 0.686996
363 0.543295
364 0.395694
365 0.284778
366 0.359997
367 0.239796
368 0.184084
369 0.160698
370 0.165648
371 0.0255811
372 0.243787
373 0.395409
374 0.526818
375 0.528651
376 0.735773
377 0.85213
378 0.859761
379 0.802204
380 0.678043
381 0.644317
382 0.522596
383 0.195638
384 0.173339
385 0.0591954
386 -0.0948607
387 -0.331167
388 -0.212862
389 -0.260611
390 -0.439141
391 -0.638601
392 -0.936317
393 -0.644016
394 -0.613271
395 -0.669308
396 0.234912
397 0.185945
398 -0.21494
399 -0.455107
400 -0.430673
401 -0.25476
402 -0.290166
403 -0.374439
404 -0.170411
405 0.137403
406 0.173148
407 0.393042
408 0.620939
409 0.800913
410 1.07157
411 1.13947
412 1.19768
413 1.22123
414 1.10524
415 1.13604
416 1.12106
417 1.06899
418 0.809984
419 0.748614
420 0.665737
421 0.88366
422 0.494701
423 0.195236
424 0.18881
425 -0.166867
426 -0.420658
427 -0.478349
428 -0.412597
429 -0.281167
430 -0.0377221
431 0.255448
432 0.331067
433 0.0205549
434 0.102854
435 0.414743
436 0.761075
437 1.04815
438 0.673979
439 0.983253
440 0.607357
441 0.677291
442 0.730534
443 0.629013
444 0.418252
445 0.0622871
446 -0.254338
447 -0.557333
448 -0.740997
449 -0.978211
450 -1.09741
451 -1.08113
452 -1.11551
453 -1.08362
454 -0.880921
455 -0.802901
456 -0.686506
457 -0.622835
458 -0.459634
459 -0.340672
460 -0.235737
461 -0.148991
462 -0.143682
463 0.00333863
464 0.0881102
465 0.117541
466 0.109899
467 0.239238
468 0.333552
469 0.318942
470 0.234282
471 0.0971297
472 -0.0814756
473 0.0845355
474 0.0850608
475 0.00627336
476 -0.106861
477 -0.238921
478 -0.275837
479 -0.272689
480 -0.062793
481 0.0822423
482 0.248954
483 0.466087
484 0.654576
485 0.770788
486 0.864999
487 0.967447
488 0.879852
489 0.987152
490 1.00021
491 0.950361
492 0.869353
493 0.668006
494 0.503436
495 0.361454
496 0.374658
497 0.379515
498 0.406412
499 0.419502
500 0.381259
501 0.4451
502 0.538893
503 0.53725
504 0.530609
505 0.494835
506 0.531137
507 0.580636
508 0.581665
509 0.610977
510 0.687935
511 0.749177
512 0.795944
513 0.924312
514 1.03984
515 1.11218
516 1.16245
517 1.18456
518 1.19649
519 1.18588
520 1.16764
521 1.13374
522 1.07806
523 1.04263
524 0.978578
525 0.904701
526 0.77131
527 0.746812
528 0.701009
529 0.641185
530 0.573291
531 0.454657
532 0.381343
533 0.370996
534 0.341121
535 0.337631
536 0.372662
537 0.409425
538 0.33996
