0 0
1 -0.00175751
2 -0.000170064
3 0.00598425
4 0.0149514
5 0.031978
6 0.0538241
7 0.0782618
8 0.0993044
9 0.106811
10 0.104276
11 0.0826859
12 0.0667778
13 0.0556879
14 0.0436489
15 0.0309797
16 0.0209141
17 0.0105961
18 0.00397849
19 -0.000538669
20 -0.00336904
21 -0.00590421
22 -0.0068955
23 -0.00751281
24 -0.00756556
25 -0.0158599
26 -0.0135083
27 -0.0110542
28 -0.00848659
29 -0.00600115
30 -0.00372882
31 -0.00150451
32 1.48749e-05
33 0.0010141
34 -0.000461063
35 -0.000119891
36 1.03927e-05
37 -4.08585e-05
38 -0.000266181
39 -0.000560569
40 -0.00041696
41 -0.000682391
42 -0.000985067
43 -0.00125859
44 -0.00153507
45 -0.00176921
46 -0.012665
47 -0.00952896
48 -0.00615656
49 -0.00317327
50 -0.000707155
51 0.00102801
52 -0.0254143
53 -0.0168276
54 -0.0102555
55 -0.00460341
56 6.346e-05
57 0.010447
58 0.0116206
59 0.0115862
60 0.0105818
61 0.00892026
62 0.00755823
63 0.0054279
64 0.00312751
65 0.000741473
66 -0.034626
67 -0.0205331
68 -0.00990858
69 -0.0393394
70 -0.0153063
71 0.00144269
72 -0.0196104
73 0.000415754
74 0.0120751
75 0.0160304
76 0.0157858
77 0.00310339
78 0.0136663
79 -0.0218216
80 -0.00934851
81 -0.00334355
82 -0.05797
83 -0.0253889
84 -0.0204216
85 0.00219409
86 0.0110776
87 0.0106058
88 0.00730499
89 -0.0148603
90 -0.0122377
91 -0.0102014
92 0.0159275
93 0.0090161
94 -0.016441
95 -0.0151052
96 -0.0120801
97 -0.00837494
98 -0.017412
99 -0.00887576
100 -0.00263075
101 0.00737903
102 0.0113661
103 -0.020208
104 -0.0077208
105 0.00186758
106 0.0109234
107 0.0170724
108 0.00502217
109 0.0109441
110 0.0157999
111 0.0311905
112 0.0274338
113 0.0223543
114 0.026357
115 0.0156116
116 0.0102889
117 0.00610165
118 0.00151413
119 -0.0301833
120 -0.0222118
121 -0.0137218
122 -0.0408047
123 -0.0208857
124 -0.0035659
125 0.00789994
126 0.0184659
127 0.00274513
128 0.0163228
129 0.0278759
130 -0.0053723
131 0.010345
132 0.0220169
133 0.0312598
134 0.0341522
135 -0.00669365
136 0.0132562
137 0.0307308
138 0.0364284
139 -0.0840192
140 -0.019053
141 0.0154342
142 -0.199464
143 -0.0142467
144 0.074106
145 -0.116244
146 0.0164069
147 -0.133982
148 -0.0170665
149 -0.0287297
150 -0.141341
151 -0.100076
152 -0.116702
153 -0.115326
154 -0.111606
155 -0.093599
156 -0.0558933
157 -0.0401786
158 -0.0205829
159 0.00167978
160 -0.0297357
161 -0.00757607
162 0.00965102
163 0.0251439
164 0.0154894
165 0.0220828
166 0.025333
167 0.113029
168 0.0925993
169 0.0731968
170 0.0504629
171 0.0937199
172 0.0524602
173 0.0150914
174 -0.0130252
175 -0.0327221
176 -0.0490684
177 -0.0578769
178 -0.0616817
179 0.12169
180 0.0248619
181 -0.0392813
182 -0.0628213
183 -0.0636319
184 0.190318
185 0.0184543
186 0.229812
187 0.0358832
188 -0.00619971
189 0.0169927
190 0.0617765
191 0.103457
192 0.120812
193 0.148108
194 0.136937
195 0.143714
196 0.102741
197 0.0542193
198 0.0226443
199 0.0167897
200 -0.00881893
201 -0.0279114
202 -0.0293612
203 -0.0381513
204 -0.0414901
205 -0.0455393
206 -0.0426723
207 -0.0378533
208 -0.0310642
209 -0.023543
210 -0.0390235
211 -0.0248135
212 -0.0107961
213 -0.000989255
214 -0.0539191
215 -0.0228843
216 0.00405347
217 0.0215575
218 0.0302276
219 0.0302985
220 -0.0651609
221 0.00466342
222 -0.0194567
223 0.0294778
224 0.0365977
225 0.00813559
226 -0.0168384
227 -0.084124
228 -0.0720905
229 -0.0881625
230 -0.0852322
231 -0.0914129
232 -0.0688128
233 -0.0956927
234 -0.0476765
235 -0.0692577
236 -0.0256314
237 0.00588749
238 0.0293411
239 0.0614717
240 0.0541454
241 0.0439731
242 0.00391368
243 0.00584541
244 -0.00148442
245 0.00162707
246 0.00247294
247 -0.0159598
248 -0.0087862
249 0.00303913
250 0.00414557
251 0.00371535
252 -0.00532033
253 -0.00495362
254 0.00474375
255 -0.00111159
256 -0.00626016
257 -0.00665555
258 -0.00984547
259 -0.0247259
260 -0.0168273
261 -0.00679158
262 -0.00115561
263 0.00202727
264 0.00770568
265 0.0120029
266 0.0161447
267 0.0174658
268 0.0122927
269 0.0176526
270 0.02226
271 0.0248446
272 0.0275731
273 0.0129142
274 0.018056
275 0.0211033
276 0.0224485
277 0.0192285
278 0.0176294
279 0.0124708
280 0.00862043
281 0.000442955
282 0.000123045
283 -8.226e-05
284 -0.0151116
285 -0.00950539
286 0.0113871
287 0.0100981
288 0.00245051
289 0.0032881
290 0.00393713
291 0.00459688
292 -0.0014108
293 0.00267221
294 0.00560136
295 0.00586376
296 0.00728719
297 0.00838045
298 0.00892528
299 0.0096126
300 0.00947639
301 0.00883594
302 -0.000183408
303 0.00342167
304 0.00636517
305 0.0080695
306 -0.0119316
307 -0.00325059
308 0.00419181
309 0.0150178
310 0.0154182
311 0.0144119
312 0.0125575
313 0.0103065
314 0.00793999
315 0.00578028
316 -0.0268436
317 -0.0100231
318 -0.00105787
319 -0.0220522
320 -0.00432295
321 0.00810321
322 -0.0147094
323 0.00699194
324 0.0189771
325 0.0252566
326 0.0269702
327 0.00701075
328 0.019744
329 0.0239261
330 -0.0150314
331 -0.00199983
332 0.00455035
333 -0.0549859
334 -0.0275613
335 -0.00934725
336 -0.014506
337 0.000324445
338 0.00623798
339 0.00545245
340 0.00304268
341 -0.019517
342 -0.0170109
343 -0.0159114
344 0.00765136
345 -0.000846977
346 -0.0214824
347 -0.0171386
348 -0.0116366
349 -0.0193899
350 -0.0111741
351 -0.00248491
352 0.00544854
353 0.0128452
354 0.0167969
355 -0.0112745
356 0.000484019
357 0.0103823
358 0.0181422
359 0.00453736
360 0.0123868
361 0.0171875
362 0.0346396
363 0.0310233
364 0.0254245
365 0.0191646
366 0.0290503
367 0.0195458
368 0.0126488
369 0.00657902
370 0.00154652
371 -0.0397353
372 -0.031347
373 -0.0239764
374 -0.0156846
375 -0.0424295
376 -0.0237999
377 -0.00537407
378 0.0100878
379 0.0198044
380 0.000234191
381 0.0169998
382 0.0293047
383 -0.00207168
384 0.0135722
385 0.0263604
386 0.0332425
387 -0.0384683
388 -0.00649862
389 0.0198966
390 0.0353802
391 0.0385835
392 -0.0865986
393 -0.0262122
394 0.0134528
395 -0.305233
396 -0.0711057
397 0.0403348
398 0.0864135
399 -0.0840035
400 0.0227073
401 -0.119495
402 -0.0151582
403 -0.0298521
404 -0.148819
405 -0.104628
406 -0.125121
407 -0.126034
408 -0.122961
409 -0.109846
410 -0.0671807
411 -0.0515283
412 -0.0274799
413 -0.00581209
414 -0.0310914
415 -0.006961
416 0.011224
417 0.0256101
418 0.017855
419 0.0239635
420 0.0276092
421 0.113228
422 0.090191
423 0.0649315
424 0.116932
425 0.0781407
426 0.032534
427 -0.00266662
428 -0.0276651
429 -0.0441079
430 -0.0574467
431 -0.0621175
432 0.111394
433 0.0264507
434 -0.0358716
435 -0.0615658
436 -0.0586684
437 0.187689
438 0.00628349
439 0.287752
440 0.10317
441 -0.0049116
442 0.0482206
443 0.091473
444 0.132293
445 0.140945
446 0.142044
447 0.116765
448 0.122234
449 0.074856
450 0.0366902
451 0.0364912
452 0.00343856
453 -0.0189909
454 -0.0220643
455 -0.0332182
456 -0.0397913
457 -0.045771
458 -0.0434888
459 -0.0391909
460 -0.0333462
461 -0.0267058
462 -0.0498864
463 -0.0321024
464 -0.0164629
465 -0.00507542
466 0.00499272
467 -0.0434325
468 -0.0148495
469 0.0116132
470 0.0247214
471 0.0317164
472 0.0303336
473 -0.0289983
474 0.0210255
475 0.011264
476 0.03237
477 0.00705214
478 -0.0126553
479 -0.10466
480 -0.0759916
481 -0.0895911
482 -0.0842384
483 -0.094177
484 -0.065778
485 -0.0460004
486 -0.0629084
487 -0.0304342
488 -0.0622568
489 -0.023595
490 0.000827072
491 0.0203856
492 0.0559166
493 0.0479816
494 0.0378152
495 -0.00238366
496 0.000709724
497 -0.00626829
498 -0.00156919
499 0.000625428
500 -0.0176714
501 -0.00984977
502 0.00391839
503 0.00627336
504 0.00691424
505 -0.00245715
506 -0.00162869
507 0.0111663
508 0.00362926
509 -0.00180354
510 -0.00390693
511 -0.00762956
512 -0.0246376
513 -0.0182471
514 -0.0107215
515 -0.00283754
516 0.00241756
517 0.00553338
518 0.0109221
519 0.0146541
520 0.0159126
521 0.019254
522 0.0152364
523 0.0195491
524 0.0229811
525 0.0264959
526 0.0106752
527 0.0156734
528 0.0189083
529 0.0208231
530 0.021582
531 0.0200471
532 0.0146185
533 0.0136313
534 0.0089837
535 0.00540601
536 0.000872138
537 0.000810277
538 -0.0161219
