0 0
-40.62 108.73
-40.61998 108.7301
-40.65144 108.7044
-40.74221 108.6298
-40.86489 108.5274
-41.10458 108.3218
-41.40598 108.0529
-41.74193 107.7394
-42.15036 107.3585
-42.56527 106.9882
-43.21014 106.436
-43.96223 105.8213
-44.81901 105.1392
-45.52786 104.5838
-46.42643 103.8903
-47.54575 103.0381
-48.60486 102.2414
-50.07272 101.1467
-51.29486 100.2405
-52.58425 99.28461
-53.74149 98.42513
-55.35678 97.22063
-56.62049 96.27229
-58.3727 94.94706
-60.1991 93.55148
-61.85575 92.27185
-63.81341 90.74181
-65.58019 89.34279
-67.39515 87.88691
-69.2566 86.37389
-71.16294 84.8036
-73.39475 82.93889
-75.39265 81.24616
-77.13763 79.75008
-79.50951 77.69066
-81.62599 75.82832
-83.7794 73.9097
-86.28371 71.64795
-88.83202 69.31233
-91.09594 67.20781
-93.38993 65.04613
-96.04605 62.50503
-98.73616 59.88788
-101.1155 57.53486
-103.5166 55.1224
-105.9372 52.64986
-108.0259 50.48215
-110.4767 47.89607
-113.2931 44.86412
-116.1224 41.74949
-118.9612 38.55141
-121.4503 35.68407
-123.9417 32.75182
-126.789 29.3206
-129.2769 26.24731
-131.7587 23.1069
-134.2313 19.89878
-136.6919 16.62233
-139.4855 12.79348
-141.9106 9.368995
-144.6553 5.369649
-146.6919 2.30946
-149.0401 -1.32742
-151.6809 -5.573333
-153.9479 -9.368186
-156.1678 -13.23891
-158.6385 -17.75723
-161.0282 -22.37822
-163.3247 -27.10384
-165.2474 -31.32571
-167.3302 -36.24265
-169.2573 -41.20532
-170.9685 -46.05851
-172.4406 -50.7029
-173.8286 -55.67426
-174.9573 -60.38907
-175.8955 -65.10954
-176.5739 -69.38327
-177.2397 -75.36086
-177.5228 -80.02341
-177.5904 -83.88998
-177.4794 -88.00179
-177.2077 -91.67778
-176.6852 -95.88254
-175.7063 -101.0527
-174.7609 -104.7511
-173.3768 -109.0723
-172.166 -112.208
-170.8624 -115.133
-169.3798 -118.0489
-167.7048 -120.9551
-165.5822 -124.1924
-163.4784 -127.0225
-161.1685 -129.7906
-158.3253 -132.8117
-155.5845 -135.3985
-152.2672 -138.1799
-149.1174 -140.5241
-145.7866 -142.7369
-141.8352 -145.0596
-138.6211 -146.7386
-134.3201 -148.7304
-129.8439 -150.5327
-126.2508 -151.8048
-122.0344 -153.1227
-118.2558 -154.1601
-113.8426 -155.2171
-109.9045 -156.0345
-105.3223 -156.8533
-101.2466 -157.475
-96.51772 -158.0848
-92.3213 -158.5348
-86.23676 -159.0498
-79.42896 -159.4533
-67.40739 -159.7792
-58.35173 -159.7386
-53.10651 -159.613
-48.4766 -159.4447
-42.4704 -159.1505
-37.75909 -158.863
-32.33072 -158.4695
-26.17653 -157.949
-21.3527 -157.4875
-15.10569 -156.8244
-8.808989 -156.0871
-3.877945 -155.4657
1.793214 -154.71
8.218654 -153.8098
13.24951 -153.0791
19.03483 -152.2173
24.85837 -151.3324
29.98532 -150.5429
35.14125 -149.7406
41.81207 -148.6896
47.03216 -147.8556
53.0305 -146.88
57.55082 -146.1276
63.60406 -145.0855
69.6707 -143.9932
76.46024 -142.6662
82.28963 -141.4161
87.80973 -140.105
93.64108 -138.5341
98.48817 -137.0402
103.5523 -135.2256
108.682 -133.0246
112.8393 -130.8817
116.1546 -128.8502
119.4438 -126.4396
121.6721 -124.4909
123.8633 -122.2126
125.8861 -119.6308
127.3113 -117.3649
128.4141 -115.1682
129.1498 -113.3044
129.8771 -110.7747
130.2641 -108.6771
130.4997 -106.1596
130.5194 -103.8683
130.3467 -101.1669
130.0097 -98.74519
129.427 -95.92452
128.7543 -93.41883
127.8128 -90.51944
126.8493 -87.95514
125.6031 -84.99524
124.3955 -82.38092
122.8915 -79.36578
121.2648 -76.32148
119.7505 -73.63181
117.9264 -70.52545
116.0101 -67.38294
113.7512 -63.8031
111.3924 -60.17339
109.2185 -56.90314
107.2596 -54.00748
104.959 -50.65863
102.8951 -47.6928
100.4837 -44.2603
98.33458 -41.21542
95.21852 -36.78817
92.08862 -32.24458
89.60959 -28.50484
87.28068 -24.80936
84.47389 -19.97637
82.32845 -15.82457
80.29138 -11.13806
79.15781 -7.840187
78.36645 -4.742011
77.9388 -2.171215
77.7384 0.4934217
77.77835 2.690387
78.23553 6.061096
78.95237 8.660645
80.01869 11.27009
81.62293 14.12315
83.21834 16.33213
85.32416 18.70934
87.16656 20.47308
89.76695 22.63229
91.95039 24.23153
94.25859 25.76863
97.03293 27.46068
99.93533 29.1015
102.5686 30.50798
105.6752 32.09475
108.4713 33.4753
111.3337 34.85798
114.6798 36.45163
118.0984 38.07144
121.5828 39.72857
124.6807 41.21736
128.2708 42.9735
131.4503 44.56619
135.1208 46.46039
138.3586 48.19098
142.0795 50.2653
145.8113 52.45632
149.5415 54.7778
154.1743 57.88215
158.6776 61.18668
162.0534 63.89308
164.7487 66.2428
167.5301 68.90724
169.9926 71.54206
173.3256 75.72774
174.9839 78.21515
176.3569 80.61382
177.7307 83.53772
178.8395 86.63664
179.5875 89.62546
180.0512 92.78155
180.1953 96.05557
179.9818 99.76402
179.3425 103.5155
178.4051 106.9168
177.2913 109.9454
175.9265 112.9622
174.1078 116.3258
172.0096 119.6449
169.9267 122.551
167.6519 125.4104
164.5533 128.9116
161.8787 131.6468
159.4002 133.9865
156.4133 136.5923
154.067 138.494
150.3801 141.2529
146.937 143.6008
143.3408 145.839
139.5945 147.9563
136.1963 149.7006
132.1792 151.5595
128.552 153.0591
124.2892 154.6148
120.472 155.8266
116.0177 157.0334
112.0338 157.9313
107.3855 158.7701
103.2421 159.3331
98.42937 159.7779
94.1582 159.9903
89.21863 160.0312
84.85275 159.8917
79.82166 159.5341
75.39043 159.0523
70.29947 158.3154
65.82652 157.5127
60.69921 156.423
56.20255 155.3266
51.05491 153.9179
46.54578 152.5556
41.38852 150.86
34.29163 148.3038
29.12724 146.2936
23.96096 144.1637
18.79376 141.9193
10.39775 138.0386
5.23331 135.5117
-0.5725521 132.5463
-5.084433 130.1527
-10.87887 126.9651
-16.02129 124.0286
-20.51297 121.3799
-26.27446 117.8658
-31.3804 114.6393
-36.46915 111.3155
-41.538 107.8941
-45.95508 104.8204
-50.98065 101.2167
-55.3567 97.98443
-60.33146 94.20016
-64.65956 90.81028
-69.57581 86.84686
-73.84943 83.30101
-78.69937 79.15993
-82.91162 75.45943
-87.68758 71.1425
-92.42056 66.73215
-96.5247 62.79673
-100.5921 58.79001
-105.7643 53.53344
-110.3042 48.76153
-114.229 44.50887
-118.656 39.55947
-122.4748 35.14971
-126.7676 30.02315
-130.4471 25.47283
-134.5392 20.22415
-138.4823 14.95615
-142.1841 9.799231
-145.6024 4.827592
-148.3756 0.6223024
-151.4257 -4.209857
-154.3834 -9.139034
-156.8881 -13.5348
-159.2982 -17.99181
-162.2323 -23.78326
-164.3283 -28.22153
-166.4806 -33.11124
-168.1606 -37.22773
-169.66 -41.19079
-171.1644 -45.53224
-172.6752 -50.40487
-173.8757 -54.80994
-174.9277 -59.27064
-175.7122 -63.1815
-176.36 -67.05987
-176.9306 -71.43609
-177.2766 -75.1401
-177.5023 -79.14748
-177.5656 -82.93678
-177.4505 -87.20629
-177.1664 -91.07118
-176.7654 -94.4883
-176.1257 -98.38888
-175.4309 -101.6569
-174.641 -104.7106
-173.4992 -108.3679
-172.1479 -111.9673
-170.9258 -114.7711
-169.3358 -117.9672
-167.2917 -121.5292
-165.2439 -124.6401
-162.984 -127.6687
-159.8782 -131.2979
-156.8303 -134.3909
-153.1546 -137.635
-149.9882 -140.0814
-146.629 -142.3833
-143.5404 -144.2729
-139.8511 -146.2852
-136.0039 -148.1385
-132.5175 -149.6287
-128.4073 -151.1838
-124.709 -152.418
-120.376 -153.6887
-115.9382 -154.8154
-111.4041 -155.8036
-107.3638 -156.5607
-102.6689 -157.31
-98.49799 -157.8713
-93.66378 -158.4137
-88.14452 -158.9057
-81.28951 -159.3484
-74.3216 -159.6291
-69.18684 -159.7378
-62.69255 -159.7678
-57.43881 -159.7106
-52.13516 -159.5831
-46.78331 -159.3866
-42.0622 -159.1582
-36.62389 -158.8333
-31.8291 -158.4897
-26.31307 -158.0329
-21.45225 -157.5772
-15.86048 -156.9943
-9.524022 -156.2635
-3.140276 -155.4586
1.857102 -154.7865
6.882654 -154.0794
12.66077 -153.2351
18.47604 -152.3592
25.06285 -151.3439
30.21869 -150.537
36.14592 -149.599
41.36221 -148.7641
47.35706 -147.7923
52.63068 -146.923
58.68756 -145.8981
64.77302 -144.8251
70.10915 -143.8434
76.18401 -142.6465
81.32957 -141.5475
86.92224 -140.2332
91.55434 -139.0188
96.55048 -137.5451
100.656 -136.1657
105.0359 -134.4721
109.0742 -132.649
112.7622 -130.6995
116.089 -128.6309
119.0452 -126.4575
121.6257 -124.2038
123.5721 -122.1869
125.8595 -119.2846
127.2932 -116.9931
128.281 -115.044
129.1447 -112.8825
129.7345 -110.9029
130.2604 -108.1889
130.4719 -105.9641
130.498 -103.3206
130.3407 -100.9356
129.9436 -98.14548
129.3296 -95.30147
128.6264 -92.7779
127.7797 -90.2272
126.6508 -87.28303
125.5339 -84.68309
124.1236 -81.68524
122.7808 -79.03922
120.9175 -75.60514
118.9173 -72.13094
117.0362 -69.00591
115.0659 -65.84448
112.4906 -61.8368
110.0757 -58.17377
107.8557 -54.87274
105.859 -51.9494
103.2211 -48.1423
100.5107 -44.27795
98.04904 -40.79058
95.23651 -36.79914
92.09149 -32.25854
89.29081 -28.04744
86.68502 -23.88599
84.39314 -19.91341
82.0342 -15.30445
80.47861 -11.73302
79.05148 -7.617685
78.14359 -3.802396
77.76187 -0.93111
77.68478 1.964387
77.87504 4.390902
78.50654 7.444169
79.39011 9.984713
80.62135 12.51379
82.19713 14.98903
84.10553 17.37288
86.05653 19.40023
88.22308 21.33563
90.58237 23.18081
92.78764 24.72756
95.45081 26.4289
97.89258 27.87079
100.7965 29.48006
103.4276 30.86493
106.9222 32.62937
109.7197 34.00013
112.5808 35.37888
115.5005 36.77376
118.9033 38.3971
122.3704 40.06126
125.8954 41.77671
129.0221 43.32793
132.6377 45.16723
135.8329 46.84237
139.0519 48.58655
143.2146 50.94485
146.4608 52.88223
150.1675 55.22025
154.766 58.34519
160.1014 62.35837
163.3748 65.07946
166.3342 67.77424
168.9753 70.44185
172.5896 74.69661
174.4089 77.24106
175.9315 79.708
177.3005 82.3706
178.7578 86.1201
179.4989 88.88256
179.9923 91.82069
180.2045 95.26176
180.1087 98.12141
179.6929 101.4205
179.0437 104.4003
178.264 107.0269
177.1397 110.0352
175.9604 112.6621
174.3994 115.6472
172.6217 118.6045
170.3775 121.8887
167.8869 125.1176
164.8457 128.6295
162.2145 131.3744
159.7722 133.7229
156.8238 136.3383
154.1089 138.5598
150.8548 141.0137
147.8772 143.0791
144.3282 145.3366
141.0978 147.2134
137.2666 149.2359
133.796 150.8904
129.6992 152.6396
126.0049 154.0376
121.6706 155.4715
117.7901 156.5751
112.6801 157.7805
108.6153 158.5457
103.8817 159.2269
99.67084 159.6505
94.78835 159.9343
90.46355 160.0062
85.46961 159.8886
81.06206 159.6121
75.35412 159.0241
70.8891 158.3916
66.40668 157.6107
61.91122 156.6871
57.40571 155.6286
52.89243 154.4412
47.72793 152.9334
43.2054 151.4897
35.44706 148.7619
30.91901 147.0343
26.38951 145.2134
21.85889 143.3032
17.32803 141.3066
12.15063 138.922
5.682014 135.7912
1.157468 133.5027
-4.654088 130.4459
-9.812873 127.6226
-14.31988 125.071
-20.10305 121.6801
-24.59035 118.9574
