0 0
0.04380091 0.0
0.04380091 0.0
0.065701365 -1.36065656993154e-38
0.0901017475834462 5.94575494584058e-05
0.117001882033401 0.000190790910132909
0.146401598845465 0.000399141460942731
0.178300802739382 0.000681677236448934
0.21269950763778 0.00102868448785294
0.249597818158511 0.00142651718994847
0.288995867099281 0.00186195655271852
0.330879900874333 0.00232652950713926
0.4818004 0.0
0.4818004 0.0
0.727651039172671 0.00493675788643352
0.975600331735775 0.0198969614225469
1.22522553554995 0.0451589487889036
1.47608031793744 0.0809854690092995
1.72823968744497 0.124580936438449
1.98340697834496 0.165327925023881
2.24255010587319 0.195556287405656
2.50523941609389 0.214895153621513
2.77094255286764 0.222985999439058
0.322183 0.0
0.322183 0.0
0.488259530542279 0.00222988234877011
0.656712313737031 0.00906755114762149
0.827407006360419 0.0207132928382647
1.0001978823595 0.0373662826506051
1.17511360800053 0.0576814329289799
1.35257779633365 0.0777160473752813
1.53294075971159 0.0939435816265408
1.7162003961582 0.104977374518996
1.90215251662561 0.110582434669726
0.2024812 0.0
0.2024812 0.0
0.308713641443507 0.00131661433680744
0.417406107920279 0.00455170706815222
0.528521104303512 0.0098364661175869
0.642016280332025 0.0173043388823997
0.757920842176442 0.0261366463493634
0.876329262713427 0.0350122344356221
0.99732770945965 0.0426711514334201
1.1209417922335 0.0482653154818491
1.24710177762504 0.0514817671666665
0.1855886 0.0
0.1855886 0.0
0.283376590856276 0.00111083607383846
0.383633407484044 0.0038526123519797
0.486329432021238 0.00834646003518784
0.591434094068133 0.0146630765542741
0.698976791622145 0.0220237379912058
0.809028331059987 0.0293375131673755
0.921648943230479 0.0355946579258287
1.03685455112128 0.0401161137890127
1.15458394894773 0.0426397082990188
0.2990039 0.0
0.2990039 0.0
0.453479977731669 0.00282735962372838
0.610333068896682 0.00966257019730109
0.769453196604143 0.0206923946749904
0.930720465359803 0.036103425010915
1.09429836900564 0.0535149449119739
1.26052875421654 0.0695496066730607
1.42959744276166 0.0816611572630278
1.60143432125242 0.0891949513673072
1.77586227856699 0.0919347510913043
0.5033891 0.0
0.5033891 0.0
0.759961821509312 0.00790762777370456
1.01847059240126 0.0267498711252135
1.27843307291652 0.0568089171854134
1.53953652845409 0.0971046464303255
1.80318606812271 0.137290505698445
2.07058615647797 0.168321112588174
2.34158579822104 0.187740761281226
2.61567939647633 0.195180569045149
2.89225679875167 0.190292304604792
0.6972425 0.0
0.6972425 0.0
1.0505417920878 0.0150863733821184
1.40486737252924 0.0508037048065793
1.7594008195504 0.104796629625063
2.11640226294856 0.15918896977439
2.47775238328756 0.199766106866661
2.843311098706 0.220053920296063
3.2119322695424 0.219812110610759
3.58265460581367 0.202609444574781
3.95508644590759 0.174010625511367
0.8998933 0.0
0.8998933 0.0
1.3541500412239 0.0250453069229936
1.81043494201153 0.0576263893504489
2.26971733016267 0.0823368896698355
2.73209719281199 0.0901960741935333
3.1969369529551 0.0802268802247513
3.66372341995 0.055392127514308
4.13228399401596 0.0193249344397949
4.60267870023499 -0.0246598085924345
5.07503635224741 -0.0730314071185004
1.076946 0.0
1.076946 0.0
1.61923876759885 0.0357974292230672
2.1650686313765 0.0232963666858214
2.71069421014115 -0.0325190396204162
3.25659992840549 -0.107072333157194
3.80457733773599 -0.184874137133742
4.35535686010107 -0.260689007770551
4.90895505637397 -0.334317324182072
5.46523022832261 -0.406764822379356
6.02395390038566 -0.47867222533099
1.236014 0.0
1.236014 0.0
1.85723906636586 -0.0470865051552282
2.47435315415734 -0.149210007490995
3.09116369514736 -0.267267403002097
3.71140293769867 -0.38059153609858
4.335675159704 -0.485386836598272
4.96348932889565 -0.58396937140126
5.59439920590216 -0.678867523824303
6.2281671058637 -0.771536106672037
6.86448304463171 -0.862931020858423
1.424679 0.0
1.424679 0.0
2.13996590064694 -0.0542273733748895
2.85078091623352 -0.167853600156421
3.56330460420818 -0.286531093417953
4.28081349094718 -0.389357638232569
5.00280178912989 -0.477423782075753
5.7283678252265 -0.556288369841989
6.45703565773782 -0.629529979190653
7.18860534122698 -0.698775117731932
7.92273110141729 -0.765534436395604
1.618657 0.0
1.618657 0.0
2.42997807770017 -0.0699214901992666
3.24556298343138 -0.114977677301254
4.06415184852534 -0.149783724730283
4.88538202938983 -0.181137728806258
5.70918459677591 -0.210579298795483
6.53554837385654 -0.238297100753843
7.36446295038217 -0.264496069829393
8.19591506914818 -0.28951661931277
9.02968789698772 -0.313569654518118
1.77946 0.0
1.77946 0.0
2.67390608698412 0.0225381982153446
3.57018653568617 0.0638059849131609
4.46912666134634 0.101498470467105
5.37084198897542 0.131968799522818
6.27518611205339 0.15839000565115
7.18207392419627 0.183305248186668
8.09147977156482 0.207588533396455
9.00340510877876 0.231162938142095
9.91760873696793 0.25448728005814
1.939948 0.0
1.939948 0.0
2.91478267914161 0.0164817783893121
3.88869755501895 0.0998198565366361
4.86567617913182 0.176382306860549
5.84642502484755 0.23457906320606
6.83023784814133 0.282392341628272
7.81675914083357 0.325758687848023
8.80588574651928 0.366710841551347
9.79761122507214 0.405249344428335
10.7916497782978 0.442200048281856
2.120132 0.0
2.120132 0.0
3.18354306186671 0.0593506348365899
4.24877349691935 0.129928851351976
5.31729925849868 0.187321719404481
6.38887931181756 0.233300125687278
7.46317483439373 0.27399453244421
8.54004263731677 0.31277880308926
9.61944319342388 0.350686640674297
10.7013882649469 0.387347340779977
11.7855963130008 0.423014501926602
2.257728 0.0
2.257728 0.0
3.39155330516379 0.00936738310554189
4.52743104787183 0.0426073315530515
5.66597315588434 0.0696827612117022
6.80715846720345 0.0898784512197668
7.95088513256641 0.107603170110691
9.09711481050108 0.125151566060956
10.2458394999854 0.143042306793955
11.397068753548 0.160656693804305
12.5505163687692 0.177823821021447
2.412834 0.0
2.412834 0.0
3.62408143191163 0.0202683639319789
4.83776222550089 -0.00367770509169111
6.05400926600578 -0.0240112850160507
7.27287287991974 -0.0354193412240251
8.49427783655171 -0.0408433660372168
9.71819429818564 -0.0419914653965839
10.9446092898485 -0.0397718989564454
12.1735174623015 -0.0351138967009694
13.4046103233938 -0.0288161034111484
2.546431 0.0
2.546431 0.0
3.82411997534831 -0.0366844205845755
5.10399997664723 -0.0829377910432183
6.38677076490254 -0.116718323397284
7.67228504633514 -0.139464298069712
8.96040849705826 -0.154863986114044
10.2510850007424 -0.164897185794368
11.5442873442035 -0.170730597153491
12.8400000309786 -0.173430728665327
14.1378906865612 -0.173990697832512
2.696211 0.0
2.696211 0.0
4.04929325542737 -0.0079312154078748
5.4038698377753 -0.0607379787244926
6.7615304811872 -0.0954960942522459
8.12202587689258 -0.11280519869151
9.48511506582135 -0.119473588670718
10.8507204250521 -0.118853260534524
12.2188117950665 -0.112635316734586
13.5893761662672 -0.102017337196546
14.9620685812895 -0.0881893481754667
2.826063 0.0
2.826063 0.0
4.24361912512003 -0.0367146718213353
5.66404639908816 -0.0539222843819692
7.08707389629127 -0.0572975379911073
8.51259245028574 -0.0512221844107578
9.94056364486813 -0.0380984381054939
11.3709720846781 -0.0193349585499779
12.8038138811951 0.00398170004046459
14.2390989889794 0.0305777025350702
15.6764871871575 0.0591342693110985
2.971941 0.0
2.971941 0.0
4.4628242744208 0.0161274276487733
5.95612687136306 0.0385213645442277
7.45179851681557 0.0684223011122522
8.9498272365762 0.104806286114782
10.4502092616105 0.146832719704745
11.9529442173724 0.193856091252482
13.4580433493105 0.245078648320538
14.9655460372579 0.29910545378786
16.4751281268606 0.354349908271202
3.115446 0.0
3.115446 0.0
4.67816064577347 0.00510985460681129
6.24143861997734 0.0831163618707233
7.80752551647656 0.154721092842186
9.3763509152362 0.220956567992133
10.9476721307214 0.287343861997217
12.5214026505656 0.355898592158007
14.0975333242744 0.426764413167073
15.6761336093944 0.498359595108197
17.2569027830773 0.568560415350922
3.239286 0.0
3.239286 0.0
4.86391961054711 0.0055234889043972
6.48693366218484 0.121367050296408
8.11361762435672 0.219528116014551
9.74354455548352 0.304551476794907
11.3761516149505 0.386110824204866
13.0112477275195 0.467951556810704
14.6487945013507 0.550835399904202
16.2888821980134 0.632969316475307
17.9312317210933 0.711620577229623
3.377864 0.0
3.377864 0.0
5.06943185925765 0.0894639488872519
6.76249541217468 0.196315886127012
8.45902069746378 0.286714432391317
10.1584653893489 0.368925077076036
11.8605013734531 0.449285327039612
13.5650023484376 0.530443181377144
15.271942899811 0.612920664383191
16.9813973389607 0.695170355301444
18.6930561660843 0.774656026697069
3.514193 0.0
3.514193 0.0
5.27623427934273 0.0139500969342833
7.03928788764269 0.0877253106625345
8.80536503068472 0.147738353517484
10.5741851224745 0.200152625975641
12.3455382172549 0.251477271874244
14.1193501077184 0.304241990232787
15.895608262314 0.35882164829039
17.6743657396189 0.413461746680301
19.4552652229733 0.465200007954509
3.648996 0.0
3.648996 0.0
5.47786152829516 0.0481020936932425
7.30983489576582 0.0386019372317074
9.14433226785481 0.0401198251903899
10.9812883204236 0.0525340592241399
12.8206709377475 0.073136958368612
14.6624635904987 0.100640716808464
16.5066610789345 0.133934803252494
18.3532800254195 0.171352433688981
20.201900374884 0.210533116382007
3.764985 0.0
3.764985 0.0
5.6519218798238 -0.0457946407026237
7.54165445205014 -0.0771387887558156
9.43407668366453 -0.0934470699737978
11.3290623399075 -0.0985400035690566
13.2265509083488 -0.0946772884484545
15.1265089232984 -0.0832299325518649
17.0289181488704 -0.065429607251124
18.9337795020917 -0.0430767395565647
20.8406400803388 -0.0187678321329814
3.895222 0.0
3.895222 0.0
5.84779860284309 0.0115899676760348
7.80138669720789 -0.0655629971002454
9.75857145972084 -0.106411900407957
11.7186261275587 -0.1212723074621
13.6812364022818 -0.119584925222925
15.6462983375602 -0.105698481356914
17.6137664227418 -0.0819838932510139
19.5836189223199 -0.0500702193003638
21.55536471059 -0.0117693442119702
4.023648 0.0
4.023648 0.0
6.03923364176478 -0.070665180164484
8.05821635232727 -0.107789720909517
10.0800056539864 -0.119634841095476
12.1043227840225 -0.114360912964326
14.131066586288 -0.0963307340140655
16.1601926891482 -0.0679907240414909
18.1916818439342 -0.0311046622070852
20.2255284890207 0.0123121694411209
22.2612789823978 0.0594046874055552
4.149624 0.0
4.149624 0.0
6.22926461880594 0.0266992875645086
8.31147773494548 0.00640632267249483
10.3962642910522 0.0167063725783637
12.483326925328 0.0489700714547652
14.5725961220505 0.0965979979929479
16.6640554960071 0.15632398021248
18.7577070155336 0.226042204165538
20.8535433468082 0.303679036593227
22.95114638394 0.386400079772545
4.273787 0.0
4.273787 0.0
6.41549328318651 0.028318931859909
8.55945309145076 0.0714446028187496
10.7055940069352 0.128285357894958
12.8538911067762 0.196929286795169
15.004323983302 0.276201471841651
17.1568824649391 0.365102183326327
19.3115876658407 0.462236462443828
21.468474559064 0.564955381173836
23.627241812008 0.668854402537386
4.426213 0.0
4.426213 0.0
6.64428795802833 0.0118290282729977
8.85956229307885 0.165623853996229
11.0784895056316 0.301875591439704
13.3003229905811 0.431414227882595
15.5245606758544 0.562659399965246
17.7510203180441 0.698610935801191
19.9797035338623 0.839094972387897
22.2107492218425 0.980386013460071
24.4441088083306 1.11510456859321
4.545861 0.0
4.545861 0.0
6.82104509793404 0.111824341439231
9.09132910735709 0.326705196800508
11.3670894685335 0.507499130752214
13.6464614830201 0.673799432143635
15.9284967312969 0.837936871205149
18.2128451975584 1.00474202873822
20.4994809093049 1.17452836583079
22.7886170009145 1.3428505123545
25.0804026489409 1.50041950806913
4.648348 0.0
4.648348 0.0
6.97458579370723 0.116915565277444
9.29286836124622 0.366454298615285
11.618537431696 0.565531261770803
13.9485816634374 0.741426857934574
16.2816051420667 0.910945148687008
18.6171077700695 1.08084099160398
20.955030997207 1.25191620012037
23.2956191175853 1.41894110775577
25.6391186473208 1.57056147050365
4.764309 0.0
4.764309 0.0
7.14918710558409 0.104225852723328
9.52659071787412 0.345888207587352
11.9114971581581 0.531964598346775
14.3007497441785 0.692719862392786
16.6929794626181 0.846299390829267
19.0877063317698 1.00000346403359
21.4848790114768 1.15463006664098
23.8847101358909 1.30437121152136
26.2874135640202 1.43650669270724
4.878243 0.0
4.878243 0.0
7.31998758389503 0.107764993302831
9.76023198608619 0.284298338474736
12.205525202128 0.421182265884617
14.6541335800192 0.542693546617191
17.1053306631675 0.66246498231341
19.5588524786113 0.785833924933709
22.0146929425513 0.91282277542814
24.4729656253765 1.03771743050467
26.9337349548751 1.14837426028375
4.990359 0.0
4.990359 0.0
7.4899608451131 0.053741493535622
9.99106687919319 0.142473033203223
12.4952153899953 0.214337929462288
15.0019301171294 0.283891878732844
17.5109883851243 0.358910079981027
20.0222903379184 0.442101258755527
22.5358430393569 0.532548674634251
25.0516274899585 0.624922502887832
27.5695128883024 0.708431868257772
5.087152 0.0
5.087152 0.0
7.63558367189805 0.0271227108322319
10.1866526568173 0.0211400621721561
12.740218614807 0.0283015021994116
15.2962007048418 0.0502120835229856
17.8545140669084 0.0868711853781033
20.4150881335822 0.137573527319618
22.9778963841781 0.200309316095412
25.5427925263572 0.270546278464596
28.109484007546 0.339896383080265
5.20952 0.0
5.20952 0.0
7.81915099514318 -0.0259485411544771
10.4294680227948 -0.126682462355848
13.0437071428448 -0.178871360191777
15.6609068406841 -0.196637890965709
18.2806549827989 -0.188755632477788
20.9027555581897 -0.159840571108658
23.527099408857 -0.113102879471354
26.153407391321 -0.0520230512943142
28.7812359154407 0.0181022448194846
5.316352 0.0
5.316352 0.0
7.9793909000653 -0.0270226518864744
10.6404339148998 -0.184116923925771
13.3074309960189 -0.263424783188191
15.9779547070332 -0.291945061585402
18.6511233892996 -0.285690171585678
21.3265931143282 -0.252466564272157
24.0041822903654 -0.196405061331927
26.6835065126245 -0.119990772457904
29.363985903832 -0.0256795224795269
5.434343 0.0
5.434343 0.0
8.15462000818971 -0.101541489681336
10.8774142530999 -0.202666575246602
13.6043864482774 -0.235636825608283
16.3340306916819 -0.223438351834719
19.0658359047833 -0.178701525632523
21.799591782488 -0.107941263532408
24.5351862539459 -0.015039654710738
27.2722889147426 0.0967962800064842
30.0104538007467 0.223331053934703
5.537323 0.0
5.537323 0.0
8.31098447179664 0.000395541626343134
11.0869743149806 -0.0304762052964232
13.8654495831622 0.0016939044126168
16.6455913296346 0.0770010024372231
19.4271872158406 0.184218878594101
22.2101615066846 0.317448009269763
24.9944884138333 0.472872063069706
27.7799207749554 0.646790288702904
30.566187676296 0.833810255323653
5.62617 0.0
5.62617 0.0
8.44415183407613 -0.0241132752222959
11.2623524935912 0.0918383744973717
14.0822494903536 0.225964602925356
16.9036927514466 0.378897650607672
19.7265123416985 0.551392081437317
22.5506328802409 0.742584724327378
25.3761337370947 0.949745352659413
28.2030856996817 1.16667685905114
31.0318633246233 1.38152563236587
5.713712 0.0
5.713712 0.0
8.57353194508031 0.107933527955286
11.4274642690837 0.352076078292798
14.2857924058659 0.573036679976988
17.1469347630296 0.78998890329206
20.0100770191884 1.01353600413289
22.8748973871093 1.2474733354393
25.7414622588778 1.49059116998241
28.6100533587444 1.73538813376147
31.4815098655052 1.96549263651379
5.799708 0.0
5.799708 0.0
8.7024326844622 0.111203271219059
11.5876159253833 0.469567538088032
14.4827786327905 0.761600411654977
17.3829979280319 1.0271825293866
20.2861403735595 1.2882146784984
23.1914338135332 1.55321352695333
26.0989138961008 1.8217409029116
29.0091794910344 2.08333475847877
31.9236769173588 2.31418672991257
5.896584 0.0
5.896584 0.0
8.84367026959478 0.191353486589391
11.7729377305686 0.586446500307857
14.7145973334631 0.899704123124965
17.6621212145501 1.17969026228203
20.6128501446442 1.4522673320198
23.5658362663958 1.72757652678861
26.5211200961549 2.00516414108966
29.4794533656694 2.27283734298406
32.4425754556519 2.50271697325571
5.991471 0.0
5.991471 0.0
8.98805583944076 0.157774652571406
11.9652799454325 0.552185721520388
14.9559638667345 0.852611384739443
17.9527926645506 1.11433257318551
20.9529405885681 1.36660362891679
23.95543103784 1.62084619266153
26.9603141177727 1.87645973425618
29.9683499713574 2.11956504182333
32.9812269487445 2.3184166750548
6.0735 0.0
6.0735 0.0
9.10978254121821 0.182294795300127
12.1388635053256 0.485818394928528
15.1765334867686 0.720864447094218
18.2184562871132 0.932125517077779
21.2629412322895 1.14257618038984
24.3093791896683 1.36088521611545
27.3578600658797 1.58557369022191
30.4089363681161 1.80340219651315
33.4639739587963 1.98472875906621
6.165669 0.0
6.165669 0.0
9.25208675045197 0.0935273707811294
12.333021051597 0.334382418621085
15.4204258884483 0.517567074310433
18.5115337468834 0.67927011962568
21.6052525674317 0.83890235126404
24.7011679981474 1.0043763930175
27.7992810833729 1.17526505298748
30.8997373040833 1.34118096286143
34.0031899307756 1.47746799488526
6.245374 0.0
6.245374 0.0
9.37101737924223 0.113046166534917
12.5001362807612 0.194811411471032
15.631924952356 0.269828454505038
18.7660221881216 0.352484623024196
21.9021907950198 0.45008677302788
25.0402632322647 0.565307319493806
28.1801835432221 0.696358534996234
31.3218339690897 0.834825449480624
34.4655084093938 0.961665431099517
6.334889 0.0
6.334889 0.0
9.50724172602336 -0.0241306293408215
12.6819331909785 -0.064214049564063
15.8593573560897 -0.0755818047691616
19.0392581482661 -0.058909208644505
22.2213931533832 -0.0145267187860463
25.4055395868181 0.0567681568308408
28.5915004966092 0.15213349651655
31.7789438765967 0.264062916814589
34.9678830265182 0.376428223369975
6.412183 0.0
6.412183 0.0
9.62325132425259 -0.0121999325377994
12.8321463990459 -0.185874133261728
16.0470442289337 -0.273489657394735
19.2655200842631 -0.300773590485436
22.4865532399418 -0.281386429395397
25.709594848891 -0.221846975024306
28.9341920007777 -0.126222814583666
32.1597057208329 0.000759918957880985
35.3857407072219 0.150403136327942
6.488335 0.0
6.488335 0.0
9.73747848913151 -0.0124912005251629
12.9794606905999 -0.26327584135814
16.231327219653 -0.385628592035807
19.4877756061801 -0.423405726880103
22.7468572024571 -0.399742622759591
26.0076745873763 -0.325278782238754
29.2695290777403 -0.205013771392905
32.5314948327336 -0.0418029268567082
35.7927289095938 0.160770058804135
6.573901 0.0
6.573901 0.0
9.86076667288537 -0.18289926970349
13.150652654205 -0.356261108146579
16.4470864691199 -0.414628082176371
19.7464662874787 -0.393031400983634
23.0473593533814 -0.309472603929283
26.3489944666629 -0.173095602624749
29.6507379523891 0.0102665010691352
32.9519239771062 0.234329680128621
36.2523884727557 0.488457391455352
6.647523 0.0
6.647523 0.0
9.97102703446707 -0.187013520268967
13.302179778723 -0.213931469320842
16.6353902951755 -0.153322953266549
19.9692222368554 -0.0260225938654913
23.3029309687984 0.157592343147885
26.6360070867714 0.391327244210946
29.9680577193712 0.669264884577457
33.2989727062319 0.981859971320985
36.6297462169672 1.31088639782605
6.730532 0.0
6.730532 0.0
10.0985596248441 0.122812169766468
13.4707686031159 0.184107339107806
16.8422221646969 0.344486431221848
20.2117537044259 0.580198870478625
23.5788331883461 0.878483936099197
26.9430708107364 1.23205292745892
30.3041860474667 1.63434670149511
33.6623652680884 2.07532618780319
37.0193089785455 2.53613255065486
6.811987 0.0
6.811987 0.0
10.2226541528944 -0.0471829334562857
13.6174402504708 0.309699717300199
17.0152471467096 0.661722285109932
20.4132673078516 1.03529529606192
23.8097325170184 1.44422146375128
27.2038396344231 1.89182019133208
30.5958201667035 2.37207558713976
33.9878229553101 2.86540951822127
37.3853228525017 3.32975708352396
6.901941 0.0
6.901941 0.0
10.3439673440674 0.310139877501251
13.7687777514095 0.791483697758847
17.1990056868418 1.25175873856257
20.6296013038564 1.72782765940668
24.0578497930204 2.23779217197806
27.4826102476959 2.78670331075473
30.9043125873628 3.36821246304479
34.3261289051045 3.96002535878187
37.7557323521691 4.51358366545086
6.969969 0.0
6.969969 0.0
10.4574875600029 0.131172039230312
13.8767068485188 0.84278108916664
17.3210939873238 1.4353297315703
20.7737821298798 1.99331039297434
24.2276289002344 2.55973248631489
27.6801028726971 3.14949611949443
31.1318842515245 3.75657459285832
34.5880072414529 4.34937359403864
38.0591148781176 4.85645054932585
7.047401 0.0
7.047401 0.0
10.547792494222 0.446079147549889
14.012578430465 1.12772083303042
17.497295136318 1.71405580895509
20.9877182391327 2.28120705866746
24.4776744414089 2.86653340829901
27.9649075829286 3.48241164196077
31.4501929719949 4.12183224256646
34.9387476081516 4.75341525187694
38.4418714892799 5.30706049202342
7.121871 0.0
7.121871 0.0
10.6831657504452 0.181867233474908
14.1640211594742 0.967600991988015
17.6803749018302 1.58956297163458
21.2083688197552 2.15763003480722
24.7387283666345 2.72673123020493
28.2683280269207 3.31590596365784
31.798044372326 3.91782156743446
35.3339444710602 4.49352049314703
38.8879194866555 4.95476240006419
7.187334 0.0
7.187334 0.0
10.7560649158935 0.463210348368021
14.3096932037196 1.04641679039883
17.8782477847269 1.54824748855281
21.4504796605179 2.04180585186285
25.02146188955 2.56196297958097
28.5893390435842 3.1194391821275
32.1548617833064 3.70560843372518
35.7229687677169 4.28694549076456
39.3043020376576 4.78976090388336
7.258884 0.0
7.258884 0.0
10.8921558310327 0.0922195922159584
14.482604568329 0.671896205844893
18.0955374898928 1.1103637371359
21.7157991503425 1.50715970708534
25.3375236600636 1.91344663493857
28.9584269909538 2.34846964632481
32.5787350248899 2.80628482171775
36.2027097340135 3.24877779947835
39.8392756931623 3.58609215739799
7.313408 0.0
7.313408 0.0
10.9562622899902 0.37106442232606
14.612500937967 0.612538857483089
18.271282783127 0.853440566690875
21.9299581769411 1.13120369751438
25.5865238847064 1.46427649602953
29.2395414289436 1.85827885113369
32.8886394310201 2.30539522328644
36.5363975727497 2.77702192467661
40.1904206280792 3.208362281954
7.374688 0.0
7.374688 0.0
11.0657036322663 -0.0990344218029242
14.7558832243118 0.0865639698023002
18.4486787195532 0.26990541361315
22.1418198790282 0.492512693504767
25.8333332851655 0.775496557618512
29.521681503042 1.12471924911746
33.206377364873 1.53086259504371
36.8900186610664 1.96148666841423
40.580223915205 2.34407177922744
7.436701 0.0
7.436701 0.0
11.1586893561257 -0.100705624047732
14.8841664443058 -0.0479570318765727
18.6112937948344 0.0475372828887054
22.3387614338599 0.20637825337584
26.0646950977977 0.441589410624292
29.7871070069945 0.758063951601636
33.5045940006112 1.14902411693839
37.2185956785668 1.58654507772015
40.936181400981 2.00378078481732
7.50519 0.0
7.50519 0.0
11.2609667766883 0.116880228071419
15.0137419032649 -0.117626186670526
18.7761468703403 -0.155441502558751
22.5394602348125 -0.0396275122469341
26.298799997555 0.209644694392528
30.050353370663 0.582801516490386
33.7909247124104 1.07018671526059
37.519669125197 1.65199997234055
41.2414314218766 2.28427855843491
7.564905 0.0
7.564905 0.0
11.3504955523677 0.118745987639599
15.1226512650662 -0.248107159541054
18.9142259081042 -0.329701837030152
22.7070756449381 -0.203387342209927
26.4929705740122 0.0926617694020206
30.2664062294641 0.540403135471354
34.0227902234598 1.12764614518513
37.7596210041071 1.83753925395666
41.4797101682021 2.63628644580571
7.632281 0.0
7.632281 0.0
11.4355192815137 -0.369449989537382
15.259154592396 -0.363150561071112
19.08162483576 -0.195602464376311
22.897471051806 0.117136619010526
26.7017364823396 0.570128964980742
30.4897791601241 1.15916658145167
34.2585841128973 1.87207247478028
38.0106346593297 2.67627167634213
41.7601150710099 3.49795464655535
7.690201 0.0
7.690201 0.0
11.5219890091549 -0.375066011519687
15.3574025762013 -0.0115644537474134
19.1856888436897 0.442334345138849
23.0008631049018 1.01288405790425
26.7964788051237 1.71550581037955
30.5672367450372 2.55235420826739
34.311798173479 3.50786737950664
38.038946353692 4.53526076359598
41.7764658414578 5.52884762891494
7.75369 0.0
7.75369 0.0
11.5948724777462 0.560390735719522
15.4590151211454 0.956039204283976
19.3000622881538 1.55095156355655
23.1106319185048 2.32977350843783
26.8838538395912 3.28332153501149
30.6141184007131 4.40142216337262
34.3002473647063 5.6636599532201
37.9523261244135 7.02581868473388
41.603052545608 8.39490406221285
7.807127 0.0
7.807127 0.0
11.6741828249468 0.568109039073945
15.52713848974 1.23978630261533
19.3573255896184 2.0433073345943
23.1546391292252 3.00036700802604
26.9100641021318 4.11926073717336
30.6175608423772 5.3952427690641
34.2781370377771 6.80575155524031
37.9083597879747 8.29676880752547
41.5540895421391 9.75254923156751
7.878708 0.0
7.878708 0.0
11.8222590687535 0.0795829469752386
15.5145703335967 1.47403410101965
19.2676294695432 2.70364547856048
23.0197637737559 3.94406403736284
26.7392983396561 5.28644184226383
30.4105672354784 6.76193822893408
34.035533656224 8.35268027258478
37.6479140512871 9.97556017593822
41.334327526713 11.4254964610871
7.932053 0.0
7.932053 0.0
11.772882188719 1.00850513473489
15.4662242138885 2.47415773051175
19.1995335408434 3.84207154298293
22.9149270431373 5.26492931341238
26.5809927696701 6.81687457119056
30.1823781208631 8.51892617524716
33.7228107994805 10.3486189920353
37.2401862775048 12.2254875223958
40.8323371096746 13.9575070460728
7.983549 0.0
7.983549 0.0
11.9637467971995 0.363637042968361
15.3517935648537 2.4885689540473
18.9737036280709 4.19032294425351
22.6482618210316 5.78149746593235
26.3023398113555 7.42526020277868
29.9054503512308 9.18312351188444
33.4593958274692 11.042507580065
37.0153133689121 12.9013605335114
40.7023617459361 14.487043950237
8.041556 0.0
8.041556 0.0
11.8184545255637 1.39353006170625
15.4130128699383 3.21181880510128
19.1199786976544 4.79471982468562
22.8307897954967 6.37497689933084
26.4957599419943 8.06479875120005
30.0929865516353 9.89939522020129
33.6272140738729 11.8565181852947
37.1470286112183 13.8424634066146
40.7752948709373 15.6250240639451
8.087587 0.0
8.087587 0.0
12.1212735837917 0.349430035030429
15.622384556603 2.38786104425677
19.3385856773346 4.00745697265078
23.0966427280016 5.53406241041257
26.8310374785148 7.12405447678901
30.5175104375537 8.82755032794129
34.1628297011485 10.6216673578654
37.8191262392582 12.3966678705525
41.6053019074883 13.8774574708836
8.144264 0.0
8.144264 0.0
12.2059695171999 0.35433548646941
15.914797578938 2.0537446967737
19.7566402637823 3.43361659325306
23.6129359602487 4.78016851478237
27.4337510554379 6.23130825007228
31.1974098958455 7.83049527239205
34.909024152424 9.55141323310243
38.6183750348406 11.2806270629775
42.4440636423529 12.7374151900734
8.185532 0.0
8.185532 0.0
12.1480438689038 1.0441196672567
16.2049704467221 1.63870188456795
20.2386653144747 2.3883648521797
24.2291372761918 3.35238894631645
28.158668274768 4.54927141405308
32.0152812988217 5.97004259982223
35.8006758608926 7.57566692577483
39.5444026323633 9.27964946632585
43.3257463221513 10.9010974081828
8.2349 0.0
8.2349 0.0
12.3426800410099 -0.347472498452753
16.4664985866163 -0.250864498732781
20.5762372232479 0.131093406628202
24.6533471661945 0.789623220838264
28.6821132876403 1.70950720032959
32.6520057753733 2.86511713529745
36.5625146661885 4.21365540767383
40.4320382521034 5.67966142216969
44.3119504205145 7.12091847969168
8.293685 0.0
8.293685 0.0
12.4318358414944 0.336903187644981
16.4976633970795 -0.516096165082443
20.6528003006681 -0.635162880182104
24.7926704739794 -0.233161660000308
28.8776545110823 0.56297803371756
32.8896802661586 1.67793332486645
36.8171054216291 3.06720230716877
40.6478355547403 4.70793921148324
44.3632526028259 6.59757518535197
8.347443 0.0
8.347443 0.0
12.428261298955 -0.899241561248478
16.5875405167562 -1.32703779852891
20.768447257508 -1.17359590366501
24.9151369539301 -0.599649033962567
29.0063496821993 0.298860707479527
33.0324920238772 1.4624386249251
36.9886068682267 2.85095797088546
40.8725546118461 4.43381135227569
44.6855733589066 6.18304256387781
8.407821 0.0
8.407821 0.0
12.6011010463544 0.362394881112448
16.8016557560967 0.0602053211009516
20.9939542729178 0.486438647209921
25.1095319873374 1.40302884010019
29.1344357774981 2.6676220278378
33.0679146077715 4.19900879614363
36.9088550138834 5.95388845347914
40.6487777946987 7.91780715021093
44.2624585878593 10.1072587155243
8.468856 0.0
8.468856 0.0
12.6782575225832 -0.503675082626261
16.7191993636425 0.786573805983703
20.7261817247661 2.18630999727904
24.6849043082013 3.72413734296959
28.5868565384184 5.40685925410421
32.431362513421 7.22190829810651
36.2277137819478 9.13946338464914
40.0023388518393 11.1023333666144
43.8125016030546 12.9974767252567
8.525141 0.0
8.525141 0.0
12.5727513944364 1.35240824728348
16.4467100527221 3.14850022406592
20.3176762080242 4.95694698921231
24.152642150529 6.84619657578262
27.9361150047972 8.84165686599493
31.6654253884158 10.9408190318239
35.3507547799179 13.1196095740978
39.022429125772 15.3238867509281
42.7470178446062 17.4394596807667
8.560135 0.0
8.560135 0.0
12.83013229407 0.359063487688345
15.8809510713166 3.37166035013165
19.4257667787156 5.7880545140585
23.1263173842 7.96338459444176
26.8641008113763 10.0788359718767
30.6026100728656 12.197133575962
34.3486758222701 14.3054606489278
38.1535304749426 16.3085414951267
42.1246995286522 17.9599758557241
8.611382 0.0
8.611382 0.0
12.3452865126932 2.15406916963457
15.6117297875772 4.97079864450898
19.2741957664931 7.25367660031976
23.0632398292186 9.3248884686268
26.8836343888769 11.3426561007736
30.7058458041939 13.361296766164
34.5369262388091 15.3666285143102
38.4221026772092 17.2679560433282
42.4542929593911 18.8361325231804
8.625709 0.0
8.625709 0.0
12.9006185434664 0.607466771395658
15.8169566165473 3.79501053569682
19.5117070703281 6.03908943645365
23.4401238271586 7.8491201297142
27.4485557300685 9.4804060895886
31.4940890014333 11.0230252672511
35.5814025026756 12.4562928959092
39.7507040100917 13.6346445939254
44.0483043380368 14.1917799720776
8.665779 0.0
8.665779 0.0
12.4353692574755 2.14650287792872
16.435982439215 3.8299740484555
20.5923675377397 5.08900229371143
24.7962200676953 6.18901766316578
29.0134002063878 7.24630551653165
33.2349905749571 8.29416249125541
37.4670216195085 9.30608539661563
41.730049992367 10.1845466115203
46.051486785612 10.7121032301068
8.675958 0.0
8.675958 0.0
13.001599606685 -0.38767419949877
17.1997273643445 0.734337863718185
21.510005185316 1.30567532167667
25.8478107247968 1.63750454190585
30.1943222081157 1.87114412615712
34.545432840233 2.04994695122336
38.9007795651934 2.1466680136959
43.2574185758532 2.05102244065143
47.5835700137172 1.52007101215605
8.714399 0.0
8.714399 0.0
12.9261023846909 1.13593092975896
17.1260832453509 -0.0518243041156861
21.4135918213895 -0.882307105624608
25.7419479666893 -1.48197934954702
30.0921738133498 -1.91796289819842
34.4557421671188 -2.22006998973978
38.8279063855915 -2.3944119901633
43.2046930207741 -2.4243824607512
47.5794892388616 -2.26235732768704
8.73793 0.0
8.73793 0.0
12.9601816800417 1.14199849895252
16.8997317499039 -0.764147125990215
20.4513113168813 -3.32571247769903
24.4731722292361 -5.06406524641801
28.6840240474933 -6.28352771379075
32.9912317878815 -7.11098323200861
37.3590993837822 -7.52748131935083
41.7442745721663 -7.34422870130419
45.9554851429174 -6.10428325229193
8.772546 0.0
8.772546 0.0
12.5458855561306 -2.24614940613248
16.0196124720873 -4.93658849466477
19.969122765913 -6.86754285195126
24.1091256603685 -8.3540084385206
28.3418035561805 -9.55984851034478
32.6320530211574 -10.5502578782159
36.9694901351999 -11.3171116095027
41.3520311371632 -11.7707031006211
45.7582331572251 -11.6948462414639
8.805851 0.0
8.805851 0.0
13.1952639332349 -0.403560794801454
16.5735860034975 -3.23883733878066
20.6468059209642 -4.93671571278758
24.94082326636 -5.96501400806851
29.3158778119007 -6.57782897111513
33.7256680810265 -6.87480940140681
38.1469330482776 -6.83765480651469
42.5386141584045 -6.31487551988076
46.7476732763064 -4.95395683501668
8.850426 0.0
8.850426 0.0
12.8277303967298 -1.95136797173737
17.2134530298465 -2.59509270013807
21.6459304181015 -2.75084429213014
26.0815978403471 -2.61611793929633
30.509576709687 -2.2898924753045
34.9259190258905 -1.81397114249214
39.3253614124359 -1.18994202599391
43.695111815611 -0.377237768847234
48.0016431356439 0.725824570503648
8.876726 0.0
8.876726 0.0
13.2000980602507 1.02563579228337
17.6416431288024 0.829739853063755
22.0694071468133 1.25733683736961
26.45127792787 2.03797113275848
30.7909013149982 3.03695516510414
35.091827339201 4.19861971746264
39.348047617191 5.51994758494887
43.5344875144237 7.05151882011636
47.5826273113536 8.9202837822193
8.924711 0.0
8.924711 0.0
13.295426965329 -0.924179156765003
17.170721866265 1.3033076831214
20.9830758127008 3.64166631811432
25.0106309687091 5.59164838349187
29.1274768184761 7.35083772954779
33.2939606323735 8.99410603021554
37.512011788636 10.5046207591095
41.8138496609877 11.7609616308031
46.2413173409413 12.4605574566822
8.958345 0.0
8.958345 0.0
12.7851791393391 2.33733683489247
16.0252846673887 5.44087454040717
19.7386756280585 7.9634520532546
23.6276246097634 10.2107541622873
27.5859201081423 12.338100841279
31.5795806216451 14.4023144129808
35.6119098298608 16.39333175536
39.7194286908965 18.227059059644
43.9738240111687 19.6906059333145
8.980479 0.0
8.980479 0.0
13.4170833946123 0.723684743563946
16.225919224735 4.23653286004997
18.892506328236 7.86164924123769
22.5152678102639 10.5354917297192
26.4802694122143 12.6737852480693
30.6137961535171 14.4695035551693
34.8861961820799 15.9087507927931
39.3194231016583 16.7348645265367
43.8023154342468 16.2370711927632
8.92886 0.0
8.92886 0.0
12.7473107732045 2.32276520929552
15.7682331145589 5.62006503378864
19.6879842588683 7.77785899799277
23.8839608544257 9.33866862218382
28.1869156550932 10.582322407502
32.5485227519283 11.6096803433383
36.9623675098663 12.3913361700085
41.4319373447212 12.7473833861307
45.8883921964392 12.2456762157609
8.748523 0.0
8.748523 0.0
13.0341268950863 0.90084989859757
16.4033305787446 3.70233171740456
20.5466779282517 5.13565709641233
24.8700625831117 5.87863864682902
29.2432753857386 6.25147772137656
33.6328656810656 6.36612718158284
38.0221168218807 6.19102261534266
42.3671375881462 5.53657865137188
46.474620444325 3.97314102018812
8.629819 0.0
8.629819 0.0
12.674268276045 1.51790913485929
16.5977283290614 3.33165804203423
20.8758722922132 3.96595009948027
25.2030971597384 4.00592418016439
29.5235527603424 3.7220024054718
33.8252554978104 3.2119498982213
38.0923819771422 2.45622520659806
42.2730197083079 1.31029558447492
46.1898647347941 -0.549142224023846
8.443652 0.0
8.443652 0.0
12.6642804924156 0.228808136405193
16.1805280313128 2.57895742095666
20.3605744619464 3.23892949038239
24.5919248874762 3.08021512042872
28.7875574899544 2.4911492995599
32.9348645321745 1.61444813925561
37.0098361063226 0.440288945394724
40.9256501522947 -1.19138544930495
44.3935884748464 -3.63639271384214
8.32784 0.0
8.32784 0.0
12.1760589058545 1.60346662547874
16.3366023163946 1.30242950881426
20.3595889446717 0.190140537594408
24.2658926846265 -1.28745044376501
28.1021350102908 -2.94467063823792
31.89151826097 -4.71157937750043
35.6309220429787 -6.58596534422901
39.282405076471 -8.62920285372882
42.7388365733921 -10.989230596869
7.672349 0.0
7.672349 0.0
11.3162099692186 -1.2152772426305
14.954319115018 -2.45543671035496
18.1583999402484 -4.58309371988721
21.1260483553766 -7.0336769752958
23.9860253732311 -9.61283894917707
26.7952124775561 -12.2507547259601
29.5684481596788 -14.929403178321
32.2872381187649 -17.6655756570157
34.8844136800793 -20.5190404935861
7.589393 0.0
7.589393 0.0
11.3890439826033 -0.0185984546205274
14.4681626486798 -2.24407929058046
15.678799918579 -5.84784069233531
16.3244825775649 -9.59682020322628
17.6366822156056 -13.1701817450057
19.1440209260643 -16.6683698142681
20.7213635524281 -20.1378548279506
22.3524381414894 -23.5842270226388
24.0966996505134 -26.9760743618973
7.280909 0.0
7.280909 0.0
10.5658250451335 -1.5691512173767
14.1633153503672 -1.02806301048431
16.8386412274806 1.4334732725022
17.6782325118396 4.97321894403304
16.3902447674219 8.37821476441287
14.1207853327996 11.2278939329967
13.8397110297486 14.8613219870586
14.2384875789867 18.4851527993637
14.0868390908118 22.1288658384642
7.292664 0.0
7.292664 0.0
10.5817518867232 -1.57405143741704
13.8807462210475 -3.13309324137835
17.4958062519415 -2.61970610907699
20.8888925784326 -1.26417910243568
24.1074342421757 0.470684942287728
27.2087018244467 2.41212538386077
30.2040265048267 4.51717982607235
33.0410130036633 6.83399485737322
35.5470742504432 9.50706099904182
7.30807 0.0
7.30807 0.0
10.9670804246947 0.0134105630226348
14.0008207126177 -2.03677440956899
15.3535283299683 -5.44196670715693
15.2339133441638 -9.10655006163822
13.6383024722914 -12.4091119227029
10.4569104382349 -14.2362743080796
7.03129370854723 -15.5521852349054
4.48897394552765 -18.1998376929821
3.88495405859943 -21.8216511632118
7.309064 0.0
7.309064 0.0
10.9685714146701 0.0134142088189756
14.0025579625582 -2.03729396067788
15.3548975314821 -5.44316719227548
14.5514634583901 -9.02110198482947
13.0894468513526 -12.3868073403982
13.7825161338782 -15.9928403379676
16.3926440259698 -18.5792312223949
20.010046406536 -19.2387494915722
23.3689397288513 -17.7364874013652
7.294981 0.0
7.294981 0.0
10.5894003831816 -1.57717715565102
12.428940989606 -4.73550676362244
12.1735234304222 -8.38406793597745
9.90761533281555 -11.2582966940689
6.56087555570248 -12.7459692143541
3.19918389716093 -14.2058269330715
-0.258442316071144 -15.4286546144153
-3.80564082500293 -14.4872657417353
-6.20212462220182 -11.7083391372072
2.336154 0.0
2.336154 0.0
3.49725950606734 -0.167163547788112
4.60288323940636 -0.551671900302126
5.61306973730641 -1.13812489696027
6.49175492614665 -1.90394607828192
7.21109527401878 -2.82424675837407
7.74389872537263 -3.86653798212437
8.06950477710766 -4.99352083335759
8.17464279422057 -6.16438687190896
8.50128109056041 -7.29321282650144
2.266377 0.0
2.266377 0.0
3.38868048790455 -0.156687770963539
4.46531406382575 -0.518141104449537
5.45894150735225 -1.07327853348581
6.33468658780054 -1.80419631837948
7.06138531926747 -2.68668648854858
7.61273287932916 -3.69098624824804
8.3429720541011 -4.57703792817672
9.22726973534257 -5.31264546699477
10.2341594121846 -5.87043636462106
2.352733 0.0
2.352733 0.0
3.52187198258995 -0.169531255852102
4.63912326688948 -0.561053231751876
5.66241159060026 -1.16134189481155
6.55274661470262 -1.94919156312211
7.4771242303538 -2.70077666225807
8.53165178554807 -3.26049878568719
9.67707769374251 -3.6058859474579
10.8699799715753 -3.72238913092127
12.0643937512444 -3.60433693898192
2.477275 0.0
2.477275 0.0
3.70664430574257 -0.187843928579744
4.95148383125378 -0.244705380316295
6.18456861384403 -0.0482428508724954
7.35459793527934 0.394900953186011
8.40817098394997 1.06503484849805
9.30229656098455 1.93301994137775
10.0010006456995 2.96182839459412
10.4777026255612 4.11056603659291
11.1777100380036 5.14126316758881
2.705359 0.0
2.705359 0.0
4.05798059615274 0.117083057448421
5.37735260917764 0.447757766996436
6.73966251815645 0.479493106194818
8.07779225164214 0.20907882442519
9.32520923055292 -0.351722473465556
10.419292736723 -1.1765698193937
11.3045191013933 -2.22567576896104
12.1912191057768 -3.27680932846373
13.1712483630147 -4.24459984638156
1.985973 0.0
1.985973 0.0
2.98016475641003 0.0869471429582226
3.94946822120162 0.334785860424188
4.86779244035585 0.738100313174218
5.78256401556831 1.15546833664493
6.7556998850472 1.41822937621575
7.76123851932902 1.51810440762788
8.772010591918 1.45116064946666
9.76036622413578 1.21799552280109
10.6986874827729 0.823901405219995
1.705655 0.0
1.705655 0.0
2.55881217788596 0.0893915520500337
3.39353498493339 0.297721201149754
4.19314455893242 0.62190606201055
4.98706752424385 0.966112406427099
5.82398934391727 1.19564767100174
6.68743276001916 1.3048970401643
7.56014330866963 1.29060916805799
8.42442840782215 1.15201082773814
9.2622906583612 0.89094257342989
1.49547 0.0
1.49547 0.0
2.24505396488112 0.0688030509359768
2.98297413528346 0.229593994014296
3.69784518686166 0.48083433694502
4.44029267209871 0.644324358058318
5.19976641175305 0.714782282750884
5.9646062324815 0.6901925685861
6.72287540543661 0.57000566497939
7.46254568007323 0.355180526067754
8.17150623890262 0.0482829305911757
1.044205 0.0
1.044205 0.0
1.5702313377975 0.033665077596785
2.09388294416336 0.112834536247947
2.61116152795879 0.237557979537053
3.13675606305744 0.335283195119155
3.671361311757 0.387016392159611
4.21094341336191 0.391708275352751
4.75133427297871 0.348663653040649
5.28826236139722 0.257558707724428
5.81720836202211 0.118502280522206
0.9135565 0.0
0.9135565 0.0
1.37461306097749 0.0258069710093043
1.8348902406044 0.0866281133933259
2.3002154979232 0.123429466911385
2.76949211006589 0.124669341501119
3.23997756448632 0.089767272140202
3.70884868035452 0.0183548415329027
4.17321771347283 -0.089714122075572
4.63014965704997 -0.234354503805505
5.07655981626982 -0.415193194235965
0.7773385 0.0
0.7773385 0.0
1.17056226931384 0.0187228641554019
1.56667590778357 0.0120850871508759
1.96402193298245 -0.0203696073307678
2.36088518633506 -0.0789897859706933
2.75549946797038 -0.164009973015761
3.14605480580733 -0.275544666422302
3.53070534878788 -0.413582761894395
3.90757786910781 -0.577982444725221
4.27470796311154 -0.768428798766389
0.6533872 0.0
0.6533872 0.0
0.98481559640185 -0.0132613098696207
1.3175276392861 -0.0446947127616738
1.65050013718334 -0.0946136065644997
1.98267169408636 -0.163274768192421
2.31294549787149 -0.250874601993654
2.64019243598229 -0.357545478352725
2.96325454164874 -0.483352188293012
3.28094877212246 -0.628288540961456
3.59205876416732 -0.79226762017943
0.5739431 0.0
0.5739431 0.0
0.865734517320599 -0.0102545008380899
1.15919617496476 -0.0346214716498254
1.45362454212342 -0.0734034023718951
1.74828468863538 -0.126869348172994
2.04241152681059 -0.195252241741632
2.33521125738075 -0.278746209254444
2.62586302564073 -0.377503903667657
2.91352079310481 -0.491633869853886
3.19731542916834 -0.621197956962822
0.6377296 0.0
0.6377296 0.0
0.961347716151685 -0.0126381793575965
1.28135467007247 -0.0421489249489676
1.59689734954652 -0.088057291045053
1.90716871979682 -0.149850198686799
2.21140888199772 -0.226980194935195
2.51079057374957 -0.319451300338284
2.80656680570253 -0.427680706019563
3.09868366995489 -0.551962444406233
3.38620944173331 -0.692321529167516
0.5403149 0.0
0.5403149 0.0
0.810324633090762 -0.00893262709162626
1.07718447374129 -0.0295805319518381
1.34040447344442 -0.0615759225624568
1.59952506247753 -0.104534697455821
1.85411708709352 -0.158058521502805
2.10434673255984 -0.221880945827842
2.35239290475446 -0.296423495728061
2.59942435863486 -0.38221527957787
2.84488949753664 -0.479402773961501
0.3617771 0.0
0.3617771 0.0
0.542621306043893 -0.00400507945696542
0.720771467583458 -0.0132243367818724
0.896085376645137 -0.0274305077317814
1.06843358600589 -0.0463958438821657
1.23769904250955 -0.0698926888117876
1.40396876701477 -0.0977261693635514
1.56994173739516 -0.130233629778018
1.73739213886822 -0.167863501798694
1.9061442451676 -0.210790802964119
0.2305301 0.0
0.2305301 0.0
0.345783676268779 -0.00162631754560807
0.458487530203452 -0.00534085710595286
0.56860709831156 -0.0110031852650781
0.676112778745002 -0.0184754446236788
0.780979657621928 -0.0276224903297001
0.883920808035413 -0.0383887334994408
0.987568019846227 -0.0510044405015597
1.09346106066547 -0.0657311279875749
1.20155042862025 -0.0826931677479233
0.1436124 0.0
0.1436124 0.0
0.215415826028562 -0.000631164796934712
0.28470742866996 -0.00205354251337925
0.351479745413758 -0.00418099837472187
0.415727142856851 -0.00693041115127922
0.47744564698348 -0.0102217018608534
0.538218215543137 -0.0140784727807362
0.600415165270767 -0.018647493960902
0.665053605400639 -0.0240587135182232
0.732119990064363 -0.0303897495680928
0.09262833 0.0
0.09262833 0.0
0.138941750680665 -0.000262572852685004
0.182752076562324 -0.000842571649941786
0.224057646669239 -0.00168524814287957
0.262857507309685 -0.00273891466195475
0.299151306090989 -0.00395495027246658
0.335203493404389 -0.00537712649941981
0.373155925850758 -0.00709844262066572
0.413593621305673 -0.00918412760589172
0.456512404877807 -0.0116826372086344
0.1796544 0.0
0.1796544 0.0
0.269476169520733 -0.000987714535812744
0.356774586618463 -0.00322963953690863
0.441534115041243 -0.00661729254741425
0.523742158142023 -0.0110451020575567
0.603388844773566 -0.0164104680789114
0.680600696278923 -0.0226245887272361
0.758227493662102 -0.0298621916968937
0.838241825512814 -0.038351986530737
0.920619969844751 -0.0481895983119162
0.2510484 0.0
0.2510484 0.0
0.376557781890835 -0.00192868945671003
0.499502806206422 -0.00634171285736795
0.619838184737174 -0.01308555801148
0.737524559811786 -0.0220090601132589
0.852528208561874 -0.0329635814058116
0.964820748973201 -0.0458031735131885
1.07653317019494 -0.0606714509726803
1.190139053344 -0.0779265601401038
1.30586507000289 -0.0977335947779188
0.3183758 0.0
0.3183758 0.0
0.477533477153439 -0.00310182358167629
0.6340592060361 -0.0102288283054841
0.787857467066466 -0.0211834344161541
0.938842492225712 -0.0357690835735734
1.08693791283385 -0.0537906226730113
1.23207640086525 -0.0750546594907052
1.3752410206682 -0.0995481137376831
1.51939454257984 -0.127747552074525
1.66527096798601 -0.159937517209713
0.3769403 0.0
0.3769403 0.0
0.565360293478047 -0.00434781540032337
0.751060659467477 -0.014361343905319
0.93387986554297 -0.0298026460723142
1.11367029781759 -0.0504326152046696
1.29029789535503 -0.0760116338237069
1.46364176441553 -0.10630019117168
1.63359377520586 -0.141059462129895
1.80328862224297 -0.18080855094244
1.97419954436845 -0.22601339832143
0.4390252 0.0
0.4390252 0.0
0.658458555126317 -0.0058978145755544
0.875044129236833 -0.019505078633053
1.0885230924522 -0.0405380955779884
1.29865588683297 -0.0687081373368952
1.50522191302355 -0.103722510681365
1.70801917226242 -0.145285573035354
1.90686386802176 -0.193099697160391
2.10332598735364 -0.24734552164555
2.30025902761 -0.308848930918767
0.5320027 0.0
0.5320027 0.0
0.797863045784146 -0.00865995042462612
1.06060313384052 -0.0286751338307152
1.31975575310308 -0.059685206469792
1.57488303631123 -0.101314730558905
1.82557645105417 -0.153175148559131
2.07145668106975 -0.214866694786736
2.31217340523613 -0.285980240143258
2.54740498168903 -0.366099066364201
2.7815216989028 -0.456603432875256
0.5970391 0.0
0.5970391 0.0
0.895359358417977 -0.0109061977624585
1.19030195912656 -0.036133886016868
1.48120189910065 -0.0752612565639173
1.76743228372613 -0.12784020059774
2.04840479242496 -0.193399181904675
2.32356995995497 -0.271446049163443
2.59241728341136 -0.361470778085802
2.85473385417279 -0.463048307933425
3.11439283990553 -0.577581813033426
0.6087345 0.0
0.6087345 0.0
0.912890516658538 -0.0113375660074691
1.21361612260939 -0.0375663008790658
1.51020571000319 -0.078252502375564
1.80199352720396 -0.13293370400153
2.08835426114932 -0.201121737174449
2.36870341872334 -0.282305734348603
2.64249751763904 -0.375955062615131
2.90978782119245 -0.481741327160801
3.17399825652139 -0.600947629267707
0.6035699 0.0
0.6035699 0.0
0.905148947182212 -0.0111460462573724
1.20332113196818 -0.0369303341382854
1.49739897434159 -0.0769244479785199
1.78673407183629 -0.130672314077055
2.07071762901017 -0.197693178314199
2.34878079342459 -0.27748452383563
2.62039480841951 -0.36952491887482
2.88632566370875 -0.473768610963699
3.14903587053451 -0.591171312972098
0.6248339 0.0
0.6248339 0.0
0.93702241124741 -0.0119450446808702
1.25068457603845 -0.040029413850158
1.56496204460311 -0.084562468220613
1.87419589759937 -0.14487968047545
2.17748987842926 -0.220427318851899
2.47413922133598 -0.310634271820865
2.76348701464411 -0.414902790838124
3.04678823212704 -0.533391504892932
3.32559553965042 -0.666806494797642
0.6601435 0.0
0.6601435 0.0
0.994941777041459 -0.0135348194717582
1.33247875770391 -0.00868991490978822
1.67233460055002 -0.0208060721147999
2.01348235386763 -0.0520088661523952
2.35482269687599 -0.102617985408401
2.6926645422362 -0.17236385644252
3.02469164260722 -0.260675881938494
3.35147084336712 -0.367556683855162
3.67365505270991 -0.493370477226202
0.4779562 0.0
0.4779562 0.0
0.721829910929903 0.00713627331932987
0.96771938029155 0.0241604516836632
1.21520891953458 0.0513454157222836
1.46411545386742 0.0872170198645698
1.71655553120946 0.115125489581553
1.97243033562796 0.132706738328834
2.23131620708602 0.139617738016241
2.49276235471003 0.135530102562547
2.75417165554704 0.120255797443775
0.183655 0.0
0.183655 0.0
0.280476382716389 0.00108839567098515
0.379767507245413 0.00377630396144141
0.48149957997562 0.00818370052269194
0.585639739741949 0.0144330521483994
0.692197516754675 0.0220195490817888
0.801367900012742 0.0278787045555597
0.913123938277197 0.0318759162370613
1.02743397811879 0.0338739371729762
1.13926139691395 0.0337390460576105
0.1010595 0.0
0.1010595 0.0
0.156588187723483 0.000343474555684619
0.214611181132203 0.00122898223804783
0.275122402925171 0.00272653966182285
0.338114351715429 0.00490914867903064
0.403611078766649 0.00698926736446335
0.471625772308937 0.00842047818650754
0.542152050708479 0.00912027196229512
0.61518170695387 0.00900314257713526
0.685704993567165 0.00804831194299083
0.3052608 0.0
0.3052608 0.0
0.462863687606348 0.00294496558566959
0.622835964701895 0.0100594278304128
0.785061087083641 0.0215336026874402
0.949412207339315 0.0375572820287375
1.11607749723336 0.0555192469049995
1.28566425825978 0.0691090788118747
1.45805986462689 0.0781096321978732
1.63314003933834 0.0823036146043312
1.80668843338007 0.0814931739486046
0.4954508 0.0
0.4954508 0.0
0.748060008158036 0.00766262089169888
1.00263101623006 0.025927523495189
1.2587029970447 0.0550740922914781
1.5165904412306 0.0898781865255339
1.77821388015368 0.113915908209541
2.04312499147333 0.126823889106458
2.31084656873093 0.128254607855601
2.58087268127607 0.117878411858889
2.85119673368912 0.0955074239399567
0.7010626 0.0
0.7010626 0.0
1.05626664690725 0.0152509127728294
1.41425663299089 0.00981201018116342
1.76882276859742 -0.0163673855490294
2.11879210306699 -0.0627631148034384
2.46304872889198 -0.12879013821302
2.80053620095841 -0.213807735955031
3.13025954167711 -0.317124713243663
3.45134936157298 -0.43802812360468
3.76672875075427 -0.577429105644034
0.8705881 0.0
0.8705881 0.0
1.31025722994012 -0.0234500883388872
1.7446224497898 -0.0781354243847939
2.17151562778475 -0.163241972330592
2.58886932307073 -0.27781327188516
2.99472500026361 -0.420761299747284
3.38724019045679 -0.590877655739548
3.76469460632627 -0.786844981532585
4.12549522603162 -1.00724852367242
4.50286954783662 -1.20337004232802
0.9912099 0.0
0.9912099 0.0
1.48590306457756 -0.0300489498109429
1.97406858213595 -0.0996687685179938
2.45260732362428 -0.207807058731072
2.91856164140076 -0.353179050141881
3.36913128032298 -0.534284455497154
3.80168746066097 -0.749425208134016
4.21378511304096 -0.996723899443251
4.60317326195595 -1.2741427389836
5.01516984592358 -1.52160977238247
0.7098508 0.0
0.7098508 0.0
1.06444126396718 -0.0154156553120969
1.41505464948927 -0.0511076213587725
1.76056376740063 -0.10652634536325
2.09989894148193 -0.181065248925528
2.43205014406194 -0.274065840971187
2.75606873328618 -0.384822819607805
3.07106880595118 -0.512589136312426
3.37622818115125 -0.656580997801269
3.68439457358876 -0.800047900030937
0.4727223 0.0
0.4727223 0.0
0.708984522522863 -0.00683779481117556
0.942312168252014 -0.0226253597318099
1.17238019325892 -0.0470525080633671
1.39888617235454 -0.0798010558011743
1.62155005735755 -0.120546172065947
1.84011387173713 -0.168957673460015
2.05434134694336 -0.224701260801699
2.26466038026919 -0.287632055357102
2.47495469365422 -0.358868235638277
0.3607422 0.0
0.3607422 0.0
0.541069335497183 -0.00398220021981282
0.718704096194255 -0.0131484425476079
0.893505533812831 -0.0272721851166165
1.06534538385641 -0.046126445279456
1.23410769898376 -0.0694843705726122
1.39968846677818 -0.0971197737698207
1.56199521423983 -0.128807632549767
1.72237279666187 -0.164643230910062
1.88415460730656 -0.205382856963862
0.2854698 0.0
0.2854698 0.0
0.428182912950263 -0.00249380633878119
0.568301118791956 -0.00821355831807764
0.705756534775164 -0.016983466021289
0.840489037202786 -0.0286295360588995
0.972445933012426 -0.0429798426673345
1.10158162972326 -0.0598647762021358
1.22785730485348 -0.0791172698102608
1.35301836231844 -0.100882153291969
1.48015423859214 -0.125719952269666
0.2061956 0.0
0.2061956 0.0
0.309285189655544 -0.00130110318255739
0.409839313047509 -0.00426515930290652
0.50783375659833 -0.00876709091029107
0.603248234181779 -0.0146845919016026
0.69606614127938 -0.0218982226274235
0.786274313554751 -0.030291493559534
0.873862790227313 -0.0397509381847762
0.960969679038087 -0.0504291373863867
1.05039127973295 -0.0626951929992468
0.1355627 0.0
0.1355627 0.0
0.203341716826151 -0.000562393014514119
0.268610815314947 -0.00182708152128407
0.331363835880424 -0.00371290003189153
0.391596236065965 -0.00614170975526456
0.449304930846842 -0.0090384221950706
0.504488138943726 -0.0123310181537486
0.557145235238031 -0.0159505625810479
0.609803433125535 -0.0200268162808229
0.66491527225191 -0.0247718668190785
0.02967392 0.0
0.02967392 0.0
0.0445108555288935 -2.69472272526466e-05
0.056847704563391 -7.92666784579993e-05
0.0666844719557896 -0.000140816058115841
0.0740212049822803 -0.000198517354413549
0.0788579662102084 -0.000242356821110873
0.0811948126249565 -0.000265384886465248
0.0810317809820031 -0.000263719417895348
0.0814068395978244 -0.000267542981551848
0.0842817670350274 -0.000296978975270013
0.07313343 0.0
0.07313343 0.0
0.109699778666982 -0.000163679735844478
0.143764632879247 -0.000519736873829266
0.175327297703127 -0.00102538690199384
0.204387494684282 -0.00164090940319293
0.230945280288609 -0.00232965055580142
0.255000970597097 -0.00305802454029377
0.276555072263127 -0.00379551406755558
0.298415740251454 -0.00462063936786574
0.322771186732627 -0.00562713681811538
0.1491563 0.0
0.1491563 0.0
0.223731342216548 -0.000680834651421574
0.295793116366049 -0.00221719731878749
0.365333164031472 -0.00451952682545805
0.432345009524756 -0.00750126473281406
0.496823983280521 -0.0110788879543896
0.558767051109721 -0.015171935696494
0.618172649440306 -0.0197030312102417
0.677337228701449 -0.0247955860428143
0.738938194772039 -0.0307006056384449
0.2371847 0.0
0.2371847 0.0
0.355764553702781 -0.00172156160200457
0.471790212533147 -0.00565605212791458
0.58522384447795 -0.0116588107418176
0.696032883623892 -0.01958768553059
0.804189749160172 -0.0293031831595451
0.909671567170027 -0.0406686031406714
1.01245989581676 -0.053550157452263
1.11417283647519 -0.0680497794015304
1.21809670984331 -0.0846493594405493
0.2970988 0.0
0.2970988 0.0
0.445623640490605 -0.00270111043837285
0.591541406144909 -0.00890053779211933
0.734775159278142 -0.0184148527635634
0.875256397672748 -0.0310621796876745
1.01292471675736 -0.0466625044623721
1.14772746864009 -0.0650379579589217
1.27961941925312 -0.0860130756895191
1.40958690167938 -0.109600971251017
1.54146457681375 -0.136488092285468
0.3744114 0.0
0.3744114 0.0
0.56156794619458 -0.00428967702816401
0.746009278945463 -0.0141684611807941
0.927577203033155 -0.0294002055575305
1.10612724474468 -0.0497477162247601
1.2815282858411 -0.0749733947954063
1.45366217811455 -0.104839842518888
1.62242334114931 -0.139110426289961
1.78783355834784 -0.177576599810366
1.95453105041997 -0.221251564465668
0.4496957 0.0
0.4496957 0.0
0.674458385667263 -0.00618795452970914
0.896347192265979 -0.0204681469200053
1.11508340159493 -0.0425486327851612
1.33040859200772 -0.0721315711233594
1.54208434382132 -0.108914375540789
1.74989189456919 -0.152590813109796
1.95363174868106 -0.202852049994429
2.15312324604521 -0.259387643267893
2.35296569731444 -0.323411972685615
0.546216 0.0
0.546216 0.0
0.819171390431887 -0.00912877309261211
1.0889552869709 -0.0302318254475863
1.35506116063786 -0.0629360092340662
1.61701361053852 -0.106850968134268
1.87436843614892 -0.161571287453757
2.12671258594127 -0.226678580934904
2.37366399034041 -0.30174350917633
2.61487128701219 -0.386327725239378
2.85465854186463 -0.481835902882775
0.627503 0.0
0.627503 0.0
0.941023121503628 -0.0120472886825354
1.25102383035757 -0.0399230262824648
1.55673097283778 -0.0831738269451995
1.85741317475632 -0.141313268426278
2.15238263478659 -0.213825276679836
2.44099568769186 -0.300167455651958
2.72265314869528 -0.399774349608967
2.99680045064071 -0.512060626529835
3.26745738640489 -0.638540987792595
0.7016494 0.0
0.7016494 0.0
1.05215063843186 -0.0150616064157062
1.39872551810681 -0.0499320722997929
1.740286008695 -0.104072208655951
2.07579997431544 -0.17688861101312
2.40429314029095 -0.267738575071045
2.72485068167859 -0.375934994628438
3.03661844728187 -0.500751216971968
3.33880383407125 -0.641425832750751
3.6373424865388 -0.79522083270825
0.7586661 0.0
0.7586661 0.0
1.13759026332289 -0.0176079888786834
1.5122104344076 -0.058386352871427
1.8811468918654 -0.121719777248766
2.24308783790766 -0.206917010740063
2.59679273407486 -0.313217284379381
2.94109510070709 -0.439796772496761
3.2749047946196 -0.58577505671422
3.59720978176193 -0.750221556248118
3.91670994138901 -0.925316442555224
0.8005062 0.0
0.8005062 0.0
1.20027897390777 -0.019602890136435
1.59543190208578 -0.0650087476006714
1.98434112200614 -0.135539816506748
2.36546077612648 -0.23042293799786
2.73732768180058 -0.348797286764548
3.09856531842666 -0.489722218368204
3.4478871456522 -0.65218517404696
3.78409926995013 -0.835109592594115
4.11685955321361 -1.02925012114474
