0 0
1 0.0901017475834462
2 0.975600331735775
3 0.656712313737031
4 0.417406107920279
5 0.383633407484044
6 0.610333068896682
7 1.01847059240126
8 1.40486737252924
9 1.81043494201153
10 2.1650686313765
11 2.47435315415734
12 2.85078091623352
13 3.24556298343138
14 3.57018653568617
15 3.88869755501895
16 4.24877349691935
17 4.52743104787183
18 4.83776222550089
19 5.10399997664723
20 5.4038698377753
21 5.66404639908816
22 5.95612687136306
23 6.24143861997734
24 6.48693366218484
25 6.76249541217468
26 7.03928788764269
27 7.30983489576582
28 7.54165445205014
29 7.80138669720789
30 8.05821635232727
31 8.31147773494548
32 8.55945309145076
33 8.85956229307885
34 9.09132910735709
35 9.29286836124622
36 9.52659071787412
37 9.76023198608619
38 9.99106687919319
39 10.1866526568173
40 10.4294680227948
41 10.6404339148998
42 10.8774142530999
43 11.0869743149806
44 11.2623524935912
45 11.4274642690837
46 11.5876159253833
47 11.7729377305686
48 11.9652799454325
49 12.1388635053256
50 12.333021051597
51 12.5001362807612
52 12.6819331909785
53 12.8321463990459
54 12.9794606905999
55 13.150652654205
56 13.302179778723
57 13.4707686031159
58 13.6174402504708
59 13.7687777514095
60 13.8767068485188
61 14.012578430465
62 14.1640211594742
63 14.3096932037196
64 14.482604568329
65 14.612500937967
66 14.7558832243118
67 14.8841664443058
68 15.0137419032649
69 15.1226512650662
70 15.259154592396
71 15.3574025762013
72 15.4590151211454
73 15.52713848974
74 15.5145703335967
75 15.4662242138885
76 15.3517935648537
77 15.4130128699383
78 15.622384556603
79 15.914797578938
80 16.2049704467221
81 16.4664985866163
82 16.4976633970795
83 16.5875405167562
84 16.8016557560967
85 16.7191993636425
86 16.4467100527221
87 15.8809510713166
88 15.6117297875772
89 15.8169566165473
90 16.435982439215
91 17.1997273643445
92 17.1260832453509
93 16.8997317499039
94 16.0196124720873
95 16.5735860034975
96 17.2134530298465
97 17.6416431288024
98 17.170721866265
99 16.0252846673887
100 16.225919224735
101 15.7682331145589
102 16.4033305787446
103 16.5977283290614
104 16.1805280313128
105 16.3366023163946
106 14.954319115018
107 14.4681626486798
108 14.1633153503672
109 13.8807462210475
110 14.0008207126177
111 14.0025579625582
112 12.428940989606
113 4.60288323940636
114 4.46531406382575
115 4.63912326688948
116 4.95148383125378
117 5.37735260917764
118 3.94946822120162
119 3.39353498493339
120 2.98297413528346
121 2.09388294416336
122 1.8348902406044
123 1.56667590778357
124 1.3175276392861
125 1.15919617496476
126 1.28135467007247
127 1.07718447374129
128 0.720771467583458
129 0.458487530203452
130 0.28470742866996
131 0.182752076562324
132 0.356774586618463
133 0.499502806206422
134 0.6340592060361
135 0.751060659467477
136 0.875044129236833
137 1.06060313384052
138 1.19030195912656
139 1.21361612260939
140 1.20332113196818
141 1.25068457603845
142 1.33247875770391
143 0.96771938029155
144 0.379767507245413
145 0.214611181132203
146 0.622835964701895
147 1.00263101623006
148 1.41425663299089
149 1.7446224497898
150 1.97406858213595
151 1.41505464948927
152 0.942312168252014
153 0.718704096194255
154 0.568301118791956
155 0.409839313047509
156 0.268610815314947
157 0.056847704563391
158 0.143764632879247
159 0.295793116366049
160 0.471790212533147
161 0.591541406144909
162 0.746009278945463
163 0.896347192265979
164 1.0889552869709
165 1.25102383035757
166 1.39872551810681
167 1.5122104344076
168 1.59543190208578
