0 0
1 5.94575494584058e-05
2 0.0198969614225469
3 0.00906755114762149
4 0.00455170706815222
5 0.0038526123519797
6 0.00966257019730109
7 0.0267498711252135
8 0.0508037048065793
9 0.0576263893504489
10 0.0232963666858214
11 -0.149210007490995
12 -0.167853600156421
13 -0.114977677301254
14 0.0638059849131609
15 0.0998198565366361
16 0.129928851351976
17 0.0426073315530515
18 -0.00367770509169111
19 -0.0829377910432183
20 -0.0607379787244926
21 -0.0539222843819692
22 0.0385213645442277
23 0.0831163618707233
24 0.121367050296408
25 0.196315886127012
26 0.0877253106625345
27 0.0386019372317074
28 -0.0771387887558156
29 -0.0655629971002454
30 -0.107789720909517
31 0.00640632267249483
32 0.0714446028187496
33 0.165623853996229
34 0.326705196800508
35 0.366454298615285
36 0.345888207587352
37 0.284298338474736
38 0.142473033203223
39 0.0211400621721561
40 -0.126682462355848
41 -0.184116923925771
42 -0.202666575246602
43 -0.0304762052964232
44 0.0918383744973717
45 0.352076078292798
46 0.469567538088032
47 0.586446500307857
48 0.552185721520388
49 0.485818394928528
50 0.334382418621085
51 0.194811411471032
52 -0.064214049564063
53 -0.185874133261728
54 -0.26327584135814
55 -0.356261108146579
56 -0.213931469320842
57 0.184107339107806
58 0.309699717300199
59 0.791483697758847
60 0.84278108916664
61 1.12772083303042
62 0.967600991988015
63 1.04641679039883
64 0.671896205844893
65 0.612538857483089
66 0.0865639698023002
67 -0.0479570318765727
68 -0.117626186670526
69 -0.248107159541054
70 -0.363150561071112
71 -0.0115644537474134
72 0.956039204283976
73 1.23978630261533
74 1.47403410101965
75 2.47415773051175
76 2.4885689540473
77 3.21181880510128
78 2.38786104425677
79 2.0537446967737
80 1.63870188456795
81 -0.250864498732781
82 -0.516096165082443
83 -1.32703779852891
84 0.0602053211009516
85 0.786573805983703
86 3.14850022406592
87 3.37166035013165
88 4.97079864450898
89 3.79501053569682
90 3.8299740484555
91 0.734337863718185
92 -0.0518243041156861
93 -0.764147125990215
94 -4.93658849466477
95 -3.23883733878066
96 -2.59509270013807
97 0.829739853063755
98 1.3033076831214
99 5.44087454040717
100 4.23653286004997
101 5.62006503378864
102 3.70233171740456
103 3.33165804203423
104 2.57895742095666
105 1.30242950881426
106 -2.45543671035496
107 -2.24407929058046
108 -1.02806301048431
109 -3.13309324137835
110 -2.03677440956899
111 -2.03729396067788
112 -4.73550676362244
113 -0.551671900302126
114 -0.518141104449537
115 -0.561053231751876
116 -0.244705380316295
117 0.447757766996436
118 0.334785860424188
119 0.297721201149754
120 0.229593994014296
121 0.112834536247947
122 0.0866281133933259
123 0.0120850871508759
124 -0.0446947127616738
125 -0.0346214716498254
126 -0.0421489249489676
127 -0.0295805319518381
128 -0.0132243367818724
129 -0.00534085710595286
130 -0.00205354251337925
131 -0.000842571649941786
132 -0.00322963953690863
133 -0.00634171285736795
134 -0.0102288283054841
135 -0.014361343905319
136 -0.019505078633053
137 -0.0286751338307152
138 -0.036133886016868
139 -0.0375663008790658
140 -0.0369303341382854
141 -0.040029413850158
142 -0.00868991490978822
143 0.0241604516836632
144 0.00377630396144141
145 0.00122898223804783
146 0.0100594278304128
147 0.025927523495189
148 0.00981201018116342
149 -0.0781354243847939
150 -0.0996687685179938
151 -0.0511076213587725
152 -0.0226253597318099
153 -0.0131484425476079
154 -0.00821355831807764
155 -0.00426515930290652
156 -0.00182708152128407
157 -7.92666784579993e-05
158 -0.000519736873829266
159 -0.00221719731878749
160 -0.00565605212791458
161 -0.00890053779211933
162 -0.0141684611807941
163 -0.0204681469200053
164 -0.0302318254475863
165 -0.0399230262824648
166 -0.0499320722997929
167 -0.058386352871427
168 -0.0650087476006714
