0 0
1 -0.254999304745991
2 -0.374531566539359
3 -0.374531566539359
4 -0.374531566539359
5 -0.374531566539359
6 -0.374531566539359
7 -0.374531566539359
8 -0.374531566539359
9 -0.0816350878463451
10 0.374531566539359
11 0.325001432234105
12 0.264681998086935
13 -0.0866320791381703
14 -0.0533255701850537
15 -0.160918107223675
16 -0.022391565657861
17 -0.0424337850382326
18 0.0689761937606226
19 0.0133030329274172
20 0.0560679254772579
21 -0.0222719494780623
22 -0.00642245295701919
23 -0.0683243963130271
24 -0.0957207257800713
25 -0.0137854270860133
26 -0.0440963340953193
27 0.0394368815066412
28 -0.00932461141276151
29 0.0532966895920417
30 -0.0189309626280209
31 0.0248854359327941
32 -0.00737276346624716
33 -0.0661071143252746
34 -0.0455343187746482
35 -0.056095371060044
36 -0.0553255994043834
37 -0.0263593220491006
38 -0.0128015597383256
39 0.0116792680112501
40 0.0251408872035363
41 0.0420122293339513
42 -0.000157591533592273
43 0.00930654431603399
44 -0.0404005508055524
45 -0.0381308663895041
46 -0.0672864598594537
47 -0.053724245980963
48 -0.0604179277081147
49 -0.0300652440737631
50 -0.0354211424748852
51 0.00734740027646188
52 0.00362571624094516
53 0.0358793532531928
54 0.0517431690217081
55 -0.00204782784117666
56 -0.033137346079749
57 0.012426192691885
58 -0.0796700223803635
59 -0.0330052508633077
60 -0.110059019319466
61 -0.0438398711466314
62 -0.109892803447679
63 -0.0213922270610225
64 -0.0849349135700106
65 0.0222580134257961
66 -0.047841956752124
67 -0.0253649014853304
68 0.0570383076377411
69 0.0776392241448832
70 -0.0590687493036533
71 -0.114329484760545
72 0.0252890817491612
73 -0.0156715744608839
74 -0.198091934448517
75 -0.069832468835616
76 -0.268968671228268
77 -0.0653807868301242
78 -0.249535444052551
79 -0.192604089539276
80 0.0627070210703146
81 -0.0599360914206355
82 0.158995063213028
83 -0.0627423568098864
84 0.0860477246260397
85 -0.231458117294659
86 -0.0599703256054262
87 -0.371822789079743
88 -0.100137485955582
89 -0.365519142459858
90 0.0630425947234722
91 -0.18498557558225
92 0.283204857286469
93 0.374531566539359
94 0.0637097480814365
95 0.315361678105194
96 -0.160567078117466
97 0.142873908821409
98 -0.374531566539359
99 -0.110175456309104
100 -0.374531566539359
101 -0.144917997382276
102 -0.254585882119921
103 -0.0392493954302815
104 -0.290094256545629
105 0.256745984799415
106 0.00394653901220549
107 0.374531566539359
108 -0.374531566539359
109 -0.0030688277653732
110 0.374531566539359
111 0.374531566539359
112 0.374531566539359
113 0.374531566539359
114 0.374531566539359
115 0.374531566539359
116 -0.195301495832702
117 -0.268783169402109
118 -0.374531566539359
119 -0.374531566539359
120 -0.374531566539359
121 -0.374531566539359
122 -0.374531566539359
123 0.374531566539359
124 0.374531566539359
125 0.374531566539359
126 0.374531566539359
127 0.374531566539359
128 0.374531566539359
129 0.374531566539359
130 0.374531566539359
131 0.374531566539359
132 0.374531566539359
133 0.374531566539359
134 0.374531566539359
135 0.374531566539359
136 0.374531566539359
137 0.374531566539359
138 0.374531566539359
139 0.374531566539359
140 0.374531566539359
141 0.374531566539359
142 -0.374531566539359
143 -0.374531566539359
144 -0.374531566539359
145 -0.374531566539359
146 -0.374531566539359
147 -0.374531566539359
148 0.374531566539359
149 0.374531566539359
150 0.374531566539359
151 0.374531566539359
152 0.374531566539359
153 0.374531566539359
154 0.374531566539359
155 0.374531566539359
156 0.374531566539359
157 0.374531566539359
158 0.374531566539359
159 0.374531566539359
160 0.374531566539359
161 0.374531566539359
162 0.374531566539359
163 0.374531566539359
164 0.374531566539359
165 0.374531566539359
166 0.374531566539359
167 0.374531566539359
168 0.374531566539359
