0 0
1 1.99829924916821
2 1.99829924916821
3 1.98867024001474
4 1.91162066705803
5 1.72354967630729
6 1.37467447493959
7 0.619077786228264
8 -0.246096052510375
9 -1.41856773923281
10 -2.73479421527547
11 -3.46045183086702
12 -2.23714443823412
13 -0.326326832286957
14 1.38869426019011
15 1.79722550932713
16 1.59385154909174
17 0.955818799882005
18 0.477643000072341
19 0.203426296476223
20 0.397240941014464
21 0.688235986358598
22 1.18759018120173
23 1.50067661435667
24 1.67059242782059
25 1.59691212928955
26 1.05326260950927
27 0.617059115092211
28 0.284686355698159
29 0.274450117015578
30 0.385288570961087
31 0.788256789953082
32 1.13036553794902
33 1.65848427276056
34 2.06628309948678
35 2.1003089414968
36 1.88282126473988
37 1.48480827241055
38 0.93677195634517
39 0.482195140413788
40 0.0811558806246272
41 -0.0180496511846091
42 0.219976372706932
43 0.796631816380887
44 1.35327355547618
45 1.92666950964694
46 2.2784455414669
47 2.43198540514217
48 2.23607654907399
49 1.86084710538016
50 1.35324634937094
51 0.797472885406119
52 0.196487533989657
53 -0.127370516474093
54 -0.237376771413446
55 -0.0241807949796353
56 0.628687399068144
57 1.54371453800442
58 2.28144450037546
59 3.20897327769211
60 3.59441000277794
61 3.87452046081469
62 3.65543197295374
63 3.35220037022378
64 2.48808459619199
65 1.89187497529017
66 1.11352821289575
67 0.677672005786177
68 0.401501291140247
69 0.282754182933551
70 0.887063517441853
71 2.2453315364739
72 3.98386637000759
73 4.97045938247864
74 6.43747926741638
75 8.25469164901508
76 9.12295644097126
77 9.69385277028012
78 8.48745093484355
79 7.13990791700483
80 4.89902443843782
81 1.74922679019939
82 0.357352677599916
83 0.165881353800814
84 2.56498077652489
85 5.88572777899854
86 9.8608371989152
87 11.9289258848927
88 13.063029996681
89 10.7163271410567
90 7.58020614757153
91 2.02694394072466
92 -2.1367274712687
93 -7.33152970225006
94 -10.3709909440772
95 -7.2490305791856
96 -2.60617371117739
97 2.52992813523666
98 7.97452489720846
99 13.7586289737153
100 14.9715884834534
101 11.5030004880046
102 6.83137243563714
103 4.14006206332124
104 2.84070132160651
105 -3.59359891501679
106 -15.1967260586859
107 -40.180002051044
108 428.822881984326
109 3.89124448344924
110 -16.9938896384141
111 -28.7583564851748
112 -90.6437365155486
113 -107.866727778367
114 -20.006128626262
115 9.65964458317997
116 82.22455903858
117 -24.794100118439
118 -9.94614542410744
119 -7.94314831925708
120 -10.5069499938619
121 -13.6228672232028
122 -18.1696519206653
123 -23.1777490024352
124 -27.546493021019
125 -31.5264406684029
126 -36.2127822231609
127 -39.1256972326676
128 -42.2026129494631
129 -44.225672525607
130 -45.5230846019069
131 -46.6570398729007
132 -47.8182351488558
133 -49.6714367194875
134 -53.0505633989194
135 -59.311606685182
136 -68.9248878368727
137 -73.6176870957265
138 -73.2943202675926
139 -74.6085883130484
140 -75.4413335564784
141 -75.4157773760254
142 -75.5894412202942
143 -76.6236390930059
144 -73.8204337567472
145 -73.1900002864411
146 -74.1924970468897
147 -75.5959177476023
148 -77.66566020506
149 -78.8937496471425
150 -76.9438950436603
151 -73.5340395239167
152 -71.3465493675589
153 -69.673284625787
154 -68.9727651314587
155 -68.5141662328159
156 -68.1918369750482
157 -68.1246979769019
158 -68.5066976639801
159 -69.1265106552798
160 -70.2859321073035
161 -71.6379961740139
162 -73.4142569934603
163 -74.8584969738511
164 -76.1977960526923
165 -77.1129981700163
166 -78.0574187662722
167 -79.2656765021898
168 -80.6539105047242
