0 0
2.5 0.758081044676686
5.0 0.788675211328232
7.5 0.835977040790576
10.0 0.899894174983296
12.5 0.980334255825974
15.0 1.07720492523819
17.5 1.19041382513952
20.0 1.31986859744955
22.5 1.46547688408785
25.0 1.62714632697401
27.5 1.8047845680276
30.0 1.99829924916821
32.5 2.20759801231541
35.0 2.43258849938879
37.5 2.67317835230792
40.0 2.92927521299239
42.5 3.20078672336177
45.0 3.48762052533564
47.5 3.78968426083358
50.0 4.10688557177518
52.5 4.43913210008001
55.0 4.78633148766765
57.5 5.14839137645769
60.0 5.52521940836969
2.5 0.758081044676686
5.0 0.788675211328232
7.5 0.835977040790576
10.0 0.899894174983296
12.5 0.980334255825974
15.0 1.07720492523819
17.5 1.19041382513952
20.0 1.31986859744955
22.5 1.46547688408785
25.0 1.62714632697401
27.5 1.8047845680276
30.0 1.99829924916821
32.5 2.20759801231541
35.0 2.43258849938879
37.5 2.67317835230792
40.0 2.92927521299239
42.5 3.20078672336177
45.0 3.48762052533564
47.5 3.78968426083358
50.0 4.10688557177518
52.5 4.43913210008001
55.0 4.78633148766765
57.5 5.14839137645769
60.0 5.52521940836969
2.5 0.756787073086595
5.0 0.786628409850451
7.5 0.833176669327682
10.0 0.896339413417015
12.5 0.976024204017179
15.0 1.0721386030269
17.5 1.18459017234491
20.0 1.31328647386993
22.5 1.4581350695007
25.0 1.61904352113594
27.5 1.79591939067437
30.0 1.98867024001474
32.5 2.19720363105575
35.0 2.42142712569615
37.5 2.66124828583467
40.0 2.91657467337002
42.5 3.18731385020094
45.0 3.47337337822615
47.5 3.77466081934439
50.0 4.09108373545438
52.5 4.42254968845484
55.0 4.76896624024452
57.5 5.13024095272213
60.0 5.50628138778641
2.5 0.74590180648979
5.0 0.769761288365582
7.5 0.810322937998095
10.0 0.867493696801359
12.5 0.941180506189404
15.0 1.03129030757626
17.5 1.13773004237595
20.0 1.26040665200251
22.5 1.39922707786997
25.0 1.55409826139236
27.5 1.7249271439837
30.0 1.91162066705803
32.5 2.11408577202937
35.0 2.33222940031176
37.5 2.56595849331922
40.0 2.81517999246578
42.5 3.07980083916547
45.0 3.35972797483233
47.5 3.65486834088038
50.0 3.96512887872364
52.5 4.29041652977616
55.0 4.63063823545195
57.5 4.98570093716505
60.0 5.35551157632949
2.5 0.721066953683595
5.0 0.730156460989008
7.5 0.755938751887751
10.0 0.798319250892738
12.5 0.857203382516886
15.0 0.932496571273109
17.5 1.02410424167432
20.0 1.13193181823344
22.5 1.25588472546339
25.0 1.39586838787706
27.5 1.5517882299874
30.0 1.72354967630729
32.5 1.91105815134968
35.0 2.11421907962746
37.5 2.33293788565355
40.0 2.56711999394087
42.5 2.81667082900234
45.0 3.08149581535087
47.5 3.36150037749937
50.0 3.65658993996076
52.5 3.96666992724796
55.0 4.29164576387388
57.5 4.63142287435143
60.0 4.98590668319354
2.5 0.673756717070335
5.0 0.655536994268712
7.5 0.653997356848586
10.0 0.669040410947559
12.5 0.700568762703239
15.0 0.74848501825323
17.5 0.812691783735136
20.0 0.893091665286564
22.5 0.989587269045117
25.0 1.1020812011484
27.5 1.23047606773402
30.0 1.37467447493959
32.5 1.53457902890269
35.0 1.71009233576095
37.5 1.90111700165197
40.0 2.10755563271335
42.5 2.32931083508269
45.0 2.56628521489761
47.5 2.8183813782957
50.0 3.08550193141458
52.5 3.36754948039184
55.0 3.66442663136509
57.5 3.97603599047195
60.0 4.30228016385
2.5 0.564208474827547
5.0 0.487387117238738
7.5 0.427238254460153
10.0 0.383658353342188
12.5 0.356543880735238
15.0 0.345791303489699
17.5 0.351297088455967
20.0 0.372957702484438
22.5 0.410669612425507
25.0 0.464329285129571
27.5 0.533833187447024
30.0 0.619077786228264
32.5 0.719959548323685
35.0 0.836374940583683
37.5 0.968220429858655
40.0 1.115392482999
42.5 1.2777875668551
45.0 1.45530214827737
47.5 1.64783269411619
50.0 1.85527567122196
52.5 2.07752754644508
55.0 2.31448478663595
57.5 2.56604385864495
60.0 2.83210122932249
2.5 0.428947638256226
5.0 0.285754951192798
7.5 0.159259297640261
10.0 0.0493500050157782
12.5 -0.0440835992634852
15.0 -0.121152187780365
17.5 -0.181966433117697
20.0 -0.226637007858316
22.5 -0.255274584585057
25.0 -0.267989835880758
27.5 -0.264893434328252
30.0 -0.246096052510375
32.5 -0.211708363009963
35.0 -0.161841038409852
37.5 -0.0966047512928769
40.0 -0.0161101742418732
42.5 0.079532020160324
45.0 0.190211159330879
47.5 0.315816570686955
50.0 0.456237581645718
52.5 0.611363519624332
55.0 0.781083712039961
57.5 0.965287486309771
60.0 1.16386416985092
2.5 0.229461436698576
5.0 -0.00247355805616032
7.5 -0.217623798661088
10.0 -0.4161099257942
12.5 -0.598052580133488
15.0 -0.763572402356945
17.5 -0.912790033142563
20.0 -1.04582611316833
22.5 -1.16280128311225
25.0 -1.26383618365231
27.5 -1.3490514554665
30.0 -1.41856773923281
32.5 -1.47250567562923
35.0 -1.51098590533377
37.5 -1.53412906902441
40.0 -1.54205580737914
42.5 -1.53488676107595
45.0 -1.51274257079284
47.5 -1.47574387720781
50.0 -1.42401132099884
52.5 -1.35766554284392
55.0 -1.27682718342105
57.5 -1.18161688340822
60.0 -1.07215528348343
2.5 -0.0157710828578261
5.0 -0.345743554914546
7.5 -0.658761142750549
10.0 -0.954956237710884
12.5 -1.2344612311406
15.0 -1.49740851438475
17.5 -1.74393047878838
20.0 -1.97415951569654
22.5 -2.18822801645428
25.0 -2.38626837240665
27.5 -2.5684129748987
30.0 -2.73479421527547
32.5 -2.88554448488203
35.0 -3.02079617506341
37.5 -3.14068167716467
40.0 -3.24533338253085
42.5 -3.33488368250701
45.0 -3.4094649684382
47.5 -3.46920963166946
50.0 -3.51425006354584
52.5 -3.5447186554124
55.0 -3.56074779861418
57.5 -3.56246988449624
60.0 -3.55001730440361
2.5 -0.222570301867674
5.0 -0.600076485371568
7.5 -0.960535460789645
10.0 -1.30408607633509
12.5 -1.63086718022111
15.0 -1.94101762066088
17.5 -2.23467624586759
20.0 -2.51198190405444
22.5 -2.77307344343462
25.0 -3.01808971222131
27.5 -3.24716955862772
30.0 -3.46045183086702
32.5 -3.65807537715242
35.0 -3.84017904569709
37.5 -4.00690168471424
40.0 -4.15838214241705
42.5 -4.29475926701872
45.0 -4.41617190673243
47.5 -4.52275890977137
50.0 -4.61465912434874
52.5 -4.69201139867773
55.0 -4.75495458097152
57.5 -4.80362751944332
60.0 -4.8381690623063
2.5 -0.24863511375689
5.0 -0.50252908393023
7.5 -0.741770091657862
10.0 -0.966367764740299
12.5 -1.17633173097805
15.0 -1.37167161817163
17.5 -1.55239705412155
20.0 -1.71851766662832
22.5 -1.87004308349245
25.0 -2.00698293251445
27.5 -2.12934684149484
30.0 -2.23714443823412
32.5 -2.33038535053282
35.0 -2.40907920619143
37.5 -2.47323563301048
40.0 -2.52286425879047
42.5 -2.55797471133191
45.0 -2.57857661843532
47.5 -2.58467960790121
50.0 -2.57629330753009
52.5 -2.55342734512247
55.0 -2.51609134847886
57.5 -2.46429494539978
60.0 -2.39804776368573
2.5 -0.097696545661358
5.0 -0.190941829688111
7.5 -0.269712578894654
10.0 -0.334002924053369
12.5 -0.383806995936635
15.0 -0.419118925316835
17.5 -0.439932842966349
20.0 -0.446242879657557
22.5 -0.438043166162841
25.0 -0.415327833254582
27.5 -0.37809101170516
30.0 -0.326326832286957
32.5 -0.260029425772352
35.0 -0.179192922933728
37.5 -0.0838114545434649
40.0 0.0261208486260562
42.5 0.150609855802454
45.0 0.289661436213349
47.5 0.443281459086359
50.0 0.611475793649104
52.5 0.794250309129203
55.0 0.991610874754274
57.5 1.20356335975194
60.0 1.43011363334981
2.5 0.0916738832429057
5.0 0.136989524522733
7.5 0.19676476922594
10.0 0.271019436349999
12.5 0.359773344892386
15.0 0.463046313850575
17.5 0.58085816222204
20.0 0.713228709004255
22.5 0.860177773194696
25.0 1.02172517379084
27.5 1.19789072979015
30.0 1.38869426019011
32.5 1.59415558398819
35.0 1.81429452018187
37.5 2.04913088776862
40.0 2.29868450574591
42.5 2.56297519311123
45.0 2.84202276886204
47.5 3.13584705199581
50.0 3.44446786151003
52.5 3.76790501640217
55.0 4.10617833566969
57.5 4.45930763831008
60.0 4.82731274332081
2.5 0.156504856463033
5.0 0.232923153940322
7.5 0.323821872033617
10.0 0.429223412238273
12.5 0.549150176049646
15.0 0.68362456496309
17.5 0.83266898047396
20.0 0.996305824077612
22.5 1.1745574972694
25.0 1.36744640154468
27.5 1.5749949383988
30.0 1.79722550932713
32.5 2.03416051582501
35.0 2.2858223593878
37.5 2.55223344151085
40.0 2.83341616368953
42.5 3.12939292741918
45.0 3.44018613419516
47.5 3.76581818551283
50.0 4.10631148286754
52.5 4.46168842775464
55.0 4.83197142166949
57.5 5.21718286610744
60.0 5.61734516256386
2.5 0.153325246896847
5.0 0.211584774389759
7.5 0.28432573753455
10.0 0.371567485051944
12.5 0.473329365662666
15.0 0.589630728087441
17.5 0.720490921046991
20.0 0.865929293262042
22.5 1.02596519345332
25.0 1.20061797034154
27.5 1.38990697264744
30.0 1.59385154909174
32.5 1.81247104839516
35.0 2.04578481927842
37.5 2.29381221046225
40.0 2.55657257066738
42.5 2.83408524861453
45.0 3.12636959302442
47.5 3.43344495261778
50.0 3.75533067611532
52.5 4.09204611223779
55.0 4.44361060970589
57.5 4.81004351724036
60.0 5.19136418356192
2.5 0.0774036826118225
5.0 0.0846821206829041
7.5 0.106437047388579
10.0 0.142681465296032
12.5 0.19342837697245
15.0 0.258690784985019
17.5 0.338481691900924
20.0 0.432814100287352
22.5 0.541701012711488
25.0 0.665155431740518
27.5 0.803190359941629
30.0 0.955818799882005
32.5 1.12305375412883
35.0 1.3049082252493
37.5 1.50139521581059
40.0 1.71252772837989
42.5 1.93831876552439
45.0 2.17878132981126
47.5 2.43392842380771
50.0 2.7037730500809
52.5 2.98832821119804
55.0 3.2876069097263
57.5 3.60162214823288
60.0 3.93038692928495
2.5 -0.0033195078369623
5.0 -0.0321484986954902
7.5 -0.0464914983133891
10.0 -0.0463403134232742
12.5 -0.0316867507577604
15.0 -0.00252261704946276
17.5 0.0411602809690036
20.0 0.0993701365650237
22.5 0.172115143005982
25.0 0.259403493559265
27.5 0.361243381492256
30.0 0.477643000072341
32.5 0.608610542566904
35.0 0.75415420224333
37.5 0.914282172369006
40.0 1.08900264621131
42.5 1.27832381703764
45.0 1.48225387811537
47.5 1.70080102271189
50.0 1.93397344409458
52.5 2.18177933553083
55.0 2.44422689028803
57.5 2.72132430163355
60.0 3.01307976283478
2.5 -0.0713954246996125
5.0 -0.118974835431865
7.5 -0.152057564480596
10.0 -0.17063829216922
12.5 -0.174711698821147
15.0 -0.164272464759791
17.5 -0.139315270308563
20.0 -0.0998347957908753
22.5 -0.0458257215301409
25.0 0.0227172721502284
27.5 0.10579950492682
30.0 0.203426296476223
32.5 0.315602966475024
35.0 0.44233483459981
37.5 0.583627220527171
40.0 0.739485443933693
42.5 0.909914824495964
45.0 1.09492068189057
47.5 1.29450833579411
50.0 1.50868310588315
52.5 1.7374503118343
55.0 1.98081527332413
57.5 2.23878331002924
60.0 2.51135974162622
2.5 -0.0911448772530148
5.0 -0.119334496612822
7.5 -0.133025032123091
10.0 -0.132210289726241
12.5 -0.116884075364691
15.0 -0.0870401949808619
17.5 -0.0426724545171733
20.0 0.0162253400839547
22.5 0.0896593828801023
25.0 0.17763586792885
27.5 0.280160989287777
30.0 0.397240941014464
32.5 0.528881917166491
35.0 0.675090111801438
37.5 0.835871718976886
40.0 1.01123293275041
42.5 1.2011799471796
45.0 1.40571895632203
47.5 1.62485615423528
50.0 1.85859773497693
52.5 2.10694989260456
55.0 2.36991882117575
57.5 2.64751071474809
60.0 2.93973176737914
2.5 -0.0824124813690361
5.0 -0.0849847735456705
7.5 -0.0730542340236531
10.0 -0.0466130571166518
12.5 -0.00565343713833491
15.0 0.0498324315976295
17.5 0.119852354777573
20.0 0.204414138087828
22.5 0.303525587214726
25.0 0.417194507844599
27.5 0.545428705663779
30.0 0.688235986358598
32.5 0.845624155615387
35.0 1.01760101912048
37.5 1.2041743825602
40.0 1.4053520516209
42.5 1.62114183198889
45.0 1.8515515293505
47.5 2.09658894939209
50.0 2.35626189779996
52.5 2.63057818026046
55.0 2.91954560245992
57.5 3.22317197008466
60.0 3.54146508882103
2.5 -0.0318287206668565
5.0 0.00628998331246381
7.5 0.0589238144722231
10.0 0.126083567740736
12.5 0.207780038046317
15.0 0.304024020317282
17.5 0.414826309481944
20.0 0.540197700468618
22.5 0.68014898820562
25.0 0.834690967621264
27.5 1.00383443364386
30.0 1.18759018120173
32.5 1.38596900522319
35.0 1.59898170063655
37.5 1.82663906237012
40.0 2.06895188535223
42.5 2.32593096451117
45.0 2.59758709477528
47.5 2.88393107107286
50.0 3.18497368833223
52.5 3.50072574148171
55.0 3.8311980254496
57.5 4.17640133516422
60.0 4.5363464655539
2.5 0.0206260485593584
5.0 0.0823506303915779
7.5 0.158604470629003
10.0 0.249399514443492
12.5 0.354747707006903
15.0 0.474660993491094
17.5 0.609151319067923
20.0 0.758230628909248
22.5 0.921910868186928
25.0 1.10020398207282
27.5 1.29312191573878
30.0 1.50067661435667
32.5 1.72288002309835
35.0 1.95974408713568
37.5 2.2112807516405
40.0 2.47750196178469
42.5 2.7584196627401
45.0 3.05404579967858
47.5 3.364392317772
50.0 3.68947116219221
52.5 4.02929427811108
55.0 4.38387361070045
57.5 4.75322110513219
60.0 5.13734870657816
2.5 0.0662743163566412
5.0 0.139249770592693
7.5 0.226763825556684
10.0 0.328828390793043
12.5 0.445455375846198
15.0 0.576656690260579
17.5 0.722444243580614
20.0 0.88282994535073
22.5 1.05782570511536
25.0 1.24744343241892
27.5 1.45169503680586
30.0 1.67059242782059
32.5 1.90414751500755
35.0 2.15237220791116
37.5 2.41527841607585
40.0 2.69287804904605
42.5 2.98518301636619
45.0 3.2922052275807
47.5 3.613956592234
50.0 3.95044901987053
52.5 4.30169442003471
55.0 4.66770470227098
57.5 5.04849177612375
60.0 5.44406755113747
2.5 0.106173916808796
5.0 0.183619649517344
7.5 0.271773681600248
10.0 0.370938308130824
12.5 0.481415824182388
15.0 0.603508524828255
17.5 0.737518705141743
20.0 0.883748660196167
22.5 1.04250068506484
25.0 1.21407707482109
27.5 1.39878012453822
30.0 1.59691212928955
32.5 1.80877538414839
35.0 2.03467218418807
37.5 2.2749048244819
40.0 2.52977560010319
42.5 2.79958680612526
45.0 3.08464073762143
47.5 3.38523968966502
50.0 3.70168595732933
52.5 4.03428183568768
55.0 4.3833296198134
57.5 4.7491316047798
60.0 5.13199008566019
2.5 0.0708740015451472
5.0 0.100646652735572
7.5 0.141451858449044
10.0 0.193581127449819
12.5 0.257325968502148
15.0 0.332977890370285
17.5 0.420828401818484
20.0 0.521169011610998
22.5 0.63429122851208
25.0 0.760486561285983
27.5 0.900046518696961
30.0 1.05326260950927
32.5 1.22042634248715
35.0 1.40182922639488
37.5 1.59776276999668
40.0 1.80851848205684
42.5 2.03438787133958
45.0 2.27566244660917
47.5 2.53263371662987
50.0 2.80559319016592
52.5 3.09483237598157
55.0 3.40064278284109
57.5 3.72331591950872
60.0 4.06314329474872
2.5 0.0130964498679817
5.0 0.0069683872786672
7.5 0.0121969004680967
10.0 0.0290653814718809
12.5 0.0578572223256306
15.0 0.0988558150649564
17.5 0.152344551725469
20.0 0.218606824342779
22.5 0.297926024952498
25.0 0.390585545590236
27.5 0.496868778291603
30.0 0.617059115092211
32.5 0.75143994802767
35.0 0.900294669133591
37.5 1.06390667044559
40.0 1.24255934399926
42.5 1.43653608183023
45.0 1.64612027597411
47.5 1.8715953184665
50.0 2.11324460134302
52.5 2.37135151663927
55.0 2.64619945639088
57.5 2.93807181263344
60.0 3.24725197740257
2.5 -0.0551404294043675
5.0 -0.0866166306719647
7.5 -0.106451647091769
10.0 -0.114367903921857
12.5 -0.110087826420304
15.0 -0.0933338398451857
17.5 -0.0638283694545775
20.0 -0.0212938405065552
22.5 0.0345473217408053
25.0 0.103972692029428
27.5 0.187259845101238
30.0 0.284686355698159
32.5 0.396529798562116
35.0 0.523067748435032
37.5 0.664577780058833
40.0 0.821337468175442
42.5 0.993624387526783
45.0 1.18171611285478
47.5 1.38589021890136
50.0 1.60642428040845
52.5 1.84359587211796
55.0 2.09768256877183
57.5 2.36896194511198
60.0 2.65771157588033
2.5 -0.104021096795064
5.0 -0.133512018357114
7.5 -0.151051097176727
10.0 -0.156362454465059
12.5 -0.149170211433268
15.0 -0.129198489292509
17.5 -0.0961714092539392
20.0 -0.0498130925287161
22.5 0.0101523396720039
25.0 0.0840007661370641
27.5 0.172008065655308
30.0 0.274450117015578
32.5 0.391602799006719
35.0 0.523741990417572
37.5 0.671143570036982
40.0 0.834083416653791
42.5 1.01283740905684
45.0 1.20768142603498
47.5 1.41889134637705
50.0 1.64674304887189
52.5 1.89151241230835
55.0 2.15347531547526
57.5 2.43290763716148
60.0 2.73008525615584
2.5 -0.134897387592008
5.0 -0.153070226630994
7.5 -0.158977148744084
10.0 -0.152342628130928
12.5 -0.132891138991177
15.0 -0.100347155524481
17.5 -0.0544351519304916
20.0 0.00512039759114091
22.5 0.0785950188407658
25.0 0.166264237618732
27.5 0.268403579725389
30.0 0.385288570961087
32.5 0.517194737126174
35.0 0.664397604021
37.5 0.827172697445913
40.0 1.00579554320126
42.5 1.2005416670874
45.0 1.41168659490467
47.5 1.63950585245343
50.0 1.88427496553402
52.5 2.1462694599468
55.0 2.42576486149211
57.5 2.7230366959703
60.0 3.03836048918172
2.5 -0.114693454651832
5.0 -0.0997119876728912
7.5 -0.0721449700426279
10.0 -0.0317139240518676
12.5 0.0218596280085646
15.0 0.0888541638478435
17.5 0.169548161175144
20.0 0.26422009769964
22.5 0.373148451130507
25.0 0.49661169917692
27.5 0.634888319548054
30.0 0.788256789953082
32.5 0.956995588101181
35.0 1.14138319170152
37.5 1.34169807846329
40.0 1.55821872609564
42.5 1.79122361230777
45.0 2.04099121480884
47.5 2.30780001130803
50.0 2.59192847951451
52.5 2.89365509713746
55.0 3.21325834188605
57.5 3.55101669146946
60.0 3.90720862359686
2.5 -0.0727979573369209
5.0 -0.0322362107774643
7.5 0.0212484642088617
10.0 0.0879362083472335
12.5 0.168107162362827
15.0 0.26204146698082
17.5 0.370019262926387
20.0 0.492320690924706
22.5 0.629225891700953
25.0 0.781015005980304
27.5 0.947968174487935
30.0 1.13036553794902
32.5 1.32848723708875
35.0 1.54261341263228
37.5 1.7730242053048
40.0 2.01999975583148
42.5 2.2838202049375
45.0 2.56476569334803
47.5 2.86311636178826
50.0 3.17915235098335
52.5 3.51315380165849
55.0 3.86540085453885
57.5 4.23617365034961
60.0 4.62575232981594
2.5 -0.0140645331926292
5.0 0.067347583873611
7.5 0.162227408390799
10.0 0.270794889500889
12.5 0.393269976345834
15.0 0.52987261806759
17.5 0.680822763808109
20.0 0.846340362709347
22.5 1.02664536391326
25.0 1.22195771656179
27.5 1.43249736979691
30.0 1.65848427276056
32.5 1.90013837459469
35.0 2.15767962444127
37.5 2.43132797144225
40.0 2.72130336473957
42.5 3.0278257534752
45.0 3.35111508679109
47.5 3.69139131382919
50.0 4.04887438373145
52.5 4.42378424563984
55.0 4.8163408486963
57.5 5.22676414204278
60.0 5.65527407482125
2.5 0.10644545716972
5.0 0.212533410436411
7.5 0.332373013989362
10.0 0.466185658074871
12.5 0.614192732939237
15.0 0.776615628828756
17.5 0.953675735989727
20.0 1.14559444466845
22.5 1.35259314511122
25.0 1.57489322756433
27.5 1.81271608227409
30.0 2.06628309948678
32.5 2.33581566944872
35.0 2.6215351824062
37.5 2.92366302860551
40.0 3.24242059829295
42.5 3.57802928171482
45.0 3.93071046911742
47.5 4.30068555074705
50.0 4.68817591685
52.5 5.09340295767258
55.0 5.51658806346107
57.5 5.95795262446179
60.0 6.41771803092101
2.5 0.186596226793501
5.0 0.287313384406623
7.5 0.402030156942468
10.0 0.530963787796243
12.5 0.674331520363155
15.0 0.832350598038411
17.5 1.00523826421722
20.0 1.19321176229479
22.5 1.39648833566632
25.0 1.61528522772703
27.5 1.84981968187212
30.0 2.1003089414968
32.5 2.36697024999628
35.0 2.65002085076576
37.5 2.94967798720045
40.0 3.26615890269556
42.5 3.5996808406463
45.0 3.95046104444787
47.5 4.31871675749548
50.0 4.70466522318434
52.5 5.10852368490965
55.0 5.53050938606663
57.5 5.97083957005048
60.0 6.42973148025641
2.5 0.235214247026186
5.0 0.310485226369218
7.5 0.400031781249023
10.0 0.504062818274193
12.5 0.622787244053322
15.0 0.756413965195002
17.5 0.905151888307826
20.0 1.06920992000039
22.5 1.24879696688128
25.0 1.4441219355591
27.5 1.65539373264243
30.0 1.88282126473988
32.5 2.12661343846002
35.0 2.38697916041147
37.5 2.6641273372028
40.0 2.95826687544261
42.5 3.26960668173951
45.0 3.59835566270206
47.5 3.94472272493888
50.0 4.30891677505856
52.5 4.69114671966968
55.0 5.09162146538085
57.5 5.51054991880065
60.0 5.94814098653767
2.5 0.232398114467083
5.0 0.270533416435502
7.5 0.3232163160592
10.0 0.390645625248787
12.5 0.473020155914872
15.0 0.570538719968063
17.5 0.68340012931897
20.0 0.811803195878202
22.5 0.955946731556367
25.0 1.11602954826407
27.5 1.29225045791193
30.0 1.48480827241055
32.5 1.69390180367054
35.0 1.91972986360251
37.5 2.16249126411707
40.0 2.42238481712482
42.5 2.69960933453638
45.0 2.99436362826236
47.5 3.30684651021336
50.0 3.63725679229999
52.5 3.98579328643286
55.0 4.35265480452258
57.5 4.73804015847977
60.0 5.14214816021502
2.5 0.16667919665169
5.0 0.159759680876249
7.5 0.167662026888431
10.0 0.190574143990684
12.5 0.228683941485458
15.0 0.282179328675202
17.5 0.351248214862365
20.0 0.436078509349395
22.5 0.536858121438741
25.0 0.653774960432853
27.5 0.78701693563418
30.0 0.93677195634517
32.5 1.10322793186827
35.0 1.28657277150594
37.5 1.48699438456061
40.0 1.70468068033475
42.5 1.93981956813079
45.0 2.19259895725119
47.5 2.46320675699839
50.0 2.75183087667485
52.5 3.05865922558302
55.0 3.38387971302534
57.5 3.72768024830426
60.0 4.09024874072223
2.5 0.0818801020079231
5.0 0.0401812282632897
7.5 0.0135112785374247
10.0 0.00206668815496197
12.5 0.0060438924405352
15.0 0.025639326718778
17.5 0.0610494263143244
20.0 0.112470626551808
22.5 0.180099362755862
25.0 0.264132070251121
27.5 0.364765184362219
30.0 0.482195140413788
32.5 0.616618373730464
35.0 0.768231319636879
37.5 0.937230413457668
40.0 1.12381209051746
42.5 1.3281727861409
45.0 1.55050893565261
47.5 1.79101697437723
50.0 2.04989333763939
52.5 2.32733446076373
55.0 2.62353677907488
57.5 2.93869672789747
60.0 3.27301074255613
2.5 -0.0661685780113384
5.0 -0.132549458597108
7.5 -0.183535309375644
10.0 -0.218939539403423
12.5 -0.238575557736919
15.0 -0.242256773432607
17.5 -0.229796595546962
20.0 -0.201008433136459
22.5 -0.155705695257574
25.0 -0.0937017909667813
27.5 -0.0148101293205558
30.0 0.0811558806246272
32.5 0.194382829812293
35.0 0.325057309185966
37.5 0.473365909689172
40.0 0.639495222265434
42.5 0.82363183785828
45.0 1.02596234741123
47.5 1.24667334186782
50.0 1.48595141217156
52.5 1.74398314926598
55.0 2.02095514409462
57.5 2.31705398760098
60.0 2.6324662707286
2.5 -0.188745914795745
5.0 -0.254430860965535
7.5 -0.304422063330636
10.0 -0.338537250604861
12.5 -0.356594151502022
15.0 -0.358410494735931
17.5 -0.343804009020401
20.0 -0.312592423069245
22.5 -0.264593465596276
25.0 -0.199624865315305
27.5 -0.117504350940145
30.0 -0.0180496511846091
32.5 0.0989215052374902
35.0 0.233591389612341
37.5 0.386142273226129
40.0 0.556756427365044
42.5 0.745616123315272
45.0 0.952903632363
47.5 1.17880122579442
50.0 1.42349117489571
52.5 1.68715575095307
55.0 1.96997722525267
57.5 2.27213786908072
60.0 2.59381995372339
2.5 -0.274758279624975
5.0 -0.312564087116014
7.5 -0.334360699424415
10.0 -0.339965735946006
12.5 -0.329196816076617
15.0 -0.301871559212076
17.5 -0.257807584748212
20.0 -0.196822512080855
22.5 -0.118733960605833
25.0 -0.023359549718975
27.5 0.0894831011838897
30.0 0.219976372706932
32.5 0.368302645454323
35.0 0.534644300030235
37.5 0.719183717038837
40.0 0.922103277084301
42.5 1.1435853607708
45.0 1.3838123487025
47.5 1.64296662148357
50.0 1.9212305597182
52.5 2.21878654401054
55.0 2.53581695496476
57.5 2.87250417318505
60.0 3.22903057927557
2.5 -0.264598094822615
5.0 -0.252393084023838
7.5 -0.223895389724276
10.0 -0.178917877379239
12.5 -0.117273412444038
15.0 -0.0387748603739825
17.5 0.0567649133756159
20.0 0.169533043349447
22.5 0.2997166640922
25.0 0.447502910148565
27.5 0.613078916063231
30.0 0.796631816380887
32.5 0.998348745646223
35.0 1.21841683840393
37.5 1.45702322919869
40.0 1.7143550525752
42.5 1.99059944307815
45.0 2.28594353525223
47.5 2.60057446364212
50.0 2.93467936279252
52.5 3.28844536724812
55.0 3.6620596115536
57.5 4.05570923025365
60.0 4.46958135789297
2.5 -0.198667198798743
5.0 -0.143253931707312
7.5 -0.0712795968539193
10.0 0.0174469335757457
12.5 0.123116787395994
15.0 0.245921092421137
17.5 0.386050976465485
20.0 0.543697567343348
22.5 0.719051992869039
25.0 0.912305380856868
27.5 1.12364885912114
30.0 1.35327355547618
32.5 1.60137059773629
35.0 1.86813111371578
37.5 2.15374623122896
40.0 2.45840707809014
42.5 2.78230478211364
45.0 3.12563047111376
47.5 3.48857527290482
50.0 3.87133031530113
52.5 4.27408672611699
55.0 4.69703563316672
57.5 5.14036816426463
60.0 5.60427544722504
2.5 -0.0259945371788508
5.0 0.0812038534592067
7.5 0.200640551065398
10.0 0.332923888164327
12.5 0.4786621972806
15.0 0.638463810938821
17.5 0.812937061663595
20.0 1.00269028197953
22.5 1.20833180441122
25.0 1.43046996148329
27.5 1.66971308572033
30.0 1.92666950964694
32.5 2.20194756578774
35.0 2.49615558666733
37.5 2.80990190481031
40.0 3.14379485274129
42.5 3.49844276298487
45.0 3.87445396806567
47.5 4.27243680050827
50.0 4.69299959283729
52.5 5.13675067757734
55.0 5.60429838725301
57.5 6.09625105438892
60.0 6.61321701150967
2.5 0.121203189331741
5.0 0.242622878754034
7.5 0.377160452424093
10.0 0.525422832371391
12.5 0.688016940625399
15.0 0.865549699215587
17.5 1.05862803017143
20.0 1.26785885552239
22.5 1.49384909729795
25.0 1.73720567752757
27.5 1.99853551824073
30.0 2.2784455414669
32.5 2.57754266923554
35.0 2.89643382357614
37.5 3.23572592651815
40.0 3.59602590009106
42.5 3.97794066632434
45.0 4.38207714724744
47.5 4.80904226488986
50.0 5.25944294128105
52.5 5.73388609845049
55.0 6.23297865842765
57.5 6.757327543242
60.0 7.30753967492301
2.5 0.27077630861572
5.0 0.387629459035616
7.5 0.518616594928101
10.0 0.664334414722963
12.5 0.825379616849991
15.0 1.00234889973898
17.5 1.19583896181971
20.0 1.40644650152197
22.5 1.63476821727556
25.0 1.88140080751026
27.5 2.14694097065587
30.0 2.43198540514217
32.5 2.73713080939895
35.0 3.062973881856
37.5 3.41011132094312
40.0 3.77913982509008
42.5 4.17065609272668
45.0 4.58525682228272
47.5 5.02353871218797
50.0 5.48609846087222
52.5 5.97353276676528
55.0 6.48643832829692
57.5 7.02541184389694
60.0 7.59105001199512
2.5 0.361869486080394
5.0 0.447949207555887
7.5 0.549158669306377
10.0 0.666074807159978
12.5 0.799274556944798
15.0 0.949334854488948
17.5 1.11683263562054
20.0 1.30234483616768
22.5 1.50644839195849
25.0 1.72972023882107
27.5 1.97273731258353
30.0 2.23607654907399
32.5 2.52031488412055
35.0 2.82602925355132
37.5 3.15379659319443
40.0 3.50419383887797
42.5 3.87779792643006
45.0 4.2751857916788
47.5 4.69693437045232
50.0 5.14362059857871
52.5 5.61582141188609
55.0 6.11411374620258
57.5 6.63907453735628
60.0 7.19128072117529
2.5 0.378109305959267
5.0 0.424684641166518
7.5 0.487234599484857
10.0 0.56631557389023
12.5 0.662483957358585
15.0 0.776296142865871
17.5 0.908308523388033
20.0 1.05907749190102
22.5 1.22915944138078
25.0 1.41911076480326
27.5 1.6294878551444
30.0 1.86084710538016
32.5 2.11374490848648
35.0 2.38873765743931
37.5 2.68638174521459
40.0 3.00723356478828
42.5 3.35184950913632
45.0 3.72078597123466
47.5 4.11459934405925
50.0 4.53384602058603
52.5 4.97908239379095
55.0 5.45086485664996
57.5 5.949749802139
60.0 6.47629362323403
2.5 0.231773120562744
5.0 0.279431301864291
7.5 0.334389323479505
10.0 0.397833500664381
12.5 0.470950148674917
15.0 0.554925582767111
17.5 0.65094611819696
20.0 0.760198070220461
22.5 0.883867754093612
25.0 1.02314148507241
27.5 1.17920557841285
30.0 1.35324634937094
32.5 1.54645011320266
35.0 1.76000318516402
37.5 1.99509188051102
40.0 2.25290251449964
42.5 2.5346214023859
45.0 2.84143485942578
47.5 3.17452920087528
50.0 3.53509074199041
52.5 3.92430579802715
55.0 4.34336068424152
57.5 4.79344171588949
60.0 5.27573520822707
2.5 0.193250332435359
5.0 0.184260672185381
7.5 0.184613221787068
10.0 0.195455176839688
12.5 0.217933732942505
15.0 0.253196085694786
17.5 0.302389430695798
20.0 0.366660963544806
22.5 0.447157879841076
25.0 0.545027375183874
27.5 0.661416645172466
30.0 0.797472885406119
32.5 0.954343291484098
35.0 1.13317505900567
37.5 1.3351153835701
40.0 1.56131146077665
42.5 1.8129104862246
45.0 2.0910596555132
47.5 2.39690616424173
50.0 2.73159720800944
52.5 3.09627998241561
55.0 3.49210168305949
57.5 3.92020950554037
60.0 4.3817506454575
2.5 0.0633567687792744
5.0 0.000959029589963225
7.5 -0.0498718015436439
10.0 -0.0880246582383403
12.5 -0.11238847411092
15.0 -0.121852182778175
17.5 -0.1153047178569
20.0 -0.0916350129638886
22.5 -0.0497320017159335
25.0 0.0115153822701714
27.5 0.0932182053776328
30.0 0.196487533989657
32.5 0.322434434489451
35.0 0.472169973260221
37.5 0.646805216685174
40.0 0.847451231147516
42.5 1.07521908303045
45.0 1.33121983871719
47.5 1.61656456459094
50.0 1.93236432703491
52.5 2.27973019243229
55.0 2.65977322716631
57.5 3.07360449762015
60.0 3.52233507017705
2.5 -0.0882876962399807
5.0 -0.175302652709508
7.5 -0.248898233072969
10.0 -0.307983431178261
12.5 -0.351467240873281
15.0 -0.378258656005924
17.5 -0.387266670424088
20.0 -0.377400277975669
22.5 -0.347568472508563
25.0 -0.296680247870668
27.5 -0.223644597909879
30.0 -0.127370516474093
32.5 -0.00676699741120651
35.0 0.139256965430884
37.5 0.311792378204281
40.0 0.511930247061089
42.5 0.740761578153412
45.0 0.999377377633352
47.5 1.28886865165301
50.0 1.6103264063645
52.5 1.96484164791991
55.0 2.35350538247136
57.5 2.77740861617094
60.0 3.23764235517076
2.5 -0.244755325796176
5.0 -0.336365619929075
7.5 -0.412757963513505
10.0 -0.472852935278685
12.5 -0.515571113953836
15.0 -0.539833078268176
17.5 -0.544559406950923
20.0 -0.528670678731297
22.5 -0.491087472338518
25.0 -0.430730366501803
27.5 -0.346519939950373
30.0 -0.237376771413446
32.5 -0.102221439620241
35.0 0.0600254767000226
37.5 0.250443398818126
40.0 0.470111748004849
42.5 0.720109945530975
45.0 1.00151741266728
47.5 1.31541357068455
50.0 1.66287784085357
52.5 2.04498964444511
55.0 2.46282840272996
57.5 2.91747353697889
60.0 3.41000446846269
2.5 -0.376518708481428
5.0 -0.457445220688359
7.5 -0.518394308947348
10.0 -0.558494632466631
12.5 -0.576874850454442
15.0 -0.572663622119016
17.5 -0.544989606668588
20.0 -0.492981463311393
22.5 -0.415767851255665
25.0 -0.312477429709639
27.5 -0.182238857881551
30.0 -0.0241807949796353
32.5 0.162568099787874
35.0 0.37887916721274
37.5 0.625623748086731
40.0 0.90367318320161
42.5 1.21389881334914
45.0 1.55717197932109
47.5 1.93436402190923
50.0 2.34634628190531
52.5 2.79399010010111
55.0 3.27816681728838
57.5 3.7997477742589
60.0 4.35960431180443
2.5 -0.42827649690733
5.0 -0.452273745599626
7.5 -0.454920830531248
10.0 -0.435328814582476
12.5 -0.392608760633591
15.0 -0.325871731564876
17.5 -0.234228790256609
20.0 -0.116790999589073
22.5 0.0273305775574511
25.0 0.199024878302683
27.5 0.399180839766341
30.0 0.628687399068144
32.5 0.888433493327812
35.0 1.17930805966506
37.5 1.50220003519962
40.0 1.85799835705119
42.5 2.2475919623395
45.0 2.67186978818428
47.5 3.13172077170523
50.0 3.62803385002208
52.5 4.16169796025455
55.0 4.73360203952235
57.5 5.3446350249452
60.0 5.99568585364283
2.5 -0.377370500227438
5.0 -0.331469954822109
7.5 -0.262553752381406
10.0 -0.169710875318495
12.5 -0.0520303060465415
15.0 0.091398973021289
17.5 0.261487979471831
20.0 0.459147730891919
22.5 0.685289244868387
25.0 0.94082353898807
27.5 1.2266616308378
30.0 1.54371453800442
32.5 1.89289327807475
35.0 2.27510886863564
37.5 2.69127232727392
40.0 3.14229467157641
42.5 3.62908691912997
45.0 4.15256008752141
47.5 4.71362519433758
50.0 5.31319325716531
52.5 5.95217529359144
55.0 6.63148232120279
57.5 7.35202535758621
60.0 8.11471542032852
2.5 -0.260543071330619
5.0 -0.16705780331318
7.5 -0.0487897997933696
10.0 0.0951736614765936
12.5 0.26574530274449
15.0 0.4638378462581
17.5 0.690364014265204
20.0 0.946236529013583
22.5 1.23236811275102
25.0 1.54967148772529
27.5 1.89905937618418
30.0 2.28144450037546
32.5 2.69773958254692
35.0 3.14885734494635
37.5 3.63571050982151
40.0 4.15921179942019
42.5 4.72027393599017
45.0 5.31980964177923
47.5 5.95873163903515
50.0 6.63795265000572
52.5 7.35838539693871
55.0 8.1209426020819
57.5 8.92653698768308
60.0 9.77608127599002
2.5 -0.0125173100118825
5.0 0.135483626795205
7.5 0.309431800331176
10.0 0.510335587945953
12.5 0.739203366989461
15.0 0.997043514811624
17.5 1.28486440876237
20.0 1.60367442619161
22.5 1.95448194444928
25.0 2.33829534088531
27.5 2.75612299284961
30.0 3.20897327769211
32.5 3.69785457276273
35.0 4.2237752554114
37.5 4.78774370298805
40.0 5.39076829284259
42.5 6.03385740232495
45.0 6.71801940878505
47.5 7.44426268957282
50.0 8.21359562203819
52.5 9.02702658353107
55.0 9.88556395140139
57.5 10.7902161029991
60.0 11.7419914156741
2.5 0.182632962590907
5.0 0.339789236421888
7.5 0.524644929617625
10.0 0.738167254074996
12.5 0.981323421690875
15.0 1.25508064436214
17.5 1.56040613398567
20.0 1.89826710245834
22.5 2.26963076167702
25.0 2.6754643235386
27.5 3.11673499993995
30.0 3.59441000277794
32.5 4.10945654394945
35.0 4.66284183535137
37.5 5.25553308888056
40.0 5.8884975164339
42.5 6.56270232990827
45.0 7.27911474120054
47.5 8.0387019622076
50.0 8.84243120482631
52.5 9.69126968095356
55.0 10.5861846024862
57.5 11.5281431813212
60.0 12.5181126293553
2.5 0.398527349676753
5.0 0.553226907424519
7.5 0.737472128569913
10.0 0.952167779713196
12.5 1.19821862745463
15.0 1.47652943839447
17.5 1.78800497913298
20.0 2.13355001627042
22.5 2.51406931640705
25.0 2.93046764614313
27.5 3.38364977207893
30.0 3.87452046081469
32.5 4.40398447895069
35.0 4.97294659308718
37.5 5.58231156982443
40.0 6.23298417576268
42.5 6.92586917750222
45.0 7.66187134164328
47.5 8.44189543478614
50.0 9.26684622353106
52.5 10.1376284744783
55.0 11.0551469542281
57.5 12.0203064293807
60.0 13.0340116665365
2.5 0.537166958441686
5.0 0.652848585789888
7.5 0.799662258694493
10.0 0.978417095992346
12.5 1.1899222165203
15.0 1.43498673911519
17.5 1.71441978261387
20.0 2.02903046585318
22.5 2.37962790766998
25.0 2.76702122690111
27.5 3.19201954238342
30.0 3.65543197295374
32.5 4.15806763744894
35.0 4.70073565470586
37.5 5.28424514356134
40.0 5.90940522285223
42.5 6.57702501141537
45.0 7.28791362808762
47.5 8.04288019170583
50.0 8.84273382110683
52.5 9.68828363512747
55.0 10.5803387526046
57.5 11.5197082923751
60.0 12.5072013732757
2.5 0.596266737610129
5.0 0.674163853009084
7.5 0.784403442764739
10.0 0.927714169141378
12.5 1.10482469440328
15.0 1.31646368081473
17.5 1.56335979064002
20.0 1.84624168614341
22.5 2.16583802958921
25.0 2.52287748324167
27.5 2.9180887093651
30.0 3.35220037022378
32.5 3.82594112808197
35.0 4.34003964520398
37.5 4.89522458385407
40.0 5.49222460629654
42.5 6.13176837479566
45.0 6.81458455161572
47.5 7.541401799021
50.0 8.31294877927578
52.5 9.12995415464434
55.0 9.99314658739097
57.5 10.90325473978
60.0 11.8610072740756
2.5 0.604594564885969
5.0 0.645687206374873
7.5 0.705494039242712
10.0 0.786452581362738
12.5 0.891000350608204
15.0 1.02157486485236
17.5 1.18061364196846
20.0 1.37055419982977
22.5 1.59383405630952
25.0 1.85289072928097
27.5 2.15016173661738
30.0 2.48808459619199
32.5 2.86909682587807
35.0 3.29563594354885
37.5 3.77013946707761
40.0 4.29504491433758
42.5 4.87278980320202
45.0 5.50581165154419
47.5 6.19654797723733
50.0 6.9474362981547
52.5 7.76091413216955
55.0 8.63941899715513
57.5 9.5853884109847
60.0 10.6012598915315
2.5 0.529697283125794
5.0 0.504698658619003
7.5 0.502661067969647
10.0 0.525853030569121
12.5 0.57654306580882
15.0 0.656999693080139
17.5 0.769491431774472
20.0 0.916286801283215
22.5 1.09965432099776
25.0 1.32186251030951
27.5 1.58517988860984
30.0 1.89187497529017
32.5 2.24421628974188
35.0 2.64447235135637
37.5 3.09491167952503
40.0 3.59780279363925
42.5 4.15541421309044
45.0 4.77001445726998
47.5 5.44387204556928
50.0 6.17925549737972
52.5 6.9784333320927
55.0 7.84367406909962
57.5 8.77724622779186
60.0 9.78141832756084
2.5 0.318915976154957
5.0 0.222548516063099
7.5 0.153620739322304
10.0 0.114226413892833
12.5 0.106459307734943
15.0 0.132413188808894
17.5 0.194181825074944
20.0 0.293858984493353
22.5 0.43353843502438
25.0 0.615313944628282
27.5 0.84127928126532
30.0 1.11352821289575
32.5 1.43415450747984
35.0 1.80525193297783
37.5 2.22891425735
40.0 2.7072352485566
42.5 3.24230867455789
45.0 3.83622830331412
47.5 4.49108790278556
50.0 5.20898124093247
52.5 5.99200208571509
55.0 6.84224420509371
57.5 7.76180136702856
60.0 8.75276733947992
2.5 0.103296501956457
5.0 0.022082184266757
7.5 -0.0439798010343571
10.0 -0.0910448799041934
12.5 -0.11526847830006
15.0 -0.112806022179264
17.5 -0.0798129374991136
20.0 -0.0124446502169169
22.5 0.0931434137100184
25.0 0.240795828324384
27.5 0.434357167668873
30.0 0.677672005786177
32.5 0.974584916718988
35.0 1.32894047451
37.5 1.7445832532019
40.0 2.22535782683739
42.5 2.77510876945915
45.0 3.39768065510988
47.5 4.09691805783227
50.0 4.87666555166901
52.5 5.74076771066279
55.0 6.69306910885632
57.5 7.73741432029227
60.0 8.87764791901334
2.5 -0.150411821930359
5.0 -0.274837432643414
7.5 -0.375286434114435
10.0 -0.448111060751893
12.5 -0.48966354696426
15.0 -0.496296127160004
17.5 -0.464361035747597
20.0 -0.390210507135509
22.5 -0.27019677573221
25.0 -0.100672075946171
27.5 0.122011357814138
30.0 0.401501291140247
32.5 0.741445489623685
35.0 1.14549171885598
37.5 1.61728774442867
40.0 2.16048133193327
42.5 2.77872024696132
45.0 3.47565225510434
47.5 4.25492512195388
50.0 5.12018661310145
52.5 6.07508449413858
55.0 7.12326653065681
57.5 8.26838048824767
60.0 9.51407413250268
2.5 -0.441227939843489
5.0 -0.583578681553228
7.5 -0.694797569959297
10.0 -0.771384069607863
12.5 -0.809837645045095
15.0 -0.80665776081716
17.5 -0.758343881470226
20.0 -0.661395471550461
22.5 -0.512311995604033
25.0 -0.307592918177109
27.5 -0.0437377038158591
30.0 0.282754182933551
32.5 0.675383277524952
35.0 1.13765011541218
37.5 1.67305523204906
40.0 2.28509916288942
42.5 2.97728244338711
45.0 3.75310560899595
47.5 4.61606919516977
50.0 5.56967373736241
52.5 6.6174197710277
55.0 7.76280783161947
57.5 9.00933845459154
60.0 10.3605121753978
2.5 -0.673569451792075
5.0 -0.735214414175036
7.5 -0.769954540155202
10.0 -0.77319006274292
12.5 -0.740321214948538
15.0 -0.666748229782401
17.5 -0.547871340254856
20.0 -0.37909077937625
22.5 -0.15580678015693
25.0 0.126580424392759
27.5 0.472670601262468
30.0 0.887063517441853
32.5 1.37435893992057
35.0 1.93915663568826
37.5 2.58605637173459
40.0 3.31965791504921
42.5 4.14456103262177
45.0 5.06536549144192
47.5 6.08667105849933
50.0 7.21307750078363
52.5 8.44918458528449
55.0 9.79959207899156
57.5 11.2688997488945
60.0 12.8617073619829
2.5 -0.656208341991659
5.0 -0.640152960613296
7.5 -0.58869282103391
10.0 -0.497114777906548
12.5 -0.360705685884257
15.0 -0.174752399620082
17.5 0.0654582262329291
20.0 0.36463933702173
22.5 0.727504078093274
25.0 1.15876559479451
27.5 1.6631370324724
30.0 2.2453315364739
32.5 2.91006225214595
35.0 3.66204232483551
37.5 4.50598489988953
40.0 5.44660312265497
42.5 6.48861013847878
45.0 7.63671909270791
47.5 8.89564313068932
50.0 10.27009539777
52.5 11.7647890392968
55.0 13.3844372006167
57.5 15.1337530270768
60.0 17.0174496640239
2.5 -0.50384808414412
5.0 -0.396144721450822
7.5 -0.242641472262255
10.0 -0.0385869201706274
12.5 0.220770351231853
15.0 0.540181758352978
17.5 0.924398717600539
20.0 1.37817264538233
22.5 1.90625495810613
25.0 2.51339707217975
27.5 3.20435040401097
30.0 3.98386637000759
32.5 4.85669638657739
35.0 5.82759187012817
37.5 6.90130423706772
40.0 8.08258490380383
42.5 9.37618528674429
45.0 10.7868568022969
47.5 12.3193508668694
50.0 13.9784188968697
52.5 15.7688123087055
55.0 17.6952825187846
57.5 19.7625809435148
60.0 21.9754589993039
2.5 -0.363230096901097
5.0 -0.218627769012253
7.5 -0.0193376432435992
10.0 0.239096250036458
12.5 0.561129880459511
15.0 0.951219217657155
17.5 1.41382023126098
20.0 1.95338889090259
22.5 2.57438116621356
25.0 3.2812530268255
27.5 4.07846044236999
30.0 4.97045938247864
32.5 5.96170581678303
35.0 7.05665571491476
37.5 8.25976504650542
40.0 9.5754897811866
42.5 11.0082858885899
45.0 12.5626093383469
47.5 14.2429161000892
50.0 16.0536621434485
52.5 17.9993034380562
55.0 20.084295953544
57.5 22.3130956595434
60.0 24.6901585256862
2.5 0.0472056186902708
5.0 0.291831217001457
7.5 0.578664049691966
10.0 0.916055596619013
12.5 1.31235733763981
15.0 1.77592075261157
17.5 2.31509732139151
20.0 2.93823852383685
22.5 3.65369583980479
25.0 4.46982074915255
27.5 5.39496473173734
30.0 6.43747926741638
32.5 7.60571583604689
35.0 8.90802591748607
37.5 10.3527609915911
40.0 11.9482725382193
42.5 13.7029120372278
45.0 15.6250309684738
47.5 17.7229808118146
50.0 20.0051130471073
52.5 22.4797791542092
55.0 25.1553306129775
57.5 28.0401189032694
60.0 31.1424955049421
2.5 0.510322399644973
5.0 0.802093527991311
7.5 1.15273597298738
10.0 1.57011012506849
12.5 2.06207637466995
15.0 2.63649511222704
17.5 3.30122672817508
20.0 4.06413161294937
22.5 4.93307015698521
25.0 5.91590275071791
27.5 7.02048978458276
30.0 8.25469164901508
32.5 9.62636873445016
35.0 11.1433814313233
37.5 12.8135901300698
40.0 14.644855221125
42.5 16.6450370949242
45.0 18.8219961419026
47.5 21.1835927524956
50.0 23.7376873171385
52.5 26.4921402262666
55.0 29.4548118703152
57.5 32.6335626397195
60.0 36.036252924915
2.5 0.969553237140677
5.0 1.34139720774403
7.5 1.75305037146986
10.0 2.21586796410882
12.5 2.74120522145155
15.0 3.34041737928871
17.5 4.02485967341096
20.0 4.80588733960894
22.5 5.69485561367331
25.0 6.70311973139471
27.5 7.84203492856381
30.0 9.12295644097126
32.5 10.5572395044077
35.0 12.1562393546638
37.5 13.9313112275302
40.0 15.8938103587975
42.5 18.0550919842565
45.0 20.4265113396977
47.5 23.0194236609118
50.0 25.8451841836895
52.5 28.9151481438214
55.0 32.2406707770982
57.5 35.8331073193105
60.0 39.7038130062489
2.5 1.46391406338396
5.0 1.75469891497221
7.5 2.11124220950262
10.0 2.54211722562734
12.5 3.05589724199855
15.0 3.66115553726841
17.5 4.36646539008906
20.0 5.18040007911269
22.5 6.11153288299145
25.0 7.16843708037749
27.5 8.359685949923
30.0 9.69385277028012
32.5 11.179510820101
35.0 12.8252333780379
37.5 14.6395937227428
40.0 16.631165132868
42.5 18.8085208870656
45.0 21.1802342639879
47.5 23.7548785422868
50.0 26.5410270006147
52.5 29.5472529176237
55.0 32.7821295719659
57.5 36.2542302422935
60.0 39.9721282072587
2.5 1.61197054025308
5.0 1.75058976574643
7.5 1.97050127188208
10.0 2.27703592822874
12.5 2.67552460435512
15.0 3.17129816982993
17.5 3.76968749422187
20.0 4.47602344709967
22.5 5.29563689803203
25.0 6.23385871658765
27.5 7.29601977233526
30.0 8.48745093484355
32.5 9.81348307368124
35.0 11.279447058417
37.5 12.8906737586197
40.0 14.6524940438578
42.5 16.5702387837002
45.0 18.6492388477155
47.5 20.8948251054725
50.0 23.3123284265399
52.5 25.9070796804863
55.0 28.6844097368805
57.5 31.6496494652912
60.0 34.8081297352872
2.5 1.60704578175586
5.0 1.65477439584094
7.5 1.77153905589397
10.0 1.96467833677602
12.5 2.24153081334816
15.0 2.60943506047144
17.5 3.07572965300693
20.0 3.6477531658157
22.5 4.33284417375881
25.0 5.13834125169733
27.5 6.07158297449231
30.0 7.13990791700483
32.5 8.35065465409595
35.0 9.71116176062672
37.5 11.2287678114582
40.0 12.9108113814515
42.5 14.7646310454677
45.0 16.7975653783677
47.5 19.0169529550128
50.0 21.4301323502639
52.5 24.0444421389821
55.0 26.8672208960285
57.5 29.9058071962641
60.0 33.16753961455
2.5 1.18333275042568
5.0 1.02715171442747
7.5 0.956028325032272
10.0 0.974541446002681
12.5 1.08726994110128
15.0 1.29879267409064
17.5 1.61368850873337
20.0 2.03653630879204
22.5 2.57191493802923
25.0 3.22440326020754
27.5 3.99858013908954
30.0 4.89902443843782
32.5 5.93031502201497
35.0 7.09703075358357
37.5 8.40375049690621
40.0 9.85505311574548
42.5 11.4555174738639
45.0 13.2097224350242
47.5 15.1222468629888
50.0 17.1976696215204
52.5 19.4405695743816
55.0 21.8555255853348
57.5 24.4471165181428
60.0 27.2199212365681
2.5 0.0711387865817466
5.0 -0.299659312060782
7.5 -0.568975490405766
10.0 -0.735746951651263
12.5 -0.79891089899533
15.0 -0.757404535636026
17.5 -0.610165064771407
20.0 -0.356129689599531
22.5 0.00576438668154292
25.0 0.476579960873759
27.5 1.05737982977906
30.0 1.74922679019939
32.5 2.55318363893668
35.0 3.47031317279289
37.5 4.50167818856995
40.0 5.6483414830698
42.5 6.9113658530944
45.0 8.29181409544567
47.5 9.79074900692557
50.0 11.409233384336
52.5 13.148330024479
55.0 15.0091017241564
57.5 16.9926112801702
60.0 19.0999214893224
2.5 -1.15026575249885
5.0 -1.54039668529981
7.5 -1.823459249184
10.0 -1.99999709020907
12.5 -2.07055385443268
15.0 -2.03567318791249
17.5 -1.89589873670614
20.0 -1.6517741468713
22.5 -1.30384306446562
25.0 -0.852649135546755
27.5 -0.298736006172357
30.0 0.357352677599916
32.5 1.11507326971241
35.0 1.97388212410747
37.5 2.93323559472744
40.0 3.99259003551467
42.5 5.1514018004115
45.0 6.40912724336027
47.5 7.76522271830334
50.0 9.21914457918304
52.5 10.7703491799417
55.0 12.4182928745217
57.5 14.1624320168654
60.0 16.0022229609151
2.5 -2.14708486234368
5.0 -2.42404076979133
7.5 -2.60070398458534
10.0 -2.67802370004621
12.5 -2.65694910949443
15.0 -2.53842940625049
17.5 -2.32341378363489
20.0 -2.01285143496812
22.5 -1.60769155357067
25.0 -1.10888333276304
27.5 -0.517375965865711
30.0 0.165881353800814
32.5 0.939939432916046
35.0 1.80384907815949
37.5 2.75666109621066
40.0 3.79742629374906
42.5 4.92519547745419
45.0 6.13901945400557
47.5 7.4379490300827
50.0 8.82103501236508
52.5 10.2873282075322
55.0 11.8358794222637
57.5 13.4657394632389
60.0 15.1759591371374
2.5 -2.49873462150527
5.0 -2.54591790583969
7.5 -2.48531364435612
10.0 -2.31901628247445
12.5 -2.04912026561455
15.0 -1.67772003919631
17.5 -1.20691004863961
20.0 -0.638784739364328
22.5 0.0245614432096426
25.0 0.781034053662424
27.5 1.62853864657413
30.0 2.56498077652489
32.5 3.58826599809481
35.0 4.69629986586401
37.5 5.8869879344126
40.0 7.15823575832071
42.5 8.50794889216845
45.0 9.93403289053594
47.5 11.4343933080033
50.0 13.0069356991506
52.5 14.6495656185581
55.0 16.3601886208057
57.5 18.1367102604737
60.0 19.9770360921422
2.5 -2.14119575855632
5.0 -1.85523600058287
7.5 -1.47733734906891
10.0 -1.00856206428645
12.5 -0.449972406507481
15.0 0.197369363995973
17.5 0.932400986951909
20.0 1.75406020208832
22.5 2.6612847491332
25.0 3.65301236781453
27.5 4.72818079786031
30.0 5.88572777899854
32.5 7.1245910509572
35.0 8.44370835346429
37.5 9.84201742624779
40.0 11.3184560090357
42.5 12.871961841556
45.0 14.5014726635367
47.5 16.2059262147058
50.0 17.9842602347913
52.5 19.8354124635212
55.0 21.7583206406234
57.5 23.751922505826
60.0 25.8151557988569
2.5 -0.98408384378241
5.0 -0.430484072325838
7.5 0.212633663029319
10.0 0.944250183751263
12.5 1.76334631130819
15.0 2.66890286716831
17.5 3.65990067279982
20.0 4.73532054967091
22.5 5.8941433192498
25.0 7.13534980300467
27.5 8.45792082240374
30.0 9.8608371989152
32.5 11.3430797540072
35.0 12.9036293091481
37.5 14.5414666858059
40.0 16.2555727054489
42.5 18.0449281895454
45.0 19.9085139595634
47.5 21.8453108369712
50.0 23.854299643237
52.5 25.934461199829
55.0 28.0847763282154
57.5 30.3042258498644
60.0 32.5917905862442
2.5 0.355814770000927
5.0 1.00801413426463
7.5 1.74396757054923
10.0 2.56241716459315
12.5 3.46210500213483
15.0 4.44177316891272
17.5 5.50016375066524
20.0 6.63601883313084
22.5 7.84808050204796
25.0 9.13509084315502
27.5 10.4957919421905
30.0 11.9289258848927
32.5 13.4332347570003
35.0 15.0074606442515
37.5 16.6503456323849
40.0 18.3606318071388
42.5 20.1370612542518
45.0 21.9783760594622
47.5 23.8833183085085
50.0 25.8506300871291
52.5 27.8790534810625
55.0 29.967330576047
57.5 32.1142034578212
60.0 34.3184142121235
2.5 1.93376084209196
5.0 2.60417884957122
7.5 3.34606368714838
10.0 4.15834866038061
12.5 5.03996707482507
15.0 5.98985223603893
17.5 7.00693744957936
20.0 8.09015602100354
22.5 9.23844125586862
25.0 10.4507264597318
27.5 11.7259449381502
30.0 13.063029996681
32.5 14.4609149408814
35.0 15.9185330763086
37.5 17.4348177085196
40.0 19.0087021430718
42.5 20.6391196855222
45.0 22.3250036414281
47.5 24.0652873163465
50.0 25.8589040158347
52.5 27.7047870454499
55.0 29.6018697107491
57.5 31.5490853172896
60.0 33.5453671706286
2.5 2.98502039336864
5.0 3.40603972346584
7.5 3.88749305965924
10.0 4.42802418244176
12.5 5.02627687230627
15.0 5.68089490974567
17.5 6.39052207525284
20.0 7.15380214932069
22.5 7.96937891244211
25.0 8.83589614510998
27.5 9.7519976278172
30.0 10.7163271410567
32.5 11.7275284653212
35.0 12.7842453811039
37.5 13.8851216688974
40.0 15.0288011091947
42.5 16.2139274824888
45.0 17.4391445692724
47.5 18.7030961500385
50.0 20.00442600528
52.5 21.3417779154897
55.0 22.7137956611606
57.5 24.1191230227856
60.0 25.5564037808575
2.5 3.29529614128416
5.0 3.43679229615126
7.5 3.63264259888719
10.0 3.88126507476445
12.5 4.18107774905555
15.0 4.53049864703301
17.5 4.92794579396932
20.0 5.371837215137
22.5 5.86059093580855
25.0 6.39262498125648
27.5 6.96635737675331
30.0 7.58020614757153
32.5 8.23258931898366
35.0 8.9219249162622
37.5 9.64663096467967
40.0 10.4051254895086
42.5 11.1958265160214
45.0 12.0171520694907
47.5 12.8675201751889
50.0 13.7453488583886
52.5 14.6490561443623
55.0 15.5770600583824
57.5 16.5277786257215
60.0 17.4996298716521
2.5 2.73683638352942
5.0 2.50633208032985
7.5 2.31082080017422
10.0 2.1497027771533
12.5 2.02237824535783
15.0 1.92824743887854
17.5 1.8667105918062
20.0 1.83716793823154
22.5 1.83901971224531
25.0 1.87166614793825
27.5 1.93450747940112
30.0 2.02694394072466
32.5 2.1483757659996
35.0 2.29820318931671
37.5 2.47582644476672
40.0 2.68064576644039
42.5 2.91206138842845
45.0 3.16947354482165
47.5 3.45228246971074
50.0 3.75988839718647
52.5 4.09169156133958
55.0 4.44709219626081
57.5 4.82549053604091
60.0 5.22628681477063
2.5 1.8118667768219
5.0 1.28905299458256
7.5 0.801067108248163
10.0 0.347223197102161
12.5 -0.0731646595719877
15.0 -0.460782382490824
17.5 -0.816315892370892
20.0 -1.14045110992873
22.5 -1.43387395588089
25.0 -1.69727035094391
27.5 -1.93132621583433
30.0 -2.1367274712687
32.5 -2.31416003796356
35.0 -2.46430983663545
37.5 -2.58786278800091
40.0 -2.68550481277649
42.5 -2.75792183167873
45.0 -2.80579976542417
47.5 -2.82982453472936
50.0 -2.83068206031084
52.5 -2.80905826288516
55.0 -2.76563906316884
57.5 -2.70111038187845
60.0 -2.61615813973051
2.5 0.0550379925447186
5.0 -0.785819188063982
7.5 -1.59026807832586
10.0 -2.35915470658742
12.5 -3.09332510119517
15.0 -3.79362529049564
17.5 -4.46090130283533
20.0 -5.09599916656076
22.5 -5.69976491001843
25.0 -6.27304456155486
27.5 -6.81668414951657
30.0 -7.33152970225006
32.5 -7.81842724810185
35.0 -8.27822281541845
37.5 -8.71176243254637
40.0 -9.11989212783212
42.5 -9.50345792962222
45.0 -9.86330586626318
47.5 -10.2002819661015
50.0 -10.5152322574837
52.5 -10.8090027687564
55.0 -11.0824395282659
57.5 -11.3363885643588
60.0 -11.5716959053817
2.5 -2.37707703840616
5.0 -3.23738952581799
7.5 -4.06966277928573
10.0 -4.8743370073613
12.5 -5.65185241859661
15.0 -6.40264922154358
17.5 -7.12716762475411
20.0 -7.82584783678012
22.5 -8.49913006617353
25.0 -9.14745452148624
27.5 -9.77126141127017
30.0 -10.3709909440772
32.5 -10.9470833284593
35.0 -11.4999787729684
37.5 -12.0301174861564
40.0 -12.5379396765751
42.5 -13.0238855527765
45.0 -13.4883953233126
47.5 -13.9319091967351
50.0 -14.3548673815962
52.5 -14.7577100864475
55.0 -15.1408775198412
57.5 -15.504809890329
60.0 -15.8499474064629
2.5 -3.69877341838292
5.0 -4.13978860865592
7.5 -4.55607146474115
10.0 -4.94798179541516
12.5 -5.31587940945445
15.0 -5.66012411563555
17.5 -5.98107572273499
20.0 -6.27909403952929
22.5 -6.55453887479498
25.0 -6.80777003730857
27.5 -7.03914733584661
30.0 -7.2490305791856
32.5 -7.43777957610208
35.0 -7.60575413537257
37.5 -7.75331406577359
40.0 -7.88081917608167
42.5 -7.98862927507334
45.0 -8.07710417152511
47.5 -8.14660367421352
50.0 -8.19748759191508
52.5 -8.23011573340633
55.0 -8.24484790746378
57.5 -8.24204392286397
60.0 -8.22206358838341
2.5 -3.84783859613839
5.0 -3.86810855879657
7.5 -3.85964191392232
10.0 -3.82314095812218
12.5 -3.75930798800274
15.0 -3.66884530017055
17.5 -3.55245519123217
20.0 -3.41083995779418
22.5 -3.24470189646315
25.0 -3.05474330384562
27.5 -2.84166647654819
30.0 -2.60617371117739
32.5 -2.34896730433981
35.0 -2.07074955264201
37.5 -1.77222275269055
40.0 -1.454089201092
42.5 -1.11705119445292
45.0 -0.761811029379885
47.5 -0.389071002479454
50.0 0.000466589641806237
52.5 0.406099450377329
55.0 0.827125283120552
57.5 1.2628417912649
60.0 1.71254667820383
2.5 -3.16078049632443
5.0 -2.77737818431356
7.5 -2.36495136884651
10.0 -1.92424589532116
12.5 -1.45600760913536
15.0 -0.960982355686994
17.5 -0.43991598037392
20.0 0.106445671405991
22.5 0.677356754254872
25.0 1.27207142277486
27.5 1.88984383156807
30.0 2.52992813523666
32.5 3.19157848838274
35.0 3.87404904560845
37.5 4.57659396151593
40.0 5.2984673907073
42.5 6.0389234877847
45.0 6.79721640735026
47.5 7.57260030400611
50.0 8.36432933235439
52.5 9.17165764699722
55.0 9.99383940253674
57.5 10.8301287535751
60.0 11.6797798547144
2.5 -1.51163734331961
5.0 -0.783159086539585
7.5 -0.0254539512417636
10.0 0.760662444982757
12.5 1.57437448454288
15.0 2.41486654984751
17.5 3.28132302330554
20.0 4.17292828732589
22.5 5.08886672431745
25.0 6.02832271668913
27.5 6.99048064684983
30.0 7.97452489720846
32.5 8.97963985017391
35.0 10.0050098881551
37.5 11.0498193935609
40.0 12.1132527488003
42.5 13.194494336282
45.0 14.2927285384152
47.5 15.4071397376086
50.0 16.5369123162711
52.5 17.6812306568117
55.0 18.8392791416392
57.5 20.0102421531626
60.0 21.1933040737908
2.5 1.11859169049515
5.0 2.1018799158554
7.5 3.12220894127299
10.0 4.1782855716031
12.5 5.26881661170089
15.0 6.39250886642155
17.5 7.54806914062024
20.0 8.73420423915214
22.5 9.94962096687242
25.0 11.1930261286363
27.5 12.4631265292988
30.0 13.7586289737153
32.5 15.0782402667408
35.0 16.4206672132306
37.5 17.7846166180398
40.0 19.1687952860236
42.5 20.5719100220372
45.0 21.9926676309357
47.5 23.4297749175743
50.0 24.8819386868082
52.5 26.3478657434926
55.0 27.8262628924825
57.5 29.3158369386333
60.0 30.8152946868001
2.5 4.18193111584855
5.0 5.03643557579942
7.5 5.9195008725727
10.0 6.83003162606481
12.5 7.76693245617222
15.0 8.72910798279135
17.5 9.71546282581866
20.0 10.7249016051506
22.5 11.7563289406836
25.0 12.8086494523141
27.5 13.8807677599385
30.0 14.9715884834534
32.5 16.080016242755
35.0 17.20495565774
37.5 18.3453113483047
40.0 19.4999879343455
42.5 20.667890035759
45.0 21.8479222724415
47.5 23.0389892642895
50.0 24.2399956311995
52.5 25.4498459930679
55.0 26.6674449697911
57.5 27.8916971812655
60.0 29.1215072473877
2.5 5.66392229386748
5.0 6.10104825828508
7.5 6.55953121691513
10.0 7.03849879341736
12.5 7.53707861145154
15.0 8.05439829467743
17.5 8.58958546675476
20.0 9.1417677513433
22.5 9.7100727721028
25.0 10.293628152693
27.5 10.8915615167737
30.0 11.5030004880046
32.5 12.1270726900454
35.0 12.762905746556
37.5 13.409627281196
40.0 14.0663649176253
42.5 14.7322462795036
45.0 15.4063989904906
47.5 16.087950674246
50.0 16.7760289544297
52.5 17.4697614547014
55.0 18.1682757987209
57.5 18.8706996101478
60.0 19.576160512642
2.5 6.56544198821667
5.0 6.51150520909062
7.5 6.47559502284253
10.0 6.45691005013614
12.5 6.45464891163522
15.0 6.46801022800352
17.5 6.4961926199048
20.0 6.5383947080028
22.5 6.59381511296128
25.0 6.66165245544399
27.5 6.7411053561147
30.0 6.83137243563714
32.5 6.93165231467508
35.0 7.04114361389226
37.5 7.15904495395245
40.0 7.28455495551939
42.5 7.41687223925685
45.0 7.55519542582856
47.5 7.69872313589829
50.0 7.8466539901298
52.5 7.99818660918682
55.0 8.15251961373313
57.5 8.30885162443246
60.0 8.46638126194858
2.5 7.37839609863144
5.0 7.06401010121206
7.5 6.75380762901409
10.0 6.44772697324437
12.5 6.1457064251097
15.0 5.8476842758169
17.5 5.5535988165728
20.0 5.2633883385842
22.5 4.97699113305793
25.0 4.6943454912008
27.5 4.41538970421963
30.0 4.14006206332124
32.5 3.86830085971245
35.0 3.60004438460006
37.5 3.33523092919091
40.0 3.0737987846918
42.5 2.81568624230955
45.0 2.56083159325099
47.5 2.30917312872293
50.0 2.06064913993218
52.5 1.81519791808557
55.0 1.5727577543899
57.5 1.33326694005201
60.0 1.0966637662787
2.5 8.70075071276463
5.0 8.14783836737572
7.5 7.59916059790737
10.0 7.05465125122315
12.5 6.51424417418663
15.0 5.97787321366137
17.5 5.44547221651096
20.0 4.91697502959896
22.5 4.39231549978894
25.0 3.87142747394448
27.5 3.35424479892915
30.0 2.84070132160651
32.5 2.33073088884014
35.0 1.82426734749361
37.5 1.3212445444305
40.0 0.821596326514365
42.5 0.325256540608783
45.0 -0.167840966422671
47.5 -0.657762347716429
50.0 -1.14457375640892
52.5 -1.62834134563657
55.0 -2.10913126853581
57.5 -2.58700967824307
60.0 -3.06204272789477
2.5 9.51784303823116
5.0 8.30128914425617
7.5 7.08993645995841
10.0 5.88369155714533
12.5 4.68246100762437
15.0 3.486151383203
17.5 2.29466925568866
20.0 1.1079211968888
22.5 -0.0741862213891291
25.0 -1.25174642733767
27.5 -2.42485284914937
30.0 -3.59359891501679
32.5 -4.75807805313246
35.0 -5.91838369168894
37.5 -7.07460925887879
40.0 -8.22684818289454
42.5 -9.37519389192873
45.0 -10.5197398141739
47.5 -11.6605793778227
50.0 -12.7978060110676
52.5 -13.9315131421011
55.0 -15.0617941991158
57.5 -16.1887426103042
60.0 -17.312451803859
2.5 11.3855731009615
5.0 8.92261613775112
7.5 6.46967074690155
10.0 4.02649202511475
12.5 1.59283506909267
15.0 -0.831545024462742
17.5 -3.24689315884954
20.0 -5.65345423736576
22.5 -8.05147316330945
25.0 -10.4411948399787
27.5 -12.8228641706715
30.0 -15.1967260586859
32.5 -17.5630254073199
35.0 -19.9220071198717
37.5 -22.2739160996393
40.0 -24.6189972499206
42.5 -26.9574954740138
45.0 -29.2896556752169
47.5 -31.615722756828
50.0 -33.9359416221451
52.5 -36.2505571744662
55.0 -38.5598143170894
57.5 -40.8639579533127
60.0 -43.1632329864343
2.5 20.7031175108264
5.0 14.9248994737307
7.5 9.20314271399953
10.0 3.53525273824575
12.5 -2.08136494691768
15.0 -7.6493048348778
17.5 -13.1711614190217
20.0 -18.6495291927363
22.5 -24.0870026494088
25.0 -29.4861762824263
27.5 -34.8496445851756
30.0 -40.180002051044
32.5 -45.4798431734184
35.0 -50.7517624456859
37.5 -55.9983543612336
40.0 -61.2222134134485
42.5 -66.4259340957177
45.0 -71.6121109014282
47.5 -76.783338323967
50.0 -81.9422108567213
52.5 -87.091322993078
55.0 -92.2332692264243
57.5 -97.3706440501471
60.0 -102.506041957634
2.5 -73.2957214569809
5.0 -48.3867212511464
7.5 -29.4969330211892
10.0 -13.2374097377129
12.5 3.78079562867867
15.0 24.9466301073816
17.5 53.6490407277921
20.0 93.2769745193065
22.5 147.219378511321
25.0 218.865199733232
27.5 311.603385214434
30.0 428.822881984326
32.5 573.912637072302
35.0 750.261597507759
37.5 961.258710320094
40.0 1210.2929225387
42.5 1500.75318119298
45.0 1836.02843331232
47.5 2219.50762592613
50.0 2654.57970606379
52.5 3144.63362075471
55.0 3693.05831702828
57.5 4303.24274191389
60.0 4978.57584244095
2.5 -13.6011440944326
5.0 -12.0512025496204
7.5 -10.4974143111279
10.0 -8.93837657027315
12.5 -7.37268651837404
15.0 -5.79894134674861
17.5 -4.21573824671485
20.0 -2.62167440959075
22.5 -1.0153470266943
25.0 0.604646710656512
27.5 2.23970961114369
30.0 3.89124448344924
32.5 5.56065413625518
35.0 7.24934137824351
37.5 8.95870901809625
40.0 10.6901598644954
42.5 12.445096726123
45.0 14.2249224116609
47.5 16.0310397297914
50.0 17.8648514891963
52.5 19.7277604985576
55.0 21.6211695665574
57.5 23.5464815018777
60.0 25.5050991132004
2.5 -13.953828069632
5.0 -14.254219542539
7.5 -14.5518000302531
10.0 -14.8459050452133
12.5 -15.1358700998583
15.0 -15.4210307066271
17.5 -15.7007223779585
20.0 -15.9742806262913
22.5 -16.2410409640644
25.0 -16.5003389037167
27.5 -16.751509957687
30.0 -16.9938896384141
32.5 -17.2268134583369
35.0 -17.4496169298944
37.5 -17.6616355655252
40.0 -17.8622048776684
42.5 -18.0506603787626
45.0 -18.2263375812469
47.5 -18.38857199756
50.0 -18.5366991401408
52.5 -18.6700545214281
55.0 -18.7879736538608
57.5 -18.8897920498779
60.0 -18.974845221918
2.5 -17.2156251504981
5.0 -18.5461983776882
7.5 -19.8303729474633
10.0 -21.064866144632
12.5 -22.2463952540028
15.0 -23.3716775603842
17.5 -24.4374303485849
20.0 -25.4403709034133
22.5 -26.3772165096779
25.0 -27.2446844521874
27.5 -28.0394920157502
30.0 -28.7583564851748
32.5 -29.3979951452698
35.0 -29.9551252808438
37.5 -30.4264641767053
40.0 -30.8087291176628
42.5 -31.0986373885248
45.0 -31.2929062740999
47.5 -31.3882530591967
50.0 -31.3813950286236
52.5 -31.2690494671891
55.0 -31.047933659702
57.5 -30.7147648909705
60.0 -30.2662604458034
2.5 -42.8741324175849
5.0 -48.3437491696611
7.5 -53.6564697450567
10.0 -58.7894645046356
12.5 -63.719903809262
15.0 -68.4249580197997
17.5 -72.8817974971128
20.0 -77.0675926020653
22.5 -80.9595136955211
25.0 -84.5347311383442
27.5 -87.7704152913987
30.0 -90.6437365155486
32.5 -93.1318651716577
35.0 -95.2119716205902
37.5 -96.86122622321
40.0 -98.0567993403811
42.5 -98.7758613329676
45.0 -98.9955825618333
47.5 -98.6931333878423
50.0 -97.8456841718586
52.5 -96.4304052747461
55.0 -94.424467057369
57.5 -91.805039880591
60.0 -88.5492941052764
2.5 -47.5456062681434
5.0 -54.1280300391212
7.5 -60.5756558270863
10.0 -66.860170596252
12.5 -72.9532613108312
15.0 -78.8266149350372
17.5 -84.4519184330829
20.0 -89.8008587691815
22.5 -94.8451229075461
25.0 -99.5563978123898
27.5 -103.906370447926
30.0 -107.866727778367
32.5 -111.409156767926
35.0 -114.505344380817
37.5 -117.126977581253
40.0 -119.245743333446
42.5 -120.833328601611
45.0 -121.861420349959
47.5 -122.301705542704
50.0 -122.125871144059
52.5 -121.305604118237
55.0 -119.812591429452
57.5 -117.618520041916
60.0 -114.695076919843
2.5 -13.6112866554006
5.0 -14.3366251355019
7.5 -15.0403815343653
10.0 -15.7201505984018
12.5 -16.3735270740225
15.0 -16.9981057076386
17.5 -17.5914812456613
20.0 -18.1512484345016
22.5 -18.6750020205707
25.0 -19.1603367502797
27.5 -19.6048473700397
30.0 -20.006128626262
32.5 -20.3617752653576
35.0 -20.6693820337377
37.5 -20.9265436778133
40.0 -21.1308549439957
42.5 -21.2799105786959
45.0 -21.3713053283252
47.5 -21.4026339392946
50.0 -21.3714911580152
52.5 -21.2754717308982
55.0 -21.1121704043548
57.5 -20.8791819247961
60.0 -20.5741010386331
2.5 -10.9627773279132
5.0 -9.16371365563875
7.5 -7.36386699806192
10.0 -5.55845155321638
12.5 -3.74268151913581
15.0 -1.91177109385389
17.5 -0.0609344754042963
20.0 1.81461413817929
22.5 3.71966054886319
25.0 5.65899055861372
27.5 7.63738996939721
30.0 9.65964458317997
32.5 11.7305402019283
35.0 13.8548626276086
37.5 16.0373976621871
40.0 18.2829311076301
42.5 20.5962487659041
45.0 22.9821364389752
47.5 25.4453799288098
50.0 27.9907650373743
52.5 30.623077566635
55.0 33.3471033185581
57.5 36.16762809511
60.0 39.089437698257
2.5 -52.5681567292994
5.0 -29.2672612982884
7.5 -9.74786443745126
10.0 6.51406589797752
12.5 20.0425617527636
15.0 31.3616551716725
17.5 40.9953781994698
20.0 49.4677628809213
22.5 57.3028412607925
25.0 65.0246453838489
27.5 73.1572072948562
30.0 82.22455903858
32.5 92.7507326597859
35.0 105.25976020324
37.5 120.275673713706
40.0 138.322505235952
42.5 159.924286814743
45.0 185.605050494843
47.5 215.888828321019
50.0 251.299652338037
52.5 292.361554590661
55.0 339.598567123658
57.5 393.534721981793
60.0 454.694051209832
2.5 8.41147570021079
5.0 5.32531424291377
7.5 2.23100627999436
10.0 -0.864234503572588
12.5 -3.95319442281224
15.0 -7.02865979274977
17.5 -10.0834169284103
20.0 -13.110252144819
22.5 -16.1019517570011
25.0 -19.0513020799817
27.5 -21.951089428786
30.0 -24.794100118439
32.5 -27.5731204639661
35.0 -30.2809367803923
37.5 -32.9103353827429
40.0 -35.4541025860428
42.5 -37.9050247053175
45.0 -40.2558880555919
47.5 -42.4994789518912
50.0 -44.6285837092407
52.5 -46.6359886426655
55.0 -48.5144800671907
57.5 -50.2568442978414
60.0 -51.855867649643
2.5 5.36312858666988
5.0 3.9570686199997
7.5 2.54498510635792
10.0 1.1298397469932
12.5 -0.285405756845747
15.0 -1.69778970391025
17.5 -3.10435039295162
20.0 -4.50212612272117
22.5 -5.88815519197021
25.0 -7.25947589945006
27.5 -8.61312654391203
30.0 -9.94614542410744
32.5 -11.2555708387876
35.0 -12.5384410867038
37.5 -13.7917944666074
40.0 -15.0126692772497
42.5 -16.198103817382
45.0 -17.3451363857556
47.5 -18.4508052811218
50.0 -19.512148802232
52.5 -20.5262052478374
55.0 -21.4900129166894
57.5 -22.4006101075393
60.0 -23.2550351191384
2.5 3.91040430137213
5.0 2.81394956530644
7.5 1.71342244956298
10.0 0.611437683586425
12.5 -0.489390003178563
15.0 -1.58644588128731
17.5 -2.67711522129514
20.0 -3.75878329375738
22.5 -4.82883536922937
25.0 -5.88465671826643
27.5 -6.92363261142389
30.0 -7.94314831925708
32.5 -8.94058911232132
35.0 -9.91334026117194
37.5 -10.8587870363643
40.0 -11.7743147084537
42.5 -12.6573085479954
45.0 -13.5051538255449
47.5 -14.3152358116573
50.0 -15.0849397768882
52.5 -15.8116509917927
55.0 -16.4927547269262
57.5 -17.1256362528441
60.0 -17.7076808401016
2.5 2.97049104155241
5.0 1.71785777586127
7.5 0.462399577964293
10.0 -0.793114484511179
12.5 -2.04591534393783
15.0 -3.29323393268832
17.5 -4.53230118313534
20.0 -5.76034802765156
22.5 -6.97460539860964
25.0 -8.17230422838227
27.5 -9.35067544934212
30.0 -10.5069499938619
32.5 -11.6383587943142
35.0 -12.7421327830717
37.5 -13.8155028925072
40.0 -14.8557000549932
42.5 -15.8599552029025
45.0 -16.8254992686077
47.5 -17.7495631844816
50.0 -18.6293778828967
52.5 -19.4621742962258
55.0 -20.2451833568415
57.5 -20.9756359971165
60.0 -21.6507631494235
2.5 2.20610283034741
5.0 0.730001494858175
7.5 -0.747816673552367
10.0 -2.2243057933842
12.5 -3.6964199831373
15.0 -5.16111336131164
17.5 -6.61534004640722
20.0 -8.056054156924
22.5 -9.48020981136198
25.0 -10.8847611282211
27.5 -12.2666622260014
30.0 -13.6228672232028
32.5 -14.9503302383253
35.0 -16.2460053898689
37.5 -17.5068467963336
40.0 -18.7298085762193
42.5 -19.9118448480261
45.0 -21.0499097302538
47.5 -22.1409573414025
50.0 -23.1819417999722
52.5 -24.1698172244629
55.0 -25.1015377333744
57.5 -25.9740574452069
60.0 -26.7843304784603
2.5 1.40202824595373
5.0 -0.432474850765354
7.5 -2.26681794797719
10.0 -4.09737041583699
12.5 -5.92050162449992
15.0 -7.73258094412121
17.5 -9.52997774485604
20.0 -11.3090613968596
22.5 -13.0662012702871
25.0 -14.7977667352938
27.5 -16.5001271620348
30.0 -18.1696519206653
32.5 -19.8027103813405
35.0 -21.3956719142157
37.5 -22.944905889446
40.0 -24.4467816771867
42.5 -25.8976686475928
45.0 -27.2939361708197
47.5 -28.6319536170225
50.0 -29.9080903563564
52.5 -31.1187157589766
55.0 -32.2601991950384
57.5 -33.3289100346968
60.0 -34.3212176481072
2.5 0.527265661697475
5.0 -1.71147263970527
7.5 -3.94700003527983
10.0 -6.17480436241561
12.5 -8.39037345850203
15.0 -10.5891951609285
17.5 -12.7667573070844
20.0 -14.9185477343592
22.5 -17.0400542801423
25.0 -19.126764781823
27.5 -21.1741670767909
30.0 -23.1777490024352
32.5 -25.1329983961455
35.0 -27.0354030953111
37.5 -28.8804509373214
40.0 -30.6636297595659
42.5 -32.380427399434
45.0 -34.026331694315
47.5 -35.5968304815984
50.0 -37.0874115986736
52.5 -38.4935628829299
55.0 -39.8107721717569
57.5 -41.0345273025439
60.0 -42.1603161126804
2.5 -0.262894132928692
5.0 -2.86088691606145
7.5 -5.45187278784268
10.0 -8.03034301129037
12.5 -10.5907888494225
15.0 -13.1277015652569
17.5 -15.6355724218117
20.0 -18.1088926821047
22.5 -20.542153609154
25.0 -22.9298464659776
27.5 -25.2664625155932
30.0 -27.546493021019
32.5 -29.7644292452729
35.0 -31.9147624513729
37.5 -33.9919839023368
40.0 -35.9905848611827
42.5 -37.9050565909286
45.0 -39.7298903545923
47.5 -41.4595774151918
50.0 -43.0886090357452
52.5 -44.6114764792704
55.0 -46.0226710087852
57.5 -47.3166838873078
60.0 -48.488006377856
2.5 -1.02163337233007
5.0 -3.952677894325
7.5 -6.87201667163295
10.0 -9.77302627099277
12.5 -12.6490832591433
15.0 -15.4935642028235
17.5 -18.2998456687722
20.0 -21.0613042237282
22.5 -23.7713164344304
25.0 -26.4232588676177
27.5 -29.0105080900289
30.0 -31.5264406684029
32.5 -33.9644331694786
35.0 -36.3178621599948
37.5 -38.5801042066905
40.0 -40.7445358763044
42.5 -42.8045337355754
45.0 -44.7534743512424
47.5 -46.5847342900443
50.0 -48.2916901187199
52.5 -49.8677184040082
55.0 -51.3061957126478
57.5 -52.6004986113778
60.0 -53.7440036669371
2.5 -1.95105730991212
5.0 -5.28532390213679
7.5 -8.60036763198855
10.0 -11.8879584984328
12.5 -15.1398665004348
15.0 -18.3478616369601
17.5 -21.503713906974
20.0 -24.5991933094419
22.5 -27.6260698433291
25.0 -30.5761135076011
27.5 -33.4410943012233
30.0 -36.2127822231609
32.5 -38.8829472723795
35.0 -41.4433594478443
37.5 -43.8857887485208
40.0 -46.2020051733743
42.5 -48.3837787213702
45.0 -50.4228793914739
47.5 -52.3110771826509
50.0 -54.0401420938664
52.5 -55.6018441240858
55.0 -56.9879532722746
57.5 -58.190239537398
60.0 -59.2004729184216
2.5 -2.80881464749195
5.0 -6.37677343667177
7.5 -9.91934845714376
10.0 -13.4272393645632
12.5 -16.8911458145855
15.0 -20.3017674628659
17.5 -23.6498039650598
20.0 -26.9259549768225
22.5 -30.1209201538093
25.0 -33.2253991516755
27.5 -36.2300916260765
30.0 -39.1256972326676
32.5 -41.9029156271041
35.0 -44.5524464650414
37.5 -47.0649894021347
40.0 -49.4312440940395
42.5 -51.6419101964109
45.0 -53.6876873649045
47.5 -55.5592752551753
50.0 -57.2473735228789
52.5 -58.7426818236706
55.0 -60.0358998132055
57.5 -61.1177271471392
60.0 -61.9788634811269
2.5 -3.65350431007074
5.0 -7.48305986030188
7.5 -11.2794454057409
10.0 -15.0320448727539
12.5 -18.7302421877071
15.0 -22.3634212769667
17.5 -25.9209660668988
20.0 -29.3922604838696
22.5 -32.7666884542453
25.0 -36.033633904392
27.5 -39.1824807606759
30.0 -42.2026129494631
32.5 -45.0834143971199
35.0 -47.8142690300124
37.5 -50.3845607745067
40.0 -52.7836735569691
42.5 -55.0009913037656
45.0 -57.0258979412625
47.5 -58.8477773958259
50.0 -60.456013593822
52.5 -61.839990461617
55.0 -62.989091925577
57.5 -63.8927019120682
60.0 -64.5402043474567
2.5 -4.21472231808773
5.0 -8.22122583778225
7.5 -12.1886299517698
10.0 -16.105358167958
12.5 -19.9598339942546
15.0 -23.7404809385671
17.5 -27.4357225088033
20.0 -31.0339822128708
22.5 -34.5236835586773
25.0 -37.8932500541303
27.5 -41.1311052071377
30.0 -44.225672525607
32.5 -47.1653755174458
35.0 -49.9386376905619
37.5 -52.5338825528629
40.0 -54.9395336122565
42.5 -57.1440143766503
45.0 -59.1357483539519
47.5 -60.9031590520691
50.0 -62.4346699789094
52.5 -63.7187046423806
55.0 -64.7436865503902
57.5 -65.4980392108461
60.0 -65.9701861316557
2.5 -4.5569464661898
5.0 -8.68102121826781
7.5 -12.7618514309356
10.0 -16.7871932589229
12.5 -20.7448028569596
15.0 -24.6224363797756
17.5 -28.4078499821007
20.0 -32.0887998186647
22.5 -35.6530420441975
25.0 -39.0883328134289
27.5 -42.3824282810887
30.0 -45.5230846019069
32.5 -48.4980579306131
35.0 -51.2951044219373
37.5 -53.9019802306094
40.0 -56.306441511359
42.5 -58.4962444189162
45.0 -60.4591451080106
47.5 -62.1828997333723
50.0 -63.6552644497309
52.5 -64.8639954118164
55.0 -65.7968487743586
57.5 -66.4415806920872
60.0 -66.7859473197322
2.5 -4.77733215746165
5.0 -9.01340182635159
7.5 -13.2023942435284
10.0 -17.3314135920337
12.5 -21.3875640549092
15.0 -25.3579498151966
17.5 -29.2296750559373
20.0 -32.9898439601732
22.5 -36.6255607109458
25.0 -40.1239294912969
27.5 -43.472054484268
30.0 -46.6570398729007
32.5 -49.6659898402368
35.0 -52.4860085693179
37.5 -55.1042002431856
40.0 -57.5076690448816
42.5 -59.6835191574476
45.0 -61.6188547639251
47.5 -63.3007800473558
50.0 -64.7163991907813
52.5 -65.8528163772434
55.0 -66.6971357897836
57.5 -67.2364616114436
60.0 -67.4578980252651
2.5 -4.77941977754733
5.0 -9.15501989743456
7.5 -13.4791931894007
10.0 -17.7382165600408
12.5 -21.9183669159503
15.0 -26.0059211637243
17.5 -29.9871562099581
20.0 -33.8483489612468
22.5 -37.5757763241858
25.0 -41.1557152053701
27.5 -44.574442511395
30.0 -47.8182351488558
32.5 -50.8733700243476
35.0 -53.7261240444658
37.5 -56.3627741158054
40.0 -58.7695971449617
42.5 -60.93287003853
45.0 -62.8388697031055
47.5 -64.4738730452833
50.0 -65.8241569716587
52.5 -66.8759983888269
55.0 -67.6156742033832
57.5 -68.0294613219227
60.0 -68.1036366510407
2.5 -4.80882858244829
5.0 -9.41061942443238
7.5 -13.953112040151
10.0 -18.4211810436638
12.5 -22.79970104903
15.0 -27.0735466703092
17.5 -31.2275925215609
20.0 -35.2467132168445
22.5 -39.1157833702195
25.0 -42.8196775957453
27.5 -46.3432705074815
30.0 -49.6714367194875
32.5 -52.7890508458228
35.0 -55.6809875005468
37.5 -58.3321212977191
40.0 -60.727326851399
42.5 -62.8514787756461
45.0 -64.6894516845198
47.5 -66.2261201920795
50.0 -67.4463589123849
52.5 -68.3350424594953
55.0 -68.8770454474702
57.5 -69.057242490369
60.0 -68.8605082022513
2.5 -4.87134574333305
5.0 -9.90484901708905
7.5 -14.8615800953093
10.0 -19.7235580834407
12.5 -24.4728020869301
15.0 -29.0913312112244
17.5 -33.5611645617705
20.0 -37.8643212440154
22.5 -41.9828203634058
25.0 -45.8986810253886
27.5 -49.5939223354109
30.0 -53.0505633989194
32.5 -56.250623321361
35.0 -59.1761212081827
37.5 -61.8090761648313
40.0 -64.1315072967537
42.5 -66.1254337093968
45.0 -67.7728745082075
47.5 -69.0558487986327
50.0 -69.9563756861192
52.5 -70.4564742761141
55.0 -70.538163674064
57.5 -70.183462985416
60.0 -69.374391315617
2.5 -5.23998699696937
5.0 -11.1399117256557
7.5 -16.9156857644612
10.0 -22.5430711474229
12.5 -27.9978299085777
15.0 -33.2557240819628
17.5 -38.2925157016152
20.0 -43.0839668015718
22.5 -47.6058394158698
25.0 -51.8338955785461
27.5 -55.7438973236379
30.0 -59.311606685182
32.5 -62.5127856972156
35.0 -65.3231963937757
37.5 -67.7186008088993
40.0 -69.6747609766235
42.5 -71.1674389309853
45.0 -72.1723967060216
47.5 -72.6653963357696
50.0 -72.6221998542663
52.5 -72.0185692955487
55.0 -70.8302666936538
57.5 -69.0330540826187
60.0 -66.6026934964804
2.5 -6.34747415468303
5.0 -13.9554361026702
7.5 -21.2882367550779
10.0 -28.3096561331861
12.5 -34.9834742582749
15.0 -41.2734711516243
17.5 -47.1434268345143
20.0 -52.5571213282248
22.5 -57.4783346540359
25.0 -61.8708468332276
27.5 -65.6984378870798
30.0 -68.9248878368727
32.5 -71.5139767038861
35.0 -73.4294845094001
37.5 -74.6351912746947
40.0 -75.0948770210499
42.5 -74.7723217697457
45.0 -73.6313055420621
47.5 -71.635608359279
50.0 -68.7490102426766
52.5 -64.9352912135348
55.0 -60.1582312931335
57.5 -54.3816105027529
60.0 -47.5692088636729
2.5 -6.55193760170629
5.0 -15.5451559395292
7.5 -24.0822898478745
10.0 -32.1222786685557
12.5 -39.6240617433863
15.0 -46.54657841418
17.5 -52.8487680227503
20.0 -58.4895699109108
22.5 -63.4279234204751
25.0 -67.6227678932567
27.5 -71.0330426710694
30.0 -73.6176870957265
32.5 -75.3356405090417
35.0 -76.1458422528286
37.5 -76.0072316689008
40.0 -74.8787480990717
42.5 -72.7193308851551
45.0 -69.4879193689645
47.5 -65.1434528923135
50.0 -59.6448707970156
52.5 -52.9511124248844
55.0 -45.0211171177335
57.5 -35.8138242173765
60.0 -25.2881730656269
2.5 -4.9305228418359
5.0 -14.0082400476245
7.5 -22.6365841587886
10.0 -30.7744911048217
12.5 -38.3808968152173
15.0 -45.4147372194689
17.5 -51.8349482470701
20.0 -57.6004658275144
22.5 -62.6702258902952
25.0 -67.0031643649062
27.5 -70.5582171808408
30.0 -73.2943202675926
32.5 -75.1704095546551
35.0 -76.1454209715217
37.5 -76.1782904476862
40.0 -75.2279539126418
42.5 -73.2533472958822
45.0 -70.213406526901
47.5 -66.0670675351915
50.0 -60.7732662502474
52.5 -54.2909386015621
55.0 -46.5790205186293
57.5 -37.5964479309423
60.0 -27.3021567679948
2.5 -3.28453631297267
5.0 -13.1252785564427
7.5 -22.4155861887062
10.0 -31.1151549124192
12.5 -39.183680430238
15.0 -46.5808584448188
17.5 -53.2663846588176
20.0 -59.1999547748907
22.5 -64.3412644956941
25.0 -68.6500095238841
27.5 -72.0858855621168
30.0 -74.6085883130484
32.5 -76.1778134793351
35.0 -76.7532567636329
37.5 -76.2946138685981
40.0 -74.7615804968868
42.5 -72.1138523511551
45.0 -68.3111251340593
47.5 -63.3130945482555
50.0 -57.0794562963998
52.5 -49.5699060811485
55.0 -40.7441396051576
57.5 -30.5618525710834
60.0 -18.9827406815819
2.5 -1.75465159672753
5.0 -12.2192462320923
7.5 -22.0442838337873
10.0 -31.1918963886159
12.5 -39.6242158833818
15.0 -47.3033743048885
17.5 -54.1915036399393
20.0 -60.2507358753377
22.5 -65.4432029978874
25.0 -69.7310369943917
27.5 -73.0763698516542
30.0 -75.4413335564784
32.5 -76.7880600956677
35.0 -77.0786814560256
37.5 -76.2753296243557
40.0 -74.3401365874614
42.5 -71.2352343321461
45.0 -66.9227548452135
47.5 -61.364830113467
50.0 -54.5235921237101
52.5 -46.3611728627462
55.0 -36.8397043173789
57.5 -25.9213184744116
60.0 -13.568147320648
2.5 -0.183572177880575
5.0 -10.8508271056538
7.5 -20.863989308807
10.0 -30.1858921258052
12.5 -38.7793688951135
15.0 -46.607252955197
17.5 -53.632377644521
20.0 -59.8175763015504
22.5 -65.1256822647504
25.0 -69.5195288725862
27.5 -72.9619494635228
30.0 -75.4157773760254
32.5 -76.8438459485591
35.0 -77.208988519589
37.5 -76.4740384275802
40.0 -74.6018290109979
42.5 -71.5551936083071
45.0 -67.296965557973
47.5 -61.7899781984608
50.0 -54.9970648682354
52.5 -46.8810589057621
55.0 -37.404793649506
57.5 -26.5311024379322
60.0 -14.2228186095058
2.5 2.04483989309707
5.0 -9.0380948797097
7.5 -19.4211126801109
10.0 -29.0691676420144
12.5 -37.9472138993285
15.0 -46.020205585961
17.5 -53.25309683582
20.0 -59.6108417828136
22.5 -65.0583945608498
25.0 -69.5607093038366
27.5 -73.0827401456821
30.0 -75.5894412202942
32.5 -77.0457666615811
35.0 -77.4166706034507
37.5 -76.6671071798111
40.0 -74.7620305245703
42.5 -71.6663947716364
45.0 -67.3451540549174
47.5 -61.7632625083213
50.0 -54.8856742657561
52.5 -46.6773434611299
55.0 -37.1032242283507
57.5 -26.1282707013265
60.0 -13.7174370139655
2.5 4.31249668091102
5.0 -7.75071662042052
7.5 -18.9505883876571
10.0 -29.2612069470683
12.5 -38.6566606249239
15.0 -47.1110377474934
17.5 -54.5984266410467
20.0 -61.0929156318532
22.5 -66.5685930461827
25.0 -70.9995472103049
27.5 -74.3598664504894
30.0 -76.6236390930059
32.5 -77.764953464124
35.0 -77.7578978901135
37.5 -76.5765606972438
40.0 -74.1950302117848
42.5 -70.5873947600061
45.0 -65.7277426681773
47.5 -59.5901622625681
50.0 -52.1487418694482
52.5 -43.3775698150873
55.0 -33.2507344257549
57.5 -21.7423240277208
60.0 -8.82642694725457
2.5 5.34622364877485
5.0 -5.36418914907195
7.5 -15.4880282697554
10.0 -24.9865886761432
12.5 -33.8211653311034
15.0 -41.9530531975037
17.5 -49.3435472382119
20.0 -55.953942416096
22.5 -61.7455336940237
25.0 -66.6796160348629
27.5 -70.7174844014814
30.0 -73.8204337567472
32.5 -75.9497590635279
35.0 -77.0667552846915
37.5 -77.1327173831057
40.0 -76.1089403216385
42.5 -73.9567190631577
45.0 -70.6373485705311
47.5 -66.1121238066266
50.0 -60.3423397343119
52.5 -53.289291316455
55.0 -44.9142735159236
57.5 -35.1785812955857
60.0 -24.0435096183091
2.5 5.35266427383412
5.0 -5.09797451488691
7.5 -15.0058980378578
10.0 -24.3313182799306
12.5 -33.0344472259575
15.0 -41.0754968607906
17.5 -48.4146791692822
20.0 -55.0122061362843
22.5 -60.8282897466491
25.0 -65.8231419852287
27.5 -69.9569748368753
30.0 -73.1900002864411
32.5 -75.4824303187781
35.0 -76.7944769187386
37.5 -77.0863520711747
40.0 -76.3182677609385
42.5 -74.4504359728822
45.0 -71.4430686918579
47.5 -67.2563779027178
50.0 -61.850575590314
52.5 -55.1858737394987
55.0 -47.222484335124
57.5 -37.920619362042
60.0 -27.240490805105
2.5 4.55684134935084
5.0 -6.17991121082456
7.5 -16.3162565600903
10.0 -25.8138156489576
12.5 -34.6342094279376
15.0 -42.7390588475414
17.5 -50.0899848582802
20.0 -56.6486084106651
22.5 -62.3765504552074
25.0 -67.2354319424182
27.5 -71.1868738228085
30.0 -74.1924970468897
32.5 -76.2139225651728
35.0 -77.212771328169
37.5 -77.1506642863895
40.0 -75.9892223903453
42.5 -73.6900665905478
45.0 -70.214817837508
47.5 -65.525097081737
50.0 -59.5825252737462
52.5 -52.3487233640465
55.0 -43.7853123031492
57.5 -33.8539130415654
60.0 -22.5161465298063
2.5 3.38771138426821
5.0 -7.84115826955919
7.5 -18.364053375497
10.0 -28.146396133992
12.5 -37.1536087454906
15.0 -45.3511134104396
17.5 -52.7043323292856
20.0 -59.1786877024752
22.5 -64.739601730455
25.0 -69.3524966136717
27.5 -72.9827945525719
30.0 -75.5959177476023
32.5 -77.1572883992094
35.0 -77.6323287078399
37.5 -76.9864608739405
40.0 -75.1851070979578
42.5 -72.1936895803383
45.0 -67.9776305215289
47.5 -62.5023521219759
50.0 -55.7332765821262
52.5 -47.6358261024264
55.0 -38.1754228833229
57.5 -27.3174891252626
60.0 -15.027447028692
2.5 1.12377678486813
5.0 -11.1530698130915
7.5 -22.4646713608983
10.0 -32.7918315080722
12.5 -42.1153539041329
15.0 -50.4160421986005
17.5 -57.6747000409947
20.0 -63.8721310808353
22.5 -68.9891389676423
25.0 -73.0065273509355
27.5 -75.9050998802348
30.0 -77.66566020506
32.5 -78.2690119749311
35.0 -77.6959588393677
37.5 -75.9273044478899
40.0 -72.9438524500174
42.5 -68.7264064952702
45.0 -63.2557702331681
47.5 -56.5127473132309
50.0 -48.4781413849785
52.5 -39.1327560979308
55.0 -28.4573951016077
57.5 -16.4328620455289
60.0 -3.03996057921444
2.5 -2.0593097797234
5.0 -15.2490915106759
7.5 -27.1732239291825
10.0 -37.8399346292521
12.5 -47.2574512048935
15.0 -55.4340012501156
17.5 -62.3778123589274
20.0 -68.0971121253377
22.5 -72.6001281433555
25.0 -75.8950880069896
27.5 -77.990219310249
30.0 -78.8937496471425
32.5 -78.6139066116791
35.0 -77.1589177978676
37.5 -74.537010799717
40.0 -70.7564132112362
42.5 -65.825352626434
45.0 -59.7520566393193
47.5 -52.5447528439011
50.0 -44.2116688341882
52.5 -34.7610322041896
55.0 -24.2010705479142
57.5 -12.5400114593708
60.0 0.213917467431706
2.5 -5.74163017386495
5.0 -16.3111553721049
7.5 -26.1678889527816
10.0 -35.2763219865323
12.5 -43.600945543994
15.0 -51.106250695804
17.5 -57.7567285125995
20.0 -63.5168700650176
22.5 -68.3511664236956
25.0 -72.2241086592705
27.5 -75.1001878423797
30.0 -76.9438950436603
32.5 -77.7197213337494
35.0 -77.3921577832842
37.5 -75.925695462902
40.0 -73.2848254432399
42.5 -69.4340387949351
45.0 -64.3378265886247
47.5 -57.960679894946
50.0 -50.2670897845362
52.5 -41.2215473280324
55.0 -30.7885435960717
57.5 -18.9325696592915
60.0 -5.61811658832879
2.5 -7.00868850519702
5.0 -15.7477336070532
7.5 -24.0706817925652
10.0 -31.9368129726253
12.5 -39.3054070581258
15.0 -46.1357439599591
17.5 -52.3871035890174
20.0 -58.0187658561932
22.5 -62.9900106723786
25.0 -67.2601179484662
27.5 -70.7883675953481
30.0 -73.5340395239167
32.5 -75.4564136450644
35.0 -76.5147698696834
37.5 -76.6683881086662
40.0 -75.8765482729049
42.5 -74.098530273292
45.0 -71.2936140207197
47.5 -67.4210794260805
50.0 -62.4402064002666
52.5 -56.3102748541703
55.0 -48.990564698684
57.5 -40.4403558447
60.0 -30.6189282031107
2.5 -7.65870517114016
5.0 -15.6322808365844
7.5 -23.283799743985
10.0 -30.5750293695172
12.5 -37.4677371893564
15.0 -43.923690679678
17.5 -49.9046573166574
20.0 -55.3724045764699
22.5 -60.2886999352909
25.0 -64.6153108692959
27.5 -68.3140048546601
30.0 -71.3465493675589
32.5 -73.6747118841678
35.0 -75.260259880662
37.5 -76.064960833217
40.0 -76.0505822180081
42.5 -75.1788915112108
45.0 -73.4116561890003
47.5 -70.7106437275521
50.0 -67.0376216030415
52.5 -62.3543572916439
55.0 -56.6226182695347
57.5 -49.8041720128892
60.0 -41.8607859978829
2.5 -8.32985458337164
5.0 -15.7879071096333
7.5 -22.9764499183162
10.0 -29.8598944440892
12.5 -36.4026521216212
15.0 -42.5691343855812
17.5 -48.3237526706381
20.0 -53.6309184114607
22.5 -58.455043042718
25.0 -62.7605379990789
27.5 -66.5118147152122
30.0 -69.673284625787
32.5 -72.209359165472
35.0 -74.0844497689363
37.5 -75.2629678708486
40.0 -75.7093249058779
42.5 -75.3879323086932
45.0 -74.2632015139633
47.5 -72.2995439563571
50.0 -69.4613710705436
52.5 -65.7130942911916
55.0 -61.0191250529701
57.5 -55.3438747905479
60.0 -48.6517549385939
2.5 -8.89482884822666
5.0 -16.1197046662181
7.5 -23.0946726677875
10.0 -29.7854857752896
12.5 -36.1578969110792
15.0 -42.1776589975111
17.5 -47.8105249569401
20.0 -53.0222477117209
22.5 -57.7785801842085
25.0 -62.0452752967574
27.5 -65.7880859717226
30.0 -68.9727651314587
32.5 -71.5650656983207
35.0 -73.5307405946632
37.5 -74.8355427428411
40.0 -75.4452250652091
42.5 -75.3255404841221
45.0 -74.4422419219348
47.5 -72.7610823010019
50.0 -70.2478145436783
52.5 -66.8681915723188
55.0 -62.5879663092782
57.5 -57.3728916769112
60.0 -51.1887205975726
2.5 -9.31946399879427
5.0 -16.3900672953341
7.5 -23.2227621347446
10.0 -29.7842335540815
12.5 -36.0411665904005
15.0 -41.9602462807573
17.5 -47.5081576622078
20.0 -52.6515857718077
22.5 -57.3572156466127
25.0 -61.5917323236786
27.5 -65.321820840061
30.0 -68.5141662328159
32.5 -71.1354535389988
35.0 -73.1523677956657
37.5 -74.5315940398721
40.0 -75.2398173086738
42.5 -75.2437226391267
45.0 -74.5099950682865
47.5 -73.0053196332088
50.0 -70.6963813709495
52.5 -67.5498653185643
55.0 -63.5324565131089
57.5 -58.610839991639
60.0 -52.7517007912106
2.5 -9.4889373167759
5.0 -16.4685871129908
7.5 -23.2178217905903
10.0 -29.7039115521425
12.5 -35.8941266002158
15.0 -41.7557371373783
17.5 -47.2560133661982
20.0 -52.3622254892439
22.5 -57.0416437090835
25.0 -61.2615382282853
27.5 -64.9891792494174
30.0 -68.1918369750482
32.5 -70.8367816077458
35.0 -72.8912833500786
37.5 -74.3226124046147
40.0 -75.0980389739223
42.5 -75.1848332605698
45.0 -74.5502654671252
47.5 -73.1616057961569
50.0 -70.9861244502332
52.5 -67.9910916319221
55.0 -64.143777543792
57.5 -59.4114523884111
60.0 -53.7613863683476
2.5 -9.66478128691135
5.0 -16.6087002890334
7.5 -23.3242996178906
10.0 -29.779060423157
12.5 -35.9404638545067
15.0 -41.7759910616136
17.5 -47.2531231941517
20.0 -52.3393414017951
22.5 -57.0021268342178
25.0 -61.2089606410939
27.5 -64.9273239720972
30.0 -68.1246979769019
32.5 -70.7685638051819
35.0 -72.8264026066113
37.5 -74.2656955308641
40.0 -75.0539237276143
42.5 -75.158568346536
45.0 -74.547110537303
47.5 -73.1870314495895
50.0 -71.0458122330696
52.5 -68.090934037417
55.0 -64.289878012306
57.5 -59.6101253074106
60.0 -54.0191570724046
2.5 -9.70781896424453
5.0 -16.7294288753871
7.5 -23.5149743894838
10.0 -30.0313931520784
12.5 -36.2456228087142
15.0 -42.124601004935
17.5 -47.6352653862841
20.0 -52.7445535983053
22.5 -57.4194032865419
25.0 -61.6267520965375
27.5 -65.3335376738358
30.0 -68.5066976639801
32.5 -71.1131697125142
35.0 -73.1198914649815
37.5 -74.4938005669255
40.0 -75.2018346638898
42.5 -75.210931401418
45.0 -74.4880284250535
47.5 -73.00006338034
50.0 -70.7139739128209
52.5 -67.5966976680399
55.0 -63.6151722915404
57.5 -58.736335428866
60.0 -52.9271247255603
2.5 -9.68031506537019
5.0 -16.8440962019835
7.5 -23.7579914187866
10.0 -30.3879905865475
12.5 -36.7000835760342
15.0 -42.6602602580148
17.5 -48.2345105032573
20.0 -53.3888241825297
22.5 -58.0891911666002
25.0 -62.3016013262366
27.5 -65.9920445322072
30.0 -69.1265106552798
32.5 -71.6709895662227
35.0 -73.5914711358037
37.5 -74.853945234791
40.0 -75.4244017339526
42.5 -75.2688305040565
45.0 -74.3532214158707
47.5 -72.6435643401634
50.0 -70.1058491477025
52.5 -66.7060657092562
55.0 -62.4102038955923
57.5 -57.1842535774791
60.0 -50.9942046256845
2.5 -9.57371934868409
5.0 -17.0267543381409
7.5 -24.2004707740717
10.0 -31.0590586462858
12.5 -37.5667079445924
15.0 -43.6876086588007
17.5 -49.38595077872
20.0 -54.6259242941594
22.5 -59.3717191949282
25.0 -63.5875254708357
27.5 -67.2375331116911
30.0 -70.2859321073035
32.5 -72.6969124474822
35.0 -74.4346641220366
37.5 -75.4633771207757
40.0 -75.7472414335088
42.5 -75.2504470500452
45.0 -73.9371839601941
47.5 -71.7716421537646
50.0 -68.7180116205661
52.5 -64.7404823504078
55.0 -59.8032443330989
57.5 -53.8704875584485
60.0 -46.9064020162661
2.5 -9.48173163020476
5.0 -17.3019174746802
7.5 -24.8016414311304
10.0 -31.9430830395309
12.5 -38.6884218398574
15.0 -44.9998373720853
17.5 -50.8395091761903
20.0 -56.1696167921477
22.5 -60.9523397599333
25.0 -65.1498576195225
27.5 -68.7243499108908
30.0 -71.6379961740139
32.5 -73.8529759488673
35.0 -75.3314687754264
37.5 -76.035654193667
40.0 -75.9277117435644
42.5 -74.9698209650943
45.0 -73.1241613982322
47.5 -70.3529125829536
50.0 -66.6182540592342
52.5 -61.8823653670493
55.0 -56.1074260463747
57.5 -49.2556156371857
60.0 -41.2891136794581
2.5 -9.22512214790058
5.0 -17.62244479335
7.5 -25.6277402440023
10.0 -33.20088778143
12.5 -40.3017666872055
15.0 -46.8902562429012
17.5 -52.9262357300898
20.0 -58.3695844303435
22.5 -63.180181625235
25.0 -67.3179065963366
27.5 -70.7426386252209
30.0 -73.4142569934603
32.5 -75.2926409826273
35.0 -76.3376698742943
37.5 -76.5092229500338
40.0 -75.7671794914184
42.5 -74.0714187800204
45.0 -71.3818200974123
47.5 -67.6582627251667
50.0 -62.8606259448559
52.5 -56.9487890380524
55.0 -49.8826312863288
57.5 -41.6220319712575
60.0 -32.1268703744109
2.5 -8.85486641609568
5.0 -17.8442488257522
7.5 -26.359107284672
10.0 -34.3583462858372
12.5 -41.8008703222301
15.0 -48.6455838868326
17.5 -54.851391472627
20.0 -60.3771975725953
22.5 -65.1819066797198
25.0 -69.2244232869825
27.5 -72.4636518873655
30.0 -74.8584969738511
32.5 -76.3678630394212
35.0 -76.9506545770581
37.5 -76.5657760797439
40.0 -75.1721320404607
42.5 -72.7286269521906
45.0 -69.1941653079158
47.5 -64.5276516006184
50.0 -58.6879903232805
52.5 -51.6340859688843
55.0 -43.3248430304118
57.5 -33.7191660008453
60.0 -22.7759593731668
2.5 -8.06120832817906
5.0 -17.8043696065453
7.5 -26.9572930307604
10.0 -35.4801294834959
12.5 -43.3330298474233
15.0 -50.4761450052141
17.5 -56.8696258395397
20.0 -62.4736232330717
22.5 -67.2482880684814
25.0 -71.1537712284404
27.5 -74.1502235956202
30.0 -76.1977960526923
32.5 -77.256639482328
35.0 -77.286904767199
37.5 -76.2487427899767
40.0 -74.1023044333325
42.5 -70.807740579938
45.0 -66.3252021124646
47.5 -60.6148399135837
50.0 -53.636804865967
52.5 -45.3512478522859
55.0 -35.7183197552118
57.5 -24.6981714574162
60.0 -12.2509538415706
2.5 -6.91381305374899
5.0 -17.394968124993
7.5 -27.1632269173237
10.0 -36.1829274590611
12.5 -44.4184077785253
15.0 -51.8340059040365
17.5 -58.3940598639147
20.0 -64.0629076864801
22.5 -68.8048874000529
25.0 -72.5843370329531
27.5 -75.3655946135009
30.0 -77.1129981700163
32.5 -77.7908857308196
35.0 -77.3635953242308
37.5 -75.79546497857
40.0 -73.0508327221574
42.5 -69.0940365833131
45.0 -63.8894145903571
47.5 -57.4013047716098
50.0 -49.594045155391
52.5 -40.4319737700211
55.0 -29.87942864382
57.5 -17.9007478051079
60.0 -4.460269282205
2.5 -5.38582728497139
5.0 -16.8986171954385
7.5 -27.5025854750002
10.0 -37.1735872276925
12.5 -45.8874775575517
15.0 -53.6201115686138
17.5 -60.347344364915
20.0 -66.0450310504915
22.5 -70.6890267293793
25.0 -74.2551865056146
27.5 -76.7193654832335
30.0 -78.0574187662722
32.5 -78.2452014587668
35.0 -77.2585686647534
37.5 -75.0733754882682
40.0 -71.6654770333473
42.5 -67.0107284040269
45.0 -61.084984704343
47.5 -53.8641010383319
50.0 -45.3239325100295
52.5 -35.4403342234722
55.0 -24.189161282696
57.5 -11.5462687917371
60.0 2.51248814536851
2.5 -3.11174972207812
5.0 -16.5285583122007
7.5 -28.5923650538034
10.0 -39.3212556072338
12.5 -48.7333156328395
15.0 -56.8466307909682
17.5 -63.6792867419675
20.0 -69.249369146185
22.5 -73.5749636639684
25.0 -76.6741559556652
27.5 -78.5650316816232
30.0 -79.2656765021898
32.5 -78.7941760777128
35.0 -77.1686160685398
37.5 -74.4070821350183
40.0 -70.5276599374961
42.5 -65.5484351363207
45.0 -59.4874933918398
47.5 -52.3629203644009
50.0 -44.1928017143519
52.5 -34.9952231020402
55.0 -24.7882701878134
57.5 -13.5900286320192
60.0 -1.41858409500526
2.5 -0.506047685174296
5.0 -16.0795093592011
7.5 -29.6922109631401
10.0 -41.4452530319008
12.5 -51.4397361003929
15.0 -59.776760703526
17.5 -66.5574273762097
20.0 -71.8828366533536
22.5 -75.8540890698674
25.0 -78.5722851606607
27.5 -80.1385254606431
30.0 -80.6539105047242
32.5 -80.2195408278136
35.0 -78.936516964821
37.5 -76.9059394506561
40.0 -74.2289088202284
42.5 -71.0065256084475
45.0 -67.339890350223
47.5 -63.3301035804647
50.0 -59.0782658340821
52.5 -54.6854776459849
55.0 -50.2528395510826
57.5 -45.8814520842848
60.0 -41.6724157805013
