0 0
1 -32.16173
1 -43.49173
1 -61.09
1 -78.29172
1 -93.05002
1 -107.7717
2 -32.16173
2 -43.49173
2 -61.09
2 -78.29172
2 -93.05002
2 -107.7717
3 -32.16173
3 -43.49173
3 -61.09
3 -78.29172
3 -93.05002
3 -107.7717
4 -32.16173
4 -43.49173
4 -61.09
4 -78.29172
4 -93.05002
4 -107.7717
5 -32.16173
5 -43.49173
5 -61.09
5 -78.29172
5 -93.05002
5 -107.7717
6 -32.16173
6 -43.49173
6 -61.09
6 -78.29172
6 -93.05002
6 -107.7717
7 -32.16173
7 -43.49173
7 -61.09
7 -78.29172
7 -93.05002
7 -107.7717
8 -32.16173
8 -43.49173
8 -61.09
8 -78.29172
8 -93.05002
8 -107.7717
9 -32.16173
9 -43.49173
9 -61.09
9 -78.29172
9 -93.05002
9 -107.7717
10 -32.16173
10 -43.49173
10 -61.09
10 -78.29172
10 -93.05002
10 -107.7717
11 -32.16173
11 -43.49173
11 -61.09
11 -78.29172
11 -93.05002
11 -107.7717
12 -43.49173
12 -61.09
12 -78.29172
12 -93.05002
12 -107.7717
12 -123.3917
13 -43.49173
13 -61.09
13 -78.29172
13 -93.05002
13 -107.7717
13 -123.3917
14 -43.49173
14 -61.09
14 -78.29172
14 -93.05002
14 -107.7717
14 -123.3917
15 -43.49173
15 -61.09
15 -78.29172
15 -93.05002
15 -107.7717
15 -123.3917
16 -43.49173
16 -61.09
16 -78.29172
16 -93.05002
16 -107.7717
16 -123.3917
17 -43.49173
17 -61.09
17 -78.29172
17 -93.05002
17 -107.7717
17 -123.3917
18 -43.49173
18 -61.09
18 -78.29172
18 -93.05002
18 -107.7717
18 -123.3917
19 -43.49173
19 -61.09
19 -78.29172
19 -93.05002
19 -107.7717
19 -123.3917
20 -43.49173
20 -61.09
20 -78.29172
20 -93.05002
20 -107.7717
20 -123.3917
21 -43.49173
21 -61.09
21 -78.29172
21 -93.05002
21 -107.7717
21 -123.3917
22 -43.49173
22 -61.09
22 -78.29172
22 -93.05002
22 -107.7717
22 -123.3917
23 -43.49173
23 -61.09
23 -78.29172
23 -93.05002
23 -107.7717
23 -123.3917
24 -43.49173
24 -61.09
24 -78.29172
24 -93.05002
24 -107.7717
24 -123.3917
25 -61.09
25 -78.29172
25 -93.05002
25 -107.7717
25 -123.3917
25 -134.97
26 -61.09
26 -78.29172
26 -93.05002
26 -107.7717
26 -123.3917
26 -134.97
27 -61.09
27 -78.29172
27 -93.05002
27 -107.7717
27 -123.3917
27 -134.97
28 -61.09
28 -78.29172
28 -93.05002
28 -107.7717
28 -123.3917
28 -134.97
29 -61.09
29 -78.29172
29 -93.05002
29 -107.7717
29 -123.3917
29 -134.97
30 -61.09
30 -78.29172
30 -93.05002
30 -107.7717
30 -123.3917
30 -134.97
31 -61.09
31 -78.29172
31 -93.05002
31 -107.7717
31 -123.3917
31 -134.97
32 -61.09
32 -78.29172
32 -93.05002
32 -107.7717
32 -123.3917
32 -134.97
33 -78.29172
33 -93.05002
33 -107.7717
33 -123.3917
33 -134.97
33 -145.1165
34 -78.29172
34 -93.05002
34 -107.7717
34 -123.3917
34 -134.97
34 -145.1165
35 -78.29172
35 -93.05002
35 -107.7717
35 -123.3917
35 -134.97
35 -145.1165
36 -78.29172
36 -93.05002
36 -107.7717
36 -123.3917
36 -134.97
36 -145.1165
37 -78.29172
37 -93.05002
37 -107.7717
37 -123.3917
37 -134.97
37 -145.1165
38 -78.29172
38 -93.05002
38 -107.7717
38 -123.3917
38 -134.97
38 -145.1165
39 -93.05002
39 -107.7717
39 -123.3917
39 -134.97
39 -145.1165
39 -158.3417
40 -93.05002
40 -107.7717
40 -123.3917
40 -134.97
40 -145.1165
40 -158.3417
41 -93.05002
41 -107.7717
41 -123.3917
41 -134.97
41 -145.1165
41 -158.3417
42 -93.05002
42 -107.7717
42 -123.3917
42 -134.97
42 -145.1165
42 -158.3417
43 -93.05002
43 -107.7717
43 -123.3917
43 -134.97
43 -145.1165
43 -158.3417
44 -93.05002
44 -107.7717
44 -123.3917
44 -134.97
44 -145.1165
44 -158.3417
45 -107.7717
45 -123.3917
45 -134.97
45 -145.1165
45 -158.3417
45 -164.3164
46 -107.7717
46 -123.3917
46 -134.97
46 -145.1165
46 -158.3417
46 -164.3164
47 -107.7717
47 -123.3917
47 -134.97
47 -145.1165
47 -158.3417
47 -164.3164
48 -107.7717
48 -123.3917
48 -134.97
48 -145.1165
48 -158.3417
48 -164.3164
49 -107.7717
49 -123.3917
49 -134.97
49 -145.1165
49 -158.3417
49 -164.3164
50 -123.3917
50 -134.97
50 -145.1165
50 -158.3417
50 -164.3164
50 -169.3365
51 -123.3917
51 -134.97
51 -145.1165
51 -158.3417
51 -164.3164
51 -169.3365
52 -123.3917
52 -134.97
52 -145.1165
52 -158.3417
52 -164.3164
52 -169.3365
53 -123.3917
53 -134.97
53 -145.1165
53 -158.3417
53 -164.3164
53 -169.3365
54 -123.3917
54 -134.97
54 -145.1165
54 -158.3417
54 -164.3164
54 -169.3365
55 -134.97
55 -145.1165
55 -158.3417
55 -164.3164
55 -169.3365
55 -175.4917
56 -134.97
56 -145.1165
56 -158.3417
56 -164.3164
56 -169.3365
56 -175.4917
57 -134.97
57 -145.1165
57 -158.3417
57 -164.3164
57 -169.3365
57 -175.4917
58 -134.97
58 -145.1165
58 -158.3417
58 -164.3164
58 -169.3365
58 -175.4917
59 -145.1165
59 -158.3417
59 -164.3164
59 -169.3365
59 -175.4917
59 -176.9617
60 -145.1165
60 -158.3417
60 -164.3164
60 -169.3365
60 -175.4917
60 -176.9617
61 -145.1165
61 -158.3417
61 -164.3164
61 -169.3365
61 -175.4917
61 -176.9617
62 -145.1165
62 -158.3417
62 -164.3164
62 -169.3365
62 -175.4917
62 -176.9617
63 -145.1165
63 -158.3417
63 -164.3164
63 -169.3365
63 -175.4917
63 -176.9617
64 -158.3417
64 -164.3164
64 -169.3365
64 -175.4917
64 -176.9617
64 -176.8864
65 -158.3417
65 -164.3164
65 -169.3365
65 -175.4917
65 -176.9617
65 -176.8864
66 -158.3417
66 -164.3164
66 -169.3365
66 -175.4917
66 -176.9617
66 -176.8864
67 -164.3164
67 -169.3365
67 -175.4917
67 -176.9617
67 -176.8864
67 -175.0817
68 -164.3164
68 -169.3365
68 -175.4917
68 -176.9617
68 -176.8864
68 -175.0817
69 -164.3164
69 -169.3365
69 -175.4917
69 -176.9617
69 -176.8864
69 -175.0817
70 -169.3365
70 -175.4917
70 -176.9617
70 -176.8864
70 -175.0817
70 -170.3617
71 -169.3365
71 -175.4917
71 -176.9617
71 -176.8864
71 -175.0817
71 -170.3617
72 -169.3365
72 -175.4917
72 -176.9617
72 -176.8864
72 -175.0817
72 -170.3617
73 -169.3365
73 -175.4917
73 -176.9617
73 -176.8864
73 -175.0817
73 -170.3617
74 -175.4917
74 -176.9617
74 -176.8864
74 -175.0817
74 -170.3617
74 -164.4217
75 -175.4917
75 -176.9617
75 -176.8864
75 -175.0817
75 -170.3617
75 -164.4217
76 -176.9617
76 -176.8864
76 -175.0817
76 -170.3617
76 -164.4217
76 -158.9417
77 -176.9617
77 -176.8864
77 -175.0817
77 -170.3617
77 -164.4217
77 -158.9417
78 -176.9617
78 -176.8864
78 -175.0817
78 -170.3617
78 -164.4217
78 -158.9417
79 -176.8864
79 -175.0817
79 -170.3617
79 -164.4217
79 -158.9417
79 -146.6317
80 -175.0817
80 -170.3617
80 -164.4217
80 -158.9417
80 -146.6317
80 -134.6765
81 -175.0817
81 -170.3617
81 -164.4217
81 -158.9417
81 -146.6317
81 -134.6765
82 -175.0817
82 -170.3617
82 -164.4217
82 -158.9417
82 -146.6317
82 -134.6765
83 -170.3617
83 -164.4217
83 -158.9417
83 -146.6317
83 -134.6765
83 -126.4965
84 -164.4217
84 -158.9417
84 -146.6317
84 -134.6765
84 -126.4965
84 -108.5617
85 -158.9417
85 -146.6317
85 -134.6765
85 -126.4965
85 -108.5617
85 -95.20645
86 -158.9417
86 -146.6317
86 -134.6765
86 -126.4965
86 -108.5617
86 -95.20645
87 -158.9417
87 -146.6317
87 -134.6765
87 -126.4965
87 -108.5617
87 -95.20645
88 -146.6317
88 -134.6765
88 -126.4965
88 -108.5617
88 -95.20645
88 -73.86172
89 -146.6317
89 -134.6765
89 -126.4965
89 -108.5617
89 -95.20645
89 -73.86172
90 -134.6765
90 -126.4965
90 -108.5617
90 -95.20645
90 -73.86172
90 -42.38173
91 -126.4965
91 -108.5617
91 -95.20645
91 -73.86172
91 -42.38173
91 -24.50172
92 -126.4965
92 -108.5617
92 -95.20645
92 -73.86172
92 -42.38173
92 -24.50172
93 -126.4965
93 -108.5617
93 -95.20645
93 -73.86172
93 -42.38173
93 -24.50172
94 -108.5617
94 -95.20645
94 -73.86172
94 -42.38173
94 -24.50172
94 2.908264
95 -108.5617
95 -95.20645
95 -73.86172
95 -42.38173
95 -24.50172
95 2.908264
96 -95.20645
96 -73.86172
96 -42.38173
96 -24.50172
96 2.908264
96 22.10828
97 -95.20645
97 -73.86172
97 -42.38173
97 -24.50172
97 2.908264
97 22.10828
98 -95.20645
98 -73.86172
98 -42.38173
98 -24.50172
98 2.908264
98 22.10828
99 -73.86172
99 -42.38173
99 -24.50172
99 2.908264
99 22.10828
99 47.20827
100 -73.86172
100 -42.38173
100 -24.50172
100 2.908264
100 22.10828
100 47.20827
101 -73.86172
101 -42.38173
101 -24.50172
101 2.908264
101 22.10828
101 47.20827
102 -73.86172
102 -42.38173
102 -24.50172
102 2.908264
102 22.10828
102 47.20827
103 -42.38173
103 -24.50172
103 2.908264
103 22.10828
103 47.20827
103 75.06355
104 -42.38173
104 -24.50172
104 2.908264
104 22.10828
104 47.20827
104 75.06355
105 -42.38173
105 -24.50172
105 2.908264
105 22.10828
105 47.20827
105 75.06355
106 -42.38173
106 -24.50172
106 2.908264
106 22.10828
106 47.20827
106 75.06355
107 -42.38173
107 -24.50172
107 2.908264
107 22.10828
107 47.20827
107 75.06355
108 -24.50172
108 2.908264
108 22.10828
108 47.20827
108 75.06355
108 91.19354
109 -24.50172
109 2.908264
109 22.10828
109 47.20827
109 75.06355
109 91.19354
110 -24.50172
110 2.908264
110 22.10828
110 47.20827
110 75.06355
110 91.19354
111 22.10828
111 47.20827
111 75.06355
111 91.19354
111 107.3083
111 114.2635
112 22.10828
112 47.20827
112 75.06355
112 91.19354
112 107.3083
112 114.2635
113 22.10828
113 47.20827
113 75.06355
113 91.19354
113 107.3083
113 114.2635
114 22.10828
114 47.20827
114 75.06355
114 91.19354
114 107.3083
114 114.2635
115 2.908264
115 22.10828
115 47.20827
115 75.06355
115 91.19354
115 107.3083
116 2.908264
116 22.10828
116 47.20827
116 75.06355
116 91.19354
116 107.3083
117 22.10828
117 47.20827
117 75.06355
117 91.19354
117 107.3083
117 114.2635
118 22.10828
118 47.20827
118 75.06355
118 91.19354
118 107.3083
118 114.2635
119 22.10828
119 47.20827
119 75.06355
119 91.19354
119 107.3083
119 114.2635
120 22.10828
120 47.20827
120 75.06355
120 91.19354
120 107.3083
120 114.2635
121 22.10828
121 47.20827
121 75.06355
121 91.19354
121 107.3083
121 114.2635
122 22.10828
122 47.20827
122 75.06355
122 91.19354
122 107.3083
122 114.2635
123 22.10828
123 47.20827
123 75.06355
123 91.19354
123 107.3083
123 114.2635
124 22.10828
124 47.20827
124 75.06355
124 91.19354
124 107.3083
124 114.2635
125 22.10828
125 47.20827
125 75.06355
125 91.19354
125 107.3083
125 114.2635
126 22.10828
126 47.20827
126 75.06355
126 91.19354
126 107.3083
126 114.2635
127 22.10828
127 47.20827
127 75.06355
127 91.19354
127 107.3083
127 114.2635
128 22.10828
128 47.20827
128 75.06355
128 91.19354
128 107.3083
128 114.2635
129 22.10828
129 47.20827
129 75.06355
129 91.19354
129 107.3083
129 114.2635
130 22.10828
130 47.20827
130 75.06355
130 91.19354
130 107.3083
130 114.2635
131 22.10828
131 47.20827
131 75.06355
131 91.19354
131 107.3083
131 114.2635
132 22.10828
132 47.20827
132 75.06355
132 91.19354
132 107.3083
132 114.2635
133 22.10828
133 47.20827
133 75.06355
133 91.19354
133 107.3083
133 114.2635
134 22.10828
134 47.20827
134 75.06355
134 91.19354
134 107.3083
134 114.2635
135 22.10828
135 47.20827
135 75.06355
135 91.19354
135 107.3083
135 114.2635
136 22.10828
136 47.20827
136 75.06355
136 91.19354
136 107.3083
136 114.2635
137 22.10828
137 47.20827
137 75.06355
137 91.19354
137 107.3083
137 114.2635
138 22.10828
138 47.20827
138 75.06355
138 91.19354
138 107.3083
138 114.2635
139 22.10828
139 47.20827
139 75.06355
139 91.19354
139 107.3083
139 114.2635
140 22.10828
140 47.20827
140 75.06355
140 91.19354
140 107.3083
140 114.2635
141 22.10828
141 47.20827
141 75.06355
141 91.19354
141 107.3083
141 114.2635
142 22.10828
142 47.20827
142 75.06355
142 91.19354
142 107.3083
142 114.2635
143 22.10828
143 47.20827
143 75.06355
143 91.19354
143 107.3083
143 114.2635
144 22.10828
144 47.20827
144 75.06355
144 91.19354
144 107.3083
144 114.2635
145 22.10828
145 47.20827
145 75.06355
145 91.19354
145 107.3083
145 114.2635
146 22.10828
146 47.20827
146 75.06355
146 91.19354
146 107.3083
146 114.2635
147 22.10828
147 47.20827
147 75.06355
147 91.19354
147 107.3083
147 114.2635
148 22.10828
148 47.20827
148 75.06355
148 91.19354
148 107.3083
148 114.2635
149 22.10828
149 47.20827
149 75.06355
149 91.19354
149 107.3083
149 114.2635
150 22.10828
150 47.20827
150 75.06355
150 91.19354
150 107.3083
150 114.2635
151 22.10828
151 47.20827
151 75.06355
151 91.19354
151 107.3083
151 114.2635
152 22.10828
152 47.20827
152 75.06355
152 91.19354
152 107.3083
152 114.2635
153 22.10828
153 47.20827
153 75.06355
153 91.19354
153 107.3083
153 114.2635
154 22.10828
154 47.20827
154 75.06355
154 91.19354
154 107.3083
154 114.2635
155 22.10828
155 47.20827
155 75.06355
155 91.19354
155 107.3083
155 114.2635
156 22.10828
156 47.20827
156 75.06355
156 91.19354
156 107.3083
156 114.2635
157 22.10828
157 47.20827
157 75.06355
157 91.19354
157 107.3083
157 114.2635
158 22.10828
158 47.20827
158 75.06355
158 91.19354
158 107.3083
158 114.2635
159 22.10828
159 47.20827
159 75.06355
159 91.19354
159 107.3083
159 114.2635
160 22.10828
160 47.20827
160 75.06355
160 91.19354
160 107.3083
160 114.2635
161 22.10828
161 47.20827
161 75.06355
161 91.19354
161 107.3083
161 114.2635
162 22.10828
162 47.20827
162 75.06355
162 91.19354
162 107.3083
162 114.2635
163 22.10828
163 47.20827
163 75.06355
163 91.19354
163 107.3083
163 114.2635
164 22.10828
164 47.20827
164 75.06355
164 91.19354
164 107.3083
164 114.2635
165 22.10828
165 47.20827
165 75.06355
165 91.19354
165 107.3083
165 114.2635
166 22.10828
166 47.20827
166 75.06355
166 91.19354
166 107.3083
166 114.2635
167 22.10828
167 47.20827
167 75.06355
167 91.19354
167 107.3083
167 114.2635
168 22.10828
168 47.20827
168 75.06355
168 91.19354
168 107.3083
168 114.2635
