0 0
1 113.361
1 105.941
1 92.88499
1 78.73102
1 65.34102
1 50.57938
2 113.361
2 105.941
2 92.88499
2 78.73102
2 65.34102
2 50.57938
3 113.361
3 105.941
3 92.88499
3 78.73102
3 65.34102
3 50.57938
4 113.361
4 105.941
4 92.88499
4 78.73102
4 65.34102
4 50.57938
5 113.361
5 105.941
5 92.88499
5 78.73102
5 65.34102
5 50.57938
6 113.361
6 105.941
6 92.88499
6 78.73102
6 65.34102
6 50.57938
7 113.361
7 105.941
7 92.88499
7 78.73102
7 65.34102
7 50.57938
8 113.361
8 105.941
8 92.88499
8 78.73102
8 65.34102
8 50.57938
9 113.361
9 105.941
9 92.88499
9 78.73102
9 65.34102
9 50.57938
10 113.361
10 105.941
10 92.88499
10 78.73102
10 65.34102
10 50.57938
11 113.361
11 105.941
11 92.88499
11 78.73102
11 65.34102
11 50.57938
12 105.941
12 92.88499
12 78.73102
12 65.34102
12 50.57938
12 33.37102
13 105.941
13 92.88499
13 78.73102
13 65.34102
13 50.57938
13 33.37102
14 105.941
14 92.88499
14 78.73102
14 65.34102
14 50.57938
14 33.37102
15 105.941
15 92.88499
15 78.73102
15 65.34102
15 50.57938
15 33.37102
16 105.941
16 92.88499
16 78.73102
16 65.34102
16 50.57938
16 33.37102
17 105.941
17 92.88499
17 78.73102
17 65.34102
17 50.57938
17 33.37102
18 105.941
18 92.88499
18 78.73102
18 65.34102
18 50.57938
18 33.37102
19 105.941
19 92.88499
19 78.73102
19 65.34102
19 50.57938
19 33.37102
20 105.941
20 92.88499
20 78.73102
20 65.34102
20 50.57938
20 33.37102
21 105.941
21 92.88499
21 78.73102
21 65.34102
21 50.57938
21 33.37102
22 105.941
22 92.88499
22 78.73102
22 65.34102
22 50.57938
22 33.37102
23 105.941
23 92.88499
23 78.73102
23 65.34102
23 50.57938
23 33.37102
24 105.941
24 92.88499
24 78.73102
24 65.34102
24 50.57938
24 33.37102
25 92.88499
25 78.73102
25 65.34102
25 50.57938
25 33.37102
25 18.404
26 92.88499
26 78.73102
26 65.34102
26 50.57938
26 33.37102
26 18.404
27 92.88499
27 78.73102
27 65.34102
27 50.57938
27 33.37102
27 18.404
28 92.88499
28 78.73102
28 65.34102
28 50.57938
28 33.37102
28 18.404
29 92.88499
29 78.73102
29 65.34102
29 50.57938
29 33.37102
29 18.404
30 92.88499
30 78.73102
30 65.34102
30 50.57938
30 33.37102
30 18.404
31 92.88499
31 78.73102
31 65.34102
31 50.57938
31 33.37102
31 18.404
32 92.88499
32 78.73102
32 65.34102
32 50.57938
32 33.37102
32 18.404
33 78.73102
33 65.34102
33 50.57938
33 33.37102
33 18.404
33 4.339378
34 78.73102
34 65.34102
34 50.57938
34 33.37102
34 18.404
34 4.339378
35 78.73102
35 65.34102
35 50.57938
35 33.37102
35 18.404
35 4.339378
36 78.73102
36 65.34102
36 50.57938
36 33.37102
36 18.404
36 4.339378
37 78.73102
37 65.34102
37 50.57938
37 33.37102
37 18.404
37 4.339378
38 78.73102
38 65.34102
38 50.57938
38 33.37102
38 18.404
38 4.339378
39 65.34102
39 50.57938
39 33.37102
39 18.404
39 4.339378
39 -17.42898
40 65.34102
40 50.57938
40 33.37102
40 18.404
40 4.339378
40 -17.42898
41 65.34102
41 50.57938
41 33.37102
41 18.404
41 4.339378
41 -17.42898
42 65.34102
42 50.57938
42 33.37102
42 18.404
42 4.339378
42 -17.42898
43 65.34102
43 50.57938
43 33.37102
43 18.404
43 4.339378
43 -17.42898
44 65.34102
44 50.57938
44 33.37102
44 18.404
44 4.339378
44 -17.42898
45 50.57938
45 33.37102
45 18.404
45 4.339378
45 -17.42898
45 -30.18062
46 50.57938
46 33.37102
46 18.404
46 4.339378
46 -17.42898
46 -30.18062
47 50.57938
47 33.37102
47 18.404
47 4.339378
47 -17.42898
47 -30.18062
48 50.57938
48 33.37102
48 18.404
48 4.339378
48 -17.42898
48 -30.18062
49 50.57938
49 33.37102
49 18.404
49 4.339378
49 -17.42898
49 -30.18062
50 33.37102
50 18.404
50 4.339378
50 -17.42898
50 -30.18062
50 -42.84062
51 33.37102
51 18.404
51 4.339378
51 -17.42898
51 -30.18062
51 -42.84062
52 33.37102
52 18.404
52 4.339378
52 -17.42898
52 -30.18062
52 -42.84062
53 33.37102
53 18.404
53 4.339378
53 -17.42898
53 -30.18062
53 -42.84062
54 33.37102
54 18.404
54 4.339378
54 -17.42898
54 -30.18062
54 -42.84062
55 18.404
55 4.339378
55 -17.42898
55 -30.18062
55 -42.84062
55 -66.52898
56 18.404
56 4.339378
56 -17.42898
56 -30.18062
56 -42.84062
56 -66.52898
57 18.404
57 4.339378
57 -17.42898
57 -30.18062
57 -42.84062
57 -66.52898
58 18.404
58 4.339378
58 -17.42898
58 -30.18062
58 -42.84062
58 -66.52898
59 4.339378
59 -17.42898
59 -30.18062
59 -42.84062
59 -66.52898
59 -76.85062
60 4.339378
60 -17.42898
60 -30.18062
60 -42.84062
60 -66.52898
60 -76.85062
61 4.339378
61 -17.42898
61 -30.18062
61 -42.84062
61 -66.52898
61 -76.85062
62 4.339378
62 -17.42898
62 -30.18062
62 -42.84062
62 -66.52898
62 -76.85062
63 4.339378
63 -17.42898
63 -30.18062
63 -42.84062
63 -66.52898
63 -76.85062
64 -17.42898
64 -30.18062
64 -42.84062
64 -66.52898
64 -76.85062
64 -90.64063
65 -17.42898
65 -30.18062
65 -42.84062
65 -66.52898
65 -76.85062
65 -90.64063
66 -17.42898
66 -30.18062
66 -42.84062
66 -66.52898
66 -76.85062
66 -90.64063
67 -30.18062
67 -42.84062
67 -66.52898
67 -76.85062
67 -90.64063
67 -100.3206
68 -30.18062
68 -42.84062
68 -66.52898
68 -76.85062
68 -90.64063
68 -100.3206
69 -30.18062
69 -42.84062
69 -66.52898
69 -76.85062
69 -90.64063
69 -100.3206
70 -42.84062
70 -66.52898
70 -76.85062
70 -90.64063
70 -100.3206
70 -115.129
71 -42.84062
71 -66.52898
71 -76.85062
71 -90.64063
71 -100.3206
71 -115.129
72 -42.84062
72 -66.52898
72 -76.85062
72 -90.64063
72 -100.3206
72 -115.129
73 -42.84062
73 -66.52898
73 -76.85062
73 -90.64063
73 -100.3206
73 -115.129
74 -66.52898
74 -76.85062
74 -90.64063
74 -100.3206
74 -115.129
74 -124.5206
75 -66.52898
75 -76.85062
75 -90.64063
75 -100.3206
75 -115.129
75 -124.5206
76 -76.85062
76 -90.64063
76 -100.3206
76 -115.129
76 -124.5206
76 -131.399
77 -76.85062
77 -90.64063
77 -100.3206
77 -115.129
77 -124.5206
77 -131.399
78 -76.85062
78 -90.64063
78 -100.3206
78 -115.129
78 -124.5206
78 -131.399
79 -90.64063
79 -100.3206
79 -115.129
79 -124.5206
79 -131.399
79 -141.329
80 -100.3206
80 -115.129
80 -124.5206
80 -131.399
80 -141.329
80 -147.489
81 -100.3206
81 -115.129
81 -124.5206
81 -131.399
81 -141.329
81 -147.489
82 -100.3206
82 -115.129
82 -124.5206
82 -131.399
82 -141.329
82 -147.489
83 -115.129
83 -124.5206
83 -131.399
83 -141.329
83 -147.489
83 -150.849
84 -124.5206
84 -131.399
84 -141.329
84 -147.489
84 -150.849
84 -155.499
85 -131.399
85 -141.329
85 -147.489
85 -150.849
85 -155.499
85 -157.609
86 -131.399
86 -141.329
86 -147.489
86 -150.849
86 -155.499
86 -157.609
87 -131.399
87 -141.329
87 -147.489
87 -150.849
87 -155.499
87 -157.609
88 -141.329
88 -147.489
88 -150.849
88 -155.499
88 -157.609
88 -159.129
89 -141.329
89 -147.489
89 -150.849
89 -155.499
89 -157.609
89 -159.129
90 -147.489
90 -150.849
90 -155.499
90 -157.609
90 -159.129
90 -159.099
91 -150.849
91 -155.499
91 -157.609
91 -159.129
91 -159.099
91 -157.469
92 -150.849
92 -155.499
92 -157.609
92 -159.129
92 -159.099
92 -157.469
93 -150.849
93 -155.499
93 -157.609
93 -159.129
93 -159.099
93 -157.469
94 -155.499
94 -157.609
94 -159.129
94 -159.099
94 -157.469
94 -153.909
95 -155.499
95 -157.609
95 -159.129
95 -159.099
95 -157.469
95 -153.909
96 -157.609
96 -159.129
96 -159.099
96 -157.469
96 -153.909
96 -151.629
97 -157.609
97 -159.129
97 -159.099
97 -157.469
97 -153.909
97 -151.629
98 -157.609
98 -159.129
98 -159.099
98 -157.469
98 -153.909
98 -151.629
99 -159.129
99 -159.099
99 -157.469
99 -153.909
99 -151.629
99 -148.129
100 -159.129
100 -159.099
100 -157.469
100 -153.909
100 -151.629
100 -148.129
101 -159.129
101 -159.099
101 -157.469
101 -153.909
101 -151.629
101 -148.129
102 -159.129
102 -159.099
102 -157.469
102 -153.909
102 -151.629
102 -148.129
103 -159.099
103 -157.469
103 -153.909
103 -151.629
103 -148.129
103 -143.929
104 -159.099
104 -157.469
104 -153.909
104 -151.629
104 -148.129
104 -143.929
105 -159.099
105 -157.469
105 -153.909
105 -151.629
105 -148.129
105 -143.929
106 -159.099
106 -157.469
106 -153.909
106 -151.629
106 -148.129
106 -143.929
107 -159.099
107 -157.469
107 -153.909
107 -151.629
107 -148.129
107 -143.929
108 -157.469
108 -153.909
108 -151.629
108 -148.129
108 -143.929
108 -139.979
109 -157.469
109 -153.909
109 -151.629
109 -148.129
109 -143.929
109 -139.979
110 -157.469
110 -153.909
110 -151.629
110 -148.129
110 -143.929
110 -139.979
111 -151.629
111 -148.129
111 -143.929
111 -139.979
111 -134.209
111 -130.6506
112 -151.629
112 -148.129
112 -143.929
112 -139.979
112 -134.209
112 -130.6506
113 -151.629
113 -148.129
113 -143.929
113 -139.979
113 -134.209
113 -130.6506
114 -151.629
114 -148.129
114 -143.929
114 -139.979
114 -134.209
114 -130.6506
115 -153.909
115 -151.629
115 -148.129
115 -143.929
115 -139.979
115 -134.209
116 -153.909
116 -151.629
116 -148.129
116 -143.929
116 -139.979
116 -134.209
117 -151.629
117 -148.129
117 -143.929
117 -139.979
117 -134.209
117 -130.6506
118 -151.629
118 -148.129
118 -143.929
118 -139.979
118 -134.209
118 -130.6506
119 -151.629
119 -148.129
119 -143.929
119 -139.979
119 -134.209
119 -130.6506
120 -151.629
120 -148.129
120 -143.929
120 -139.979
120 -134.209
120 -130.6506
121 -151.629
121 -148.129
121 -143.929
121 -139.979
121 -134.209
121 -130.6506
122 -151.629
122 -148.129
122 -143.929
122 -139.979
122 -134.209
122 -130.6506
123 -151.629
123 -148.129
123 -143.929
123 -139.979
123 -134.209
123 -130.6506
124 -151.629
124 -148.129
124 -143.929
124 -139.979
124 -134.209
124 -130.6506
125 -151.629
125 -148.129
125 -143.929
125 -139.979
125 -134.209
125 -130.6506
126 -151.629
126 -148.129
126 -143.929
126 -139.979
126 -134.209
126 -130.6506
127 -151.629
127 -148.129
127 -143.929
127 -139.979
127 -134.209
127 -130.6506
128 -151.629
128 -148.129
128 -143.929
128 -139.979
128 -134.209
128 -130.6506
129 -151.629
129 -148.129
129 -143.929
129 -139.979
129 -134.209
129 -130.6506
130 -151.629
130 -148.129
130 -143.929
130 -139.979
130 -134.209
130 -130.6506
131 -151.629
131 -148.129
131 -143.929
131 -139.979
131 -134.209
131 -130.6506
132 -151.629
132 -148.129
132 -143.929
132 -139.979
132 -134.209
132 -130.6506
133 -151.629
133 -148.129
133 -143.929
133 -139.979
133 -134.209
133 -130.6506
134 -151.629
134 -148.129
134 -143.929
134 -139.979
134 -134.209
134 -130.6506
135 -151.629
135 -148.129
135 -143.929
135 -139.979
135 -134.209
135 -130.6506
136 -151.629
136 -148.129
136 -143.929
136 -139.979
136 -134.209
136 -130.6506
137 -151.629
137 -148.129
137 -143.929
137 -139.979
137 -134.209
137 -130.6506
138 -151.629
138 -148.129
138 -143.929
138 -139.979
138 -134.209
138 -130.6506
139 -151.629
139 -148.129
139 -143.929
139 -139.979
139 -134.209
139 -130.6506
140 -151.629
140 -148.129
140 -143.929
140 -139.979
140 -134.209
140 -130.6506
141 -151.629
141 -148.129
141 -143.929
141 -139.979
141 -134.209
141 -130.6506
142 -151.629
142 -148.129
142 -143.929
142 -139.979
142 -134.209
142 -130.6506
143 -151.629
143 -148.129
143 -143.929
143 -139.979
143 -134.209
143 -130.6506
144 -151.629
144 -148.129
144 -143.929
144 -139.979
144 -134.209
144 -130.6506
145 -151.629
145 -148.129
145 -143.929
145 -139.979
145 -134.209
145 -130.6506
146 -151.629
146 -148.129
146 -143.929
146 -139.979
146 -134.209
146 -130.6506
147 -151.629
147 -148.129
147 -143.929
147 -139.979
147 -134.209
147 -130.6506
148 -151.629
148 -148.129
148 -143.929
148 -139.979
148 -134.209
148 -130.6506
149 -151.629
149 -148.129
149 -143.929
149 -139.979
149 -134.209
149 -130.6506
150 -151.629
150 -148.129
150 -143.929
150 -139.979
150 -134.209
150 -130.6506
151 -151.629
151 -148.129
151 -143.929
151 -139.979
151 -134.209
151 -130.6506
152 -151.629
152 -148.129
152 -143.929
152 -139.979
152 -134.209
152 -130.6506
153 -151.629
153 -148.129
153 -143.929
153 -139.979
153 -134.209
153 -130.6506
154 -151.629
154 -148.129
154 -143.929
154 -139.979
154 -134.209
154 -130.6506
155 -151.629
155 -148.129
155 -143.929
155 -139.979
155 -134.209
155 -130.6506
156 -151.629
156 -148.129
156 -143.929
156 -139.979
156 -134.209
156 -130.6506
157 -151.629
157 -148.129
157 -143.929
157 -139.979
157 -134.209
157 -130.6506
158 -151.629
158 -148.129
158 -143.929
158 -139.979
158 -134.209
158 -130.6506
159 -151.629
159 -148.129
159 -143.929
159 -139.979
159 -134.209
159 -130.6506
160 -151.629
160 -148.129
160 -143.929
160 -139.979
160 -134.209
160 -130.6506
161 -151.629
161 -148.129
161 -143.929
161 -139.979
161 -134.209
161 -130.6506
162 -151.629
162 -148.129
162 -143.929
162 -139.979
162 -134.209
162 -130.6506
163 -151.629
163 -148.129
163 -143.929
163 -139.979
163 -134.209
163 -130.6506
164 -151.629
164 -148.129
164 -143.929
164 -139.979
164 -134.209
164 -130.6506
165 -151.629
165 -148.129
165 -143.929
165 -139.979
165 -134.209
165 -130.6506
166 -151.629
166 -148.129
166 -143.929
166 -139.979
166 -134.209
166 -130.6506
167 -151.629
167 -148.129
167 -143.929
167 -139.979
167 -134.209
167 -130.6506
168 -151.629
168 -148.129
168 -143.929
168 -139.979
168 -134.209
168 -130.6506
