0 0
1 0
2 -0.1112644
3 -0.1112644
4 -0.1634202
5 -0.1634202
6 -0.1634202
7 -0.1634202
8 -0.1634202
9 -0.1634202
10 -0.1634202
11 0.1634202
12 0.1418086
13 0.1418086
14 -0.03780038
15 -0.02326767
16 -0.07021376
17 -0.009770165
18 -0.01851523
19 0.03009654
20 0.005804542
21 0.02446424
22 -0.009717971
23 -0.002802324
24 -0.002802324
25 -0.04176604
26 -0.006015029
27 -0.01924066
28 0.01720759
29 -0.004068629
30 0.02325507
31 -0.00826019
32 -0.00826019
33 -0.003216975
34 -0.02884467
35 -0.02884467
36 -0.02447622
37 -0.02414035
38 -0.01150142
39 -0.005585734
40 0.005096043
41 0.005096043
42 0.01833129
43 -6.876226e-05
44 0.004060746
45 -0.01762806
46 -0.01762806
47 -0.02935926
48 -0.02344162
49 -0.0263623
50 -0.01311844
51 -0.01545539
52 0.003205908
53 0.001582017
54 0.001582017
55 0.02257722
56 0.02257722
57 -0.0144589
58 0.005421948
59 -0.0347626
60 -0.01440126
61 -0.0480223
62 -0.01912875
63 -0.04794978
64 -0.009334122
65 -0.03705985
66 0.009711889
67 0.009711889
68 -0.01106753
69 -0.01106753
70 0.0338765
71 0.0338765
72 -0.04988566
73 -0.04988566
74 -0.006838012
75 -0.08643389
76 -0.03047016
77 -0.1173597
78 -0.02852775
79 -0.02852775
80 -0.08403939
81 0.0273611
82 -0.02615205
83 0.0693747
84 -0.02737652
85 0.0375454
86 -0.1009926
87 -0.02616699
88 -0.1622383
89 -0.04369323
90 -0.1594878
91 0.02750752
92 -0.08071519
93 -0.08071519
94 0.1634202
95 0.02779862
96 0.1376025
97 -0.07006062
98 0.0623405
99 -0.1634202
100 -0.04807313
101 -0.1634202
102 -0.0632324
103 -0.1110841
104 -0.01712578
105 -0.1265775
106 0.1120266
107 0.001722003
108 0.1634202
109 0.1634202
110 -0.001339029
111 -0.001339029
112 0.1634202
113 0.1634202
114 0.1634202
115 0.1634202
116 0.1634202
117 -0.08521635
118 -0.1172788
119 -0.1634202
120 -0.1634202
121 -0.1634202
122 -0.1634202
123 -0.1634202
124 0.1634202
125 0.1634202
126 0.1634202
127 0.1634202
128 0.1634202
129 0.1634202
130 0.1634202
131 0.1634202
132 0.1634202
133 0.1634202
134 0.1634202
135 0.1634202
136 0.1634202
137 0.1634202
138 0.1634202
139 0.1634202
140 0.1634202
141 0.1634202
142 0.1634202
143 -0.1634202
144 -0.1634202
145 -0.1634202
146 -0.1634202
147 -0.1634202
148 -0.1634202
149 0.1634202
150 0.1634202
151 0.1634202
152 0.1634202
153 0.1634202
154 0.1634202
155 0.1634202
156 0.1634202
157 0.1634202
158 0.1634202
159 0.1634202
160 0.1634202
161 0.1634202
162 0.1634202
163 0.1634202
164 0.1634202
165 0.1634202
166 0.1634202
167 0.1634202
168 0.1634202
