0 0
1 4.12033
2 4.12033
3 4.120003
4 4.11747
5 4.111288
6 4.099859
7 4.075311
8 4.047544
9 4.01054
10 3.969916
11 3.949025
12 3.988824
13 4.049944
14 4.102522
15 4.111859
16 4.100808
17 4.077244
18 4.05892
19 4.047811
20 4.051202
21 4.057428
22 4.068878
23 4.073248
24 4.073113
25 4.063237
26 4.039997
27 4.021124
28 4.006768
29 4.002441
30 4.001531
31 4.009045
32 4.01319
33 4.018828
34 4.021748
35 4.013277
36 3.995564
37 3.972819
38 3.946544
39 3.925763
40 3.905897
41 3.896863
42 3.897094
43 3.90702
44 3.915176
45 3.921545
46 3.920099
47 3.909373
48 3.887314
49 3.86225
50 3.829302
51 3.802043
52 3.773617
53 3.756118
54 3.745332
55 3.743385
56 3.752727
57 3.764064
58 3.764921
59 3.76392
60 3.749371
61 3.725838
62 3.685948
63 3.648295
64 3.593934
65 3.555332
66 3.508801
67 3.47489
68 3.442525
69 3.415548
70 3.402066
71 3.411018
72 3.413973
73 3.39027
74 3.360801
75 3.343012
76 3.282819
77 3.207365
78 3.071275
79 2.949471
80 2.791991
81 2.611743
82 2.493967
83 2.413772
84 2.40169
85 2.39566
86 2.402822
87 2.359751
88 2.28317
89 2.123314
90 1.96479
91 1.74117
92 1.598108
93 1.447164
94 1.386201
95 1.513959
96 1.663752
97 1.801107
98 1.901138
99 1.981673
100 1.892311
101 1.707343
102 1.493305
103 1.345362
104 1.2491
105 1.010222
106 0.681886
107 0.2998566
108 6.018641
109 5.14992
110 4.473358
111 4.002202
112 3.414096
113 3.370044
114 4.269825
115 5.22622
116 5.981508
117 0.5470629
118 0.9252529
119 1.026109
120 0.9753526
121 0.9064529
122 0.8064544
123 0.708669
124 0.6337458
125 0.5730417
126 0.5091612
127 0.4760795
128 0.4422045
129 0.4209802
130 0.4076045
131 0.3954548
132 0.3811695
133 0.3593618
134 0.3220029
135 0.2602908
136 0.1736888
137 0.1257858
138 0.1256287
139 0.1073809
140 0.09476741
141 0.09240491
142 0.08662788
143 0.07141636
144 0.09806513
145 0.1036573
146 0.09670541
147 0.08554443
148 0.06424137
149 0.04617974
150 0.08775585
151 0.1338226
152 0.1588549
153 0.1780897
154 0.1872666
155 0.1935854
156 0.1975535
157 0.1989867
158 0.1952971
159 0.1888741
160 0.1765546
161 0.1620431
162 0.1417441
163 0.1236091
164 0.104046
165 0.0881434
166 0.06932623
167 0.04175564
168 0.01896842
