0 0
1 -40.62
2 -40.62
3 -40.62791
4 -40.67047
5 -40.75327
6 -40.90422
7 -41.23203
8 -41.59359
9 -42.06094
10 -42.55448
11 -43.14194
12 -43.97137
13 -44.97196
14 -45.99706
15 -47.10434
16 -48.44546
17 -49.54424
18 -50.8713
19 -52.09565
20 -53.58233
21 -54.95961
22 -56.62452
23 -58.37677
24 -59.97609
25 -61.86673
26 -63.80242
27 -65.78563
28 -67.56048
29 -69.64772
30 -71.80257
31 -74.03584
32 -76.34536
33 -79.33571
34 -81.8112
35 -84.0185
36 -86.56945
37 -89.13787
38 -91.70959
39 -93.96032
40 -96.86362
41 -99.46804
42 -102.4493
43 -105.17
44 -107.6103
45 -110.1027
46 -112.6337
47 -115.5501
48 -118.4627
49 -120.9855
50 -123.8204
51 -126.2524
52 -128.9775
53 -131.3261
54 -133.6599
55 -136.3357
56 -138.7187
57 -141.5061
58 -144.3359
59 -147.5559
60 -150.0552
61 -152.8659
62 -155.5769
63 -157.8339
64 -160.2404
65 -161.9085
66 -163.7004
67 -165.3453
68 -167.0827
69 -168.4764
70 -169.9762
71 -171.2928
72 -172.8217
73 -174.0883
74 -175.5669
75 -176.6322
76 -177.6306
77 -178.2593
78 -178.3223
79 -177.6589
80 -176.0731
81 -173.437
82 -169.9462
83 -165.9079
84 -161.0791
85 -156.1329
86 -151.5951
87 -147.4365
88 -142.4234
89 -136.8958
90 -131.4464
91 -124.8277
92 -119.4415
93 -113.2045
94 -106.2011
95 -98.37034
96 -91.27287
97 -85.80283
98 -78.8951
99 -72.1215
100 -63.09936
101 -54.50865
102 -46.70491
103 -40.55458
104 -33.75961
105 -25.52703
106 -16.13098
107 -10.06601
108 -2.269518
109 5.804767
110 11.85207
111 17.14929
112 24.5099
113 30.33312
114 31.56738
115 32.74854
116 33.52607
117 34.59434
118 35.31721
119 36.47058
120 37.12488
121 37.4474
122 37.78226
123 38.10802
124 38.32139
125 38.47229
126 38.61414
127 38.73133
128 38.81961
129 38.847
130 38.83762
131 38.79421
132 38.74459
133 38.69573
134 38.60225
135 38.4782
136 38.33485
137 38.20895
138 38.07987
139 37.93827
140 37.82697
141 37.73077
142 37.61692
143 37.50457
144 37.45925
145 37.444
146 37.4269
147 37.41299
148 37.38851
149 37.34624
150 37.42477
151 37.53432
152 37.61966
153 37.71135
154 37.77782
155 37.82796
156 37.8516
157 37.86636
158 37.85359
159 37.82665
160 37.77358
161 37.71703
162 37.63555
163 37.56176
164 37.47295
165 37.3838
166 37.29112
167 37.18934
168 37.11302
