0 0
1 108.73
2 108.73
3 108.724
4 108.6893
5 108.6211
6 108.4946
7 108.2101
8 107.8799
9 107.4255
10 106.9081
11 106.3121
12 105.6231
13 104.9042
14 104.2379
15 103.4874
16 102.5397
17 101.7115
18 100.686
19 99.72256
20 98.56913
21 97.51565
22 96.26855
23 94.96563
24 93.77441
25 92.34066
26 90.80489
27 89.17361
28 87.67128
29 85.88779
30 84.04108
31 82.14635
32 80.20332
33 77.70556
34 75.65543
35 73.8028
36 71.59828
37 69.28944
38 66.86501
39 64.64996
40 61.687
41 58.96223
42 55.82086
43 52.98699
44 50.48165
45 47.95015
46 45.38058
47 42.37579
48 39.27274
49 36.459
50 33.11868
51 30.08615
52 26.50129
53 23.27278
54 19.9746
55 16.1406
56 12.75435
57 8.861131
58 4.926051
59 0.4402071
60 -3.112644
61 -7.267917
62 -11.55258
63 -15.42326
64 -19.99785
65 -23.53526
66 -27.77043
67 -32.10647
68 -37.16282
69 -41.67072
70 -46.89786
71 -51.5111
72 -56.82154
73 -61.52561
74 -67.66412
75 -72.49854
76 -78.10311
77 -83.80207
78 -90.28703
79 -96.05396
80 -102.4244
81 -108.4752
82 -114.1356
83 -119.4762
84 -125.2062
85 -130.906
86 -136.0249
87 -140.5015
88 -145.2588
89 -149.433
90 -152.3542
91 -154.5131
92 -155.2774
93 -155.2862
94 -154.518
95 -153.9048
96 -154.1933
97 -155.1013
98 -156.9977
99 -159.423
100 -162.7549
101 -164.6819
102 -165.8568
103 -166.656
104 -167.3778
105 -167.1253
106 -166.2986
107 -166.3042
108 -166.3662
109 -166.4599
110 -166.4324
111 -166.3212
112 -166.0409
113 -164.7458
114 -162.6363
115 -160.5277
116 -159.121
117 -157.2034
118 -155.684
119 -154.184
120 -153.2885
121 -152.6474
122 -152.0551
123 -151.4779
124 -151.021
125 -150.6328
126 -150.2194
127 -149.818
128 -149.4775
129 -149.2752
130 -149.1677
131 -149.1279
132 -149.2152
133 -149.3326
134 -149.533
135 -149.7669
136 -149.9801
137 -150.2896
138 -150.7358
139 -151.2616
140 -151.679
141 -152.0511
142 -152.555
143 -153.0012
144 -153.3328
145 -153.3612
146 -153.1551
147 -152.8669
148 -152.3766
149 -151.8063
150 -150.8616
151 -150.2003
152 -149.7987
153 -149.4104
154 -149.1334
155 -148.9243
156 -148.8241
157 -148.748
158 -148.7737
159 -148.8535
160 -149.023
161 -149.2086
162 -149.5006
163 -149.7903
164 -150.1853
165 -150.5993
166 -151.0723
167 -151.6536
168 -152.1371
