0 0
1 4.19482010224838e-23
2 -0.374531566539359
3 -0.374531566539359
4 -0.374531566539359
5 -0.374531566539359
6 -0.374531566539359
7 -0.374531566539359
8 -0.374531566539359
9 0.0103436494866763
10 0.0661385909918389
11 0.110970952091145
12 0.0988703089585601
13 0.0768813118958851
14 0.0439793082827604
15 0.0262650700887349
16 0.0123313483273852
17 0.000919905215834519
18 -0.00536044685150183
19 -0.0113053900062247
20 -0.0140172363059366
21 -0.0165224043022855
22 -0.0179761057986357
23 -0.0183510045789797
24 -0.0183107745714535
25 -0.0205561299510262
26 -0.0194174508984537
27 -0.0172938724964237
28 -0.0162752567168582
29 -0.015195791440266
30 -0.0143713056653482
31 -0.0136134958836562
32 -0.0131867816407903
33 -0.0132972884201009
34 -0.0133901909805538
35 -0.0136498693306904
36 -0.0140360200421146
37 -0.0144172109901579
38 -0.0150910850878454
39 -0.0154237955887394
40 -0.0159567603900955
41 -0.0164008766904186
42 -0.016818961390187
43 -0.0173093337430865
44 -0.0177510341097991
45 -0.0187749351452275
46 -0.0185521777607773
47 -0.0187028442838843
48 -0.0187452073528678
49 -0.018885526018489
50 -0.0191297229155838
51 -0.0210235582328959
52 -0.0205854433290183
53 -0.0210818835202629
54 -0.0213474678695773
55 -0.0215900245749706
56 -0.0227151368003811
57 -0.0241214697933592
58 -0.0253990816757109
59 -0.0266106356391571
60 -0.0285634274994385
61 -0.0301188882761429
62 -0.0318982947041031
63 -0.0336090501474931
64 -0.0353237789226846
65 -0.0383776025406548
66 -0.0395929964004602
67 -0.0420672549551064
68 -0.0454247642048314
69 -0.0475658888143187
70 -0.0511662690771538
71 -0.0531001035495726
72 -0.0555562899350697
73 -0.0580641795304593
74 -0.0613739674856118
75 -0.0659403719489569
76 -0.0701923291106204
77 -0.0716617702424088
78 -0.0766217871692073
79 -0.0809176229669055
80 -0.084210406402391
81 -0.0880933731577386
82 -0.0924873991273977
83 -0.0932265178790208
84 -0.0952719553547824
85 -0.0966257653958073
86 -0.0999183041052431
87 -0.102604739390422
88 -0.105265002913288
89 -0.106062856084105
90 -0.104859214943332
91 -0.102857330025148
92 -0.0983839196608993
93 -0.0963987522175268
94 -0.0921348949812278
95 -0.0896051244157382
96 -0.0829176477474555
97 -0.0784010369668301
98 -0.0714217775576671
99 -0.0668193033334521
100 -0.0597924202205723
101 -0.0534157875370825
102 -0.0484346465506785
103 -0.0437748654668658
104 -0.0384496640882272
105 -0.0355267176428083
106 -0.0313997912408663
107 -0.027694732428624
108 -0.0262752129808763
109 -0.0233735238373439
110 -0.0215838827983994
111 -0.0190816884910718
112 -0.0176994378957509
113 -0.0158904267948007
114 -0.0162067889190205
115 -0.0143405578966638
116 -0.0144485034331572
117 -0.0141179407755034
118 -0.0139088478062696
119 -0.0136491571436895
120 -0.0132646172727601
121 -0.012800593809232
122 -0.0136123629130287
123 -0.0114870706177867
124 -0.0104578721547537
125 -0.00990525467190149
126 -0.00745425872966819
127 -0.00527689139106777
128 -0.00387080978095725
129 -0.00180491489544325
130 -0.00114245805075263
131 -0.000196459331378047
132 0.000467816632742729
133 0.000479070577638861
134 -0.00202442044847862
135 -0.00260368309058746
136 -0.00550517705839796
137 -0.00797748771218863
138 -0.0154799173482469
139 -0.0190520046417898
140 -0.0259715315412944
141 -0.0315134533238047
142 -0.041063055675447
143 -0.0525546251009837
144 -0.0627006280185598
145 -0.0659709680799089
146 -0.0919840405023981
147 -0.107930577689383
148 -0.11146662320842
149 -0.132392398306184
150 -0.153072935048176
151 -0.172151106289445
152 -0.194960584898926
153 -0.209871193090018
154 -0.2244927657647
155 -0.244572242040289
156 -0.249191242869791
157 -0.262502864591158
158 -0.272809026396978
159 -0.258461368399291
160 -0.237326795746994
161 -0.216429022561756
162 -0.187324958101141
163 -0.167923525188787
164 -0.142762998405344
165 -0.126435473437374
166 -0.10908231020577
167 -0.0937527931566564
168 -0.0798266338128082
169 -0.0676611079370085
170 -0.0583630136395066
171 -0.0495515745677682
172 -0.0422369914927567
173 -0.034281239402775
174 -0.0225790241673346
175 -0.0206814649806038
176 -0.0181452077898341
177 -0.00864289846406601
178 -0.0106032020156373
179 -0.00849281400505899
180 -0.00675767164586892
181 -0.00365136401145432
182 0.00165745942636636
183 0.00745839506476381
184 0.0165680558955534
185 0.0391396786532247
186 0.0459969168579089
187 0.0750125898935058
188 0.0984105193812229
189 0.100825176554619
190 0.147238055875454
191 0.173971332323443
192 0.209204551583414
193 0.243874926848503
194 0.258410518863662
195 0.281423242583586
196 0.301404291061448
197 0.318633601286733
198 0.302205786487708
199 0.251318680029535
200 0.212974072511296
201 0.178503005378717
202 0.142456446541987
203 0.11157522365954
204 0.0847816049961363
205 0.0577339783043695
206 0.0501462016381293
207 0.0313928380760303
208 0.0258401487683345
209 0.0141180825980229
210 0.00967101011131159
211 0.00322211940392496
212 9.41761336456838e-05
213 -0.00488568241698445
214 -0.00713644553253409
215 -0.0113265949956508
216 -0.015694476907899
217 -0.0196228930821228
218 -0.0224165213018201
219 -0.0267638329618487
220 -0.0305186029101816
221 -0.0404637773304549
222 -0.0432218081087245
223 -0.0487945774891364
224 -0.0554751205975658
225 -0.0617225688212185
226 -0.071213202433558
227 -0.0983837553979873
228 -0.107467700834843
229 -0.13097203913143
230 -0.139460062405789
231 -0.158917622513181
232 -0.16988302146152
233 -0.188395906202985
234 -0.192738315482163
235 -0.207230677662621
236 -0.206352213238239
237 -0.207065663148868
238 -0.199214261445087
239 -0.189674491064564
240 -0.175615658503603
241 -0.1674980250547
242 -0.148023223762185
243 -0.131712265946366
244 -0.122492122899404
245 -0.10692608168916
246 -0.0902609881755548
247 -0.0870810319472425
248 -0.076934804346498
249 -0.069380510114369
250 -0.0687172597233215
251 -0.0675449543200257
252 -0.065584580241217
253 -0.0651611732341586
254 -0.064050845478734
255 -0.0634572526399359
256 -0.0642764721179761
257 -0.0635711313304508
258 -0.0636974174825491
259 -0.0639732857515388
260 -0.0644329058794344
261 -0.0644012479078912
262 -0.0631346047090822
263 -0.063154022076509
264 -0.0623305091507314
265 -0.0608375217210911
266 -0.0587372712270238
267 -0.0567195488281873
268 -0.055899449928162
269 -0.0521438691067936
270 -0.0494297506759301
271 -0.045759870690963
272 -0.0429236350620072
273 -0.0390815387592583
274 -0.0362962598099939
275 -0.0334672635919435
276 -0.0306196394161322
277 -0.0280595521956763
278 -0.0257023946673367
279 -0.0231525221376164
280 -0.0215115999220123
281 -0.0193610050798871
282 -0.0183332397746452
283 -0.017610711743797
284 -0.0171711218018042
285 -0.0169578864239387
286 -0.0155990943112532
287 -0.0157440939171469
288 -0.0155990076441593
289 -0.0155767777381632
290 -0.0159360511386928
291 -0.0157593240429096
292 -0.0157547194234784
293 -0.0162377450890328
294 -0.0157951616002552
295 -0.0150343481085471
296 -0.0151711149362286
297 -0.0152517182406279
298 -0.0150940403850521
299 -0.0149814971362427
300 -0.0152351715267183
301 -0.0149883791937556
302 -0.0149745667505144
303 -0.0149437467157119
304 -0.0149959900272563
305 -0.0152269620279293
306 -0.0154031323677924
307 -0.0156515364292334
308 -0.01604203894787
309 -0.0162890006604357
310 -0.016829911209047
311 -0.0176804493155296
312 -0.0181390569684272
313 -0.0187709673133575
314 -0.0194777092125344
315 -0.0214293651462018
316 -0.0216693678490403
317 -0.022833046732888
318 -0.0235903802879989
319 -0.0249217077557866
320 -0.0270337334688202
321 -0.0278077550249756
322 -0.0295688953202
323 -0.0313352089177806
324 -0.0327223839305368
325 -0.0343070801413626
326 -0.0358468063304434
327 -0.0396197687137093
328 -0.0400754123776471
329 -0.045112831281712
330 -0.0459197683239988
331 -0.0486643153239057
332 -0.0529157884784281
333 -0.0545879803466845
334 -0.0572015696242811
335 -0.0595712891813226
336 -0.0622534249376572
337 -0.0663528228081162
338 -0.0690067402867778
339 -0.0730881846970283
340 -0.0770516414205579
341 -0.0796860038776477
342 -0.0836208721338976
343 -0.0867693406853287
344 -0.0916258997408261
345 -0.0930685925913554
346 -0.096675059941791
347 -0.0993991698952204
348 -0.102558891761997
349 -0.103405294129509
350 -0.104316587748575
351 -0.105473781702931
352 -0.103981768020708
353 -0.102459691989268
354 -0.0982628859389489
355 -0.0966469895484108
356 -0.0946593351341779
357 -0.0900927521975789
358 -0.0853164541271328
359 -0.0788477682041278
360 -0.0751263947469515
361 -0.0685150144657385
362 -0.0641371865402904
363 -0.0587274480331086
364 -0.0527586347032204
365 -0.0486114818165821
366 -0.0428137847721055
367 -0.0379032651844694
368 -0.0339080942563676
369 -0.0286733318242623
370 -0.0274615263176209
371 -0.0246984652425225
372 -0.0225475273316647
373 -0.0203353658239253
374 -0.0183650774306482
375 -0.0167857877696271
376 -0.015961690326786
377 -0.014489645569952
378 -0.0144181936389445
379 -0.0140810745460068
380 -0.0138448046631919
381 -0.0136866101182951
382 -0.0132685913232599
383 -0.0142747654373325
384 -0.0119146783667732
385 -0.0100879119135689
386 -0.00963207922459938
387 -0.00702684622283257
388 -0.00425994547513465
389 -0.00325201946457438
390 -0.00103175152354386
391 -0.00131502322664894
392 0.000350114100058315
393 0.000746383621211617
394 0.000633127623041998
395 -0.00215554037556017
396 -0.00339487582331908
397 -0.00575687763485034
398 -0.00952990557342551
399 -0.015878898890461
400 -0.0210952795096662
401 -0.0276397946909675
402 -0.0343104264297517
403 -0.0423238243128665
404 -0.056246687517766
405 -0.0640545657783218
406 -0.0735061142149804
407 -0.100219707244238
408 -0.102890848105335
409 -0.120170552680325
410 -0.136755428508278
411 -0.158224447985531
412 -0.169159817250293
413 -0.188742222108163
414 -0.200274432587003
415 -0.217545169123739
416 -0.226092802363364
417 -0.237115555371053
418 -0.246243168109146
419 -0.244706414621821
420 -0.241017834929833
421 -0.229485706873767
422 -0.213479890597392
423 -0.198192773502014
424 -0.175890231289114
425 -0.160640315018215
426 -0.139868264301137
427 -0.128434116495508
428 -0.108199212790003
429 -0.0918830399208154
430 -0.0721722901481846
431 -0.0681057332558321
432 -0.0549956868938194
433 -0.0451100856434808
434 -0.0374166196316655
435 -0.0219303639694228
436 -0.0211221503725707
437 -0.0156506077742156
438 -0.00665238182516452
439 -0.00759559655521021
440 -0.00521153587130434
441 -0.00113182755271857
442 0.00300407464562828
443 0.00940731432300701
444 0.0173928217817987
445 0.0411467623526139
446 0.0556618164424454
447 0.0600523108878537
448 0.076442949357624
449 0.0868303544333102
450 0.106272096764157
451 0.138092792054321
452 0.163295709572558
453 0.168974504929808
454 0.205776490204908
455 0.218903200177688
456 0.252753221380854
457 0.271507806428258
458 0.285544993221765
459 0.280974021392414
460 0.263809971707124
461 0.237296538044437
462 0.204245348900277
463 0.163559473252397
464 0.136852522671283
465 0.106782965589781
466 0.0759590901769547
467 0.0659782212919574
468 0.0458780001427366
469 0.0320266288976109
470 0.0203066123800498
471 0.00884156715353243
472 0.00137640413149924
473 -0.00635191387555333
474 -0.0110611007314265
475 -0.0165073724082731
476 -0.0206986551897755
477 -0.0271559256734647
478 -0.027928855646271
479 -0.0316362757412652
480 -0.0344865596078648
481 -0.0437169071421906
482 -0.0455494051835043
483 -0.0507499344105792
484 -0.0582454874109263
485 -0.0634925280956108
486 -0.0768136738607416
487 -0.104595445667164
488 -0.112731296789195
489 -0.130313084354229
490 -0.143686074956798
491 -0.163349655171447
492 -0.166733955652131
493 -0.181688495835131
494 -0.193028455149806
495 -0.20010818468045
496 -0.203527433794746
497 -0.200473817296784
498 -0.195859463200607
499 -0.198031488866754
500 -0.184812246901425
501 -0.165638976421899
502 -0.145143755494421
503 -0.132372255056423
504 -0.11415478431087
505 -0.0989126703225957
506 -0.0903943998810964
507 -0.0793629738193638
508 -0.07608047545521
509 -0.0706492769135209
510 -0.0685573640894482
511 -0.0690347121436188
512 -0.0670869512998767
513 -0.0670662705907056
514 -0.0660567428606063
515 -0.0655809595665034
516 -0.0652033919158694
517 -0.0659644237381332
518 -0.0653402614475765
519 -0.0652889447556903
520 -0.0653227465491401
521 -0.0654520815831733
522 -0.0655121346569073
523 -0.0652398401619531
524 -0.0636005152042177
525 -0.0630354267954599
526 -0.0617492623547886
527 -0.0597874037769172
528 -0.0578751329698024
529 -0.0552543866112566
530 -0.054059652569415
531 -0.0519175980720991
532 -0.0479923169428411
533 -0.045746274905963
534 -0.0417489917121909
535 -0.0393776874206259
536 -0.0353709381409898
537 -0.0334590093464167
538 -0.0297389146335436
539 -0.0283427335270276
540 -0.0251850949547822
541 -0.0235712960637368
542 -0.0215109151253153
543 -0.0192659895245412
544 -0.0177956536374974
545 -0.0179164704196632
546 -0.0171443730809464
547 -0.0171555430978123
548 -0.015710346446609
549 -0.0159162775895658
550 -0.0157516029044604
551 -0.0157533282573941
552 -0.0156651985116038
553 -0.0160570830239856
554 -0.0158728048995529
555 -0.0158396193036081
