0 0
1 1.99829924916821
2 1.99829924916821
3 1.9914385874333
4 1.90369188900176
5 1.70951725734204
6 1.46909690338603
7 0.864721117810224
8 0.212521071601326
9 -0.79359838299671
10 -1.74887592289466
11 -2.02840065805695
12 -1.90325046977364
13 -1.38558008917211
14 -0.721497540206647
15 -0.194301025697853
16 0.192884636529847
17 0.538185942667947
18 0.771909039339398
19 0.964977412417149
20 1.08588157568818
21 1.17594052836646
22 1.23990334316413
23 1.26556096800687
24 1.26805675242558
25 1.28333429144662
26 1.24822690830271
27 1.19287312715968
28 1.1316464273776
29 1.08125940652261
30 1.0385549402763
31 1.0016422380342
32 0.977892567427452
33 0.99478147623107
34 1.00358587720918
35 1.01958134192246
36 1.04512514796861
37 1.07292998666671
38 1.10918015451386
39 1.14891132660687
40 1.17688725572205
41 1.22113134266711
42 1.25569470682573
43 1.29496327340722
44 1.33400229299091
45 1.39040361493497
46 1.40122838369057
47 1.40484629616912
48 1.40798253385271
49 1.4131911133446
50 1.42459286877424
51 1.53624022736048
52 1.53614336566147
53 1.53686320985812
54 1.5429463854404
55 1.53360359108827
56 1.58233993847519
57 1.64990995446306
58 1.7403064202697
59 1.86353417401216
60 2.00933049208633
61 2.15674680679846
62 2.3172119960057
63 2.48671785349875
64 2.66290466799426
65 2.73654209517116
66 2.86815600716814
67 3.01306632561124
68 3.12681518958426
69 3.29726894203515
70 3.53149374999675
71 3.72621757446584
72 3.93577717164333
73 4.17309385088286
74 4.47373627958205
75 4.79687263540031
76 4.98301133543418
77 5.35626301067038
78 5.74546941258366
79 6.05639464932482
80 6.41584015339165
81 6.79840266417648
82 6.93884848824159
83 7.24902201281194
84 7.52799654512497
85 7.64294564951513
86 7.90420570985543
87 8.11142763268083
88 8.26916587773254
89 8.40029626768533
90 8.39545570055072
91 8.2946789211412
92 8.10947729830009
93 7.91924525265503
94 7.69463364649329
95 7.37315746433621
96 6.96245555385548
97 6.58447328191908
98 6.17056554181068
99 5.67805672464305
100 5.19398056010623
101 4.68547592556812
102 4.26562986592684
103 3.88284473572577
104 3.56500546653851
105 3.16047957568688
106 2.83519700538083
107 2.50096536357021
108 2.33477441954071
109 2.1095801658406
110 1.91712626106265
111 1.67407156058452
112 1.52073878628217
113 1.41063179282489
114 1.3669233298208
115 1.2466224480394
116 1.22957463970711
117 1.23500551425217
118 1.2520383657854
119 1.27377778141217
120 1.29094895296558
121 1.30671065898288
122 1.48343030837264
123 1.40130015294904
124 1.30002870706214
125 1.34461983251468
126 1.1396384420788
127 0.865688067833423
128 0.645002356200082
129 0.352511911156996
130 0.251766300824134
131 -0.0567554546260062
132 -0.301361099278456
133 -0.533388045023335
134 -0.48585568380583
135 -0.62827984033087
136 -0.696263599982367
137 -0.660685689670744
138 -0.435983743713598
139 -0.354381444480439
140 -0.15286543310546
141 0.277416664045109
142 0.877207516744941
143 1.48978836548394
144 2.31589562911758
145 3.37142991475286
146 3.95601025264116
147 6.17143423215723
148 8.95885453374145
149 11.8924780082499
150 15.9604426442526
151 19.7073346881511
152 24.4261422650253
153 25.853735238732
154 26.0525258419751
155 27.1260157455726
156 25.6597861629167
157 24.0782100818688
158 21.8757352699301
159 19.9483594580872
160 17.7627387343628
161 15.8487192221527
162 13.7822223442491
163 12.1335708596692
164 10.4879357227312
165 9.23412169203638
166 7.83844393184999
167 6.81414676960208
168 5.90355628870951
169 5.1015631635346
170 4.47070726692532
171 3.8855051902968
172 3.37649692209401
173 2.99079932640102
174 2.31059324604862
175 1.99981541629052
176 1.84377807536024
177 1.43990788229773
178 1.40358246522621
179 1.39496474403224
180 1.34586025837341
181 1.22959533473567
182 0.978846555951874
183 0.631088599196431
184 0.0702900414432204
185 -0.575308782092177
186 -1.5161006495235
187 -3.89511848284942
188 -5.91097617468766
189 -8.25749199911813
190 -13.7054302553612
191 -20.4163624638093
192 -31.479261938138
193 -36.5934140884061
194 -35.8633325993362
195 -33.7738630548481
196 -29.9718689189319
197 -26.4047713514265
198 -22.5871470875915
199 -17.9631808362072
200 -14.6627024280287
201 -11.9419253988489
202 -9.68082052004346
203 -7.7319758286434
204 -6.08211970367272
205 -4.72495631222215
206 -3.53036854870784
207 -2.70795849670751
208 -2.00721756110695
209 -1.46460461017026
210 -0.949333373440497
211 -0.55048610159636
212 -0.279045325468603
213 0.0275297968302783
214 0.234099457563084
215 0.488398777270547
216 0.710420976227725
217 0.972484338891391
218 1.18693083108979
219 1.46366435095403
220 1.7481134409985
221 2.10423606911098
222 2.47045332131218
223 2.86629566996564
224 3.42238062994839
225 4.01414930271974
226 4.69877250573563
227 6.22636192532125
228 8.58077320735388
229 11.2197742063743
230 13.7279864719864
231 16.1661810518993
232 17.6149663839704
233 18.4904603656939
234 18.836442161938
235 20.0586225391627
236 19.560522434229
237 18.6921376592174
238 17.3726829859395
239 16.0812541001877
240 14.4047295849275
241 13.2644755116693
242 11.6922713331882
243 10.3909536694827
244 9.34294157132423
245 8.39328468805788
246 7.56461428408243
247 6.80057617035288
248 6.3776175340368
249 5.98913542001201
250 5.61874102197381
251 5.33304571799792
252 5.22005095982299
253 5.10400631005595
254 5.0559405609621
255 5.0276526584573
256 4.9854996066879
257 4.99203441241475
258 5.00501236107864
259 5.06966626332922
260 5.15862851967051
261 5.21286429804189
262 5.28753388306374
263 5.32908627210399
264 5.34551739955689
265 5.33194703468962
266 5.28180683722387
267 5.16578853127698
268 4.98716392882175
269 4.78139252884994
270 4.57925156225622
271 4.32244518837772
272 4.07594122318908
273 3.78467991704031
274 3.52915664978113
275 3.26280981620817
276 3.00877506365553
277 2.73065142713234
278 2.49275555400514
279 2.23812429748832
280 2.04074697830994
281 1.85523583030819
282 1.62418406077324
283 1.50372985282282
284 1.41020772689682
285 1.33508131498349
286 1.37538542716024
287 1.36422069067894
288 1.38400619438715
289 1.41271718047355
290 1.42405606240325
291 1.4491500719807
292 1.46986556445905
293 1.5375290021381
294 1.52436393973107
295 1.43199954463315
296 1.42432331540819
297 1.45450147974201
298 1.45352726923438
299 1.451873369593
300 1.47765977434055
301 1.45383814516064
302 1.42703008830183
303 1.40034231975546
304 1.38137422369993
305 1.40038452900122
306 1.40139409350841
307 1.41064193740771
308 1.4207429346555
309 1.4445419663706
310 1.48234418142267
311 1.55213569433611
312 1.57288272558148
313 1.59748428570401
314 1.63278979361987
315 1.77333733404304
316 1.79726372297285
317 1.82340993059599
318 1.83700267756656
319 1.91065650520416
320 2.02399361956139
321 2.14451429729471
322 2.26373856172843
323 2.37686027493142
324 2.56348649019226
325 2.71894902834598
326 2.88251172839897
327 2.92203525254058
328 3.04418719370435
329 3.20769457342675
330 3.32002629327536
331 3.45595743604326
332 3.69555534366093
333 3.89044341765113
334 4.10409313465912
335 4.33517096216839
336 4.5851706417111
337 4.73728478088392
338 5.06344984791693
339 5.38243912293167
340 5.69570016765435
341 6.02395002180372
342 6.400432640901
343 6.76437775758636
344 6.98118818446677
345 7.31721626950477
346 7.59704693124677
347 7.76444420496571
348 8.06915857011649
349 8.27738431555025
350 8.38264538514996
351 8.47656750524581
352 8.46912169668683
353 8.38837731294465
354 8.1979634125321
355 7.98577345150583
356 7.71814918464744
357 7.46400265102088
358 7.07609004068664
359 6.72997278513663
360 6.30497343408596
361 5.90307353056713
362 5.44850917582387
363 5.05934644541803
364 4.60901465109076
365 4.24822977063505
366 3.81748414644568
367 3.3946717584582
368 3.03712842435992
369 2.70795584729538
370 2.40990669723327
371 2.21476846200244
372 2.00495043546167
373 1.80094604420728
374 1.58540312040894
375 1.43564650826237
376 1.35836062073273
377 1.2389586641107
378 1.2190916104404
379 1.23549043115597
380 1.25878072551916
381 1.28768136084638
382 1.30883536087124
383 1.50931010856655
384 1.42921460012214
385 1.27736862509438
386 1.30273551803296
387 1.08524799493495
388 0.838903858443582
389 0.539008496290966
390 0.282879301419157
391 0.144457130505693
392 -0.116731343459813
393 -0.385648019339112
394 -0.600895878845561
395 -0.560460031686614
396 -0.678946690976416
397 -0.69812936302757
398 -0.638803017029319
399 -0.413373800979947
400 -0.28035804664792
401 0.0186810313962635
402 0.500961331556806
403 1.38335259624719
404 2.02361636499653
405 3.14897471307563
406 4.31731688042476
407 5.03135486488936
408 7.34127566943318
409 9.98409306142151
410 13.0520951156339
411 16.9189338573534
412 19.4601519871204
413 23.3416760747286
414 24.7309865422295
415 25.0630757149329
416 24.7235398196742
417 25.340179216435
418 23.9752384285102
419 22.6761437828856
420 20.6270673484774
421 18.9505143247885
422 17.0228927695399
423 15.3875556541895
424 13.6044025090489
425 12.1552948951203
426 10.6645026562455
427 9.39833990336178
428 8.1269548081917
429 6.93674749807381
430 5.97491493948864
431 5.14067180552665
432 4.42168547388087
433 3.69247226305608
434 3.12671378890175
435 2.35053572507188
436 2.01995813953276
437 1.75150210846062
438 1.27882413254384
439 1.20317761039007
440 1.16299046952666
441 1.05463016547984
442 0.85767856928786
443 0.523452176635443
444 0.0238223080053972
445 -0.66643572532246
446 -1.55877337819945
447 -2.9111683503214
448 -4.46496205369938
449 -6.34277587891927
450 -8.92895691721869
451 -13.835133329537
452 -17.8598479400832
453 -21.49291574454
454 -31.3157769319757
455 -33.6871741888754
456 -32.7116377981453
457 -30.9716992813629
458 -28.1850630520087
459 -24.8854295965535
460 -21.3939636362089
461 -18.156722767373
462 -15.145451424663
463 -12.5546662939822
464 -9.75316435530209
465 -7.8399035624067
466 -6.2299141693313
467 -4.72440112720561
468 -3.62741867160893
469 -2.62276779305689
470 -1.81790529328132
471 -1.04715177454735
472 -0.459225300692961
473 0.0733162556087141
474 0.465286861441306
475 0.842905620039073
476 1.17247645613069
477 1.41530581995238
478 1.66088378538976
479 1.86806728520293
480 2.09026118264784
481 2.39589463164212
482 2.67988576710047
483 3.02152300656933
484 3.62320157872616
485 4.18055777452333
486 5.36518365891889
487 7.54837559793397
488 9.76931317113887
489 12.1446145943909
490 14.3883011150865
491 16.4022183103769
492 17.5224778631276
493 18.2457995855969
494 18.6050635010285
495 19.7338690212365
496 18.9979939277309
497 18.0573019459852
498 16.622009378991
499 15.3083797987942
500 13.9464595419398
501 12.3469248686362
502 10.9507432057322
503 9.67288584522154
504 8.62695374169036
505 7.62654875001962
506 6.97818551363465
507 6.47618772893204
508 6.1127197032848
509 5.84475586763615
510 5.57795741789184
511 5.36486243043098
512 5.28794302513742
513 5.19983284279089
514 5.16791380920651
515 5.14864452194066
516 5.14338402951689
517 5.10963422799927
518 5.11788650368092
519 5.13095128881882
520 5.16198254404206
521 5.21043393463033
522 5.25628550104249
523 5.28944841628088
524 5.33573042126399
525 5.3341323230727
526 5.30976853810534
527 5.24967881883594
528 5.15972367722677
529 5.02843326358617
530 4.85297790193402
531 4.66950680950743
532 4.47976526071693
533 4.23473374480271
534 4.00370185927222
535 3.72853756816591
536 3.49040644334225
537 3.20215841858161
538 2.9637750103628
539 2.69799168681307
540 2.47474281810307
541 2.23383106232309
542 2.05543981146151
543 1.83785783588506
544 1.63218646314899
545 1.49769891151299
546 1.39905119259527
547 1.33419575730767
548 1.38915600496977
549 1.38635907918951
550 1.38061231213885
551 1.41000715509523
552 1.4462959883094
553 1.45227081408886
554 1.47169809670247
555 1.48981125311993
