0 0
1 0
2 3.942019
3 6.78585
4 1.812534
5 1.734278
6 2.605505
7 4.331081
8 5.902638
9 7.923707
10 9.474946
11 11.22438
12 12.61158
13 14.55577
14 16.64615
15 18.3344
16 19.91654
17 21.49464
18 22.81983
19 24.38484
20 25.72396
21 27.22689
22 29.07121
23 30.69859
24 31.9435
25 33.51775
26 35.06285
27 36.57925
28 37.90364
29 39.04461
30 40.16911
31 41.43435
32 42.67871
33 43.90259
34 45.10627
35 46.14318
36 47.30994
37 48.31498
38 49.4458
39 50.55797
40 51.51602
41 52.72746
42 53.65418
43 54.69678
44 55.72215
45 56.60541
46 57.59915
47 58.45508
48 59.4183
49 60.24797
50 61.18141
51 61.98549
52 63.11393
53 63.99968
54 64.76275
55 65.62126
56 66.46545
57 67.19254
58 67.909
59 68.71478
60 69.50719
61 70.18946
62 70.86139
63 71.52367
64 72.17566
65 72.90881
66 73.53976
67 74.1611
68 74.85933
69 74.19384
70 71.27075
71 67.4584
72 64.19282
73 60.99268
74 58.53302
75 59.35041
76 60.27752
77 60.75489
78 57.17623
79 53.68814
80 50.27691
81 49.88018
82 50.84029
83 52.05191
84 53.24054
85 53.0327
86 49.21391
87 45.90702
88 45.35099
89 46.64526
90 47.79193
91 49.05991
92 50.16706
93 51.25569
94 52.32659
95 53.50916
96 54.79747
97 55.80902
98 56.80301
99 57.90749
100 58.98383
101 60.05073
102 60.97407
103 62.00702
104 62.67694
105 63.56871
106 64.33334
107 65.19322
108 65.94025
109 66.66964
110 67.39307
111 68.10466
112 69.10462
113 70.18119
114 70.85392
115 71.51713
116 72.35579
117 72.99754
118 73.63009
119 74.25362
120 74.78092
121 75.4739
122 76.09258
123 76.73254
124 77.30023
125 77.96014
126 78.51559
127 79.14561
128 79.61076
129 80.22224
130 80.74926
131 81.3424
132 81.85346
133 82.42864
134 82.99442
135 83.55093
136 84.16601
137 84.63659
138 85.16596
139 85.68656
140 86.13469
141 86.39674
142 85.90046
143 81.91016
144 78.51246
145 74.97897
146 71.0835
147 67.2733
148 63.53734
149 59.88558
150 56.31675
151 52.39238
152 48.56454
153 45.24277
154 42.3953
155 39.21697
156 36.11488
157 33.45987
158 30.50303
159 31.09621
160 32.48867
161 33.69552
162 35.05974
163 36.23676
164 37.56165
165 38.69983
166 39.98433
167 41.09158
168 42.18336
169 43.26041
170 44.4727
171 45.51674
172 46.54614
173 47.41636
174 48.56067
175 49.82576
176 50.7938
177 51.88298
178 53.08708
179 54.13904
180 55.17352
181 56.06485
182 57.06785
183 57.93202
184 58.9044
185 59.8607
186 60.91722
187 62.51894
188 63.41286
189 60.32914
190 56.32112
191 51.14116
192 47.76821
193 42.84563
194 40.04512
195 36.911
196 33.48152
197 30.13749
198 30.20405
199 32.28721
200 33.83623
201 35.2049
202 36.5505
203 37.87612
204 39.18013
205 40.3042
206 41.57079
207 42.66161
208 43.88321
209 44.93804
210 46.12415
211 47.14634
212 48.01063
213 49.14652
214 49.98621
215 51.08958
216 52.04015
217 53.24208
218 54.1614
219 55.19566
220 56.08643
221 57.08838
222 58.07332
223 58.9207
224 59.87375
225 60.69383
226 61.5009
227 61.5704
228 57.08856
229 53.16366
230 49.33429
231 45.60291
232 42.36723
233 39.20611
234 36.49962
235 35.67094
236 37.04149
237 38.1757
238 39.61263
239 40.62068
240 41.07241
241 41.07079
242 42.46032
243 43.81891
244 44.86376
245 46.0449
246 47.20217
247 48.48266
248 49.60729
249 50.70706
250 52.0605
251 53.25356
252 54.16593
253 55.1923
254 56.07686
255 57.07106
256 57.92786
257 58.89184
258 59.72107
259 60.77006
260 61.79879
261 62.58529
262 63.35992
263 63.9686
264 64.49796
265 65.28371
266 66.01655
267 66.84393
268 67.55199
269 68.35786
270 69.04333
271 69.82182
272 70.49721
273 71.24665
274 71.89747
275 72.54491
276 73.17787
277 73.88654
278 74.50441
279 75.20168
280 75.79294
281 76.46926
282 77.37826
283 77.94406
284 78.50452
285 79.13377
286 79.98294
287 81.03627
288 81.5518
289 82.05992
290 82.56075
291 83.19404
292 83.74714
293 84.29114
294 84.82615
295 85.35226
296 85.86976
297 86.37871
298 86.87919
299 87.31028
300 87.79542
301 88.21323
302 88.62499
303 89.03078
304 89.37392
305 89.76881
306 90.26814
307 90.65007
308 91.02637
309 91.39716
310 91.81432
311 92.17348
312 92.57753
313 92.92545
314 93.26808
315 93.3485
316 93.00879
317 92.21926
318 85.52804
319 81.90951
320 79.42101
321 79.90954
322 80.43956
323 80.88721
324 81.54848
325 81.5608
326 80.80661
327 75.64908
328 71.57475
329 68.49794
330 69.35822
331 70.23019
332 68.91806
333 65.15611
334 61.93851
335 58.78479
336 56.66749
337 57.61316
338 58.58214
339 59.23998
340 56.80085
341 53.7508
342 51.6977
343 52.73394
344 53.78089
345 54.6918
346 51.46115
347 48.5192
348 46.68343
349 47.81699
350 48.6641
351 49.77734
352 50.87186
353 51.94722
354 52.62208
355 52.68249
356 52.23598
357 52.96847
358 54.11003
359 55.00512
360 56.0116
361 56.88408
362 57.86012
363 58.70873
364 59.65813
365 60.47461
366 61.63048
367 62.5307
368 63.31412
369 64.08142
370 64.84151
371 65.69872
372 66.43227
373 67.26213
374 67.976
375 69.17722
376 70.25252
377 70.92439
378 71.86764
379 72.79177
380 73.42736
381 74.14264
382 74.7588
383 75.4777
384 76.2359
385 77.03626
386 77.69614
387 78.25579
388 78.81169
389 79.43609
390 79.9743
391 80.58013
392 81.10215
393 81.68961
394 82.26755
395 82.9064
396 83.53349
397 84.01313
398 84.48588
399 85.01773
400 85.60543
401 86.11834
402 86.37325
403 81.5335
404 78.0588
405 74.15012
406 70.72224
407 66.93243
408 63.2126
409 59.57249
410 55.57876
411 52.11005
412 49.13598
413 45.80706
414 42.55636
415 39.77353
416 36.66403
417 34.00338
418 31.03602
419 31.42656
420 32.81532
421 34.01485
422 35.36649
423 36.53279
424 37.84777
425 38.98143
426 40.25816
427 41.35259
428 42.58901
429 43.80677
430 44.85644
431 46.03984
432 47.06177
433 48.20963
434 49.20041
435 50.31572
436 51.27554
437 52.35676
438 53.41988
439 54.46581
440 55.62243
441 57.00693
442 57.99434
443 58.96564
444 59.92094
445 60.97684
446 62.01288
447 62.92661
448 62.74752
449 59.12918
450 54.7271
451 51.70939
452 48.34815
453 45.04119
454 41.42384
455 38.28138
456 34.07875
457 30.73968
458 31.48665
459 33.02906
460 34.54936
461 36.04883
462 37.52725
463 38.82267
464 40.41911
465 41.6767
466 42.76009
467 43.98174
468 45.03586
469 46.2183
470 47.2412
471 48.39061
472 49.3799
473 50.49214
474 51.45128
475 52.53033
476 53.59167
477 54.50597
478 55.53451
479 56.42027
480 57.29314
481 58.27489
482 59.35916
483 60.30494
484 61.46447
485 62.26066
486 61.47522
487 56.12177
488 52.22712
489 48.8419
490 45.12996
491 41.90871
492 39.14959
493 36.0652
494 36.51103
495 37.81857
496 39.41986
497 40.5157
498 40.03555
499 36.5488
500 36.20135
501 37.83152
502 39.28194
503 40.55216
504 41.80579
505 43.19205
506 44.25046
507 45.29665
508 46.47298
509 47.48553
510 48.90662
511 50.02218
512 50.98277
513 52.06334
514 52.99406
515 54.04074
516 54.94263
517 55.95719
518 56.83043
519 57.81253
520 58.53838
521 59.49159
522 60.31234
523 61.23543
524 62.03012
525 62.92369
526 63.69359
527 64.55933
528 65.30548
529 66.0388
530 66.6589
531 67.37928
532 68.07848
533 68.87443
534 69.56345
535 70.32914
536 70.99442
537 71.74838
538 72.39144
539 73.11583
540 73.74494
541 74.45399
542 75.05766
543 75.91737
544 76.75312
545 77.41183
546 78.05941
547 78.69639
548 79.32319
549 79.93977
550 80.54638
551 81.14307
552 81.73001
553 82.30732
554 82.80464
555 83.36421
