0 0
1 -40.62
2 -40.62
3 -40.62078
4 -40.65555
5 -40.73992
6 -40.84644
7 -41.10852
8 -41.38543
9 -41.79681
10 -42.18861
11 -42.74389
12 -43.31606
13 -44.17442
14 -45.28539
15 -46.29144
16 -47.25492
17 -48.44668
18 -49.56715
19 -50.93356
20 -52.20164
21 -53.73059
22 -55.75674
23 -57.68488
24 -59.25011
25 -61.34337
26 -63.52388
27 -65.78725
28 -67.86518
29 -69.73253
30 -71.64439
31 -73.88232
32 -76.17503
33 -78.52084
34 -80.91799
35 -83.05611
36 -85.5442
37 -87.75854
38 -90.3296
39 -92.9413
40 -95.25768
41 -98.27524
42 -100.6503
43 -103.3916
44 -106.1587
45 -108.5984
46 -111.4044
47 -113.8725
48 -116.7042
49 -119.1892
50 -122.0341
51 -124.5252
52 -128.0819
53 -130.9208
54 -133.3961
55 -136.2114
56 -139.0079
57 -141.4359
58 -143.8431
59 -146.5637
60 -149.2455
61 -151.5547
62 -153.8233
63 -156.0452
64 -158.2136
65 -160.6172
66 -162.6465
67 -164.5979
68 -166.721
69 -168.6981
70 -170.0433
71 -171.6261
72 -172.8226
73 -173.8531
74 -174.8432
75 -175.6896
76 -176.3976
77 -176.9504
78 -177.3206
79 -177.51
80 -177.5379
81 -177.3927
82 -177.1423
83 -176.6258
84 -175.8694
85 -175.1113
86 -173.9756
87 -172.8643
88 -171.8155
89 -170.2679
90 -168.6893
91 -166.6742
92 -164.6634
93 -162.4422
94 -160.0106
95 -157.0259
96 -153.4071
97 -150.2896
98 -146.9823
99 -143.0465
100 -138.899
101 -134.5558
102 -130.5442
103 -125.8762
104 -122.6804
105 -118.3235
106 -114.4278
107 -109.8882
108 -105.8449
109 -101.7399
110 -97.57722
111 -93.35982
112 -87.24535
113 -80.40469
114 -75.99235
115 -71.53598
116 -65.74417
117 -61.19278
118 -56.60196
119 -51.97293
120 -47.97566
121 -42.60483
122 -37.86884
123 -32.41158
124 -27.60524
125 -22.07266
126 -17.19905
127 -11.59295
128 -7.36349
129 -1.691486
130 3.302003
131 9.043637
132 14.09811
133 19.90969
134 25.75882
135 31.64557
136 38.31271
137 43.5302
138 49.52621
139 55.55598
140 60.85764
141 66.93947
142 72.24033
143 78.11151
144 83.00234
145 87.65842
146 92.68813
147 97.4075
148 101.8123
149 105.8941
150 109.6466
151 113.4675
152 116.8561
153 119.5012
154 121.5313
155 123.53
156 125.1982
157 126.4
158 127.5021
159 128.387
160 129.1211
161 129.6182
162 130.003
163 130.1685
164 130.1627
165 129.9894
166 129.59
167 129.0722
168 128.4047
169 127.596
170 126.5103
171 125.4282
172 124.2316
173 123.1206
174 121.5249
175 119.5857
176 117.9831
177 116.0597
178 113.7875
179 111.6813
180 109.5008
181 107.5356
182 105.2282
183 103.1591
184 100.7431
185 98.28075
186 95.47015
187 91.08316
188 88.61121
189 86.27524
190 83.95884
191 81.40377
192 80.04745
193 78.56229
194 77.99812
195 77.62059
196 77.509
197 77.6692
198 78.14816
199 79.2161
200 80.40634
201 81.74501
202 83.3337
203 85.15544
204 87.18913
205 89.12488
206 91.4967
207 93.69566
208 96.33485
209 98.74422
210 101.6024
211 104.1878
212 106.4619
213 109.5718
214 111.959
215 115.2099
216 118.1142
217 121.9246
218 124.9427
219 128.4449
220 131.5508
221 135.142
222 138.7702
223 141.9678
224 145.6381
225 148.8542
226 152.0643
227 157.4666
228 161.629
229 164.9706
230 167.9277
231 170.4998
232 172.4694
233 174.1504
234 175.3953
235 176.5996
236 177.7818
237 178.5654
238 179.3591
239 179.8288
240 180.0653
241 180.0025
242 179.5738
243 178.8321
244 178.0218
245 176.8542
246 175.4379
247 173.5609
248 171.6585
249 169.5495
250 166.6384
251 163.7729
252 161.3908
253 158.5086
254 155.8502
255 152.6598
256 149.7376
257 146.2522
258 143.0775
259 138.8285
260 134.3971
261 130.8287
262 127.1575
263 122.8499
264 118.9966
265 114.4959
266 110.4712
267 105.7795
268 101.6013
269 96.75214
270 92.45222
271 87.48292
272 83.09354
273 78.03879
274 73.58911
275 69.11932
276 64.6339
277 59.49384
278 54.98709
279 49.82923
280 45.31227
281 40.14697
282 33.04065
283 28.51651
284 23.99071
285 18.81726
286 11.70385
287 2.655841
288 -1.863472
289 -6.378547
290 -10.88831
291 -16.67685
292 -21.811
293 -26.93225
294 -32.03828
295 -37.12665
296 -42.19478
297 -47.24047
298 -52.2619
299 -56.63408
300 -61.60416
301 -65.92808
302 -70.22723
303 -74.49999
304 -78.14024
305 -82.36012
306 -87.74052
307 -91.88798
308 -96.00095
309 -100.0775
310 -104.689
311 -108.68
312 -113.1875
313 -117.0812
314 -120.9244
315 -124.1721
316 -128.416
317 -132.0262
318 -135.8861
319 -138.9961
320 -142.3176
321 -145.1429
322 -147.9131
323 -150.2393
324 -153.6356
325 -156.1832
326 -158.6206
327 -160.8668
328 -162.8821
329 -165.4555
330 -167.5984
331 -169.5974
332 -171.5935
333 -172.9638
334 -173.9845
335 -174.8491
336 -175.5694
337 -176.2636
338 -176.8216
339 -177.186
340 -177.4429
341 -177.5262
342 -177.4739
343 -177.2636
344 -176.8799
345 -176.3081
346 -175.6751
347 -174.9493
348 -173.8919
349 -172.7773
350 -171.8158
351 -170.3576
352 -168.6894
353 -166.8029
354 -164.4261
355 -161.8079
356 -158.9887
357 -156.6497
358 -153.4198
359 -150.7352
360 -147.4886
361 -144.4994
362 -140.9231
363 -137.6631
364 -133.7977
365 -130.3022
366 -125.1403
367 -120.8801
368 -117.0648
369 -113.174
370 -109.2133
371 -104.6069
372 -100.5115
373 -95.76176
374 -91.54825
375 -84.20741
376 -77.35528
377 -72.93682
378 -66.55005
379 -60.07901
380 -55.50114
381 -50.22244
382 -45.56388
383 -40.19672
384 -34.10102
385 -27.26897
386 -21.75577
387 -16.89913
388 -12.01267
389 -6.392366
390 -1.443665
391 4.247228
392 9.257638
393 15.01924
394 20.81874
395 27.38872
396 34.00695
397 39.18742
398 44.39608
399 50.38225
400 57.157
401 63.21155
402 68.52402
403 74.40852
404 79.28698
405 84.59499
406 88.99348
407 93.74
408 98.1861
409 102.3261
410 106.6111
411 110.0847
412 112.8616
413 115.7306
414 118.2741
415 120.235
416 122.1811
417 123.6352
418 125.0297
419 126.0767
420 127.1697
421 128.0135
422 128.8224
423 129.3742
424 129.8092
425 130.0073
426 130.0223
427 129.8569
428 129.4482
429 128.8126
430 128.0777
431 127.0451
432 125.9865
433 124.6133
434 123.2789
435 121.6168
436 120.053
437 118.1551
438 116.1514
439 114.0521
440 111.59
441 108.4548
442 106.096
443 103.6779
444 101.2079
445 98.37899
446 95.51299
447 92.6381
448 90.13901
449 87.81149
450 85.24079
451 83.66914
452 82.10447
453 80.7927
454 79.62942
455 78.8646
456 78.20283
457 77.9611
458 77.9541
459 78.19751
460 78.75401
461 79.65651
462 80.924
463 82.35831
464 84.54222
465 86.57619
466 88.54408
467 90.98523
468 93.269
469 96.02804
470 98.5589
471 101.5697
472 104.2966
473 107.5071
474 110.391
475 113.7642
476 117.2118
477 120.2836
478 123.8507
479 127.0153
480 130.2149
481 133.9079
482 138.0989
483 141.8452
484 146.538
485 149.8177
486 155.2995
487 160.3005
488 163.6238
489 166.2721
490 168.9087
491 170.9532
492 172.5176
493 174.0558
494 175.5542
495 176.7722
496 178.0931
497 178.9444
498 179.682
499 180.0067
500 180.0425
501 179.7582
502 179.1966
503 178.4489
504 177.4707
505 176.102
506 174.8492
507 173.4394
508 171.6469
509 169.9281
510 167.2403
511 164.9
512 162.7181
513 160.0736
514 157.6293
515 154.6884
516 151.9877
517 148.7573
518 145.8065
519 142.2945
520 139.5643
521 135.7986
522 132.389
523 128.3656
524 124.7382
525 120.4759
526 116.6498
527 112.1741
528 108.174
529 104.1022
530 100.5601
531 96.37266
532 92.13282
533 87.2319
534 82.90172
535 77.91343
536 73.52047
537 68.47371
538 64.03971
539 58.95679
540 54.49846
541 49.39412
542 44.92236
543 38.52718
544 32.12541
545 27.00037
546 21.87247
547 16.74286
548 11.61271
549 6.483381
550 1.356224
551 -3.767618
552 -8.886669
553 -13.99915
554 -18.46571
555 -23.56065
