0 0
-40.62 108.73
-40.62 108.73
-40.62078 108.7294
-40.65555 108.7008
-40.73992 108.6314
-40.84644 108.5424
-41.10852 108.3173
-41.38543 108.0699
-41.79681 107.683
-42.18861 107.2943
-42.74389 106.7933
-43.31606 106.303
-44.17442 105.5996
-45.28539 104.7248
-46.29144 103.9562
-47.25492 103.2326
-48.44668 102.3475
-49.56715 101.5214
-50.93356 100.5167
-52.20164 99.58386
-53.73059 98.45497
-55.75674 96.94775
-57.68488 95.49822
-59.25011 94.30877
-61.34337 92.69849
-63.52388 90.99613
-65.78725 89.20011
-67.86518 87.52383
-69.73253 85.99541
-71.64439 84.40963
-73.88232 82.52748
-76.17503 80.57129
-78.52084 78.54158
-80.91799 76.43879
-83.05611 74.53906
-85.5442 72.29959
-87.75854 70.28011
-90.3296 67.90325
-92.9413 65.45248
-95.25768 63.2468
-98.27524 60.32594
-100.6503 57.98727
-103.3916 55.24186
-106.1587 52.418
-108.5984 49.88191
-111.4044 46.90794
-113.8725 44.23849
-116.7042 41.10978
-119.1892 38.30338
-122.0341 35.0167
-124.5252 32.07093
-128.0819 27.74854
-130.9208 24.19278
-133.3961 21.0091
-136.2114 17.28708
-139.0079 13.47516
-141.4359 10.06555
-143.8431 6.586164
-146.5637 2.52319
-149.2455 -1.633632
-151.5547 -5.349051
-153.8233 -9.138806
-156.0452 -13.00435
-158.2136 -16.94705
-160.6172 -21.54908
-162.6465 -25.66116
-164.5979 -29.85402
-166.721 -34.74561
-168.6981 -39.69542
-170.0433 -43.34366
-171.6261 -48.02703
-172.8226 -51.95344
-173.8531 -55.71757
-174.8432 -59.83013
-175.6896 -63.962
-176.3976 -68.18499
-176.9504 -72.48252
-177.3206 -76.66698
-177.51 -80.61098
-177.5379 -84.31304
-177.3927 -88.29054
-177.1423 -91.4366
-176.6258 -95.5491
-175.8694 -99.72231
-175.1113 -102.9599
-173.9756 -106.8947
-172.8643 -110.0934
-171.8155 -112.7135
-170.2679 -116.081
-168.6893 -119.0722
-166.6742 -122.4135
-164.6634 -125.3431
-162.4422 -128.2164
-160.0106 -131.0169
-157.0259 -134.0605
-153.4071 -137.2846
-150.2896 -139.7261
-146.9823 -142.0313
-143.0465 -144.45
-138.899 -146.6761
-134.5558 -148.7046
-130.5442 -150.3397
-125.8762 -151.9934
-122.6804 -152.9886
-118.3235 -154.1869
-114.4278 -155.1194
-109.8882 -156.0599
-105.8449 -156.7793
-101.7399 -157.4088
-97.57722 -157.955
-93.35982 -158.4228
-87.24535 -158.9626
-80.40469 -159.3924
-75.99235 -159.5816
-71.53598 -159.7085
-65.74417 -159.7841
-61.19278 -159.777
-56.60196 -159.7143
-51.97293 -159.5972
-47.97566 -159.4541
-42.60483 -159.2025
-37.86884 -158.9277
-32.41158 -158.5465
-27.60524 -158.1574
-22.07266 -157.6494
-17.19905 -157.1509
-11.59295 -156.5215
-7.36349 -156.0097
-1.691486 -155.2787
3.302003 -154.5982
9.043637 -153.7802
14.09811 -153.0346
19.90969 -152.1543
25.75882 -151.2499
31.64557 -150.3265
38.31271 -149.2677
43.5302 -148.4292
49.52621 -147.4521
55.55598 -146.4492
60.85764 -145.5415
66.93947 -144.4561
72.24033 -143.4646
78.11151 -142.2802
83.00234 -141.2118
87.65842 -140.1002
92.68813 -138.7597
97.4075 -137.3328
101.8123 -135.8099
105.8941 -134.176
109.6466 -132.43
113.4675 -130.3411
116.8561 -128.1358
119.5012 -126.0985
121.5313 -124.2751
123.53 -122.1695
125.1982 -120.0734
126.4 -118.2733
127.5021 -116.2852
128.387 -114.2929
129.1211 -112.1349
129.6182 -110.1193
130.003 -107.6852
130.1685 -105.4554
130.1627 -102.8106
129.9894 -100.4258
129.59 -97.63486
129.0722 -95.14639
128.4047 -92.62257
127.596 -90.06909
126.5103 -87.11973
125.4282 -84.51491
124.2316 -81.88926
123.1206 -79.6227
121.5249 -76.57797
119.5857 -73.12056
117.9831 -70.4052
116.0597 -67.27136
113.7875 -63.70482
111.6813 -60.49458
109.5008 -57.24412
107.5356 -54.36606
105.2282 -51.03693
103.1591 -48.08776
100.7431 -44.67317
98.28075 -41.20698
95.47015 -37.23699
91.08316 -30.86908
88.61121 -27.09958
86.27524 -23.33684
83.95884 -19.27687
81.40377 -14.13799
80.04745 -10.88854
78.56229 -6.28717
77.99812 -3.769077
77.62059 -1.058548
77.509 1.754052
77.6692 4.291882
78.14816 6.907279
79.2161 10.09077
80.40634 12.47613
81.74501 14.55717
83.3337 16.57927
85.15544 18.52723
87.18913 20.39499
89.12488 21.96465
91.4967 23.69097
93.69566 25.15305
96.33485 26.78029
98.74422 28.17554
101.6024 29.74765
104.1878 31.11212
106.4619 32.2794
109.5718 33.84072
111.959 35.0205
115.2099 36.61267
118.1142 38.02954
121.9246 39.89244
124.9427 41.38071
128.4449 43.13221
131.5508 44.71583
135.142 46.59274
138.7702 48.55105
141.9678 50.34179
145.6381 52.49008
148.8542 54.46973
152.0643 56.55395
157.4666 60.36154
161.629 63.61501
164.9706 66.50381
167.9277 69.3519
170.4998 72.15132
172.4694 74.58488
174.1504 76.95075
175.3953 78.95142
176.5996 81.19679
177.7818 83.87421
178.5654 86.09866
179.3591 89.13164
179.8288 91.96603
180.0653 95.61045
180.0025 98.17969
179.5738 101.8934
178.8321 105.2897
178.0218 107.9482
176.8542 110.9875
175.4379 114.0116
173.5609 117.3785
171.6585 120.3315
169.5495 123.2394
166.6384 126.8006
163.7729 129.9288
161.3908 132.3059
158.5086 134.9561
155.8502 137.2108
152.6598 139.7067
149.7376 141.8134
146.2522 144.1243
143.0775 146.0542
138.8285 148.3973
134.3971 150.5706
130.8287 152.1334
127.1575 153.5761
122.8499 155.065
118.9966 156.2182
114.4959 157.3608
110.4712 158.2024
105.7795 158.9751
101.6013 159.4799
96.75214 159.8581
92.45222 160.0123
87.48292 159.9875
83.09354 159.7905
78.03879 159.3677
73.58911 158.8298
69.11932 158.1399
64.6339 157.3031
59.49384 156.175
54.98709 155.0451
49.82923 153.5979
45.31227 152.2026
40.14697 150.4695
33.04065 147.8625
28.51651 146.0791
23.99071 144.2057
18.81726 141.9585
11.70385 138.6903
2.655841 134.2424
-1.863472 131.9004
-6.378547 129.4816
-10.88831 126.9871
-16.67685 123.6698
-21.811 120.6177
-26.93225 117.4686
-32.03828 114.2224
-37.12665 110.879
-42.19478 107.4382
-47.24047 103.9004
-52.2619 100.2663
-56.63408 97.0079
-61.60416 93.19447
-65.92808 89.77977
-70.22723 86.29263
-74.49999 82.73315
-78.14024 79.62481
-82.36012 75.93184
-87.74052 71.07878
-91.88798 67.22267
-96.00095 63.2954
-100.0775 59.29692
-104.689 54.63966
-108.68 50.48769
-113.1875 45.65422
-117.0812 41.34678
-120.9244 36.96558
-124.1721 33.15556
-128.416 28.01509
-132.0262 23.48376
-135.8861 18.46182
-138.9961 14.26575
-142.3176 9.616288
-145.1429 5.506719
-147.9131 1.32018
-150.2393 -2.330899
-153.6356 -7.91782
-156.1832 -12.342
-158.6206 -16.79786
-160.8668 -21.12968
-162.8821 -25.2364
-165.4555 -30.86562
-167.5984 -35.98446
-169.5974 -41.23679
-171.5935 -47.12598
-172.9638 -51.70266
-173.9845 -55.53123
-174.8491 -59.19376
-175.5694 -62.69674
-176.2636 -66.72742
-176.8216 -70.84955
-177.186 -74.52151
-177.4429 -78.6691
-177.5262 -82.11341
-177.4739 -85.84118
-177.2636 -89.57367
-176.8799 -93.3681
-176.3081 -97.20901
-175.6751 -100.4487
-174.9493 -103.4779
-173.8919 -107.1095
-172.7773 -110.3048
-171.8158 -112.7113
-170.3576 -115.9209
-168.6894 -119.1156
-166.8029 -122.2771
-164.4261 -125.7519
-161.8079 -129.0828
-158.9887 -132.2214
-156.6497 -134.5414
-153.4198 -137.3978
-150.7352 -139.5138
-147.4886 -141.8063
-144.4994 -143.6962
-140.9231 -145.7171
-137.6631 -147.3613
-133.7977 -149.0968
-130.3022 -150.4897
-125.1403 -152.2795
-120.8801 -153.5447
-117.0648 -154.5343
-113.174 -155.4184
-109.2133 -156.2026
-104.6069 -156.9849
-100.5115 -157.5771
-95.76176 -158.1574
-91.54825 -158.5851
-84.20741 -159.1553
-77.35528 -159.5082
-72.93682 -159.653
-66.55005 -159.7576
-60.07901 -159.747
-55.50114 -159.6735
-50.22244 -159.5243
-45.56388 -159.3371
-40.19672 -159.0595
-34.10102 -158.6635
-27.26897 -158.1201
-21.75577 -157.6078
-16.89913 -157.1044
-12.01267 -156.552
-6.392366 -155.8638
-1.443665 -155.2167
4.247228 -154.4323
9.257638 -153.7124
15.01924 -152.8578
20.81874 -151.9753
27.38872 -150.9567
34.00695 -149.9173
39.18742 -149.0959
44.39608 -148.2622
50.38225 -147.2912
57.157 -146.1665
63.21155 -145.1235
68.52402 -144.1703
74.40852 -143.0593
79.28698 -142.0879
84.59499 -140.9544
88.99348 -139.9252
93.74 -138.6869
98.1861 -137.3699
102.3261 -135.9584
106.6111 -134.2478
110.0847 -132.6231
112.8616 -131.127
115.7306 -129.3412
118.2741 -127.4923
120.235 -125.8418
122.1811 -123.9434
123.6352 -122.2942
125.0297 -120.4505
126.0767 -118.8241
127.1697 -116.7969
128.0135 -114.8779
128.8224 -112.5265
129.3742 -110.3404
129.8092 -107.7109
130.0073 -105.3103
130.0223 -102.4713
129.8569 -99.91836
129.4482 -96.93925
128.8126 -93.91048
128.0777 -91.23049
127.0451 -88.14285
125.9865 -85.42377
124.6133 -82.30008
123.2789 -79.55454
121.6168 -76.40192
120.053 -73.62911
118.1551 -70.44006
116.1514 -67.2257
114.0521 -63.98285
111.59 -60.29456
108.4548 -55.72112
106.096 -52.34647
103.6779 -48.92795
101.2079 -45.46189
98.37899 -41.49899
95.51299 -37.45932
92.6381 -33.32635
90.13901 -29.59129
87.81149 -25.92593
85.24079 -21.55729
83.66914 -18.63652
82.10447 -15.4359
80.7927 -12.38141
79.62942 -9.121504
78.8646 -6.391273
78.20283 -2.916984
77.9611 -0.3367916
77.9541 2.140396
78.19751 4.730499
78.75401 7.397377
79.65651 10.09609
80.924 12.77683
82.35831 15.10594
84.54222 17.9019
86.57619 20.02619
88.54408 21.79612
90.98523 23.71837
93.269 25.32129
96.02804 27.07399
98.5589 28.54866
101.5697 30.18187
104.2966 31.57905
107.5071 33.15572
110.391 34.52945
113.7642 36.10662
117.2118 37.705
120.2836 39.13139
123.8507 40.80478
127.0153 42.31708
130.2149 43.88322
133.9079 45.74903
138.0989 47.9585
141.8452 50.03599
146.538 52.80484
149.8177 54.86913
155.2995 58.60972
160.3005 62.41159
163.6238 65.20428
166.2721 67.64079
168.9087 70.32578
170.9532 72.65272
172.5176 74.63303
174.0558 76.82188
175.5542 79.28901
176.7722 81.65788
178.0931 84.85467
178.9444 87.58809
179.682 91.10825
180.0067 94.15494
180.0425 97.36033
179.7582 100.6635
179.1966 103.7205
178.4489 106.4813
177.4707 109.2649
176.102 112.4049
174.8492 114.8426
173.4394 117.2696
171.6469 120.0248
169.9281 122.4158
167.2403 125.7915
164.9 128.4514
162.7181 130.744
160.0736 133.3175
157.6293 135.522
154.6884 137.9795
151.9877 140.0684
148.7573 142.377
145.8065 144.3203
142.2945 146.444
139.5643 147.9624
135.7986 149.8786
132.389 151.4458
128.3656 153.1016
124.7382 154.4233
120.4759 155.7783
116.6498 156.8205
112.1741 157.8395
108.174 158.5743
104.1022 159.1563
100.5601 159.531
96.37266 159.8221
92.13282 159.9546
87.2319 159.9129
82.90172 159.708
77.91343 159.2834
73.52047 158.7502
68.47371 157.9612
64.03971 157.1185
58.95679 155.9896
54.49846 154.8631
49.39412 153.4243
44.92236 152.0398
38.52718 149.8711
32.12541 147.4944
27.00037 145.4539
21.87247 143.2971
16.74286 141.0284
11.61271 138.6514
6.483381 136.1688
1.356224 133.5832
-3.767618 130.8972
-8.886669 128.1124
-13.99915 125.2299
-18.46571 122.6282
-23.56065 119.5643
