0 0
1 0.4380091
2 4.380013
3 1.835105
4 1.78013
5 2.206836
6 3.190203
7 4.511701
8 6.118847
9 8.151215
10 9.936771
11 11.55112
12 13.30394
13 14.88856
14 16.59483
15 18.44318
16 19.87766
17 21.48097
18 23.05518
19 24.60174
20 25.93439
21 27.61985
22 29.27408
23 30.89764
24 32.31575
25 34.05544
26 35.25193
27 36.76483
28 37.92219
29 39.22448
30 40.34637
31 41.76501
32 43.15738
33 44.67419
34 46.01263
35 47.03637
36 48.04537
37 49.32132
38 50.43553
39 51.53136
40 52.47533
41 53.53747
42 54.58204
43 55.4818
44 56.4942
45 57.36625
46 58.46881
47 59.31231
48 60.26126
49 61.07869
50 61.99837
51 62.90283
52 63.68171
53 64.55814
54 65.31301
55 66.16243
56 66.8939
57 67.81877
58 68.52607
59 69.32153
60 70.00654
61 70.77697
62 71.53437
63 72.1862
64 72.91915
65 73.63935
66 74.25903
67 74.86435
68 74.47766
69 71.4845
70 67.19611
71 63.47478
72 60.43896
73 60.49055
74 61.21772
75 61.50737
76 60.60978
77 57.36171
78 54.29883
79 52.17401
80 52.75264
81 53.91521
82 54.5238
83 53.89014
84 50.46917
85 46.72013
86 45.38426
87 46.54474
88 47.69309
89 48.82235
90 49.79551
91 51.02577
92 51.96671
93 53.41796
94 54.70748
95 55.72098
96 56.71657
97 57.57746
98 58.54225
99 59.38054
100 60.31861
101 61.24069
102 62.15551
103 63.04604
104 63.82187
105 64.68877
106 65.54802
107 66.38981
108 67.32134
109 68.13529
110 69.33188
111 70.30681
112 71.45113
113 72.47561
114 73.29684
115 73.92517
116 74.63229
117 75.24149
118 75.9482
119 76.62237
120 77.32495
121 77.90607
122 78.54074
123 79.24823
124 79.78887
125 80.39752
126 80.92207
127 81.51237
128 82.09305
129 82.59342
130 83.15645
131 83.71028
132 84.3224
133 84.92326
134 85.44783
135 85.96365
136 86.53328
137 86.68685
138 82.31363
139 78.46544
140 73.46658
141 70.08874
142 65.83118
143 62.13152
144 58.51553
145 54.54305
146 50.66329
147 47.29354
148 44.41379
149 40.78727
150 37.64837
151 33.83759
152 30.87053
153 31.58146
154 32.96531
155 34.16347
156 35.51791
157 36.85289
158 38.16687
159 39.29493
160 40.56626
161 41.66278
162 42.8985
163 43.96394
164 45.16372
165 46.34402
166 47.64931
167 48.78856
168 50.04877
169 51.15049
170 52.09957
171 53.2993
172 54.21767
173 55.25082
174 56.26714
175 57.1427
176 58.12805
177 58.97694
178 59.9321
179 60.75475
180 61.79436
181 62.7002
182 63.34468
183 59.26194
184 55.28583
185 50.56625
186 45.5692
187 42.32683
188 38.36109
189 34.14931
190 30.79944
191 30.6
192 32.25906
193 33.96523
194 35.65237
195 37.14793
196 38.62186
197 39.9143
198 41.33948
199 42.58292
200 43.65821
201 44.86712
202 45.90828
203 47.07755
204 48.08605
205 49.22048
206 50.19783
207 51.16124
208 52.24516
209 53.17896
210 54.22961
211 55.26269
212 56.27867
213 57.15359
214 58.13764
215 58.98489
216 59.81876
217 60.64025
218 61.56348
219 62.46999
220 62.19242
221 58.13552
222 55.05175
223 51.59752
224 48.22246
225 43.70906
226 39.73165
227 36.62858
228 36.24054
229 37.55982
230 38.84469
231 40.05823
232 40.92771
233 41.49837
234 42.35173
235 43.71302
236 44.90501
237 46.08598
238 47.38622
239 48.52284
240 49.50707
241 50.61036
242 51.69618
243 53.02791
244 54.2034
245 55.10175
246 56.11338
247 57.10685
248 57.96323
249 58.92661
250 59.75541
251 60.8037
252 61.60503
253 62.50607
254 63.45909
255 64.06544
256 64.75547
257 65.40312
258 66.23393
259 66.9549
260 67.76189
261 68.6662
262 69.43928
263 70.11774
264 70.88428
265 71.53164
266 72.27281
267 72.91314
268 73.62569
269 74.24596
270 74.94753
271 75.62933
272 76.30552
273 77.2212
274 77.94853
275 78.58801
276 79.21598
277 80.13931
278 81.04018
279 81.70152
280 82.27917
281 83.05802
282 83.54446
283 84.0918
284 84.69681
285 85.35571
286 85.93721
287 86.44507
288 86.88245
289 87.37456
290 87.91857
291 88.39352
292 88.8606
293 89.26299
294 89.71565
295 90.1608
296 90.54432
297 90.92211
298 91.3472
299 91.71335
300 92.1251
301 92.47973
302 92.87865
303 93.22198
304 93.5198
305 93.56406
306 93.15646
307 92.11079
308 87.44682
309 83.53931
310 80.27126
311 80.51543
312 81.01472
313 81.42705
314 81.43575
315 81.05711
316 80.36895
317 76.83815
318 73.3858
319 70.00117
320 66.21522
321 63.00285
322 62.95401
323 63.45336
324 63.54179
325 62.99886
326 62.2136
327 61.27787
328 58.13222
329 54.6204
330 52.53286
331 53.55251
332 54.5857
333 55.14865
334 55.01595
335 51.71972
336 48.35225
337 46.99344
338 48.26233
339 49.38182
340 50.75492
341 51.96556
342 53.05025
343 53.76893
344 54.32425
345 55.2807
346 56.28094
347 57.387
348 58.48215
349 59.42773
350 60.25274
351 61.17421
352 61.97499
353 62.87284
354 63.64394
355 64.52051
356 65.26785
357 66.11834
358 66.84711
359 67.77045
360 68.57665
361 69.56688
362 70.63288
363 71.5816
364 72.23427
365 73.15066
366 73.87026
367 74.57819
368 75.18805
369 75.85736
370 76.62317
371 77.10677
372 77.77112
373 78.33578
374 78.96471
375 79.5103
376 80.12318
377 80.65151
378 81.24615
379 81.75852
380 82.33516
381 82.97265
382 83.46037
383 84.00912
384 84.54886
385 85.07974
386 85.53703
387 86.17867
388 86.68215
389 86.88493
390 82.00976
391 77.66912
392 73.66019
393 70.27837
394 66.48418
395 63.22729
396 59.5874
397 56.02485
398 52.54101
399 49.13061
400 45.79791
401 42.54016
402 39.7543
403 36.25668
404 32.85874
405 31.16998
406 32.43556
407 33.97658
408 35.32911
409 36.66368
410 37.98016
411 39.43412
412 40.54164
413 41.79586
414 43.03036
415 44.09266
416 45.14148
417 46.32233
418 47.33977
419 48.48449
420 49.47109
421 50.58215
422 51.67428
423 52.74881
424 53.93663
425 55.10309
426 56.1216
427 56.99926
428 57.98685
429 58.95827
430 60.03205
431 61.08569
432 62.11869
433 63.13018
434 62.97869
435 58.87557
436 54.04035
437 50.1996
438 46.43285
439 42.35252
440 38.78861
441 34.93081
442 31.19226
443 30.43752
444 32.21492
445 34.09376
446 35.78335
447 37.1147
448 38.59068
449 39.88453
450 41.15346
451 42.24815
452 43.48141
453 44.5412
454 45.58727
455 46.76173
456 47.77489
457 48.9144
458 49.89622
459 51.00109
460 51.95285
461 53.15645
462 54.07701
463 55.11264
464 56.0047
465 57.00813
466 58.11671
467 59.32345
468 60.26954
469 61.19904
470 62.13069
471 62.02134
472 58.85909
473 53.58728
474 49.75103
475 45.59876
476 42.36495
477 39.20122
478 36.11129
479 36.20581
480 37.51681
481 38.95316
482 40.1385
483 41.01529
484 41.69316
485 42.15108
486 43.0795
487 44.39117
488 45.57278
489 46.7406
490 47.60386
491 48.73363
492 49.85408
493 51.08551
494 52.29737
495 53.87661
496 54.90916
497 55.9227
498 56.91989
499 57.90099
500 58.86511
501 59.81285
502 60.745
503 61.66112
504 62.56149
505 63.4466
506 64.14984
507 64.64717
508 65.37198
509 66.09862
510 66.92462
511 67.83217
512 68.63358
513 69.50676
514 70.27997
515 70.94923
516 71.68806
517 72.33544
518 73.06597
519 73.68636
520 74.3936
521 75.00617
522 75.68709
523 76.36221
524 77.43851
525 78.16369
526 78.79899
527 79.57821
528 80.56792
529 81.38502
530 81.89561
531 82.4701
532 83.03518
