0 0
1 4.957808e-06
2 0.1918378
3 2.251217
4 4.095511
5 5.943879
6 7.989208
7 9.778777
8 11.31739
9 12.95707
10 14.63935
11 16.29195
12 17.97544
13 19.97479
14 21.94184
15 24.05389
16 25.39876
17 27.09249
18 28.57263
19 30.02918
20 31.46166
21 32.87063
22 34.25631
23 35.44995
24 36.62634
25 38.11395
26 39.25191
27 40.69086
28 41.79157
29 43.03006
30 44.24817
31 45.29744
32 46.4781
33 47.63923
34 48.7812
35 50.04331
36 51.00877
37 52.09503
38 53.16335
39 54.21406
40 55.24731
41 56.13744
42 57.13894
43 58.12389
44 58.97223
45 60.04503
46 60.86566
47 61.90321
48 62.69697
49 63.47878
50 64.46768
51 65.6514
52 66.3905
53 67.1189
54 68.03967
55 68.74371
56 69.53582
57 70.2177
58 71.07942
59 71.73814
60 72.47835
61 73.02509
62 73.74267
63 74.36032
64 75.05444
65 75.73591
66 76.32201
67 76.9807
68 77.62646
69 78.41679
70 79.03491
71 79.56365
72 79.99189
73 80.02657
74 79.48492
75 78.31423
76 72.93308
77 68.58086
78 65.57253
79 65.49908
80 65.99566
81 66.77446
82 67.55685
83 68.62472
84 69.37709
85 70.23151
86 71.34198
87 72.06613
88 73.14474
89 73.85113
90 74.46259
91 75.06568
92 75.7465
93 76.33443
94 77.07784
95 77.88883
96 78.60542
97 79.15393
98 79.84756
99 80.52853
100 81.04957
101 81.63631
102 82.14167
103 82.78117
104 83.27835
105 83.94174
106 84.4075
107 84.88242
108 85.40791
109 85.85719
110 86.36581
111 86.80374
112 87.29693
113 87.72204
114 88.14106
115 88.61253
116 89.07618
117 89.53214
118 89.92486
119 90.36664
120 90.74715
121 91.17513
122 91.54344
123 91.80402
124 92.37614
125 91.97536
126 88.13618
127 83.89458
128 78.76308
129 74.73343
130 70.29386
131 66.42518
132 62.61914
133 58.88631
134 55.67643
135 51.67081
136 48.63187
137 46.87031
138 47.80181
139 48.89654
140 49.84237
141 50.92335
142 51.86098
143 52.92756
144 53.97361
145 54.87854
146 55.89752
147 56.77588
148 57.76554
149 58.85985
150 59.81637
151 60.75675
152 61.79704
153 62.81667
154 63.59538
155 64.58162
156 65.44236
157 66.39491
158 67.43296
159 68.247
160 69.04677
161 69.82542
162 70.19231
163 69.67773
164 66.29074
165 61.54477
166 56.83838
167 52.21484
168 47.75772
169 45.8513
170 46.92175
171 48.19322
172 49.88574
173 50.99557
174 52.08274
175 53.26508
176 54.43584
177 55.44853
178 56.45618
179 57.45214
180 58.3112
181 59.28003
182 60.23215
183 61.17001
184 62.19791
185 63.09973
186 63.8763
187 64.85886
188 65.6105
189 66.45517
190 67.28291
191 67.99282
192 68.97713
193 68.87669
194 65.54846
195 61.29914
196 57.16203
197 53.15297
198 49.21398
199 47.01404
200 48.30661
201 49.64183
202 50.98447
203 52.19681
204 53.38306
205 54.55296
206 55.57193
207 56.57878
208 57.44423
209 58.66028
210 59.49433
211 60.54268
212 61.45518
213 62.35413
214 63.34268
215 64.09841
216 65.05361
217 65.88692
218 66.60622
219 67.41582
220 68.11981
221 68.90321
222 69.77601
223 70.53866
224 71.28876
225 72.02804
226 72.75512
227 73.47121
228 74.08852
229 74.78298
230 75.46674
231 76.13946
232 76.80138
233 77.37221
234 78.0149
235 78.56889
236 79.27046
237 80.03542
238 80.63694
239 81.30265
240 81.9569
241 82.67049
242 83.50829
243 84.12344
244 84.66091
245 85.25504
246 85.7739
247 86.22087
248 86.78599
249 87.34034
250 87.82447
251 88.35971
252 88.76891
253 89.22928
254 89.73825
255 90.3474
256 90.72788
257 91.20924
258 91.57744
259 91.99182
260 92.34881
261 92.75049
262 93.14552
263 93.48573
264 93.86843
265 94.19791
266 94.56839
267 94.88726
268 95.24584
269 95.55416
270 95.90044
271 96.24078
272 96.57447
273 96.86141
274 97.18314
275 97.42612
276 97.54214
277 97.52835
278 97.284
279 96.57343
280 95.45383
281 90.15017
282 85.37846
283 81.89866
284 81.27581
285 81.20374
286 80.97991
287 80.06956
288 78.6724
289 73.11282
290 66.61822
291 66.33433
292 67.13721
293 67.75847
294 68.22534
295 68.75099
296 69.38983
297 70.14323
298 70.87383
299 71.68423
300 72.39753
301 73.00996
302 73.70749
303 74.30406
304 74.89916
305 75.56789
306 76.47549
307 77.04398
308 77.68655
309 78.3207
310 78.86856
311 79.56312
312 80.09591
313 80.77112
314 81.36183
315 82.01569
316 82.51623
317 83.2196
318 83.77204
319 84.24795
320 84.78353
321 85.31452
322 85.74898
323 86.19176
324 86.70325
325 87.19254
326 87.67831
327 88.0966
328 88.56773
329 89.03159
330 89.4314
331 89.88155
332 90.26945
333 90.70592
334 91.08192
335 91.55731
336 91.92085
337 92.32972
338 92.6818
339 92.76505
340 93.42899
341 93.37796
342 89.00332
343 85.29955
344 81.12831
345 77.5424
346 71.53584
347 68.11297
348 62.80651
349 59.0677
350 54.91521
351 51.77762
352 48.32308
353 46.88319
354 48.10462
355 49.04071
356 50.13977
357 51.2239
358 52.17191
359 53.23405
360 54.14623
361 55.17918
362 56.06827
363 57.06989
364 58.05556
365 58.90514
366 59.97913
367 61.14848
368 61.95313
369 62.74531
370 63.63657
371 64.404
372 65.37543
373 66.5388
374 67.3685
375 68.08104
376 68.97987
377 69.75727
378 70.03303
379 65.27959
380 61.07805
381 56.02422
382 51.06633
383 46.64341
384 42.83309
385 42.7593
386 44.20418
387 45.68406
388 46.87136
389 48.1766
390 49.30627
391 50.55204
392 51.64188
393 52.57883
394 53.76615
395 54.6787
396 55.7067
397 56.59151
398 57.58975
399 58.44474
400 59.52654
401 60.47192
402 61.51708
403 62.43037
404 63.3283
405 64.32007
406 65.39771
407 66.23878
408 67.15884
409 68.24999
410 63.50833
411 59.80734
412 55.29161
413 51.34163
414 48.75034
415 48.91433
416 49.82946
417 50.88181
418 51.79541
419 52.96424
420 54.00341
421 55.02481
422 56.27662
423 57.26648
424 58.24052
425 59.08001
426 60.25764
427 61.1807
428 61.97466
429 62.97683
430 64.06705
431 65.02571
432 65.75716
433 66.68362
434 67.39096
435 68.18824
436 68.87341
437 69.64618
438 70.5005
439 71.24734
440 71.89134
441 72.7073
442 73.42112
443 74.03582
444 74.72962
445 75.32824
446 76.00166
447 76.583
448 77.15643
449 77.64169
450 78.35928
451 78.98672
452 79.60421
453 80.2123
454 80.88495
455 81.47298
456 82.12347
457 82.69203
458 83.18222
459 83.734
460 84.2095
461 84.81103
462 85.46661
463 85.91753
464 86.36201
465 86.86214
