0 0
1 7.517464e-06
2 0.3987247
3 2.474113
4 4.974791
5 7.03744
6 8.839742
7 10.6065
8 12.29956
9 14.10251
10 16.0406
11 17.3141
12 18.94997
13 20.64069
14 22.25679
15 24.04056
16 25.94608
17 27.25946
18 28.73746
19 29.82998
20 31.26561
21 32.50235
22 33.89396
23 35.26262
24 36.60869
25 37.76831
26 38.91119
27 40.03757
28 41.46192
29 42.55144
30 43.77736
31 44.98306
32 46.02172
33 47.1903
34 48.19701
35 49.32981
36 50.30563
37 51.26731
38 52.34936
39 53.41353
40 54.33024
41 55.36162
42 56.25014
43 57.2498
44 58.11096
45 59.07983
46 60.03261
47 60.96965
48 61.7768
49 62.79736
50 63.5778
51 64.5647
52 65.3194
53 66.16871
54 66.89999
55 67.62069
56 68.43134
57 69.22843
58 70.00597
59 69.92072
60 68.87066
61 65.08682
62 61.87661
63 59.50429
64 59.7146
65 60.37509
66 60.12846
67 56.97157
68 53.0652
69 49.67617
70 48.11467
71 49.52242
72 50.62978
73 50.62178
74 46.87438
75 43.6306
76 42.64866
77 43.86918
78 44.92063
79 45.84418
80 45.22902
81 41.62086
82 36.96111
83 36.54605
84 37.87624
85 39.01332
86 40.29335
87 40.29599
88 37.57952
89 34.92478
90 34.87125
91 36.22723
92 37.5528
93 39.01806
94 40.4554
95 40.70828
96 37.41994
97 34.39405
98 34.78434
99 36.13488
100 37.46204
101 38.92993
102 40.68716
103 41.7847
104 43.0201
105 44.38492
106 45.57644
107 46.75153
108 47.90477
109 48.89553
110 50.0177
111 50.98108
112 52.19672
113 53.39477
114 54.30869
115 55.33862
116 56.22745
117 57.22429
118 58.08535
119 58.93448
120 60.12348
121 61.1767
122 61.97956
123 62.99584
124 64.10513
125 65.29672
126 66.14675
127 66.98236
128 67.80467
129 68.71336
130 69.53958
131 70.31065
132 71.12704
133 71.98386
134 72.62624
135 73.26366
136 73.97984
137 74.597
138 75.29161
139 75.89008
140 76.56354
141 77.14377
142 77.79671
143 78.35924
144 78.99221
145 79.61472
146 80.22698
147 80.75439
148 81.34772
149 77.53463
150 73.58748
151 70.84444
152 66.55699
153 63.54445
154 64.3048
155 61.09164
156 57.52346
157 54.03247
158 50.19417
159 47.28266
160 43.61724
161 40.44811
162 36.96244
163 37.02921
164 38.33759
165 38.09185
166 35.03997
167 32.05959
168 29.15331
169 26.30857
170 27.16252
171 28.44905
172 30.07554
173 30.42376
174 27.5407
175 24.05268
176 25.79417
177 27.47222
178 28.94491
179 30.39336
180 31.99322
181 33.39036
182 34.93596
183 36.28704
184 37.45147
185 38.7616
186 40.04924
187 41.15953
188 42.40811
189 43.48454
190 44.69536
191 45.73888
192 46.91219
193 48.06686
194 49.06089
195 50.31874
196 51.28003
197 52.36229
198 53.6898
199 54.86129
200 55.88438
201 56.88961
202 57.99938
203 57.19374
204 53.27772
205 49.45884
206 45.74831
207 42.12106
208 38.21338
209 34.40332
210 31.44246
211 32.52006
212 34.06943
213 30.38063
214 27.15483
215 23.38792
216 25.74908
217 27.42065
218 29.24652
219 31.21114
220 33.13922
221 35.02724
222 36.70729
223 38.35431
224 39.64922
225 40.92331
226 42.02113
227 43.25611
228 44.31987
229 45.51863
230 46.55064
231 47.56659
232 48.71194
233 49.69788
234 50.80703
235 51.89601
236 52.83484
237 53.75983
238 54.92918
239 55.94987
240 57.07748
241 57.90006
242 54.39349
243 50.55513
244 45.99323
245 42.36984
246 41.66436
247 41.20344
248 38.08239
249 35.03757
250 32.06222
251 29.1559
252 30.38989
253 32.33804
254 33.72285
255 30.7684
256 27.18187
257 24.38588
258 25.73162
259 27.4122
260 29.06207
261 30.50394
262 32.09809
263 32.3646
264 29.44978
265 29.4101
266 31.05346
267 32.98816
268 34.54001
269 35.89453
270 37.39462
271 38.54358
272 39.20901
273 40.20878
274 41.31586
275 42.55979
276 43.78187
277 44.98407
278 46.1655
279 46.97783
280 46.65762
281 46.0697
282 46.0091
283 46.52665
284 46.87183
285 46.87767
286 46.40323
287 46.12617
288 46.2872
289 46.92839
290 47.94102
291 48.61016
292 49.45233
293 50.49646
294 51.39993
295 52.47378
296 53.40055
297 54.44221
298 55.47026
299 56.05656
300 56.62025
301 57.36531
302 58.33878
303 59.17816
304 60.12633
305 60.94375
306 61.86655
307 62.65246
308 63.54524
309 64.31427
310 65.18002
311 66.23698
312 67.17423
313 67.89396
314 68.79455
315 69.7832
316 70.56142
317 71.22479
318 72.07066
319 72.81086
320 73.71307
321 74.51315
322 75.29726
323 76.06608
324 76.73786
325 77.39837
326 78.12852
327 78.76601
328 79.47066
329 80.0097
330 80.6161
331 81.21248
332 81.79896
333 82.37576
334 82.87258
335 83.4315
336 83.98118
337 84.52168
338 84.96374
339 85.36952
340 85.48391
341 85.29967
342 84.8651
343 84.22083
344 83.58015
345 82.8827
346 79.264
347 75.77049
348 72.4994
349 72.77787
350 73.38615
351 73.69324
352 73.16254
353 69.70463
354 65.93576
355 63.33337
356 64.15742
357 65.02454
358 65.87739
359 66.31709
360 66.09355
361 65.26772
362 64.45757
363 60.80226
364 56.79713
365 53.32222
366 52.21974
367 53.27365
368 54.18955
369 54.32868
370 53.03997
371 49.64981
372 46.75099
373 45.66398
374 46.97482
375 48.26673
376 49.35689
377 46.04696
378 42.027
379 38.89173
380 39.18224
381 40.61928
382 41.87235
383 43.40983
384 42.92798
385 39.37944
386 36.68695
387 34.98947
388 36.53893
389 37.85925
390 39.18435
391 39.56791
392 39.43929
393 39.00623
394 38.88128
395 39.35318
396 39.74462
397 40.35872
398 41.55663
399 42.76957
400 44.2884
401 45.30697
402 46.31591
403 47.61455
404 48.89573
405 49.87517
406 50.97278
407 52.19399
408 53.25559
409 54.17089
410 55.0767
411 56.21679
412 57.09158
413 58.07765
414 58.92254
415 59.99765
416 60.9334
417 61.73877
418 62.7615
419 63.65134
420 64.52952
421 65.39328
422 66.55545
423 67.79428
424 68.70364
425 69.49721
426 70.36678
427 71.19198
428 71.86361
429 72.71674
430 73.43711
431 74.23956
432 75.0263
433 75.71371
434 76.30598
435 76.97253
436 77.5468
437 78.19301
438 78.74973
439 79.60851
440 80.29668
441 80.89764
442 81.5619
443 82.21367
444 78.64945
445 75.16727
446 72.48965
447 67.96427
448 63.54168
449 61.04017
450 57.47399
451 54.41416
452 50.99441
453 47.23452
454 43.97727
455 40.79636
456 37.69041
457 37.72163
458 39.17798
459 40.29098
460 36.80236
461 33.78516
462 30.83139
463 28.31318
464 28.71265
465 30.33413
466 31.747
467 28.82633
468 25.99946
469 25.80551
470 27.34468
471 28.995
472 30.6184
473 32.39006
474 33.77876
475 35.14404
476 36.65563
477 37.81345
478 39.11549
479 40.23854
480 41.34402
481 42.58932
482 43.66098
483 45.01846
484 46.2036
485 47.3695
486 48.65786
487 49.78343
488 50.89088
489 51.9796
490 53.05082
491 53.97345
492 55.26798
493 56.40991
494 57.28361
495 58.38652
496 59.25597
497 55.28177
498 49.7285
499 45.18719
500 40.79708
501 36.9085
502 33.14703
503 29.48976
504 26.63543
505 27.83965
506 29.48036
507 31.2562
508 28.36678
509 24.37694
510 24.18596
511 26.34094
512 28.37571
513 30.19166
514 31.97573
515 33.37909
516 34.75629
517 36.28052
518 37.77579
519 39.08047
520 40.20601
521 41.47146
522 42.5612
523 43.78871
524 44.84558
525 46.03506
526 47.05916
527 48.20996
528 49.20242
529 50.4568
530 51.41633
531 52.3618
532 53.4254
533 54.47103
534 55.49897
535 56.3834
536 52.91228
537 49.94914
538 46.22274
539 44.04165
540 45.23254
541 46.14597
542 43.30683
543 39.75067
544 35.14951
545 31.07313
546 28.54719
547 28.94102
548 30.38652
549 31.98049
550 33.36923
551 30.86455
552 28.34037
553 24.82469
554 25.81917
555 27.86487
556 29.32728
557 30.94419
558 32.40995
559 33.15496
560 33.73934
561 33.88986
562 34.00991
563 35.41385
564 36.75388
565 37.48974
566 37.69229
567 37.92068
568 39.10744
569 40.23017
570 41.64933
571 42.73348
572 43.95272
573 45.00419
574 46.18628
575 46.62628
576 46.57047
577 46.46996
578 46.70065
579 46.97894
580 47.07199
581 46.69257
582 46.39811
583 46.47834
584 46.95787
585 47.90906
586 48.62342
587 48.95789
588 49.53331
589 50.52237
590 51.4745
591 52.5486
592 53.60517
593 54.51473
594 55.66794
595 56.23006
596 56.6661
597 57.28129
598 58.25228
599 59.09042
600 60.04092
601 60.97705
602 61.78307
603 62.79538
604 63.68599
605 64.56218
606 65.41915
607 66.26639
608 67.20506
609 68.12126
610 69.31969
611 70.29784
612 71.06174
613 71.91059
614 72.65305
615 73.37989
616 74.18462
617 74.80071
618 75.40668
619 76.08949
620 76.76073
621 77.42095
622 78.07024
623 78.70869
624 79.41439
625 79.95433
626 80.56168
627 81.15897
628 81.67348
629 82.25233
630 82.75093
631 83.31187
632 83.79514
633 84.406
634 84.92577
635 85.30815
636 85.45463
637 85.3119
638 84.92937
639 84.38766
640 83.68114
641 83.03223
642 79.26817
643 75.77296
644 72.38594
645 72.82339
646 73.52599
647 73.65701
648 72.26283
649 68.42962
650 65.15253
651 63.02746
652 63.76547
653 64.63901
