0 0
1 0.4380091
2 4.380013
3 6.78585
4 1.844833
5 1.609568
6 2.536393
7 4.022158
8 5.543154
9 7.775442
10 9.573393
11 11.63705
12 13.396
13 15.44668
14 17.51328
15 19.7619
16 21.36796
17 23.13855
18 24.87683
19 26.58188
20 27.88626
21 29.35402
22 31.15471
23 32.56856
24 34.1313
25 35.49609
26 37.0046
27 38.32202
28 39.93829
29 41.20736
30 42.45546
31 43.53067
32 44.74044
33 45.78262
34 46.95522
35 47.96536
36 49.10196
37 50.08104
38 51.18267
39 52.13166
40 53.19943
41 54.11922
42 55.15406
43 56.17183
44 57.04856
45 58.03503
46 58.83324
47 58.15684
48 55.42255
49 51.98373
50 50.27922
51 51.2215
52 52.30391
53 53.23627
54 52.72865
55 49.76593
56 46.45807
57 44.30822
58 45.35149
59 46.53117
60 47.54695
61 48.69011
62 48.55048
63 45.2652
64 41.97425
65 42.69439
66 43.91823
67 45.12075
68 46.15701
69 45.84758
70 43.02375
71 40.26131
72 37.17074
73 36.87885
74 38.03529
75 39.49562
76 40.22157
77 37.50745
78 34.4838
79 31.89203
80 31.91142
81 33.13945
82 34.6906
83 36.04561
84 35.60922
85 32.93675
86 30.37808
87 30.64302
88 31.90235
89 33.30286
90 33.97267
91 31.02152
92 28.14681
93 26.89512
94 28.26663
95 29.72668
96 31.41657
97 31.18204
98 28.62399
99 25.45509
100 22.70582
101 24.1635
102 25.88566
103 27.57069
104 29.76884
105 26.91391
106 24.13439
107 21.14455
108 23.09226
109 24.43011
110 26.10734
111 26.53811
112 24.10374
113 21.38834
114 22.21704
115 23.90844
116 25.44856
117 26.9559
118 24.16659
119 21.45085
120 22.35871
121 23.93531
122 25.28265
123 26.24518
124 22.11588
125 18.78656
126 20.73389
127 22.29902
128 23.84141
129 25.55893
130 27.06491
131 28.91198
132 30.36215
133 31.14044
134 31.18737
135 31.04183
136 31.68641
137 33.11456
138 34.66511
139 35.48001
140 35.10627
141 35.88569
142 37.22963
143 38.543
144 39.83412
145 40.94626
146 42.35293
147 43.58297
148 44.79095
149 45.97754
150 47.14709
151 48.29683
152 49.42627
153 50.40092
154 51.49768
155 52.57454
156 53.63484
157 54.54947
158 55.44916
159 56.46098
160 57.58207
161 58.43792
162 59.28118
163 60.35011
164 61.16608
165 62.08433
166 63.05273
167 63.85071
168 64.84756
169 65.59441
170 66.43595
171 67.36802
172 68.18148
173 69.2786
174 69.96387
175 70.73504
176 71.39943
177 67.58235
178 63.86405
179 60.22735
180 57.11518
181 55.36086
182 56.24302
183 57.36485
184 58.34464
185 57.8104
186 53.88037
187 50.89812
188 47.56154
189 46.46255
190 47.19495
191 48.63472
192 49.8424
193 49.09453
194 45.36433
195 42.56135
196 39.41367
197 36.71844
198 37.30715
199 38.617
200 39.89999
201 37.18415
202 33.77738
203 30.4786
204 26.6412
205 28.23681
206 29.69615
207 31.12396
208 28.24894
209 25.08322
210 22.07113
211 23.95875
212 25.29111
213 26.57534
214 24.11913
215 21.43362
216 18.10011
217 19.77509
218 21.38634
219 23.19591
220 20.17282
221 16.90021
222 13.40852
223 15.54899
224 17.1877
225 18.87024
226 20.77173
227 22.09806
228 19.09689
229 16.17988
230 18.11729
231 19.72805
232 21.42948
233 23.25012
234 24.78525
235 26.49003
236 27.98062
237 29.62766
238 31.06614
239 32.3061
240 33.70094
241 34.90139
242 36.25335
243 37.74768
244 38.89084
245 40.1771
246 41.28462
247 42.53099
248 43.60535
249 44.81348
250 45.85475
251 47.0259
252 48.32003
253 49.45019
254 50.83591
255 52.05939
256 53.12428
257 49.84517
258 45.3019
259 41.46242
260 37.14185
261 35.9361
262 37.27124
263 33.98981
264 29.28367
265 26.08892
266 23.51925
267 20.08362
268 22.30235
269 24.24115
270 25.86947
271 22.36489
272 19.32802
273 16.75755
274 18.6593
275 20.75863
276 22.63178
277 22.2324
278 19.22057
279 19.88502
280 21.77825
281 23.70975
282 25.61788
283 27.30941
284 28.96713
285 30.59566
286 32.01863
287 33.59075
288 34.7938
289 36.14738
290 37.64389
291 38.95068
292 40.23605
293 41.65711
294 43.05162
295 44.11866
296 45.31919
297 46.64576
298 47.66031
299 48.80188
300 49.64552
301 50.7531
302 51.30803
303 47.95179
304 44.28643
305 40.70387
306 37.22345
307 37.61686
308 39.08376
309 40.67934
310 37.17917
311 33.04762
312 29.76026
313 26.20956
314 23.44092
315 24.67058
316 26.1863
317 27.32359
318 24.17924
319 21.45916
320 21.09435
321 22.69367
322 23.89192
323 21.17094
324 17.87787
325 14.98754
326 16.72974
327 18.3889
328 20.75777
329 22.70283
330 19.68438
331 15.78868
332 12.44728
333 14.64724
334 17.22538
335 19.33391
336 20.97413
337 22.81802
338 24.54202
339 21.81071
340 19.15092
341 19.65916
342 21.63776
343 23.57155
344 24.75696
345 21.68283
346 18.69659
347 19.52919
348 21.1362
349 22.69426
350 24.03212
351 25.94718
352 27.63176
353 29.28509
354 29.91175
355 27.05558
356 23.9295
357 24.74521
358 26.07343
359 27.57026
360 28.85995
361 30.311
362 30.8586
363 28.33615
364 25.52368
365 26.43593
366 28.11108
367 29.39264
368 30.83498
369 30.65036
370 28.47221
371 25.30766
372 26.4198
373 27.91159
374 29.196
375 30.64147
376 32.06304
377 33.21374
378 32.80202
379 30.24222
380 29.53321
381 31.01743
382 32.25687
383 33.65184
384 34.85349
385 36.37295
386 37.86417
387 35.57533
388 32.59496
389 32.7062
390 34.10523
391 35.6387
392 37.14497
393 38.78324
394 40.06923
395 41.33559
396 42.58138
397 43.80852
398 44.86371
399 45.47271
400 46.10569
401 47.37384
402 47.74876
403 47.93627
404 48.289
405 49.21828
406 50.47046
407 51.6997
408 52.90559
409 49.93694
410 46.22122
411 44.74424
412 45.92804
413 47.09781
414 48.24883
415 49.38126
416 50.49602
417 51.45465
418 52.53244
419 53.4626
420 54.50889
421 55.41199
422 56.42511
423 57.29691
424 58.40203
425 59.48633
426 60.66844
427 61.59333
428 62.50584
429 63.40283
430 64.06541
431 64.76551
432 65.37846
433 65.57681
434 65.37221
435 65.10926
436 65.09093
437 60.97024
438 56.9589
439 55.87559
440 57.12839
441 58.23607
442 59.20279
443 60.03562
444 60.85659
445 61.30054
446 60.69135
447 57.45237
448 53.96777
449 53.36337
450 54.28199
451 55.31359
452 56.20276
453 56.59083
454 54.45216
455 51.15168
456 49.43186
457 50.38807
458 51.61996
459 52.69589
460 52.17499
461 49.22333
462 45.26094
463 45.26344
464 46.44197
465 48.03392
466 49.44979
467 48.70038
468 45.41298
469 42.2055
470 42.30224
471 43.53287
472 44.59161
473 45.78342
474 46.0223
475 42.79429
476 40.03729
477 36.95174
478 37.36338
479 38.51259
480 39.80401
481 39.87986
482 36.79376
483 33.78579
484 32.58167
485 34.01431
486 35.21096
487 36.55712
488 33.91727
489 30.97615
490 30.51406
491 31.74799
492 33.15129
493 34.36007
494 31.3989
495 28.51615
496 28.10606
497 29.61523
498 30.8752
499 32.10496
500 29.19625
501 26.01405
502 26.24525
503 27.95903
504 29.24223
505 29.30132
506 26.12243
507 23.0187
508 24.65635
509 26.36147
510 27.85306
511 24.35205
512 20.96024
513 22.35675
514 23.69331
515 25.23511
516 26.74592
517 23.61852
518 20.91544
519 22.70259
520 24.62284
521 26.14126
522 26.23439
523 23.12351
524 20.09794
525 21.28971
526 22.88569
527 24.64406
528 26.78434
529 27.72427
530 24.91867
531 21.51129
532 22.31848
533 24.09615
534 25.62163
535 27.31203
536 28.97153
537 30.42087
538 31.846
539 32.33215
540 29.72575
541 28.75142
542 30.36036
543 31.96284
544 33.53646
545 34.74006
546 36.09411
547 37.59011
548 38.89779
549 40.34259
550 41.60314
551 43.15187
552 44.217
553 45.41414
554 46.592
555 47.89563
556 49.0321
557 50.14972
558 51.25164
559 52.33315
560 53.39572
561 54.31318
562 55.34593
563 56.23258
564 57.23328
565 58.09528
566 59.06338
567 59.89903
568 60.95629
569 61.9911
570 63.18473
571 63.98117
572 64.86575
573 65.82555
574 66.76822
575 67.6937
576 68.50188
577 69.49371
578 70.27253
579 70.46364
580 67.13693
581 63.42884
582 59.80213
583 56.26033
584 55.51793
585 56.52941
586 57.5224
587 58.37842
588 57.64157
589 54.14675
590 51.15916
591 47.81648
592 47.28863
593 48.43618
594 49.43894
595 50.41444
596 45.92067
597 42.38241
598 42.92008
599 44.13598
600 45.3329
601 42.11457
602 38.98281
603 34.78888
604 35.47038
605 36.64498
606 33.99342
607 31.04606
608 27.20251
609 28.94378
610 30.38798
611 31.80113
612 28.90365
613 25.71926
614 22.96834
615 24.22143
616 25.55155
617 26.1723
618 23.38937
619 20.38294
620 17.07984
621 18.52571
622 20.16073
623 21.73015
624 22.22235
625 19.87564
626 16.61248
627 13.44188
628 15.57463
629 17.23716
630 18.90261
631 20.5483
632 22.41219
633 20.06305
634 16.79892
635 18.74082
636 20.68737
637 22.25163
638 23.7944
639 25.51408
640 27.20667
641 28.50245
642 29.95973
643 31.57056
644 32.80212
645 34.18867
646 35.38345
647 36.72694
648 38.04859
649 39.18722
650 40.46881
651 41.57276
652 42.81444
653 44.03627
654 45.23672
655 46.41831
656 47.5798
657 48.72256
658 49.98463
659 51.35939
660 52.5714
661 53.62589
662 49.36372
663 44.31459
664 39.40751
665 34.83201
666 31.58273
667 27.9644
668 28.87685
669 30.31336
670 26.8271
671 23.41714
672 20.50102
673 20.76034
674 22.39376
675 24.40399
676 21.38771
677 18.37551
678 15.49745
679 17.49649
680 19.1686
681 21.50355
682 23.09571
683 19.72983
684 16.14311
685 19.19809
686 21.28827
687 23.50065
688 25.41773
689 26.92385
690 28.59219
691 29.86777
692 31.48092
693 33.06371
694 34.2737
695 35.46756
696 36.81027
697 38.13095
698 39.43019
699 40.70786
700 41.96439
701 43.20039
702 44.26503
703 45.46276
704 46.49445
705 47.65492
706 48.79636
707 49.91774
708 50.26035
709 47.34056
710 43.68927
711 40.1239
712 36.65721
713 37.2496
714 38.56126
715 40.00958
716 36.53478
717 33.52756
718 29.86902
719 26.66273
720 23.88529
721 25.08282
722 26.78155
723 28.26311
724 24.75627
725 22.02539
726 19.35329
727 20.85896
728 22.58385
729 25.11109
730 21.68802
731 18.37586
732 15.22628
733 17.8713
734 19.95535
735 21.98166
736 18.98186
737 16.06758
738 15.79675
739 18.64813
740 20.3321
741 21.95559
742 18.95688
743 16.36374
744 18.28987
745 19.9
746 21.47822
747 23.03119
748 23.70285
749 21.46631
750 17.6943
751 19.86075
752 21.33328
753 22.89016
754 24.23066
755 25.76137
756 27.07758
757 28.03443
758 28.00401
759 24.84658
760 22.11423
761 23.21216
762 24.76702
763 26.28707
764 28.15032
765 29.43165
766 30.19681
767 27.33414
768 24.54448
769 25.51311
770 26.83308
771 28.3173
772 29.77742
773 31.18738
774 28.30067
775 25.48948
776 26.40376
777 27.89499
778 29.17955
779 30.80438
780 31.96547
781 31.81646
782 28.91785
783 27.63344
784 29.18567
785 30.45198
786 31.69983
787 32.75513
788 34.14178
789 35.31219
790 35.55579
791 35.15206
792 35.47318
793 36.83431
794 36.56386
795 33.17157
796 32.08193
797 33.35627
798 35.07423
799 36.59062
800 38.07684
801 39.53545
802 40.6525
803 42.06541
804 43.45267
805 44.81133
806 45.97214
807 47.07194
808 48.5001
809 48.51741
810 48.1344
811 48.43502
812 49.69158
813 50.80087
814 51.88867
815 53.09247
816 50.2501
817 46.11472
818 44.39135
819 45.58134
820 46.6115
821 47.77052
822 49.05234
823 50.17262
824 51.13393
825 52.21893
826 53.41781
