0 0
1 0.0225000002246017
2 1.62622356007041
3 2.74269166848171
4 0.776976148970065
5 0.745736113969951
6 1.09320177613652
7 1.77843476631817
8 2.3975118320686
9 3.21943087692191
10 3.84112506838331
11 4.53446683600428
12 5.08598223773149
13 5.86370325882033
14 6.70435940832392
15 7.3832145986809
16 8.01808330438242
17 8.65027388755755
18 9.18032926196352
19 9.80566975981821
20 10.3404642542316
21 10.9405371883051
22 11.6769390387265
23 12.3268354420757
24 12.8241217143185
25 13.4516149941286
26 14.0692877769541
27 14.6760358771242
28 15.2061309604312
29 15.662861170409
30 16.1129032957567
31 16.6191169080913
32 17.1167594464368
33 17.6056896349674
34 18.0863758254305
35 18.5002241826936
36 18.9656400513249
37 19.3663116949881
38 19.8168033537301
39 20.2596854230994
40 20.6410630211902
41 21.12301924333
42 21.4914762752461
43 21.9057902999902
44 22.3130523899092
45 22.6619249328716
46 23.0574346377525
47 23.397987022697
48 23.7811666730887
49 24.110889408547
50 24.4813412848286
51 24.7937227754905
52 25.2416349376214
53 25.5919221211042
54 25.8930520345033
55 26.2322911225417
56 26.5610478627953
57 26.8413885292163
58 27.1152894349265
59 27.4205543263836
60 27.7163651274616
61 27.9679408066878
62 28.2124190101342
63 28.4508035408977
64 28.6829076023072
65 28.928565142944
66 29.1473910748863
67 29.3387082456924
68 29.4951824860106
69 29.1868383544734
70 28.0114276039279
71 26.5290208654681
72 25.2649073323648
73 24.0322381612533
74 23.080156720386
75 23.3373772998241
76 23.5985425545815
77 23.6916106106339
78 22.3243244459217
79 20.9856249128684
80 19.7021816777772
81 19.5132938896843
82 19.8170710470999
83 20.2250847967354
84 20.5933724999953
85 20.482308289704
86 19.1010001340554
87 17.8898772933053
88 17.6658197936132
89 18.1197134189336
90 18.5430128477605
91 19.0225379101563
92 19.4717503981814
93 19.89928173057
94 20.3319289616227
95 20.8092398508573
96 21.361567677194
97 21.8056400567956
98 22.250028870686
99 22.7492776937495
100 23.2422176870627
101 23.7320537269082
102 24.1508095082927
103 24.6044759374654
104 24.909039098769
105 25.3037171883556
106 25.6398270489987
107 26.0114167550482
108 26.3222611306966
109 26.6305447784888
110 26.9320805573467
111 27.2303372833582
112 27.6381661603203
113 28.0748351825983
114 28.3455178046479
115 28.617491826398
116 28.9534936626708
117 29.2105696881261
118 29.4637668319068
119 29.7136085554185
120 29.9254223048138
121 30.2045081894606
122 30.4478996661702
123 30.7115185621465
124 30.9448881551184
125 31.2115514190585
126 31.4423828871765
127 31.7020358754907
128 31.8921368557335
129 32.1399608604119
130 32.3512900941721
131 32.5894056240223
132 32.7938524990033
133 33.0238893340345
134 33.2495952701051
135 33.4710036323996
136 33.711529143614
137 33.8896505753362
138 34.0572563883915
139 34.2175772358183
140 34.3027288976801
141 34.2363480457823
142 33.8785019167161
143 32.0343355978946
144 30.5498143037088
145 29.047375677386
146 27.0536092117331
147 25.3872618169106
148 23.800557918685
149 22.1902509856316
150 20.5353962858307
151 18.9149806380614
152 17.3555309734475
153 16.1168577125089
154 15.0883799245784
155 13.9895578463717
156 12.9834583630053
157 12.1480199756259
158 11.1962991816442
159 11.4402415960225
160 12.0200788332809
161 12.5708902293841
162 13.2406955574419
163 13.8164504042572
164 14.4701857327059
165 15.0213253773337
166 15.6199352653616
167 16.1459358946245
168 16.6548724192209
169 17.1459063018537
170 17.6726338108582
171 18.1274461962661
172 18.5687502164213
173 18.9387490053359
174 19.4381333890841
175 19.9538013638614
176 20.3458485036716
177 20.7969264229156
178 21.2792198995566
179 21.7013846097189
180 22.1173809483225
181 22.4766537433421
182 22.8795566674677
183 23.2213970680404
184 23.5915740285313
185 23.8659147936024
186 24.1859490644892
187 24.4223002907839
188 24.3875307295932
189 22.9825124172953
190 20.8244467829756
191 18.5507780231424
192 16.9041211285624
193 14.9629888631485
194 13.9431184879586
195 12.8585690151895
196 11.7665297570284
197 10.7352131686656
198 10.8314998897114
199 11.7825034488234
200 12.6098983141709
201 13.3516457340089
202 14.0959162049271
203 14.8030543099522
204 15.4635644445708
205 16.0029073117844
206 16.5791147850375
207 17.0591994731422
208 17.5730575819513
209 18.0117515073299
210 18.4962310304105
211 18.9097612277855
212 19.2567000616308
213 19.7101980961921
214 20.0440987424295
215 20.4807740942576
216 20.8544764836082
217 21.3215174477993
218 21.6774827915863
219 22.0721303691081
220 22.4056339543168
221 22.7455315027721
222 23.095814771263
223 23.3791730934478
224 23.6757550132874
225 23.8954467511281
226 24.0569754126616
227 23.5908117926343
228 21.7584698345028
229 20.0774305434426
230 18.559123834683
231 17.0732810359955
232 15.8465177447422
233 14.6816711222851
234 13.7209981802876
235 13.3498100437399
236 13.7611265245127
237 14.1064594829673
238 14.6071887017449
239 15.0206233709588
240 15.3307996773369
241 15.4590069157347
242 16.1193043076071
243 16.781975166859
244 17.272011772013
245 17.8513271275421
246 18.409872768918
247 18.9877388010034
248 19.495100418682
249 19.9675845330433
250 20.5272576262628
251 20.9913700686371
252 21.3571055332212
253 21.7557512557833
254 22.1027180159035
255 22.4887253432968
256 22.8073032581694
257 23.1767002646512
258 23.4909216561421
259 23.8829997691908
260 24.2635014701217
261 24.5537316035902
262 24.8609182317588
263 25.0927337799509
264 25.3022853848752
265 25.6239078768372
266 25.9276575971145
267 26.2814351668001
268 26.5682335411388
269 26.9278378155083
270 27.2398129143845
271 27.5953985643226
272 27.9040045012681
273 28.2493051628493
274 28.5464060249951
275 28.8380225713423
276 29.1230843267107
277 29.4338254928057
278 29.7051094066071
279 30.0076309320128
280 30.2603983432524
281 30.5478245397496
282 30.9201014940425
283 31.1517204271017
284 31.3786865226268
285 31.6309178647312
286 31.9777904306524
287 32.3981959047617
288 32.6037857876676
289 32.8061869260541
290 33.0027133446557
291 33.2548242665334
292 33.4749852591052
293 33.6873851674868
294 33.9021760383563
295 34.1180658234067
296 34.3243976598155
297 34.5256632043812
298 34.7255597015908
299 34.8977319306943
300 35.0890453986516
301 35.2564286297133
302 35.4207285117065
303 35.5822158214178
304 35.7180655507782
305 35.8729575166168
306 36.0688739941409
307 36.2176947693852
308 36.3632955812679
309 36.5060688325692
310 36.6651793646268
311 36.7966068534786
312 36.9484988789971
313 37.0732566508903
314 37.1865970056383
315 37.1868513079353
316 37.0147749453674
317 36.6723143617071
318 34.0527234729788
319 32.6393275210814
320 31.6376035031206
321 31.8125874158516
322 31.9968736783813
323 32.1424539292563
324 32.3475753649237
325 32.3041341841588
326 31.9748215014609
327 29.9341383487934
328 28.3555729053147
329 27.1273313117285
330 27.4099564417914
331 27.6561853253098
332 27.0881088327437
333 25.6303461673522
334 24.3893937518032
335 23.1798837382562
336 22.3586240182003
337 22.6688039317835
338 22.9706208268918
339 23.1545262893876
340 22.177863756164
341 21.0278979842793
342 20.2393961065407
343 20.5802631012733
344 20.8785624131356
345 21.1321429598539
346 19.9455430914539
347 18.8617517684231
348 18.1774275070092
349 18.5745468040832
350 18.8725031356833
351 19.255969569105
352 19.6541126203904
353 20.0471739439343
354 20.328693078036
355 20.3899770255876
356 20.2752806857793
357 20.5898853639225
358 21.081856777703
359 21.4803979920719
360 21.9291385742935
361 22.3240003829793
362 22.7678941977237
363 23.1561138533557
364 23.5906568233826
365 23.9582836858582
366 24.4659313702397
367 24.8697134617421
368 25.2168725546591
369 25.5540163947743
370 25.879153632542
371 26.2365583822169
372 26.5437822418725
373 26.8880085649713
374 27.1845560623451
375 27.6723233225678
376 28.1060759491893
377 28.3811086959747
378 28.7590008858731
379 29.1286660786418
380 29.3828936608084
381 29.669314468949
382 29.9168924860992
383 30.1991227414792
384 30.5107788086081
385 30.8405162943463
386 31.1076405497816
387 31.3401601534158
388 31.5692460730906
389 31.8237391842966
390 32.0413091541028
391 32.2841229381548
392 32.4933414154688
393 32.7282202596017
394 32.9593930584535
395 33.2143208541041
396 33.4629302626953
397 33.6492637656401
398 33.8257459660116
399 33.992385042887
400 34.1645154732855
401 34.2444592635421
402 34.167528738585
403 32.1307246343242
404 30.5096977231106
405 28.823921955558
406 27.3418754934739
407 25.4554830800727
408 23.9177611126444
409 22.3586872606321
410 20.6759901655246
411 19.1503698050057
412 17.9791913250424
413 16.6677970380729
414 15.4937272660009
415 14.4863011430389
416 13.4103924813657
417 12.5286061966637
418 11.5540736282573
419 11.669300047599
420 12.1234308096332
421 12.5757635100392
422 13.1324860593009
423 13.6491071046946
424 14.277711705152
425 14.8218283017156
426 15.4489207804684
427 15.9634717589673
428 16.5758622025056
429 17.17383539382
430 17.6881074312904
431 18.2249177718057
432 18.6931318740266
433 19.2042292120628
434 19.6365674110037
435 20.1349094899015
436 20.5305495062548
437 20.9730910733467
438 21.4142031319473
439 21.8341991383849
440 22.2986890835354
441 22.8548165686049
442 23.2497630806841
443 23.6318736945878
444 23.9933764273018
445 24.2904815645035
446 24.5675094494248
447 24.7116548113395
448 24.4043848552257
449 22.8721197902106
450 20.99875528125
451 19.4603213740262
452 18.0255925604394
453 16.6985030441448
454 15.1592550410967
455 13.980381455425
456 12.4557000872961
457 11.2917723016384
458 11.3878219773047
459 11.8200619828742
460 12.3817563066316
461 13.0666245858041
462 13.8532953093281
463 14.5977121635405
464 15.5205675674266
465 16.2351835963891
466 16.8221738177135
467 17.4372889793072
468 17.9440879689561
469 18.4752497015915
470 18.9194664767838
471 19.4007064642041
472 19.8037708954725
473 20.2478445258997
474 20.6258456405455
475 21.0468518571685
476 21.4576444366489
477 21.8027641454169
478 22.1970750666086
479 22.5312961866155
480 22.8568775869158
481 23.1829728981895
482 23.5732841202678
483 23.8929325988849
484 24.2346978920273
485 24.4087818705675
486 23.9168148461491
487 21.5524586339195
488 19.973724372077
489 18.5674364314676
490 17.1046750653102
491 15.8376161094291
492 14.8363685656134
493 13.7096789844915
494 13.7500951330482
495 14.0886703100385
496 14.5217267081414
497 14.8509664815389
498 14.7686451078346
499 13.6850683280067
500 13.6713945831185
501 14.3773435643681
502 15.0605953997964
503 15.640166924155
504 16.2424416227476
505 16.8886032557701
506 17.366977730013
507 17.8292921774001
508 18.3319732326768
509 18.7511067611607
510 19.3236425273517
511 19.7506387481677
512 20.1297890082632
513 20.546240304231
514 20.9085991207893
515 21.3132487477089
516 21.6605409560225
517 22.0397630557493
518 22.3741898539011
519 22.7479408480752
520 23.0216687655371
521 23.3796132820095
522 23.6872387906097
523 24.0368374722585
524 24.355845835673
525 24.7044455370576
526 25.0120239482007
527 25.3677526990434
528 25.6813255131425
529 25.9997303455218
530 26.2501234467375
531 26.5661093148665
532 26.8822373561051
533 27.2372676094927
534 27.5498354652529
535 27.8944179578388
536 28.1962043662545
537 28.5298486005581
538 28.8177284842073
539 29.1307356841238
540 29.4058727070286
541 29.7101810443963
542 29.9684887932847
543 30.3297122298595
544 30.6712662115405
545 30.9394566184733
546 31.2014871678079
547 31.4559294191242
548 31.7144781352069
549 31.9610098379029
550 32.2027984545425
551 32.4402726932552
552 32.6741397223484
553 32.9009657428374
554 33.099028512902
555 33.3219773080558
