0 0
1 1.17549435082229e-38
2 0.0622012473723299
3 0.263227691156362
4 0.0211090458400698
5 0.0194545083144882
6 0.0416690547139074
7 0.110189941841641
8 0.200716561101301
9 0.111131970841088
10 -0.0650786615847518
11 -0.1828107642898
12 -0.246049049487475
13 -0.26736770061746
14 -0.227563053566302
15 -0.161466988104922
16 -0.100387586569777
17 -0.0323997629592684
18 0.0254595787050749
19 0.0826809622465087
20 0.129215638575262
21 0.173034367038696
22 0.219764731261321
23 0.255175604900663
24 0.277660202747848
25 0.330328204605206
26 0.347471596271526
27 0.357199940272029
28 0.353923020430664
29 0.351537783544358
30 0.350264347942837
31 0.352757271136065
32 0.359704937123287
33 0.378611814826475
34 0.402553228596448
35 0.427641164529744
36 0.46085625769927
37 0.493791792694541
38 0.533355252983063
39 0.579176989223034
40 0.615208184396021
41 0.668376191350868
42 0.710135488885647
43 0.758499434325613
44 0.808083966038257
45 0.873053844313275
46 0.913262492810813
47 0.941836072257456
48 0.977096793964182
49 1.01023579736016
50 1.05322668357759
51 1.15706549908649
52 1.21925438281477
53 1.26473876784959
54 1.31608356843083
55 1.36690681254094
56 1.45610431444459
57 1.55015251857185
58 1.6662299883044
59 1.82362511604359
60 1.98626140783249
61 2.14672214391862
62 2.31259066660162
63 2.48482956787412
64 2.65966867286475
65 2.91415246408811
66 3.10746356593385
67 3.28565659044682
68 3.61209897330298
69 3.74658414539277
70 3.68414989089444
71 3.46821571628775
72 3.28207738801649
73 3.10469586743231
74 3.01826404348984
75 3.25150421416092
76 3.54407251661007
77 3.79143721398478
78 3.52126068920045
79 3.32196166216618
80 3.05908534729849
81 3.14072068904953
82 3.41232812416765
83 3.64145516648117
84 3.85096459966895
85 3.8765108013436
86 3.45287069195097
87 3.1092498046195
88 3.08632103768879
89 3.33197486508684
90 3.47694104454612
91 3.60148257891887
92 3.63573795775144
93 3.68835902710616
94 3.73395285266414
95 3.74996017327133
96 3.70872631756378
97 3.61558070078534
98 3.53421466341443
99 3.34234774490476
100 3.15900370144539
101 2.93273343904485
102 2.73124470786625
103 2.55892208526056
104 2.41236954945015
105 2.17034822817922
106 1.99765131888484
107 1.81204696093008
108 1.71460298839364
109 1.59561063725691
110 1.48618910129082
111 1.36319137813528
112 1.28004115273527
113 1.23261153533461
114 1.19332266814098
115 1.12984295464446
116 1.11404687979874
117 1.11652289317659
118 1.11883657153386
119 1.11808134430435
120 1.11283289520093
121 1.08950699015711
122 1.14041273007754
123 1.0600465130879
124 0.952936719454917
125 0.905484853573693
126 0.752926521712904
127 0.555273779008544
128 0.40619346801461
129 0.236923984245102
130 0.197454897480993
131 0.0499559578578245
132 -0.0244362576718505
133 -0.0477083548680982
134 0.121261804647923
135 0.248605865081769
136 0.474988066249287
137 0.756787102174117
138 1.38911618259346
139 1.93267486623028
140 2.45033688601949
141 3.23489159451219
142 3.86902302682992
143 4.72685714655022
144 4.92419468183867
145 5.24008794868766
146 5.96015476016329
147 5.97456647154326
148 6.24147906733625
149 6.18637934532586
150 6.36392945863242
151 6.20233709357837
152 5.97583860252764
153 5.66204898295276
154 5.32502534590006
155 4.83552923552686
156 4.39316641686155
157 3.95005104472512
158 3.48978578802413
159 3.553047570198
160 3.61487642404876
161 3.5750651594302
162 3.44357956598999
163 3.27658593724427
164 3.07369811835602
165 2.86093163442037
166 2.67179863606116
167 2.43821894281642
168 2.20252506569519
169 1.97176551438346
170 1.78891886200649
171 1.60260337134849
172 1.42797911357103
173 1.30678063029959
174 0.923042161782074
175 0.782591200634728
176 0.724668788529831
177 0.470099079502144
178 0.414998887678996
179 0.39873837971831
180 0.330342870878615
181 0.21783284606083
182 0.00515902740988861
183 -0.274545246522665
184 -0.694447672014884
185 -1.66951191056259
186 -2.38257872168389
187 -3.69324560330659
188 -4.64571264505001
189 -5.16573862691667
190 -5.78450849452249
191 -5.9003328238232
192 -6.04330462588585
193 -5.66560012444209
194 -5.39823990582094
195 -4.94988868341025
196 -4.43283402278893
197 -3.86522351225682
198 -3.84799445786482
199 -3.88625919953162
200 -3.64257550749192
201 -3.35868676322505
202 -2.97784662144736
203 -2.5456768061768
204 -2.10845195901217
205 -1.80907616383265
206 -1.34339871393163
207 -1.08047399031031
208 -0.78898323236999
209 -0.593778883197736
210 -0.351259624631148
211 -0.176609486429217
212 -0.0386913369222673
213 0.115556236439175
214 0.236317738126634
215 0.383761235727778
216 0.514879493199052
217 0.76778213503659
218 0.931627225342817
219 1.13921891785533
220 1.35880817484571
221 1.78337749579973
222 2.09848981115554
223 2.39269262197513
224 2.7957235471798
225 3.2050396693932
226 3.61381327399106
227 4.81819747013379
228 4.82949734618512
229 4.77742105101046
230 4.67317925021106
231 4.436088401223
232 4.17408221505172
233 3.85200476515085
234 3.60054306900337
235 3.59928081281155
236 3.97928152000193
237 4.21191038992459
238 4.41506612810012
239 4.43923426291069
240 4.27552527019209
241 4.0657433109157
242 3.97103953340875
243 3.7764626648848
244 3.63658609130423
245 3.43760765574982
246 3.26939201602648
247 3.01632382662676
248 2.88475892980983
249 2.82925111184575
250 2.73252021902382
251 2.81679260300752
252 2.8417571551808
253 2.90793922144879
254 2.96108825403058
255 3.02977409468279
256 3.13637638722017
257 3.23055576208547
258 3.31287183688038
259 3.44011976899584
260 3.57703053271542
261 3.67327192121997
262 3.71593591205176
263 3.76137706258627
264 3.79091888868203
265 3.80770050144921
266 3.8065775281863
267 3.73964174728597
268 3.73875542997481
269 3.64349767420112
270 3.50750065337614
271 3.35237002208046
272 3.19427812054315
273 3.00538602448312
274 2.82526943902289
275 2.66110656841493
276 2.48611762183185
277 2.32281225082692
278 2.16499441024676
279 1.99982079469337
280 1.86758702212471
281 1.73099976022969
282 1.64896227285232
283 1.59950175779944
284 1.57414770055365
285 1.57282396965725
286 1.51474033509912
287 1.52038683958445
288 1.53499067688436
289 1.54786049830571
290 1.5900144917863
291 1.61460779426531
292 1.6296873960328
293 1.68432386126668
294 1.69151788982772
295 1.64238655236049
296 1.64470398773445
297 1.67508552730569
298 1.68580421107525
299 1.6941125369705
300 1.72188830522852
301 1.72911142804658
302 1.73468215535212
303 1.74762157112802
304 1.76516237438351
305 1.7977587865015
306 1.84310191769129
307 1.88574889060862
308 1.93305062447864
309 1.99507555740471
310 2.06803919420019
311 2.17728238451172
312 2.27035499174247
313 2.35944164606869
314 2.46193882443837
315 2.63065738328969
316 2.73990050778165
317 2.79706882317915
318 2.50685264161968
319 2.41634515748721
320 2.40205077067672
321 2.58713529561806
322 2.75612619771364
323 2.89690977526072
324 3.14255792606661
325 3.28487076354767
326 3.36932350379589
327 3.16424464752235
328 2.99474390082924
329 2.98677781698397
330 3.2098587577516
331 3.42356896103874
332 3.55049603120865
333 3.3337348445737
334 3.14687751425082
335 2.96588516811161
336 2.8819264626123
337 3.14789678756387
338 3.39786514097647
339 3.60058241379893
340 3.53576840938619
341 3.30558027333261
342 3.20051607820199
343 3.45968117811207
344 3.75665509613739
345 3.96997424093191
346 3.63959322616441
347 3.35154780846361
348 3.2072871115698
349 3.41257838155244
350 3.55082158397322
351 3.75670883231304
352 3.89582553091113
353 3.99604810057475
354 3.96831416377601
355 3.88561340299769
356 3.76051635682155
357 3.74754662940593
358 3.68956205835349
359 3.62992661886508
360 3.48545657811612
361 3.39355530014217
362 3.20601427668863
363 3.05084484567043
364 2.85439721445004
365 2.68172122391057
366 2.49634380106982
367 2.2736773425176
368 2.07947217145649
369 1.92074330879118
370 1.7270573368691
371 1.63068493207902
372 1.51457699335779
373 1.4067839629562
374 1.29730342368095
375 1.22298171009601
376 1.18300287136747
377 1.11257213418799
378 1.10134931157209
379 1.1103534689972
380 1.11724884783391
381 1.11504807289765
382 1.10630185341388
383 1.1722714501169
384 1.0897338488832
385 0.93730587227654
386 0.872184160777839
387 0.713967926499711
388 0.554800630442422
389 0.334401186732881
390 0.198935493080651
391 0.117106816895314
392 0.019791024485231
393 -0.0605869116441783
394 -0.0670647550027871
395 0.12468797825649
396 0.307414437333668
397 0.51819741000432
398 0.789229979450855
399 1.46757510622801
400 2.08959984684783
401 2.77028477306267
402 3.49132935059106
403 3.83352284406523
404 4.54396577712099
405 4.86463714108478
406 5.04568400052253
407 5.58521479521302
408 5.75552737271683
409 5.69387961019757
410 5.64801846333079
411 5.66282129924409
412 5.50294239234705
413 5.24026401826436
414 4.88000990812153
415 4.50869835697082
416 4.13464538949904
417 3.75310554127599
418 3.29496285247263
419 3.40111299662584
420 3.64944993700086
421 3.77916478083519
422 3.84316619103217
423 3.82582645042655
424 3.72885509363554
425 3.59450781873213
426 3.41823715998206
427 3.26163718764334
428 3.02474029098747
429 2.72284814569096
430 2.47989134291391
431 2.16046552338629
432 1.9338882620147
433 1.65782905398516
434 1.42795747263439
435 1.01346823242482
436 0.831645797700347
437 0.719209642349182
438 0.407201629930955
439 0.319647452587828
440 0.260490003277011
441 0.119618840537834
442 -0.0810717374555948
443 -0.374295719766623
444 -0.782057115827033
445 -1.81938275531371
446 -2.41659430980287
447 -3.36770891132788
448 -4.02289398400695
449 -4.18018127024661
450 -4.25886402407584
451 -4.78514625312781
452 -4.69458684777788
453 -4.71341935995619
454 -4.56485556370826
455 -4.32120289980563
456 -3.87262211131081
457 -3.49057183307469
458 -3.83449470771758
459 -4.21401715415909
460 -4.40544436569574
461 -4.41660105803177
462 -4.24114128288559
463 -4.02463707602529
464 -3.42337034062241
465 -2.94619671910768
466 -2.57403793198619
467 -1.9698176150448
468 -1.57206885583481
469 -1.15631778387649
470 -0.799112760059614
471 -0.438589668287199
472 -0.139251001403933
473 0.142813820091777
474 0.372044216139125
475 0.599931137522823
476 0.819742383329918
477 1.03643344229579
478 1.2600253315642
479 1.42789241384262
480 1.62300029757488
481 2.03046041644194
482 2.32648386663622
483 2.61444938177303
484 3.07438662952079
485 3.46952623817134
486 3.93864262070007
487 4.27951563303583
488 4.26829915061052
489 4.20185847940715
490 4.00509541635284
491 3.76878579712393
492 3.60152008105537
493 3.27814923857209
494 3.57414217006532
495 3.97473693845503
496 4.37553236261876
497 4.57307646852442
498 4.40051223745463
499 3.71485640971342
500 3.52347902043898
501 3.51408645047731
502 3.367544895867
503 3.23886977831642
504 3.04478825197932
505 2.82333007850835
506 2.66317720482234
507 2.57593922754991
508 2.43953637120341
509 2.42926719507709
510 2.42676369951668
511 2.52327012715183
512 2.57763292202059
513 2.66051121525564
514 2.72793985219687
515 2.80782121208868
516 2.88322886611401
517 3.00586671086668
518 3.09172507728159
519 3.18615824138554
520 3.26644323569889
521 3.37588982986585
522 3.47236944020253
523 3.56912222363163
524 3.59673887662778
525 3.64733748202722
526 3.67581396838383
527 3.67249318533328
528 3.63988925633704
529 3.57330101673476
530 3.58967819696306
531 3.49150110710286
532 3.39093973416743
533 3.2295273204277
534 3.1089727183177
535 2.91510363437774
536 2.77565369433958
537 2.57984900553941
538 2.43715461551872
539 2.26664925201763
540 2.13850075959101
541 1.96908475764261
542 1.84318684606307
543 1.7008232918731
544 1.65351691112421
545 1.57998856589139
546 1.56393874924927
547 1.56673328289503
548 1.5025505387636
549 1.49392950193282
550 1.51268056425989
551 1.52989946767393
552 1.54632221027864
553 1.59127241434519
554 1.61127063921056
555 1.62451382235755
