0 0
1 3.733651
2 3.733651
3 3.733879
4 3.736765
5 3.743151
6 3.751029
7 3.770714
8 3.791759
9 3.823802
10 3.853693
11 3.861608
12 3.856745
13 3.840483
14 3.819211
15 3.803152
16 3.792137
17 3.783383
18 3.778497
19 3.775876
20 3.775572
21 3.777209
22 3.781367
23 3.78657
24 3.791415
25 3.798409
26 3.805995
27 3.814384
28 3.822317
29 3.829225
30 3.835969
31 3.843431
32 3.850661
33 3.857696
34 3.864599
35 3.870637
36 3.877638
37 3.883902
38 3.891294
39 3.898994
40 3.90606
41 3.915613
42 3.923425
43 3.932769
44 3.942558
45 3.95151
46 3.96221
47 3.972075
48 3.983766
49 3.994303
50 4.006661
51 4.01774
52 4.033989
53 4.04765
54 4.060061
55 4.074713
56 4.089816
57 4.103375
58 4.117382
59 4.13418
60 4.151959
61 4.168395
62 4.185848
63 4.204433
64 4.224181
65 4.24831
66 4.270828
67 4.294869
68 4.32416
69 4.355209
70 4.379009
71 4.410918
72 4.439021
73 4.467146
74 4.499002
75 4.532682
76 4.569235
77 4.608692
78 4.649404
79 4.68925
80 4.728786
81 4.773408
82 4.811103
83 4.863468
84 4.92007
85 4.965959
86 5.023775
87 5.072243
88 5.112953
89 5.16851
90 5.221101
91 5.283173
92 5.340207
93 5.398207
94 5.456331
95 5.52163
96 5.593471
97 5.650437
98 5.706242
99 5.766895
100 5.824417
101 5.879336
102 5.925187
103 5.973289
104 6.003159
105 6.040348
106 6.070255
107 6.101546
108 6.126529
109 6.149166
110 6.169839
111 6.189019
112 6.214085
113 6.23898
114 6.253613
115 6.267299
116 0.0007066698
117 0.01289116
118 0.02454343
119 0.03580806
120 0.04524697
121 0.05754732
122 0.06769103
123 0.07962345
124 0.08976584
125 0.1010839
126 0.1105041
127 0.1207064
128 0.1277533
129 0.135959
130 0.1420207
131 0.1475988
132 0.1513626
133 0.1545348
134 0.1566683
135 0.1580394
136 0.1595561
137 0.1610154
138 0.1635141
139 0.167393
140 0.1729844
141 0.1821922
142 0.1926005
143 0.2091091
144 0.2270206
145 0.2492962
146 0.2808819
147 0.3172616
148 0.3603423
149 0.4119697
150 0.4689874
151 0.5396467
152 0.6173391
153 0.6914948
154 0.7603689
155 0.842171
156 0.9249649
157 0.9979792
158 1.079462
159 1.161257
160 1.252112
161 1.334992
162 1.429141
163 1.509066
164 1.594769
165 1.664427
166 1.737081
167 1.795234
168 1.848073
169 1.895685
170 1.94386
171 1.981137
172 2.014194
173 2.039544
174 2.069417
175 2.097701
176 2.11543
177 2.132466
178 2.148626
179 2.159661
180 2.168744
181 2.175586
182 2.182203
183 2.186805
184 2.190067
185 2.190602
186 2.186621
187 2.163199
188 2.141441
189 2.111707
190 2.066741
191 1.995838
192 1.938841
193 1.835387
194 1.767806
195 1.682825
196 1.583131
197 1.48306
198 1.369158
199 1.21217
200 1.087865
201 0.981931
202 0.8846802
203 0.797358
204 0.7213787
205 0.66439
206 0.6097506
207 0.5717295
208 0.5367157
209 0.5125193
210 0.4907316
211 0.4763674
212 0.4670486
213 0.458466
214 0.4543521
215 0.4517298
216 0.4516197
217 0.4542598
218 0.4586369
219 0.4661286
220 0.4747283
221 0.4870668
222 0.5021722
223 0.5185984
224 0.5410888
225 0.5639756
226 0.590282
227 0.6428159
228 0.6912501
229 0.740784
230 0.7958906
231 0.8576722
232 0.9156698
233 0.976376
234 1.030666
235 1.095165
236 1.176026
237 1.245856
238 1.342218
239 1.432054
240 1.545199
241 1.622587
242 1.729002
243 1.822867
244 1.89329
245 1.968571
246 2.039315
247 2.11286
248 2.171482
249 2.225862
250 2.288763
251 2.340985
252 2.379792
253 2.423158
254 2.460503
255 2.502774
256 2.539614
257 2.581715
258 2.618804
259 2.666943
260 2.715744
261 2.754189
262 2.793214
263 2.838439
264 2.878117
265 2.923692
266 2.963859
267 3.010093
268 3.050139
269 3.095391
270 3.134333
271 3.177698
272 3.214624
273 3.255071
274 3.288781
275 3.320881
276 3.351284
277 3.383685
278 3.410293
279 3.438762
280 3.461818
281 3.486275
282 3.516439
283 3.533693
284 3.55001
285 3.567802
286 3.591045
287 3.619495
288 3.633211
289 3.646634
290 3.659877
291 3.676702
292 3.69162
293 3.706584
294 3.721571
295 3.736677
296 3.751884
297 3.766978
298 3.78195
299 3.79506
300 3.810054
301 3.823115
302 3.836231
303 3.849393
304 3.860661
305 3.873814
306 3.890809
307 3.904114
308 3.917521
309 3.931104
310 3.946908
311 3.960957
312 3.977413
313 3.992262
314 4.007528
315 4.021007
316 4.039519
317 4.05631
318 4.075489
319 4.091622
320 4.109794
321 4.126369
322 4.14432
323 4.160636
324 4.18682
325 4.208621
326 4.231397
327 4.254304
328 4.276376
329 4.308082
330 4.338736
331 4.372691
332 4.41292
333 4.44537
334 4.473576
335 4.501858
336 4.529788
337 4.563482
338 4.600034
339 4.634343
340 4.674966
341 4.710123
342 4.749731
343 4.791708
344 4.837161
345 4.885772
346 4.928586
347 4.970241
348 5.022264
349 5.070923
350 5.109632
351 5.163713
352 5.220164
353 5.27869
354 5.345985
355 5.413311
356 5.479036
357 5.529224
358 5.593644
359 5.64351
360 5.699507
361 5.747005
362 5.799248
363 5.842879
364 5.890344
365 5.929485
366 5.981632
367 6.020279
368 6.051887
369 6.081055
370 6.1079
371 6.135395
372 6.156883
373 6.179338
374 6.197524
375 6.225818
376 6.249136
377 6.262897
378 6.281304
379 0.01520825
380 0.0266151
381 0.03927883
382 0.05010218
383 0.06205099
384 0.07575642
385 0.0906757
386 0.1023482
387 0.1119489
388 0.1209658
389 0.1303022
390 0.1372312
391 0.1437621
392 0.148198
393 0.1521128
394 0.1548651
395 0.1567559
396 0.1578346
397 0.1587874
398 0.1601674
399 0.1626408
400 0.1675337
401 0.1749296
402 0.182965
403 0.1916259
404 0.2027133
405 0.2210335
406 0.2426541
407 0.2734788
408 0.3099035
409 0.3546239
410 0.4120975
411 0.4683731
412 0.5218937
413 0.5885992
414 0.6591079
415 0.7232038
416 0.7977992
417 0.8636959
418 0.9380946
419 1.00327
420 1.085862
421 1.162974
422 1.254642
423 1.336001
424 1.427916
425 1.50627
426 1.591358
427 1.661541
428 1.735952
429 1.805228
430 1.861021
431 1.918457
432 1.962232
433 2.006553
434 2.040674
435 2.074052
436 2.099134
437 2.122322
438 2.141122
439 2.156457
440 2.169121
441 2.180335
442 2.186545
443 2.19095
444 2.193153
445 2.192186
446 2.186872
447 2.173159
448 2.15127
449 2.123395
450 2.081209
451 2.047581
452 2.004184
453 1.952965
454 1.885235
455 1.82076
456 1.725148
457 1.645195
458 1.55888
459 1.457363
460 1.343564
461 1.222378
462 1.099218
463 0.992303
464 0.8669067
465 0.7780296
466 0.7088544
467 0.6402775
468 0.5906959
469 0.5438434
470 0.5103934
471 0.4805357
472 0.4610304
473 0.4452136
474 0.4362428
475 0.4310292
476 0.430304
477 0.4329252
478 0.4392944
479 0.4480232
480 0.4592099
481 0.4747254
482 0.4955139
483 0.517986
484 0.550724
485 0.5766739
486 0.6271899
487 0.6811627
488 0.7239115
489 0.7670166
490 0.820703
491 0.8720822
492 0.9193153
493 0.9765089
494 1.043774
495 1.112084
496 1.208177
497 1.292081
498 1.401148
499 1.494719
500 1.590259
501 1.68971
502 1.78042
503 1.859193
504 1.933163
505 2.010508
506 2.066338
507 2.117475
508 2.171036
509 2.214039
510 2.271159
511 2.314244
512 2.350546
513 2.391466
514 2.427049
515 2.467687
516 2.503314
517 2.544255
518 2.580353
519 2.622122
520 2.653836
521 2.696638
522 2.73455
523 2.778478
524 2.817516
525 2.862661
526 2.902351
527 2.947886
528 2.987794
529 3.02765
530 3.06136
531 3.100082
532 3.13785
533 3.180071
534 3.215946
535 3.255377
536 3.28821
537 3.324036
538 3.353597
539 3.385276
540 3.411249
541 3.439178
542 3.46179
543 3.491562
544 3.518429
545 3.538094
546 3.556547
547 3.574136
548 3.591
549 3.607404
550 3.623253
551 3.638615
552 3.653725
553 3.668695
554 3.68167
555 3.696548
