0 0
1 -0.00214534
2 -0.00191962
3 0.000849968
4 0.00695234
5 0.0144696
6 0.0332562
7 0.0533342
8 0.0839022
9 0.112343
10 0.118249
11 0.111356
12 0.0848431
13 0.0602968
14 0.0413101
15 0.0275102
16 0.0153255
17 0.0072215
18 0.000677885
19 -0.00326925
20 -0.00603337
21 -0.00772752
22 -0.00811869
23 -0.00783515
24 -0.0160514
25 -0.0129576
26 -0.00943119
27 -0.00614386
28 -0.00355863
29 -0.00138384
30 0.0005477
31 0.00191059
32 0.000392142
33 0.000627559
34 0.00055889
35 0.000266062
36 -0.000130295
37 -0.000671432
38 -0.0012505
39 -0.00116798
40 -0.00161235
41 -0.00191456
42 -0.00220711
43 -0.00244237
44 -0.012551
45 -0.0090034
46 -0.0060782
47 -0.00310469
48 -0.000888052
49 0.00116581
50 -0.0236484
51 -0.0133698
52 -0.00648484
53 -0.00146194
54 0.0101032
55 0.0115385
56 0.0117016
57 0.0110144
58 0.00906709
59 0.00759259
60 0.00565706
61 0.00339523
62 0.00099801
63 -0.00142595
64 -0.0225777
65 -0.0127432
66 -0.00530692
67 -0.0218513
68 -0.00330987
69 -0.0373574
70 -0.0105618
71 0.00379876
72 0.0121345
73 0.0163245
74 0.0170482
75 0.000471958
76 0.0121696
77 0.0164676
78 -0.0157929
79 -0.00406309
80 0.00141608
81 -0.0551624
82 -0.0232597
83 -0.00555606
84 -0.00541503
85 0.00771865
86 0.00939642
87 0.00706793
88 -0.0211274
89 -0.0172881
90 -0.0151701
91 0.0162951
92 0.0078852
93 0.00104928
94 -0.0209384
95 -0.017868
96 -0.0136359
97 -0.0225335
98 -0.0128211
99 -0.00372907
100 0.00781684
101 0.0123044
102 -0.0166294
103 -0.00658026
104 0.00491483
105 0.0129346
106 0.0198103
107 0.00664814
108 0.0124547
109 0.0165092
110 0.0328468
111 0.0286101
112 0.0230817
113 0.0193147
114 0.0314485
115 0.023162
116 0.0171395
117 0.0115816
118 0.00663689
119 0.00298575
120 -0.00099885
121 -0.0330158
122 -0.0246407
123 -0.0175348
124 -0.0446864
125 -0.0281854
126 -0.011098
127 0.000251183
128 0.0130231
129 -0.012773
130 0.00682302
131 0.0202895
132 0.0315871
133 0.000307476
134 0.0171477
135 0.0296501
136 0.0348735
137 -0.0243583
138 0.00715579
139 0.0258404
140 0.0370695
141 0.0380161
142 -0.0626039
143 -0.0135547
144 0.0143976
145 -0.24644
146 -0.0435126
147 0.057119
148 0.0877235
149 -0.0597021
150 0.0306777
151 -0.0721615
152 -0.0106101
153 -0.0250956
154 -0.141353
155 -0.100134
156 -0.0957833
157 -0.111911
158 -0.111232
159 -0.101629
160 -0.0864103
161 -0.0565622
162 -0.0454534
163 -0.0281967
164 -0.0123646
165 -0.0401343
166 -0.0216307
167 -0.00488089
168 0.00922717
169 0.00288909
170 0.0108064
171 0.0163348
172 0.0193815
173 0.0904879
174 0.0694624
175 0.0518923
176 0.0969502
177 0.0571283
178 0.0241409
179 -0.00455963
180 -0.0251167
181 -0.0427884
182 -0.0528506
183 -0.0582861
184 0.124747
185 0.0350213
186 -0.0492586
187 -0.0623766
188 -0.0541816
189 0.15068
190 -0.0114004
191 0.207644
192 0.0310606
193 0.0011631
194 0.052548
195 0.0914342
196 0.134216
197 0.138734
198 0.140415
199 0.107266
200 0.11506
201 0.0734321
202 0.0340033
203 0.00116014
204 0.00833772
205 -0.0174263
206 -0.0318909
207 -0.0278466
208 -0.0333621
209 -0.0354156
210 -0.0381787
211 -0.0353071
212 -0.0295513
213 -0.0245586
214 -0.0175081
215 -0.0116879
216 -0.0263891
217 -0.0141453
218 -0.00257026
219 0.00507475
220 -0.0489932
221 -0.0174302
222 0.00329542
223 0.0190763
224 0.0261725
225 0.0278391
226 -0.104727
227 -0.00509977
228 -0.0183065
229 0.0277397
230 -0.00318861
231 0.0111001
232 -0.00268248
233 -0.0221152
234 -0.072871
235 -0.0640782
236 -0.0800889
237 -0.0785912
238 -0.0943666
239 -0.0729986
240 -0.0597545
241 -0.0751595
242 -0.0396098
243 -0.0642355
244 -0.025206
245 0.00380341
246 0.0262349
247 0.0533166
248 0.0472228
249 0.0366498
250 0.00487098
251 0.00714158
252 0.00228687
253 0.00531111
254 0.00663507
255 -0.00955836
256 -0.00282936
257 0.00800384
258 0.00855386
259 -0.00211238
260 -0.00184226
261 0.0128211
262 0.0042369
263 -0.00194429
264 -0.00346102
265 -0.00827839
266 -0.0110917
267 -0.0231097
268 -0.0155412
269 -0.00659521
270 -0.00104488
271 0.00228669
272 0.00784109
273 0.0121367
274 0.013209
275 0.0174132
276 0.0131678
277 0.0184733
278 0.0230159
279 0.0255022
280 0.0278745
281 0.0150642
282 0.0188745
283 0.0212001
284 0.0223551
285 0.0202225
286 0.0152512
287 0.0114761
288 0.00798195
289 0.00102685
290 0.000848388
291 0.000743962
292 -0.0134556
293 -0.00795396
294 0.0120086
295 0.0106435
296 0.00327801
297 0.00394033
298 0.00443418
299 -0.00418787
300 -0.000240524
301 0.00310687
302 0.00586242
303 0.00771446
304 0.00685578
305 0.00802641
306 0.00847252
307 0.00915337
308 0.00904039
309 0.00857221
310 -0.00236613
311 0.00224096
312 0.00524223
313 0.00733026
314 -0.0194442
315 -0.00780573
316 4.41548e-05
317 0.0140157
318 0.0153563
319 0.0151979
320 0.0140804
321 0.0126788
322 0.011727
323 0.00960002
324 0.0076288
325 0.00547633
326 -0.015839
327 -0.00627286
328 -0.0344709
329 -0.00975139
330 0.0080947
331 -0.00613415
332 0.0111328
333 0.0193396
334 0.0234046
335 0.024322
336 0.00201953
337 0.0155243
338 0.0210712
339 -0.0192037
340 -0.00489025
341 0.00279528
342 0.0053578
343 -0.035929
344 -0.0146718
345 -0.00529102
346 -0.00635496
347 0.00314842
348 0.00473183
349 0.00382258
350 -0.0235257
351 -0.0188197
352 -0.0167888
353 0.0133667
354 0.00390807
355 -0.0233075
356 -0.0221599
357 -0.0185521
358 -0.0142726
359 -0.00863817
360 -0.0151169
361 -0.00626044
362 0.000844233
363 0.010383
364 0.0140422
365 -0.0130257
366 -0.000309129
367 0.00924159
368 0.0168651
369 0.0226263
370 0.0103839
371 0.0152251
372 0.0188976
373 0.0324487
374 0.0265432
375 0.0204251
376 0.0333668
377 0.0239215
378 0.0151748
379 0.00969187
380 0.00426733
381 0.000338457
382 -0.0371028
383 -0.0274194
384 -0.0168344
385 -0.0429281
386 -0.0263354
387 -0.0113049
388 0.00368176
389 0.014465
390 -0.00848249
391 0.00789739
392 0.0225528
393 0.0329029
394 0.00523236
395 0.0216346
396 0.0298179
397 0.034252
398 -0.0205846
399 0.0123392
400 0.0302378
401 0.0361874
402 0.0305114
403 -0.059905
404 -0.0147663
405 0.00614622
406 -0.217818
407 -0.0361951
408 0.0544705
409 0.082283
410 -0.055035
411 0.0204689
412 -0.153908
413 -0.0184585
414 0.000288372
415 -0.0180765
416 -0.112321
417 -0.0758764
418 -0.0697578
419 -0.0820225
420 -0.0837889
421 -0.0826135
422 -0.0763643
423 -0.0560656
424 -0.0517591
425 -0.0398229
426 -0.0727869
427 -0.0520904
428 -0.0293713
429 -0.0102362
430 -0.00961862
431 0.00258633
432 0.0136021
433 0.0206188
434 0.0937055
435 0.0789777
436 0.060195
437 0.106303
438 0.0700735
439 0.031534
440 -0.00827453
441 -0.0301646
442 -0.0455557
443 -0.0542477
444 0.133183
445 0.0381944
446 -0.0278341
447 -0.0612285
448 -0.0700217
449 -0.05638
450 0.103422
451 -0.00130623
452 -0.035186
453 0.0678222
454 0.00530068
455 -0.00712017
456 0.039759
457 0.0896847
458 0.134777
459 0.146878
460 0.15666
461 0.135478
462 0.142662
463 0.0890837
464 0.0484178
465 0.0467438
466 0.00946009
467 -0.015042
468 -0.0214054
469 -0.0353824
470 -0.0447323
471 -0.0523996
472 -0.0517102
473 -0.0482257
474 -0.0418911
475 -0.0343209
476 -0.0544727
477 -0.0362097
478 -0.0217014
479 -0.00930964
480 -0.0715766
481 -0.026757
482 0.00269785
483 0.025492
484 0.0327967
485 0.0319217
486 -0.0235846
487 0.0252808
488 0.0127358
489 0.0356926
490 0.00670064
491 0.0133868
492 0.00194562
493 -0.0214952
494 -0.0655562
495 -0.0830904
496 -0.079039
497 -0.105009
498 -0.0865479
499 -0.0719841
500 -0.0948476
501 -0.0546999
502 -0.0837218
503 -0.0393021
504 -0.00278667
505 0.0177292
506 0.0313063
507 0.0571385
508 0.050068
509 0.0371174
510 -0.0019767
511 9.15435e-05
512 -0.00787887
513 -0.00395059
514 -0.00145275
515 -0.000571427
516 -0.0142574
517 -0.00846338
518 0.00289706
519 0.00396533
520 0.0039516
521 -0.0046666
522 -0.00400326
523 0.00662288
524 7.4229e-06
525 -0.00457118
526 -0.00550681
527 -0.00872684
528 -0.0101975
529 -0.0200464
530 -0.0137202
531 -0.00555697
532 -0.000554923
533 0.0022159
534 0.00724271
535 0.0110437
536 0.0124594
537 0.0162446
538 0.0121309
539 0.0170718
540 0.0213679
541 0.0259466
542 0.0256239
543 0.0143595
544 0.0186375
545 0.0210037
546 0.0218314
547 0.0198092
548 0.0154874
549 0.0139323
550 0.00968846
551 0.00593135
552 0.000710411
553 0.000588587
554 0.00057954
