0 0
1 0
2 1.830335e-23
3 -0.1634202
4 -0.1634202
5 -0.1634202
6 -0.1634202
7 -0.1634202
8 -0.1634202
9 -0.1634202
10 0.004513269
11 0.0288584
12 0.04842023
13 0.04314031
14 0.0335458
15 0.01918959
16 0.0114603
17 0.005380566
18 0.0004013844
19 -0.002338936
20 -0.004932906
21 -0.006116175
22 -0.007209257
23 -0.007843558
24 -0.008007138
25 -0.007989581
26 -0.007989581
27 -0.008472461
28 -0.007545874
29 -0.007101422
30 -0.006630414
31 -0.006270667
32 -0.00594001
33 -0.005753818
34 -0.005802037
35 -0.005842572
36 -0.00595588
37 -0.006124369
38 -0.006124369
39 -0.006584726
40 -0.006584726
41 -0.00696245
42 -0.007156234
43 -0.007338656
44 -0.00755262
45 -0.007745348
46 -0.008192113
47 -0.008094916
48 -0.008160654
49 -0.008179141
50 -0.008240367
51 -0.008346915
52 -0.009173258
53 -0.008982092
54 -0.009198705
55 -0.009314591
56 -0.009420424
57 -0.009420424
58 -0.009911349
59 -0.01108244
60 -0.01161108
61 -0.01246315
62 -0.01314184
63 -0.01391825
64 -0.01466472
65 -0.01541291
66 -0.01674539
67 -0.01674539
68 -0.0183553
69 -0.01982029
70 -0.02075453
71 -0.0223255
72 -0.02316929
73 -0.024241
74 -0.02533528
75 -0.02533528
76 -0.02677945
77 -0.03062718
78 -0.03062718
79 -0.03343257
80 -0.03530698
81 -0.03674372
82 -0.03843798
83 -0.04035524
84 -0.04067774
85 -0.04157023
86 -0.04216094
87 -0.04359759
88 -0.04359759
89 -0.04593052
90 -0.04627867
91 -0.04575346
92 -0.04487997
93 -0.04292808
94 -0.04292808
95 -0.04020143
96 -0.03909761
97 -0.03617965
98 -0.03617965
99 -0.03116363
100 -0.02915542
101 -0.02608937
102 -0.02330703
103 -0.0211336
104 -0.0211336
105 -0.01677683
106 -0.01550146
107 -0.01370074
108 -0.01208411
109 -0.01146472
110 -0.01019862
111 -0.009417743
112 -0.008325958
113 -0.008325958
114 -0.006933508
115 -0.007071546
116 -0.00625725
117 -0.00625725
118 -0.006160113
119 -0.006068881
120 -0.006068881
121 -0.005787782
122 -0.005585311
123 -0.005939513
124 -0.005012179
125 -0.004563107
126 -0.004321982
127 -0.003252534
128 -0.002302478
129 -0.001688959
130 -0.001688959
131 -0.0004984913
132 -8.572153e-05
133 0.0002041235
134 0.000209034
135 -0.0008833203
136 -0.001136071
137 -0.002402087
138 -0.003480836
139 -0.006754389
140 -0.006754389
141 -0.01133222
142 -0.01133222
143 -0.01791714
144 -0.01791714
145 -0.02735831
146 -0.02878526
147 -0.02878526
148 -0.04709361
149 -0.04709361
150 -0.05776709
151 -0.06679065
152 -0.07511509
153 -0.08506761
154 -0.09157358
155 -0.09157358
156 -0.1067148
157 -0.1067148
158 -0.1145385
159 -0.1190354
160 -0.1127751
161 -0.1035533
162 -0.09443496
163 -0.08173595
164 -0.07327044
165 -0.06229211
166 -0.05516789
167 -0.04759613
168 -0.04090737
169 -0.03483094
170 -0.02952273
171 -0.02546567
172 -0.02162096
173 -0.02162096
174 -0.01495801
175 -0.009851956
176 -0.009023994
177 -0.007917341
178 -0.003771176
179 -0.004626519
180 -0.003705689
181 -0.00294859
182 -0.001593208
183 0.0007232029
184 0.003254339
185 0.007229179
186 0.01707791
187 0.02006994
188 0.02006994
189 0.04293969
190 0.04399329
191 0.06424474
192 0.07590929
193 0.09128273
194 0.1064105
195 0.1127529
196 0.122794
197 0.1315124
198 0.1390301
199 0.1318622
200 0.1096585
201 0.09292749
202 0.07788663
203 0.06215833
204 0.04868387
205 0.04868387
206 0.0251912
207 0.0251912
208 0.01369771
209 0.01369771
210 0.006160174
211 0.004219774
212 0.001405915
213 4.109209e-05
214 -0.002131781
215 -0.003113862
216 -0.003113862
217 -0.006848009
218 -0.008562101
219 -0.009781052
220 -0.01167792
221 -0.01331625
222 -0.01765566
223 -0.01885907
224 -0.02129065
225 -0.02420559
226 -0.02420559
227 -0.03107262
228 -0.04292801
229 -0.04292801
230 -0.05714731
231 -0.06085095
232 -0.06934088
233 -0.06934088
234 -0.08220322
235 -0.08220322
236 -0.09042145
237 -0.09003813
238 -0.09034945
239 -0.08692363
240 -0.08276111
241 -0.0766268
242 -0.07308479
243 -0.06458731
244 -0.05747033
245 -0.05344726
246 -0.05344726
247 -0.03938379
248 -0.03799627
249 -0.03799627
250 -0.03027296
251 -0.02998356
252 -0.02947204
253 -0.02861667
254 -0.02843193
255 -0.02794746
256 -0.02768845
257 -0.0280459
258 -0.02773814
259 -0.02779324
260 -0.02791362
261 -0.02811415
262 -0.02811415
263 -0.02754767
264 -0.02754767
265 -0.02719682
266 -0.02719682
267 -0.02562897
268 -0.02474857
269 -0.02439073
270 -0.02275206
271 -0.0215678
272 -0.01996651
273 -0.01872897
274 -0.01705254
275 -0.01583723
276 -0.01460285
277 -0.01336034
278 -0.01224329
279 -0.01121478
280 -0.01010219
281 -0.009386206
282 -0.00844783
283 -0.007999385
284 -0.007684122
285 -0.007492315
286 -0.007399275
287 -0.006806387
288 -0.006869655
289 -0.006806352
290 -0.006796652
291 -0.006953414
292 -0.006876301
293 -0.006874294
294 -0.007085055
295 -0.006891939
296 -0.006559973
297 -0.00661965
298 -0.006654818
299 -0.006654818
300 -0.006536913
301 -0.006647597
302 -0.006539914
303 -0.006533889
304 -0.006533889
305 -0.006520441
306 -0.006644015
307 -0.006720883
308 -0.006720883
309 -0.006999661
310 -0.007107417
311 -0.007343434
312 -0.007714551
313 -0.007914659
314 -0.00819038
315 -0.00819038
316 -0.009350326
317 -0.009455046
318 -0.009962797
319 -0.01029325
320 -0.01029325
321 -0.01179569
322 -0.01213342
323 -0.01213342
324 -0.01367256
325 -0.01427783
326 -0.01496929
327 -0.01496929
328 -0.01728739
329 -0.0174862
330 -0.01968418
331 -0.02003628
332 -0.02123382
333 -0.02308887
334 -0.0238185
335 -0.02495889
336 -0.02599288
337 -0.02716318
338 -0.02895188
339 -0.02895188
340 -0.03189074
341 -0.03362012
342 -0.03476958
343 -0.03648649
344 -0.03786027
345 -0.03997934
346 -0.04060883
347 -0.04218245
348 -0.04337107
349 -0.04474976
350 -0.04474976
351 -0.0455167
352 -0.04602163
353 -0.04537062
354 -0.04470647
355 -0.04287527
356 -0.0421702
357 -0.0421702
358 -0.03931038
359 -0.03931038
360 -0.03440383
361 -0.03440383
362 -0.02989532
363 -0.02798513
364 -0.02562468
365 -0.0230203
366 -0.02121076
367 -0.01868104
368 -0.01653842
369 -0.01653842
370 -0.0125111
371 -0.01198235
372 -0.01077674
373 -0.009838216
374 -0.008872979
375 -0.008013277
376 -0.007324182
377 -0.006964601
378 -0.006322302
379 -0.006291123
380 -0.006291123
381 -0.006040934
382 -0.00597191
383 -0.005789515
384 -0.006228543
385 -0.00519876
386 -0.004401681
387 -0.004202787
388 -0.004202787
389 -0.001858752
390 -0.001858752
391 -0.0004501867
392 -0.000573787
393 0.0001527661
394 0.0003256713
395 0.000276254
396 -0.0009405317
397 -0.001481294
398 -0.001481294
399 -0.004158206
400 -0.006928478
401 -0.009204553
402 -0.01206014
403 -0.01497075
404 -0.01846725
405 -0.02454225
406 -0.02794908
407 -0.02794908
408 -0.04372909
409 -0.04489458
410 -0.05243432
411 -0.0596708
412 -0.06903842
413 -0.07380988
414 -0.08235432
415 -0.08235432
416 -0.094922
417 -0.0986516
418 -0.1034612
419 -0.1074439
420 -0.1067733
421 -0.1051638
422 -0.100132
423 -0.09314818
424 -0.08647793
425 -0.07674658
426 -0.07009255
427 -0.06102906
428 -0.05603995
429 -0.04721081
430 -0.04721081
431 -0.0314911
432 -0.02971673
433 -0.0239964
434 -0.01968299
435 -0.01632608
436 -0.009568924
437 -0.009568924
438 -0.006828867
439 -0.002902649
440 -0.002902649
441 -0.002273961
442 -0.0004938531
443 0.001310775
444 0.004104715
445 0.007589049
446 0.007589049
447 0.02428705
448 0.02620276
449 0.03335453
450 0.03788689
451 0.04636995
452 0.04636995
453 0.07125119
454 0.07372903
455 0.08978694
456 0.09551454
457 0.1102844
458 0.1184676
459 0.1245925
460 0.122598
461 0.1151088
462 0.1035401
463 0.1035401
464 0.0713663
465 0.05971317
466 0.05971317
467 0.0331434
468 0.02878843
469 0.02001805
470 0.01397425
471 0.00886043
472 0.003857861
473 0.0006005695
474 -0.002771545
475 -0.004826315
476 -0.007202699
477 -0.007202699
478 -0.01184901
479 -0.01218626
480 -0.01380393
481 -0.0150476
482 -0.0190751
483 -0.01987468
484 -0.02214384
485 -0.02541439
486 -0.02770384
487 -0.03351629
488 -0.04563835
489 -0.04918831
490 -0.05685982
491 -0.05685982
492 -0.07127476
493 -0.07275143
494 -0.07927656
495 -0.08422457
496 -0.08731367
497 -0.08880559
498 -0.0874732
499 -0.08545983
500 -0.08640754
501 -0.08063953
502 -0.07227365
503 -0.06333093
504 -0.05775831
505 -0.04980943
506 -0.04315879
507 -0.04315879
508 -0.03462863
509 -0.03462863
510 -0.03082656
511 -0.02991379
512 -0.03012208
513 -0.0292722
514 -0.02926318
515 -0.02882269
516 -0.02861509
517 -0.02845035
518 -0.02878241
519 -0.02851007
520 -0.02851007
521 -0.02850243
522 -0.02855886
523 -0.02858507
524 -0.02846625
525 -0.02775096
526 -0.0275044
527 -0.0269432
528 -0.02608718
529 -0.02525279
530 -0.02525279
531 -0.02358797
532 -0.02358797
533 -0.0209406
534 -0.0209406
535 -0.01821643
536 -0.01821643
537 -0.01543348
538 -0.01543348
539 -0.01297605
540 -0.01297605
541 -0.01098907
542 -0.01028492
543 -0.00938591
544 -0.00938591
545 -0.007764817
546 -0.007817535
547 -0.007480643
548 -0.007480643
549 -0.006854933
550 -0.006944788
551 -0.006872932
552 -0.006873687
553 -0.006835233
554 -0.007006223
555 -0.006925816
