0 0
1 4.12033
2 4.12033
3 4.120102
4 4.117217
5 4.110831
6 4.102952
7 4.083268
8 4.062222
9 4.030179
10 4.000288
11 3.992374
12 3.997236
13 4.013498
14 4.03477
15 4.050829
16 4.061845
17 4.070599
18 4.075485
19 4.078106
20 4.07841
21 4.076772
22 4.072615
23 4.067412
24 4.062566
25 4.055573
26 4.047987
27 4.039598
28 4.031665
29 4.024757
30 4.018012
31 4.01055
32 4.003321
33 3.996285
34 3.989383
35 3.983344
36 3.976344
37 3.97008
38 3.962687
39 3.954988
40 3.947922
41 3.938369
42 3.930556
43 3.921213
44 3.911424
45 3.902472
46 3.891772
47 3.881907
48 3.870215
49 3.859678
50 3.84732
51 3.836241
52 3.819993
53 3.806332
54 3.79392
55 3.779269
56 3.764166
57 3.750607
58 3.7366
59 3.719802
60 3.702022
61 3.685587
62 3.668133
63 3.649549
64 3.629801
65 3.605672
66 3.583154
67 3.559112
68 3.529822
69 3.498772
70 3.474973
71 3.443064
72 3.414961
73 3.386835
74 3.35498
75 3.321299
76 3.284746
77 3.24529
78 3.204578
79 3.164731
80 3.125195
81 3.080574
82 3.042878
83 2.990514
84 2.933912
85 2.888023
86 2.830207
87 2.781739
88 2.741029
89 2.685471
90 2.632881
91 2.570809
92 2.513774
93 2.455775
94 2.397651
95 2.332351
96 2.260511
97 2.203544
98 2.14774
99 2.087087
100 2.029565
101 1.974646
102 1.928795
103 1.880692
104 1.850822
105 1.813634
106 1.783727
107 1.752435
108 1.727453
109 1.704816
110 1.684142
111 1.664963
112 1.639897
113 1.615001
114 1.600369
115 1.586682
116 1.57009
117 1.557905
118 1.546253
119 1.534988
120 1.525549
121 1.513249
122 1.503105
123 1.491173
124 1.48103
125 1.469712
126 1.460292
127 1.45009
128 1.443043
129 1.434837
130 1.428776
131 1.423198
132 1.419434
133 1.416261
134 1.414128
135 1.412757
136 1.41124
137 1.409781
138 1.407282
139 1.403403
140 1.397812
141 1.388604
142 1.378196
143 1.361687
144 1.343776
145 1.3215
146 1.289914
147 1.253535
148 1.210454
149 1.158827
150 1.101809
151 1.03115
152 0.9534573
153 0.8793015
154 0.8104274
155 0.7286254
156 0.6458314
157 0.5728171
158 0.4913343
159 0.4095389
160 0.3186848
161 0.2358038
162 0.1416551
163 0.06173059
164 6.259213
165 6.189555
166 6.1169
167 6.058748
168 6.005908
169 5.958297
170 5.910121
171 5.872845
172 5.839788
173 5.814437
174 5.784564
175 5.756281
176 5.738551
177 5.721516
178 5.705356
179 5.694321
180 5.685237
181 5.678396
182 5.671779
183 5.667177
184 5.663915
185 5.663379
186 5.667361
187 5.690782
188 5.71254
189 5.742274
190 5.78724
191 5.858143
192 5.915141
193 6.018594
194 6.086175
195 6.171156
196 6.270851
197 0.08773623
198 0.2016383
199 0.358626
200 0.4829313
201 0.5888653
202 0.6861161
203 0.7734383
204 0.8494176
205 0.9064063
206 0.9610457
207 0.9990668
208 1.034081
209 1.058277
210 1.080065
211 1.094429
212 1.103748
213 1.11233
214 1.116444
215 1.119067
216 1.119177
217 1.116536
218 1.112159
219 1.104668
220 1.096068
221 1.08373
222 1.068624
223 1.052198
224 1.029708
225 1.006821
226 0.9805143
227 0.9279804
228 0.8795462
229 0.8300123
230 0.7749057
231 0.7131242
232 0.6551265
233 0.5944204
234 0.5401305
235 0.4756312
236 0.3947701
237 0.3249403
238 0.2285782
239 0.1387421
240 0.02559715
241 6.231394
242 6.124979
243 6.031115
244 5.960692
245 5.885411
246 5.814667
247 5.741122
248 5.682499
249 5.62812
250 5.565219
251 5.512996
252 5.474189
253 5.430823
254 5.393478
255 5.351208
256 5.314367
257 5.272267
258 5.235178
259 5.187038
260 5.138237
261 5.099793
262 5.060768
263 5.015543
264 4.975865
265 4.930289
266 4.890123
267 4.843888
268 4.803843
269 4.758591
270 4.719648
271 4.676284
272 4.639357
273 4.59891
274 4.5652
275 4.533101
276 4.502697
277 4.470297
278 4.443689
279 4.41522
280 4.392164
281 4.367707
282 4.337542
283 4.320289
284 4.303972
285 4.28618
286 4.262936
287 4.234486
288 4.22077
289 4.207347
290 4.194104
291 4.177279
292 4.162362
293 4.147398
294 4.132411
295 4.117304
296 4.102097
297 4.087004
298 4.072031
299 4.058922
300 4.043928
301 4.030867
302 4.01775
303 4.004589
304 3.993321
305 3.980168
306 3.963173
307 3.949867
308 3.936461
309 3.922878
310 3.907074
311 3.893024
312 3.876568
313 3.86172
314 3.846454
315 3.832974
316 3.814463
317 3.797672
318 3.778493
319 3.762359
320 3.744188
321 3.727612
322 3.709661
323 3.693345
324 3.667161
325 3.645361
326 3.622585
327 3.599677
328 3.577605
329 3.5459
330 3.515245
331 3.481291
332 3.441062
333 3.408612
334 3.380406
335 3.352124
336 3.324194
337 3.2905
338 3.253947
339 3.219639
340 3.179016
341 3.143859
342 3.104251
343 3.062273
344 3.01682
345 2.96821
346 2.925396
347 2.883741
348 2.831718
349 2.783058
350 2.74435
351 2.690269
352 2.633818
353 2.575291
354 2.507997
355 2.440671
356 2.374946
357 2.324757
358 2.260338
359 2.210472
360 2.154475
361 2.106977
362 2.054734
363 2.011102
364 1.963638
365 1.924496
366 1.87235
367 1.833703
368 1.802095
369 1.772927
370 1.746081
371 1.718586
372 1.697098
373 1.674643
374 1.656458
375 1.628164
376 1.604845
377 1.591085
378 1.572677
379 1.555588
380 1.544181
381 1.531518
382 1.520694
383 1.508745
384 1.49504
385 1.480121
386 1.468448
387 1.458847
388 1.449831
389 1.440494
390 1.433565
391 1.427034
392 1.422598
393 1.418684
394 1.415931
395 1.41404
396 1.412962
397 1.412009
398 1.410629
399 1.408155
400 1.403263
401 1.395867
402 1.387831
403 1.37917
404 1.368083
405 1.349763
406 1.328142
407 1.297318
408 1.260893
409 1.216172
410 1.158699
411 1.102423
412 1.048903
413 0.9821971
414 0.9116884
415 0.8475925
416 0.7729971
417 0.7071005
418 0.6327017
419 0.5675262
420 0.4849339
421 0.4078222
422 0.3161547
423 0.2347949
424 0.1428801
425 0.06452639
426 6.262623
427 6.192441
428 6.11803
429 6.048754
430 5.992961
431 5.935524
432 5.891749
433 5.847429
434 5.813307
435 5.779929
436 5.754847
437 5.73166
438 5.71286
439 5.697524
440 5.68486
441 5.673647
442 5.667436
443 5.663032
444 5.660829
445 5.661795
446 5.667109
447 5.680823
448 5.702712
449 5.730586
450 5.772773
451 5.806401
452 5.849797
453 5.901016
454 5.968746
455 6.033222
456 6.128833
457 6.208786
458 0.01191665
459 0.1134328
460 0.2272322
461 0.3484184
462 0.4715778
463 0.5784934
464 0.7038896
465 0.7927667
466 0.8619419
467 0.9305188
468 0.9801004
469 1.026953
470 1.060403
471 1.090261
472 1.109766
473 1.125583
474 1.134553
475 1.139767
476 1.140492
477 1.137871
478 1.131502
479 1.122773
480 1.111586
481 1.096071
482 1.075282
483 1.05281
484 1.020072
485 0.9941224
486 0.9436064
487 0.8896336
488 0.8468848
489 0.8037797
490 0.7500933
491 0.6987141
492 0.651481
493 0.5942874
494 0.5270228
495 0.4587122
496 0.3626193
497 0.2787151
498 0.1696486
499 0.07607753
500 6.263723
501 6.164272
502 6.073562
503 5.994789
504 5.920819
505 5.843473
506 5.787644
507 5.736506
508 5.682946
509 5.639942
510 5.582823
511 5.539738
512 5.503436
513 5.462516
514 5.426933
515 5.386294
516 5.350667
517 5.309726
518 5.273628
519 5.23186
520 5.200146
521 5.157344
522 5.119432
523 5.075503
524 5.036466
525 4.991321
526 4.95163
527 4.906096
528 4.866188
529 4.826332
530 4.792622
531 4.7539
532 4.716131
533 4.673911
534 4.638036
535 4.598604
536 4.565772
537 4.529945
538 4.500385
539 4.468706
540 4.442732
541 4.414804
542 4.392191
543 4.362419
544 4.335553
545 4.315887
546 4.297435
547 4.279846
548 4.262981
549 4.246578
550 4.230729
551 4.215366
552 4.200257
553 4.185286
554 4.172312
555 4.157434
