0 0
1 108.73
2 108.73
3 108.7294
4 108.7008
5 108.6314
6 108.5424
7 108.3173
8 108.0699
9 107.683
10 107.2943
11 106.7933
12 106.303
13 105.5996
14 104.7248
15 103.9562
16 103.2326
17 102.3475
18 101.5214
19 100.5167
20 99.58386
21 98.45497
22 96.94775
23 95.49822
24 94.30877
25 92.69849
26 90.99613
27 89.20011
28 87.52383
29 85.99541
30 84.40963
31 82.52748
32 80.57129
33 78.54158
34 76.43879
35 74.53906
36 72.29959
37 70.28011
38 67.90325
39 65.45248
40 63.2468
41 60.32594
42 57.98727
43 55.24186
44 52.418
45 49.88191
46 46.90794
47 44.23849
48 41.10978
49 38.30338
50 35.0167
51 32.07093
52 27.74854
53 24.19278
54 21.0091
55 17.28708
56 13.47516
57 10.06555
58 6.586164
59 2.52319
60 -1.633632
61 -5.349051
62 -9.138806
63 -13.00435
64 -16.94705
65 -21.54908
66 -25.66116
67 -29.85402
68 -34.74561
69 -39.69542
70 -43.34366
71 -48.02703
72 -51.95344
73 -55.71757
74 -59.83013
75 -63.962
76 -68.18499
77 -72.48252
78 -76.66698
79 -80.61098
80 -84.31304
81 -88.29054
82 -91.4366
83 -95.5491
84 -99.72231
85 -102.9599
86 -106.8947
87 -110.0934
88 -112.7135
89 -116.081
90 -119.0722
91 -122.4135
92 -125.3431
93 -128.2164
94 -131.0169
95 -134.0605
96 -137.2846
97 -139.7261
98 -142.0313
99 -144.45
100 -146.6761
101 -148.7046
102 -150.3397
103 -151.9934
104 -152.9886
105 -154.1869
106 -155.1194
107 -156.0599
108 -156.7793
109 -157.4088
110 -157.955
111 -158.4228
112 -158.9626
113 -159.3924
114 -159.5816
115 -159.7085
116 -159.7841
117 -159.777
118 -159.7143
119 -159.5972
120 -159.4541
121 -159.2025
122 -158.9277
123 -158.5465
124 -158.1574
125 -157.6494
126 -157.1509
127 -156.5215
128 -156.0097
129 -155.2787
130 -154.5982
131 -153.7802
132 -153.0346
133 -152.1543
134 -151.2499
135 -150.3265
136 -149.2677
137 -148.4292
138 -147.4521
139 -146.4492
140 -145.5415
141 -144.4561
142 -143.4646
143 -142.2802
144 -141.2118
145 -140.1002
146 -138.7597
147 -137.3328
148 -135.8099
149 -134.176
150 -132.43
151 -130.3411
152 -128.1358
153 -126.0985
154 -124.2751
155 -122.1695
156 -120.0734
157 -118.2733
158 -116.2852
159 -114.2929
160 -112.1349
161 -110.1193
162 -107.6852
163 -105.4554
164 -102.8106
165 -100.4258
166 -97.63486
167 -95.14639
168 -92.62257
169 -90.06909
170 -87.11973
171 -84.51491
172 -81.88926
173 -79.6227
174 -76.57797
175 -73.12056
176 -70.4052
177 -67.27136
178 -63.70482
179 -60.49458
180 -57.24412
181 -54.36606
182 -51.03693
183 -48.08776
184 -44.67317
185 -41.20698
186 -37.23699
187 -30.86908
188 -27.09958
189 -23.33684
190 -19.27687
191 -14.13799
192 -10.88854
193 -6.28717
194 -3.769077
195 -1.058548
196 1.754052
197 4.291882
198 6.907279
199 10.09077
200 12.47613
201 14.55717
202 16.57927
203 18.52723
204 20.39499
205 21.96465
206 23.69097
207 25.15305
208 26.78029
209 28.17554
210 29.74765
211 31.11212
212 32.2794
213 33.84072
214 35.0205
215 36.61267
216 38.02954
217 39.89244
218 41.38071
219 43.13221
220 44.71583
221 46.59274
222 48.55105
223 50.34179
224 52.49008
225 54.46973
226 56.55395
227 60.36154
228 63.61501
229 66.50381
230 69.3519
231 72.15132
232 74.58488
233 76.95075
234 78.95142
235 81.19679
236 83.87421
237 86.09866
238 89.13164
239 91.96603
240 95.61045
241 98.17969
242 101.8934
243 105.2897
244 107.9482
245 110.9875
246 114.0116
247 117.3785
248 120.3315
249 123.2394
250 126.8006
251 129.9288
252 132.3059
253 134.9561
254 137.2108
255 139.7067
256 141.8134
257 144.1243
258 146.0542
259 148.3973
260 150.5706
261 152.1334
262 153.5761
263 155.065
264 156.2182
265 157.3608
266 158.2024
267 158.9751
268 159.4799
269 159.8581
270 160.0123
271 159.9875
272 159.7905
273 159.3677
274 158.8298
275 158.1399
276 157.3031
277 156.175
278 155.0451
279 153.5979
280 152.2026
281 150.4695
282 147.8625
283 146.0791
284 144.2057
285 141.9585
286 138.6903
287 134.2424
288 131.9004
289 129.4816
290 126.9871
291 123.6698
292 120.6177
293 117.4686
294 114.2224
295 110.879
296 107.4382
297 103.9004
298 100.2663
299 97.0079
300 93.19447
301 89.77977
302 86.29263
303 82.73315
304 79.62481
305 75.93184
306 71.07878
307 67.22267
308 63.2954
309 59.29692
310 54.63966
311 50.48769
312 45.65422
313 41.34678
314 36.96558
315 33.15556
316 28.01509
317 23.48376
318 18.46182
319 14.26575
320 9.616288
321 5.506719
322 1.32018
323 -2.330899
324 -7.91782
325 -12.342
326 -16.79786
327 -21.12968
328 -25.2364
329 -30.86562
330 -35.98446
331 -41.23679
332 -47.12598
333 -51.70266
334 -55.53123
335 -59.19376
336 -62.69674
337 -66.72742
338 -70.84955
339 -74.52151
340 -78.6691
341 -82.11341
342 -85.84118
343 -89.57367
344 -93.3681
345 -97.20901
346 -100.4487
347 -103.4779
348 -107.1095
349 -110.3048
350 -112.7113
351 -115.9209
352 -119.1156
353 -122.2771
354 -125.7519
355 -129.0828
356 -132.2214
357 -134.5414
358 -137.3978
359 -139.5138
360 -141.8063
361 -143.6962
362 -145.7171
363 -147.3613
364 -149.0968
365 -150.4897
366 -152.2795
367 -153.5447
368 -154.5343
369 -155.4184
370 -156.2026
371 -156.9849
372 -157.5771
373 -158.1574
374 -158.5851
375 -159.1553
376 -159.5082
377 -159.653
378 -159.7576
379 -159.747
380 -159.6735
381 -159.5243
382 -159.3371
383 -159.0595
384 -158.6635
385 -158.1201
386 -157.6078
387 -157.1044
388 -156.552
389 -155.8638
390 -155.2167
391 -154.4323
392 -153.7124
393 -152.8578
394 -151.9753
395 -150.9567
396 -149.9173
397 -149.0959
398 -148.2622
399 -147.2912
400 -146.1665
401 -145.1235
402 -144.1703
403 -143.0593
404 -142.0879
405 -140.9544
406 -139.9252
407 -138.6869
408 -137.3699
409 -135.9584
410 -134.2478
411 -132.6231
412 -131.127
413 -129.3412
414 -127.4923
415 -125.8418
416 -123.9434
417 -122.2942
418 -120.4505
419 -118.8241
420 -116.7969
421 -114.8779
422 -112.5265
423 -110.3404
424 -107.7109
425 -105.3103
426 -102.4713
427 -99.91836
428 -96.93925
429 -93.91048
430 -91.23049
431 -88.14285
432 -85.42377
433 -82.30008
434 -79.55454
435 -76.40192
436 -73.62911
437 -70.44006
438 -67.2257
439 -63.98285
440 -60.29456
441 -55.72112
442 -52.34647
443 -48.92795
444 -45.46189
445 -41.49899
446 -37.45932
447 -33.32635
448 -29.59129
449 -25.92593
450 -21.55729
451 -18.63652
452 -15.4359
453 -12.38141
454 -9.121504
455 -6.391273
456 -2.916984
457 -0.3367916
458 2.140396
459 4.730499
460 7.397377
461 10.09609
462 12.77683
463 15.10594
464 17.9019
465 20.02619
466 21.79612
467 23.71837
468 25.32129
469 27.07399
470 28.54866
471 30.18187
472 31.57905
473 33.15572
474 34.52945
475 36.10662
476 37.705
477 39.13139
478 40.80478
479 42.31708
480 43.88322
481 45.74903
482 47.9585
483 50.03599
484 52.80484
485 54.86913
486 58.60972
487 62.41159
488 65.20428
489 67.64079
490 70.32578
491 72.65272
492 74.63303
493 76.82188
494 79.28901
495 81.65788
496 84.85467
497 87.58809
498 91.10825
499 94.15494
500 97.36033
501 100.6635
502 103.7205
503 106.4813
504 109.2649
505 112.4049
506 114.8426
507 117.2696
508 120.0248
509 122.4158
510 125.7915
511 128.4514
512 130.744
513 133.3175
514 135.522
515 137.9795
516 140.0684
517 142.377
518 144.3203
519 146.444
520 147.9624
521 149.8786
522 151.4458
523 153.1016
524 154.4233
525 155.7783
526 156.8205
527 157.8395
528 158.5743
529 159.1563
530 159.531
531 159.8221
532 159.9546
533 159.9129
534 159.708
535 159.2834
536 158.7502
537 157.9612
538 157.1185
539 155.9896
540 154.8631
541 153.4243
542 152.0398
543 149.8711
544 147.4944
545 145.4539
546 143.2971
547 141.0284
548 138.6514
549 136.1688
550 133.5832
551 130.8972
552 128.1124
553 125.2299
554 122.6282
555 119.5643
