0 0
1 0.00640076217912637
2 0.0722860699125705
3 0.491442576134079
4 0.960075539497542
5 1.50099395057719
6 2.02925564143215
7 2.50016727941023
8 2.95446578078643
9 3.47753905936353
10 3.87684383272499
11 4.29443960944713
12 4.72552479228271
13 5.05824645657268
14 5.55644472963399
15 5.89839638657408
16 6.35855418309934
17 6.70560407143246
18 7.0488165862389
19 7.48240898706671
20 7.86080097556279
21 8.23278262336133
22 8.55314787540967
23 8.91299598660112
24 9.22311988671599
25 9.52867491028002
26 9.87267299078517
27 10.1691251524517
28 10.5029344787672
29 10.7906530275837
30 11.1545181157593
31 11.5116829732453
32 11.9003526714615
33 12.2054086148732
34 12.5052413110689
35 12.7999519089817
36 13.0536878930688
37 13.3390721265502
38 13.58495617311
39 13.8272946173125
40 14.1000477936212
41 14.40158765174
42 14.6323418827841
43 14.8901359169565
44 15.1143644375002
45 15.335787431489
46 15.5849459364209
47 15.7996011228034
48 16.0406930818612
49 16.2738968604608
50 16.5065974766524
51 16.7065597456688
52 16.9316736863815
53 17.1260153144585
54 17.3425637497617
55 17.553947690062
56 17.7343169585663
57 17.9350714137993
58 18.1058466852409
59 18.2974032358038
60 18.4607002821521
61 18.6448135679469
62 18.8008568932568
63 18.9867363637727
64 19.1474872010671
65 19.3226653441411
66 19.4821058627423
67 19.6360351884345
68 19.7911111944351
69 19.9285427063993
70 20.0733668735822
71 20.1972845443669
72 20.3064287049725
73 20.3800273536711
74 20.4340988176797
75 20.4736241675322
76 20.4923242753514
77 20.5139373792309
78 20.5365260453573
79 20.4738936711212
80 20.3592946767914
81 20.2773017330664
82 20.3443972383269
83 20.4751655104256
84 20.7199060971665
85 21.007157332341
86 21.2717143477482
87 21.5059911694798
88 21.7037082962418
89 21.8397278902535
90 21.97862522692
91 22.1505632293033
92 22.2965980793883
93 22.4339883291517
94 22.5377987206714
95 22.6557132388455
96 22.7667891185986
97 22.8763042780826
98 22.996234099655
99 23.144950964915
100 23.2863830285724
101 23.4315793471706
102 23.561108624367
103 23.6777358202166
104 23.785822824313
105 23.8973732025204
106 23.9905843002754
107 24.0845167138504
108 24.1607225685509
109 24.2477821287192
110 24.3350689680713
111 24.4330983309212
112 24.5268493617444
113 24.6446231408055
114 24.7359973564052
115 24.8282979514653
116 24.8852142132637
117 24.9219831932274
118 24.9514901146555
119 24.9362443929625
120 24.8513073158106
121 24.6319124724181
122 24.1897345412799
123 23.2053469026026
124 21.7399028434296
125 19.9521205687793
126 18.1058099228738
127 15.8944778234672
128 14.806906768259
129 14.0204289950869
130 13.3933295560978
131 12.9915225115932
132 13.3724814312663
133 14.0054009951034
134 14.5536923262858
135 15.0476468294862
136 15.4144867343486
137 15.7010398749068
138 15.9050107826867
139 16.1295106813015
140 16.392841240853
141 16.5874678267223
142 16.8623796410822
143 17.0896026966347
144 17.2625357993845
145 17.4326954639355
146 17.5813185176589
147 17.7565076624773
148 18.0091083305469
149 18.2800310570728
150 18.5408391623335
151 18.6970712297451
152 18.7044695850213
153 18.4676592113227
154 18.0035580309735
155 17.1756330018587
156 15.4377131763507
157 14.1900315133375
158 13.0417138260847
159 12.586339298262
160 12.3993767143183
161 12.8048198705258
162 13.5512129602202
163 14.2575982929603
164 14.5467813593495
165 14.7018123893926
166 14.8298494370404
167 15.0636052057458
168 15.4302650516258
169 15.8473606116485
170 16.1314821688628
171 16.4147364858958
172 16.5640277730513
173 16.7300767850686
174 16.911554833083
175 17.1523987466553
176 17.5203835645527
177 17.82238599081
178 17.9285337915409
179 17.9233009760386
180 17.7406608363263
181 17.480899822267
182 17.0581701837776
183 16.4814448757302
184 15.4863794010145
185 14.5392891944522
186 13.7567073533996
187 13.6711147097059
188 14.2205796826441
189 14.6693964107921
190 15.1310483930072
191 15.46493863894
192 15.7284954040621
193 16.0086822653644
194 16.2076320706319
195 16.4033181609206
196 16.5703450627803
197 16.6913294325156
198 16.8381963957382
199 16.9702235984652
200 17.1454435564538
201 17.3657759697541
202 17.6376601963012
203 17.8912957488615
204 18.1740145291656
205 18.4031115606678
206 18.6981785481907
207 18.9852520501971
208 19.1761829745792
209 19.3323001041181
210 19.5384194380781
211 19.744441931374
212 19.8860840788377
213 20.0228532269724
214 20.1878089698899
215 20.3456107300876
216 20.4972756791285
217 20.6831494437315
218 20.8492061044211
219 21.0645404088494
220 21.2225415698676
221 21.3907808909038
222 21.5472697547312
223 21.7491924559931
224 21.907822434819
225 22.0474941718163
226 22.2012682159552
227 22.3306745899655
228 22.480708624742
229 22.5895615848781
230 22.6932360870823
231 22.7981630000699
232 22.8951890917509
233 23.0106871365486
234 23.1680543890805
235 23.305654449341
236 23.4434813825307
237 23.5577987176699
238 23.6827219379246
239 23.7977731254767
240 23.8931396150369
241 24.0257795766217
242 24.1432970102665
243 24.246895601847
244 24.3471954708259
245 24.4515527158564
246 24.534761057945
247 24.6073179679125
248 24.6651299168412
249 24.7179842360218
250 24.7867827721298
251 24.8630559796186
252 24.9501227198119
253 25.0283817732243
254 25.1338081347396
255 25.2454431118724
256 25.3369593476768
257 25.4563084833193
258 25.5524132394058
259 25.618856815944
260 25.6864238965613
261 25.7482190389738
262 25.7900816603897
263 25.798479396623
264 25.8003266313513
265 25.6685225485849
266 25.4501328848572
267 25.0505281577203
268 24.5374583675218
269 23.030680771042
270 21.8437583259398
271 20.721525243036
272 19.6150495097019
273 19.4369267528253
274 19.4791657939149
275 19.6021570073464
276 19.7267676593441
277 19.9056067735338
278 20.1122984364249
279 20.3200336403741
280 20.5021161985313
281 20.6776788060692
282 20.8832655202795
283 21.0899062489246
284 21.252607695771
285 21.3990392776646
286 21.5599774934551
287 21.7367957357946
288 21.8900163805785
289 22.0700526312087
290 22.2074271759939
291 22.3354062961556
292 22.4916517392777
293 22.6220041066661
294 22.7643660229848
295 22.8890833249866
296 23.0099383704084
297 23.1253444827046
298 23.2355283616721
299 23.3410449934524
300 23.4218486378032
301 23.5390426616438
302 23.6591383402236
303 23.7944663139944
304 23.9052628427467
305 24.0256090706866
306 24.1322414528503
307 24.2283784474093
308 24.3130829330842
309 24.3868549993252
310 24.4875790968511
311 24.5736498733169
312 24.681192746117
313 24.7768065073759
314 24.8719033989736
315 24.9330585580751
316 24.9534584756753
317 24.8558495474373
318 24.7551306536694
319 24.4623402152685
320 23.8215402123503
321 22.4948596748582
322 20.9671578695819
323 18.4088584118766
324 17.0441418790276
325 15.575793665552
326 14.8019885475643
327 14.2745424394619
328 13.8106201288179
329 13.7066351065128
330 14.284057560809
331 14.8876483299578
332 15.384031601998
333 15.6992638303689
334 15.9377643779321
335 16.1540998453634
336 16.3908310307763
337 16.6049542415019
338 16.8392530974225
339 17.0425190664254
340 17.2780698192322
341 17.4895545211525
342 17.6297478378644
343 17.8160855042944
344 18.0552650722162
345 18.3399804333017
346 18.6104948555132
347 18.7852137530866
348 18.7591506457621
349 18.4758245691651
350 18.0132699520918
351 17.1061459478227
352 15.5660331241151
353 13.6950827947617
354 13.2249787296286
355 12.2784117472583
356 12.5946167799125
357 13.527009415622
358 14.3637286887847
359 14.8906341489517
360 15.147984070218
361 15.2183422093922
362 15.3266362982912
363 15.5470390781152
364 15.9850005876086
365 16.3730554676887
366 16.6961670146979
367 16.8773885561558
368 17.0675449346076
369 17.2262881314245
370 17.4344290757146
371 17.752175391405
372 18.0643352872434
373 18.2907869755658
374 18.368259280372
375 18.2629219019243
376 17.9983057619354
377 17.4431686970905
378 16.9249550946956
379 15.2153303413258
380 14.350844990408
381 13.6822787363958
382 13.0420872494263
383 12.9917753904034
384 13.7483152558851
385 14.2278446006692
386 14.6067697893806
387 14.9011461730256
388 15.1833000305094
389 15.4012541730763
390 15.6369556129307
391 15.8183185939273
392 15.9995346431868
393 16.11290211174
394 16.2070696817917
395 16.3206472744498
396 16.5385562151689
397 16.7944763740462
398 17.065857406868
399 17.3918176431354
400 17.6609865782322
401 17.9401571453306
402 18.2087184763468
403 18.4256918582548
404 18.6231176491895
405 18.7849145659699
406 18.9564753572954
407 19.1289959490421
408 19.2660422960168
409 19.3988942059555
410 19.5189575989321
411 19.6683177255349
412 19.8404272139756
413 20.0086442012444
414 20.2160805298471
415 20.4032390639266
416 20.6080938934895
417 20.8258956933482
418 20.9982165485401
419 21.1576604467402
420 21.3094745217376
421 21.4207147966237
422 21.568173058023
423 21.7137069556478
424 21.8704562107639
425 22.0005350991119
426 22.1332037948669
427 22.2423878001132
428 22.334688393956
429 22.4460932763308
430 22.5847008726976
431 22.7214049453458
432 22.8647249199026
433 23.0006301204525
434 23.1282334553932
435 23.2651273252415
436 23.374029186775
437 23.5202587868844
438 23.6316107018981
439 23.7563232209366
440 23.8662587261404
441 23.9878138009565
442 24.0907367081937
443 24.1734251881208
444 24.2681909214551
445 24.3344602375129
446 24.40364164473
447 24.4651212624734
448 24.5367408202701
449 24.6258081180432
450 24.7268480085053
451 24.8210466503104
452 24.9141243072521
453 25.0291008750497
454 25.1248698801313
455 25.2294324429015
