0 0
1 3.12312166710581e-11
2 0.000121458756391757
3 0.00738739837335162
4 0.0279394641770059
5 0.0681361366226947
6 0.124582688860262
7 0.0884636970303952
8 -0.0684696080441691
9 -0.200905569735219
10 -0.235265493267546
11 -0.202513832706711
12 -0.0928870503917399
13 -0.0181959081694104
14 0.0984684851993489
15 0.112067009990328
16 0.12411913135049
17 0.1010588878082
18 0.0824867573873476
19 0.0482914100565224
20 0.0277405896454852
21 0.0189222055549023
22 0.0251601421601805
23 0.0713576210441574
24 0.105414966582645
25 0.123605502961302
26 0.138462336684177
27 0.147497558450755
28 0.15334995447624
29 0.151721328201092
30 0.141839430209222
31 0.137661350309863
32 0.140959168712815
33 0.154695707255769
34 0.170428248476666
35 0.191607175238479
36 0.21323789917931
37 0.238096383036069
38 0.258822432762382
39 0.276228179802838
40 0.294343006772527
41 0.31100015525426
42 0.322135400061596
43 0.364701349099014
44 0.364918939659793
45 0.366555671442826
46 0.339500387300505
47 0.330134216918798
48 0.324068489142099
49 0.388830634840317
50 0.416121638276512
51 0.413813089993765
52 0.436837668399396
53 0.43427898627552
54 0.471501115815145
55 0.536819389337405
56 0.608537723477671
57 0.708050163785408
58 0.793830450181905
59 0.92646295290412
60 1.01027003607579
61 1.11805253120022
62 1.20879060428877
63 1.25185626541218
64 1.26009959619759
65 1.31827896339404
66 1.31835361991884
67 1.33050066078298
68 1.43039406442355
69 1.50322187165066
70 1.68594454149143
71 1.87413865949343
72 2.15148515607722
73 2.41589837940974
74 2.84443286599014
75 3.23040013511923
76 3.53697086819444
77 3.88995690852998
78 4.11072069465181
79 4.1986114956244
80 4.17755328723905
81 4.04339926865971
82 3.75272226211631
83 3.41988807300755
84 2.98394910546881
85 2.44205680976692
86 1.91780701506592
87 1.45424760539812
88 0.863892089467278
89 0.718481903181059
90 0.554629885382736
91 0.523406397437906
92 0.516230937877818
93 0.708359453505295
94 0.833240719480855
95 0.930563183309415
96 1.11366238825658
97 1.23314674459953
98 1.27643429622631
99 1.2657206806866
100 1.1990322188295
101 1.02820793798068
102 0.822656332766241
103 0.683122700172135
104 0.406405742392449
105 0.143960260465842
106 -0.124935183356775
107 -0.498174380002155
108 -0.746618422699343
109 -0.963588674405206
110 -0.992934920071472
111 -0.990829616798823
112 -0.910958984614068
113 -0.556533707325718
114 -0.238994521219672
115 0.151145654393084
116 0.558825173867499
117 1.16319244538477
118 1.72975613559421
119 2.25037540584087
120 2.86347750171521
121 3.56925179505938
122 4.21301806287085
123 4.42235104282151
124 4.68204077361719
125 5.01564513426552
126 5.37821928538037
127 5.54547845922397
128 5.60248899830725
129 5.29872473292415
130 4.87524367233587
131 4.45108939020449
132 4.09091528663747
133 3.2922575277024
134 2.60378138565333
135 1.67738972133645
136 0.922246843523922
137 0.207490600872764
138 -0.273103584351658
139 -0.455962183688935
140 -0.56326595978036
141 -0.576031255213377
142 -0.284875844274728
143 0.0639527379078318
144 0.439044885963467
145 1.03489109125705
146 1.42750800440846
147 1.68139334099388
148 1.58077137631719
149 1.16828482525423
150 0.115674070249533
151 -0.835421272831426
152 -1.94136458610417
153 -3.40132451268385
154 -4.38262779349737
155 -6.119128810064
156 -6.99753437099401
157 -7.44925244347071
158 -6.73969326729827
159 -6.17795302249583
160 -4.93782609030919
161 -3.69788403447788
162 -2.62834081963123
163 -1.09227383027827
164 0.219393939340497
165 1.25266302107549
166 2.06972813501485
167 2.23561416432049
168 2.00463552268486
169 1.33065226769977
170 0.723008943465399
171 -0.354240939029069
172 -0.894902888841553
173 -1.41344294497277
174 -1.62396191315833
175 -1.57965305375327
176 -0.936832510021744
177 0.051870826307071
178 0.949872693025933
179 2.41720501217701
180 3.328382815964
181 4.42120431288442
182 5.35022989827435
183 6.02239651785064
184 5.77956301372927
185 5.25947971815996
186 4.4013713479125
187 3.58966519408582
188 2.92058255605346
189 2.38011896561664
190 1.46520604642309
191 1.02588139172522
192 0.773132284743095
193 0.434193389918388
194 0.670171623414802
195 0.885029146956141
196 1.37407817051852
197 1.824693056673
198 2.35086210562419
199 2.63491757788509
200 2.76629767774932
201 2.74456288623139
202 2.55310464506891
203 2.26302020974486
204 1.91738631085747
205 1.60032090877593
206 1.25062400983431
207 0.949730785168506
208 0.872222883196451
209 0.889887745901574
210 1.04070826774697
211 1.31080962927716
212 1.53190955597239
213 1.69418978167376
214 1.86542313959795
215 1.87720810541432
216 1.83235327651546
217 1.68976547826393
218 1.48509213675751
219 1.17340631128435
220 0.87010498977377
221 0.592577289143709
222 0.325790469353048
223 0.093149204984015
224 -0.00462506077796138
225 -0.0660875451269381
226 0.133066689771141
227 0.329542256259265
228 0.657835166886626
229 0.945042376190722
230 1.1924554372102
231 1.37936419171379
232 1.47517721679169
233 1.51553934339836
234 1.3824856446151
235 1.16083055336979
236 0.945256465407236
237 0.6885537986972
238 0.428747175812
239 0.179008103344113
240 0.0492325836244317
241 -0.133792362916693
242 -0.13470258899107
243 -0.0453492206245617
244 0.14304130759763
245 0.414556530936761
246 0.722120271371464
247 1.02350028082477
248 1.29464329763086
249 1.52677920424574
250 1.7120441979309
251 1.80721885999073
252 1.82742182305687
253 1.81097427965622
254 1.67925161098741
255 1.45203324612086
256 1.26970886842624
257 1.06596605186171
258 0.950220140836056
259 0.955954341653
260 1.04439518015171
261 1.26922268097229
262 1.5430301807625
263 1.85513317143005
264 2.32181552236879
265 2.78734409285459
266 3.29424809922681
267 3.71201692898116
268 4.15081932560254
269 4.16202964294551
270 4.24246185492862
271 4.11492028156608
272 3.94980000479722
273 3.98341164201887
274 3.7557187083119
275 3.47110701790831
276 3.08884280394271
277 2.78275425810507
278 2.53292084192524
279 2.3403318514584
280 2.29232013961036
281 2.19175084135709
282 2.21735476111727
283 2.15277459235102
284 2.07508214453168
285 1.94133999496018
286 1.8419887522189
287 1.57976326586528
288 1.36184978446973
289 1.02984570625037
290 0.807795825419202
291 0.605418387437179
292 0.256547034797284
293 0.183741273251807
294 0.165976167702189
295 0.132381623557614
296 0.26748811198553
297 0.427436023883954
298 0.627717824017497
299 0.807933977532225
300 1.05012902768182
301 1.11425163755526
302 1.02922650276954
303 0.933727691033175
304 0.681228095119284
305 0.318686282523022
306 -0.0721175736210141
307 -0.382739565372323
308 -0.698537549563479
309 -0.924769815593036
310 -0.908717893632454
311 -0.876223501969081
312 -0.721220682690305
313 -0.408798395012227
314 0.142627889073174
315 0.683811015799148
316 1.35909150996501
317 2.17356496052023
318 3.03726635746742
319 4.26241952034065
320 4.97199606288692
321 5.5360211050476
322 5.97104497639499
323 6.53548945984253
324 6.8634228155904
325 6.56311595833208
326 6.20668729665795
327 5.72616044445507
328 4.76848408955888
329 4.01721484777546
330 3.15192709475774
331 2.21194164474662
332 1.07377100817457
333 0.334278093018628
334 -0.546649795739665
335 -0.621319888777008
336 -0.738233299734275
337 -0.501329263756406
338 -0.407018332127581
339 0.0202169660173251
340 0.446686765725869
341 1.16628807456972
342 1.70448662986632
343 1.89155633512268
344 1.81680918754611
345 1.31676689162975
346 0.27667808806988
347 -1.02206939037538
348 -2.00730786592098
349 -3.12154055503812
350 -4.96469929432916
351 -5.91744513674153
352 -7.21321114601552
353 -7.01209720978359
354 -6.3001120297403
355 -5.88543741943171
356 -4.85573341396785
357 -3.81754365827619
358 -2.01508140449078
359 -0.754916294904928
360 0.768595476636789
361 1.81387593055367
362 2.42813217641335
363 2.48026299782754
364 2.1128773559673
365 1.3512870652731
366 0.488439717247809
367 -0.20573533635007
368 -1.25432953238788
369 -1.60160391606291
370 -1.80994713036538
371 -1.41986604208417
372 -0.588277625062051
373 0.321129656296957
374 1.50019814727759
375 2.63406113788273
376 3.84299644137543
377 5.13393954093485
378 6.12719235781627
379 6.02471864125997
380 5.89386732081252
381 5.29107866312117
382 4.24737240613838
383 3.33589030938848
384 2.44412966918617
385 1.69539635017694
386 0.660046730131849
387 0.33537024180579
388 0.311823844276679
389 0.235425035103209
390 0.474675704446839
391 0.782918594125473
392 1.36484434107015
393 1.93507314380719
394 2.41414400498294
395 2.69605838619231
396 2.9365074194783
397 2.76862898180353
398 2.57669464482883
399 2.14802943623391
400 1.75192221572281
401 1.32747896072003
402 0.949612981137408
403 0.716695180418482
404 0.650539297307437
405 0.716274224696615
406 0.895224177580126
407 1.19774897074659
408 1.51392737622093
409 1.78000882023944
410 1.96625950019439
411 2.08391476168381
412 2.09756486982656
413 2.00114523715689
414 1.79735119384301
415 1.52469822335245
416 1.22511049756716
417 0.736824256514298
418 0.438913653042341
419 0.15335152049228
420 -0.00690895777334765
421 -0.0563601980881225
422 -0.102507212456689
423 0.0152842375971191
424 0.23682526866012
425 0.531394337188308
426 0.843853490796243
427 1.14792840500994
428 1.3539933592537
429 1.51546486079391
430 1.57125954132435
431 1.50964108182921
432 1.36841595285914
433 1.10198313686925
434 0.867834914247408
435 0.484031222697751
436 0.29548370858058
437 0.0195472927782584
438 -0.10651601365497
439 -0.209855598933451
440 -0.134584203491542
441 -0.00896538290425403
442 0.244578826861326
443 0.483339346093889
444 0.823752744387252
445 1.10532181361593
446 1.36925985779816
447 1.58292290128464
448 1.74177323135629
449 1.80492177832564
450 1.74466004808106
451 1.63623778505693
452 1.5169230184334
453 1.29236749689972
454 1.04911440176178
455 0.822615042429756
