0 0
1 -0.0476912023165742
2 -0.374531518480422
3 -0.374531566539359
4 -0.374531566539359
5 -0.374531566539359
6 -0.374531566539359
7 0.00732283136498851
8 0.181180271187354
9 0.229366695128237
10 0.206388960120156
11 0.0717763485067057
12 0.0333631712676701
13 -0.0496043594025169
14 -0.0306465672678719
15 -0.0490518793258732
16 -0.0282870595731453
17 -0.0278216788239676
18 -0.013673112539669
19 -0.00806094128158032
20 -0.00331597070167054
21 -0.00364404712975993
22 -0.00490069849129788
23 -0.0171041537917195
24 -0.0139505096467679
25 -0.0168974365009797
26 -0.0185191614955734
27 -0.0186585591721667
28 -0.0161434811226958
29 -0.0140417038093198
30 -0.0144163323362183
31 -0.0116255272380179
32 -0.0131818283616896
33 -0.0127691366614433
34 -0.0140101232718442
35 -0.0151596093652649
36 -0.0160633953413334
37 -0.0173123805385543
38 -0.0176974762702402
39 -0.0183583526063918
40 -0.018603581590491
41 -0.0188316068306867
42 -0.0187410618660803
43 -0.0222087268679645
44 -0.0210634967213444
45 -0.0168882225608828
46 -0.0179789123670284
47 -0.0161637744693047
48 -0.015319664382496
49 -0.0211413496318132
50 -0.0171268592844728
51 -0.0198009023833592
52 -0.0182945826992113
53 -0.0186620626793951
54 -0.0207587354003878
55 -0.0226583853375726
56 -0.025522856468939
57 -0.0292471885399327
58 -0.0345339177148904
59 -0.0343986564421653
60 -0.0392346748456516
61 -0.0407217338499335
62 -0.0441727684366965
63 -0.042199533477747
64 -0.0431884424054423
65 -0.0444844786392779
66 -0.0419058181161273
67 -0.0413587419646461
68 -0.049036817529392
69 -0.0521786472292709
70 -0.051482389589293
71 -0.061730896540155
72 -0.0666554379906971
73 -0.0758288074203898
74 -0.0898072962722203
75 -0.0966233417395258
76 -0.105826187985077
77 -0.114728576927108
78 -0.116968932809895
79 -0.120521025006525
80 -0.118646778351367
81 -0.115423567769507
82 -0.102287961985711
83 -0.0948799407318223
84 -0.075090606770487
85 -0.0613646932613637
86 -0.0440811428482868
87 -0.0182396029710456
88 -0.0271977384388914
89 -0.0109464997085995
90 -0.0175030363411068
91 -0.00941178239492766
92 -0.0162898187629116
93 -0.0187577438487976
94 -0.0220561494049789
95 -0.0262025084396505
96 -0.0272953178803727
97 -0.0312445295307239
98 -0.028924105734941
99 -0.0298721932840248
100 -0.0253594580529939
101 -0.0214632440685701
102 -0.0157112614913469
103 -0.0147422644014456
104 -0.00267401889658309
105 -0.00359489290856216
106 0.00860924465047778
107 0.0127054273097385
108 0.0190092016477554
109 0.021775490606359
110 0.0200986221592421
111 0.0212576900318993
112 0.0166782345622869
113 0.00654965879430517
114 0.00331997689407165
115 -0.00903235130575349
116 -0.0133607919175058
117 -0.0326602836333277
118 -0.0362368213688699
119 -0.0527165771428707
120 -0.0609685211443788
121 -0.0815316393267306
122 -0.0914448899135684
123 -0.104335691068621
124 -0.128562162044397
125 -0.161490093019502
126 -0.20487847430206
127 -0.26603412934337
128 -0.27237671695145
129 -0.29484039972345
130 -0.305628517149127
131 -0.268555629062266
132 -0.209221423655512
133 -0.18357777401825
134 -0.114230857996466
135 -0.0695926778942942
136 -0.028375243577254
137 0.00617293962383134
138 0.0203110282612256
139 0.0365382588752279
140 0.0164453151944382
141 0.0351488350143832
142 -0.00863548861442964
143 0.00277638733967227
144 -0.0381666435426437
145 -0.0462712543372303
146 -0.0674348180539571
147 -0.0644339221627785
148 -0.0564643208533862
149 -0.0313189513633475
150 0.0211349955898318
151 0.0378618742664469
152 0.096820484647158
153 0.14035093630726
154 0.212099046143306
155 0.232230468305187
156 0.355420176039719
157 0.324247483003272
158 0.374531566539359
159 0.365748335118959
160 0.303294427274856
161 0.210017985519641
162 0.13422839361856
163 0.00355990423774775
164 -0.0283657865841236
165 -0.11213956948456
166 -0.117144590255076
167 -0.122140548912045
168 -0.085173175447006
169 -0.0473705227919883
170 0.0125898123533374
171 0.0199902738060955
172 0.0598358315545014
173 0.0650371672591123
174 0.0748622768071634
175 0.0584564662730349
176 0.018887493018971
177 -0.021595417121313
178 -0.0887424095261758
179 -0.0948198851433745
180 -0.155664265860544
181 -0.177568784445689
182 -0.227881102094075
183 -0.243833776753556
184 -0.265293005730115
185 -0.26650672356013
186 -0.247950542119784
187 -0.195340284168954
188 -0.148968311320692
189 -0.0765100636382618
190 -0.0813452302248738
191 -0.0271148838544812
192 0.000686461122123824
193 -0.0415376135655741
194 -0.0227173185092802
195 -0.0579538252942281
196 -0.0657408318898723
197 -0.094440770356965
198 -0.107268651242938
199 -0.114296071832661
200 -0.113354362587667
201 -0.10729563234117
202 -0.0930023333935364
203 -0.0805990076786083
204 -0.063069208817866
205 -0.0542015020368831
206 -0.035335122880691
207 -0.0304695556654391
208 -0.0287102025614073
209 -0.0305695559890722
210 -0.0370900904147895
211 -0.0461578905017334
212 -0.0498004672589525
213 -0.0580808174507034
214 -0.055183071736883
215 -0.0568788206824766
216 -0.0528001994875021
217 -0.0453444531073024
218 -0.0396860807226183
219 -0.0265920560689339
220 -0.0217496782476535
221 -0.0109496936505787
222 -0.00672443457306539
223 0.00152502580877749
224 0.00651880863009282
225 -0.00280672959786854
226 -0.0039030089152731
227 -0.012324335204447
228 -0.0199145159590566
229 -0.026058920198091
230 -0.0314258676409868
231 -0.0344887640565432
232 -0.0354435382960687
233 -0.036582361175732
234 -0.0277994626623179
235 -0.0255244418165903
236 -0.0176391158615789
237 -0.0134762333466197
238 -0.00587689960986555
239 -0.00214772991159688
240 0.00340915947069205
241 0.00241680066196711
242 0.00332790662062432
243 -0.00124623616538081
244 -0.00466921300883713
245 -0.0123938294389031
246 -0.0173868156417791
247 -0.0245238834238008
248 -0.028347354861548
249 -0.0336266119045183
250 -0.0355348885745688
251 -0.0369958447617128
252 -0.0359151646380463
253 -0.0358652685123322
254 -0.0303408593839175
255 -0.0264946490735055
256 -0.0229037059963227
257 -0.0182745858898448
258 -0.0180430661375989
259 -0.0180715865492359
260 -0.0212988465163725
261 -0.026235107097696
262 -0.0313118469975726
263 -0.0424197430075024
264 -0.0438301728656244
265 -0.0597999972649604
266 -0.0645347920943408
267 -0.0788259896444074
268 -0.0871827313530405
269 -0.100665463589794
270 -0.111037783300689
271 -0.126447811323594
272 -0.132143945170453
273 -0.118544031757385
274 -0.11769862002474
275 -0.100095572393745
276 -0.0925656742536526
277 -0.0791845401748959
278 -0.0743873674406043
279 -0.0652429292336365
280 -0.060276522760023
281 -0.0658325119430188
282 -0.059659692480727
283 -0.0597193963243005
284 -0.0539285156324169
285 -0.0510295738370581
286 -0.0445246193604376
287 -0.0386808104344189
288 -0.0267653462183664
289 -0.0259567003722167
290 -0.0152725224002698
291 -0.00505071149118509
292 -0.00753765403121411
293 -0.00163367246644774
294 -0.000696786748716857
295 -0.00545759211378473
296 -0.00711088204233494
297 -0.0126686191670609
298 -0.0162418054179139
299 -0.0206170441277828
300 -0.0268900959510961
301 -0.023347183820864
302 -0.0225248065905711
303 -0.018740424455719
304 -0.0112741820044411
305 -0.0028061053788433
306 0.00561769140873333
307 0.0105080007746537
308 0.0187179948934267
309 0.0200300387789612
310 0.017852759256517
311 0.0183379163540608
312 0.0114529663406876
313 0.00538855531677515
314 -0.0106126946400592
315 -0.016649327949549
316 -0.037002709665214
317 -0.0496420060496658
318 -0.0828963230523674
319 -0.0883768744931753
320 -0.117995174160147
321 -0.13516777946208
322 -0.170769109584818
323 -0.239977405178018
324 -0.247333757563926
325 -0.298469318779098
326 -0.323764878660163
327 -0.260821685134146
328 -0.279651597812885
329 -0.205048590378505
330 -0.160206453889978
331 -0.0851311410208769
332 -0.0294670319634954
333 0.0467795108711795
334 0.00823060213417463
335 0.0497277825098962
336 0.0197837087076434
337 0.0254055622596005
338 0.0109281239588937
339 -0.0118926789369984
340 -0.0250183707830557
341 -0.0682232645514379
342 -0.0672461910685534
343 -0.0791461928523362
344 -0.0590672509092909
345 -0.0388269781813527
346 0.0358991489380033
347 0.0361985587871576
348 0.101934280559902
349 0.17864949765134
350 0.170191885653065
351 0.262542355254409
352 0.3142157258774
353 0.374531566539359
354 0.374531566539359
355 0.374531566539359
356 0.272433841779311
357 0.109942859238808
358 0.127483386277769
359 -0.020682187682347
360 -0.0613334719783491
361 -0.128433977165973
362 -0.122099430312765
363 -0.126110681802541
364 -0.0777863178733663
365 -0.0481266516862064
366 0.00266251333497416
367 0.0624075696901679
368 0.0450620375940773
369 0.0868608849996783
370 0.0608523335907565
371 0.0268991707733254
372 0.0183797951614525
373 -0.0403609711260711
374 -0.0688238174051216
375 -0.121467061083282
376 -0.157205061507546
377 -0.219240177336961
378 -0.237018640491683
379 -0.299616281963235
380 -0.28763771026312
381 -0.303076984546668
382 -0.248666161064091
383 -0.208472047909134
384 -0.106046236779279
385 -0.00429249728140224
386 -0.0705144578638252
387 -0.0324581015075716
388 -0.00234825855085468
389 -0.0217812627942086
390 -0.0265075936746542
391 -0.0506028356271766
392 -0.0803555686634855
393 -0.101757772544632
394 -0.120881713655579
395 -0.141155060834182
396 -0.117674171456179
397 -0.119350284248225
398 -0.0963627347368513
399 -0.0783755273377698
400 -0.0608700106306779
401 -0.0421377433555367
402 -0.0296172563888915
403 -0.0232513166904048
404 -0.0235399855604683
405 -0.0269746084764367
406 -0.0348367852212277
407 -0.0461669360351382
408 -0.054671900053905
409 -0.0620263479153837
410 -0.0651956325596862
411 -0.0674566453194515
412 -0.0639702081638806
413 -0.0595382038232432
414 -0.0496231749741487
415 -0.0415437894725572
416 -0.0230557053662339
417 -0.0194554192459857
418 -0.00586716973222243
419 -0.00279716460008236
420 0.00298242537037385
421 0.00558409588468242
422 0.00010749744319543
423 -0.000884211919142918
424 -0.0111417574584634
425 -0.0161076623273724
426 -0.0265101747169946
427 -0.0311268037059083
428 -0.0362194572189828
429 -0.0384456681994214
430 -0.0380850148338958
431 -0.034705831841603
432 -0.0305574842545774
433 -0.0216538256731786
434 -0.0105927534949518
435 -0.0117069675448561
436 -0.00317124362326787
437 0.0021103904988783
438 0.00757629456813152
439 0.00190694323536226
440 0.0039299690340611
441 -0.0032974368001188
442 -0.00710552502109299
443 -0.0133459958584747
444 -0.0212914453267356
445 -0.025108261369287
446 -0.0318952672079027
447 -0.0337880547105073
448 -0.0379171009490203
449 -0.0360315831430773
450 -0.0348778394023658
451 -0.0312608507120741
452 -0.0295897681700251
453 -0.0220532655200108
454 -0.0194794738347276
455 -0.0129959831839567
