0 0
1 1.99794510771309
2 1.99764929889398
3 1.96475464785619
4 1.6297752482824
5 0.963774051859923
6 -0.00432838389618895
7 -1.12588219636673
8 -2.45767283341898
9 -2.78007278395555
10 -2.1344270675038
11 -1.0541965180739
12 0.0389404392699121
13 0.814385294801127
14 1.41544684513237
15 1.47512718920786
16 1.38890881916033
17 1.22748977514405
18 1.06844057278226
19 0.890763849271917
20 0.797736057962024
21 0.778410422883297
22 0.816455085856956
23 0.926343978032126
24 1.00951848594797
25 1.05617767364855
26 1.0803915867583
27 1.08374906683585
28 1.06373397192998
29 1.03013955735543
30 0.987146479581
31 0.991727462485322
32 0.990196757554264
33 1.01126408086198
34 1.04526960132135
35 1.09035559224784
36 1.13420457769469
37 1.17480336370837
38 1.20991885258115
39 1.23703126131541
40 1.25932892386191
41 1.27478156343635
42 1.28084467397602
43 1.2931932544844
44 1.27131755219299
45 1.23600103483549
46 1.18182356763299
47 1.15015207711424
48 1.13601230343831
49 1.23021983345261
50 1.25072822945676
51 1.27010999611529
52 1.31275762696148
53 1.34085938597842
54 1.44688495259894
55 1.59975393719585
56 1.76484949809935
57 1.974975501816
58 2.17519531682506
59 2.40586213514414
60 2.58401669823559
61 2.76703004013446
62 2.80472897282952
63 2.85050982494723
64 2.86926903481796
65 2.85172475799416
66 2.84840805779325
67 2.89274930446522
68 3.07632305601806
69 3.28343656035718
70 3.64704174223263
71 4.11987023933684
72 4.57097779419165
73 5.19597161497942
74 6.02239865295557
75 6.85706183525886
76 7.54196694157118
77 8.15457561984352
78 8.54595656451656
79 8.87432647077156
80 8.89424188915254
81 8.58224783131104
82 7.92021168923598
83 7.16380345102628
84 6.01725718840457
85 4.85569875722978
86 3.70121004421921
87 2.6319489426651
88 1.75002040418367
89 1.33162117749289
90 1.08249411800031
91 0.927093292078544
92 0.976188488037325
93 1.27458520121884
94 1.49059141623802
95 1.68767633626407
96 1.96873361381348
97 2.18601410187173
98 2.21633302020726
99 2.20656466652432
100 2.05478927583275
101 1.75963293674937
102 1.39536758843139
103 1.17842791524824
104 0.636505997249802
105 0.267306431737158
106 -0.270529627956189
107 -0.870902975374441
108 -1.32230623336776
109 -1.69488022002024
110 -1.7475796295993
111 -1.80180198118159
112 -1.67642886879109
113 -1.10159651408057
114 -0.66826536711134
115 -0.0347391189169124
116 0.539725819432228
117 1.46863020513678
118 2.19470473557523
119 3.03382665558742
120 3.9566330595717
121 4.82062813624262
122 6.05540651798097
123 7.10196374976271
124 8.26792597036548
125 12.336785051097
126 17.7935108391804
127 24.3178408635304
128 25.0914052912873
129 24.8121729124934
130 22.2791127486855
131 18.8000082897295
132 15.5259190167988
133 11.7441433740963
134 8.69975163288596
135 5.75293340649185
136 3.22198829462269
137 1.34697531031925
138 0.238140765686686
139 -0.232930742514133
140 -0.293515658187708
141 -0.189885374950605
142 0.691447571620032
143 1.394778256949
144 2.30899930671478
145 3.26912862789841
146 3.87580655182163
147 3.9710413058964
148 3.30289442605575
149 1.98114191810306
150 0.121733025304752
151 -2.28035144837302
152 -5.81468576508631
153 -10.3665613485241
154 -14.3277553571106
155 -25.9847956776152
156 -48.0668976094545
157 -50.3538863133132
158 -35.4875146768589
159 -26.8607650872776
160 -18.100532729506
161 -12.1280007595692
162 -7.69929758708687
163 -2.82478207759656
164 0.346250809579175
165 3.29640704143804
166 4.85590617911404
167 4.95301053206319
168 3.95489530959915
169 2.18281013039017
170 0.54070964043192
171 -1.49141094172447
172 -2.64299245196439
173 -3.47359643378173
174 -3.60465839473899
175 -3.02829997809989
176 -1.35836976951275
177 1.21290760187101
178 3.8215597040768
179 7.10932321179559
180 9.85211954722708
181 13.5670211322013
182 18.5549104173579
183 21.5317538877306
184 22.4899546703617
185 20.5834292135314
186 17.932860915858
187 13.8451767562296
188 10.765880322071
189 8.41009098481405
190 5.78956228680653
191 4.36563535452201
192 3.41001407698964
193 3.10713630460969
194 3.5279981303041
195 4.34330323189422
196 5.30532214684728
197 6.17370703786946
198 7.13461885101102
199 7.52534173281927
200 7.54373237532617
201 7.13056173696209
202 6.43278040176999
203 5.65427385896889
204 4.75417436777534
205 4.01423146188935
206 3.17380953819465
207 2.61233147763338
208 2.4327207814508
209 2.45728339106466
210 2.72346354223653
211 3.14613169797308
212 3.51039053827661
213 3.79796682035478
214 3.96944606776966
215 3.9270016220609
216 3.73471582678798
217 3.35768221764099
218 2.89696255380112
219 2.21341069383785
220 1.65369660524577
221 1.09274824493444
222 0.617542399341962
223 0.113843014898795
224 -0.0958510793634282
225 -0.0952596787902921
226 0.257148147563034
227 0.645614896168012
228 1.21927652367621
229 1.71766207845384
230 2.12875772907779
231 2.43621265311296
232 2.58288118984434
233 2.63628024953025
234 2.3309082134178
235 1.96660338048696
236 1.54768397425379
237 1.11408233582266
238 0.634733198623568
239 0.214307840996252
240 -0.0578479440254203
241 -0.335755913989959
242 -0.373052572268314
243 -0.2087404142971
244 0.0829641004317231
245 0.546461194486231
246 1.03323825428911
247 1.54313717412173
248 1.97419392964161
249 2.36663633247673
250 2.65172928302516
251 2.80213203651791
252 2.81212389994252
253 2.77667306006315
254 2.50143921220319
255 2.10442610506773
256 1.77077081559947
257 1.37018479205136
258 1.14470190402164
259 1.10338466506992
260 1.21210771636608
261 1.45672488975346
262 1.82415877593003
263 2.261173641397
264 2.8356198374453
265 3.60526647162759
266 4.38676170311034
267 5.2830051753247
268 6.23311007689225
269 6.97937049725916
270 7.71771666578936
271 8.3158741220483
272 8.70521861644963
273 8.61486675929335
274 8.25921612421014
275 7.59912915383245
276 6.88788958939064
277 6.16777780112572
278 5.63231913027199
279 5.20773631856275
280 4.93693913015654
281 4.73375254454797
282 4.60783658849199
283 4.35672872678751
284 4.10014377960593
285 3.7974014411741
286 3.46395666902112
287 2.93744448246212
288 2.43684818034192
289 1.87394525338925
290 1.39791834642465
291 0.962965412777365
292 0.460220878426444
293 0.278334060629877
294 0.23491431413656
295 0.231464687986631
296 0.450005585408586
297 0.750843404471596
298 1.09101473193657
299 1.41283513370069
300 1.8425740372568
301 1.89998945234867
302 1.77355823168344
303 1.59539679672488
304 1.14036193677599
305 0.509192652210841
306 -0.168940702312522
307 -0.702331081405694
308 -1.2930352092898
309 -1.67678930743702
310 -1.68566510685539
311 -1.70922299401984
312 -1.48915661905142
313 -1.05302629383657
314 -0.267473754255248
315 0.444334177945901
316 1.52207092789332
317 2.77706652479306
318 3.97829496391987
319 5.94409364239803
320 7.82391101111824
321 9.24596671875584
322 13.0899820509752
323 21.0042687391416
324 26.7020794010056
325 27.3042983805141
326 25.4630371122436
327 22.1816255005556
328 17.94145033105
329 14.2164426453039
330 10.5969575221557
331 7.08208526109147
332 3.86564165791612
333 1.27646830393661
334 -0.252891357605011
335 -0.63528519570467
336 -0.610305933112935
337 -0.178419201652112
338 0.383161354086664
339 1.32787209966236
340 2.31300135123281
341 3.71687510872053
342 4.40444436550144
343 4.44282739312864
344 3.75503947920803
345 2.31343506902465
346 0.298460860728664
347 -2.63998248654292
348 -5.94352530661621
349 -10.0616609900783
350 -15.2408070898325
351 -25.7057844212802
352 -48.2349091375969
353 -46.4881244013979
354 -35.8452109594567
355 -25.4477758210068
356 -16.9446890753978
357 -11.2121515800888
358 -5.84236797589136
359 -1.83563710823543
360 1.94244515790073
361 4.48178741483667
362 5.49515777787446
363 5.38087514721635
364 4.0143981222255
365 2.18922691850556
366 0.165492906954993
367 -1.50695405113404
368 -3.1888209284048
369 -3.81863340388995
370 -3.64330087184397
371 -2.49550512152881
372 -0.547502297312685
373 1.97963186197948
374 4.7703993378182
375 7.8166894311627
376 11.2312167293132
377 16.9335499895376
378 21.978108446548
379 25.5971270534172
380 24.6776156570694
381 23.1213649149012
382 17.4322524968729
383 13.4539826240978
384 9.28902976152387
385 6.39222013804634
386 4.08717728715358
387 3.18628811538245
388 2.81529036863117
389 2.89608824645923
390 3.54283786709187
391 4.49138002070507
392 5.82718081254394
393 6.98745782124599
394 7.82441513682403
395 8.27367742820605
396 8.22924423505684
397 7.57560538618753
398 6.69356203274669
399 5.5344024704185
400 4.54069553268531
401 3.53757709593271
402 2.69836926309627
403 2.28191355358032
404 2.16444247650523
405 2.30256000893117
406 2.66942389002817
407 3.24790018159805
408 3.75595248836093
409 4.20893876762951
410 4.49140573425857
411 4.6090833609931
412 4.49014248400304
413 4.19386967887913
414 3.65442547162539
415 3.06004232909662
416 2.31291378942132
417 1.44602471168192
418 0.815468220928421
419 0.32959625553161
420 0.0150548813576142
421 -0.13544472046749
422 -0.150260592702295
423 0.0454697505709448
424 0.532913434655446
425 1.03795742844992
426 1.62000373485489
427 2.12799277782792
428 2.48922897138941
429 2.72976865392199
430 2.79244473215418
431 2.64586372822037
432 2.36092829606116
433 1.85623879796251
434 1.3726229893153
435 0.805129786656156
436 0.418280341870929
437 -0.0640350482214004
438 -0.326455060172637
439 -0.434592573158875
440 -0.367332024081087
441 -0.120621108721414
442 0.277712355348173
443 0.685441453910683
444 1.26099411076897
445 1.70658841683279
446 2.1667356566457
447 2.49739491671894
448 2.77403382476981
449 2.83869186549478
450 2.73319137297285
451 2.52631076190914
452 2.32083745312619
453 1.884459709016
454 1.47868230895389
455 1.03417374552714
