0 0
1 -32.16173
1 -43.49173
1 -61.09
1 -78.29172
1 -93.05002
1 -107.7717
2 -32.16173
2 -43.49173
2 -61.09
2 -78.29172
2 -93.05002
2 -107.7717
3 -32.16173
3 -43.49173
3 -61.09
3 -78.29172
3 -93.05002
3 -107.7717
4 -32.16173
4 -43.49173
4 -61.09
4 -78.29172
4 -93.05002
4 -107.7717
5 -32.16173
5 -43.49173
5 -61.09
5 -78.29172
5 -93.05002
5 -107.7717
6 -32.16173
6 -43.49173
6 -61.09
6 -78.29172
6 -93.05002
6 -107.7717
7 -32.16173
7 -43.49173
7 -61.09
7 -78.29172
7 -93.05002
7 -107.7717
8 -32.16173
8 -43.49173
8 -61.09
8 -78.29172
8 -93.05002
8 -107.7717
9 -32.16173
9 -43.49173
9 -61.09
9 -78.29172
9 -93.05002
9 -107.7717
10 -43.49173
10 -61.09
10 -78.29172
10 -93.05002
10 -107.7717
10 -123.3917
11 -43.49173
11 -61.09
11 -78.29172
11 -93.05002
11 -107.7717
11 -123.3917
12 -43.49173
12 -61.09
12 -78.29172
12 -93.05002
12 -107.7717
12 -123.3917
13 -43.49173
13 -61.09
13 -78.29172
13 -93.05002
13 -107.7717
13 -123.3917
14 -43.49173
14 -61.09
14 -78.29172
14 -93.05002
14 -107.7717
14 -123.3917
15 -43.49173
15 -61.09
15 -78.29172
15 -93.05002
15 -107.7717
15 -123.3917
16 -43.49173
16 -61.09
16 -78.29172
16 -93.05002
16 -107.7717
16 -123.3917
17 -43.49173
17 -61.09
17 -78.29172
17 -93.05002
17 -107.7717
17 -123.3917
18 -43.49173
18 -61.09
18 -78.29172
18 -93.05002
18 -107.7717
18 -123.3917
19 -43.49173
19 -61.09
19 -78.29172
19 -93.05002
19 -107.7717
19 -123.3917
20 -43.49173
20 -61.09
20 -78.29172
20 -93.05002
20 -107.7717
20 -123.3917
21 -43.49173
21 -61.09
21 -78.29172
21 -93.05002
21 -107.7717
21 -123.3917
22 -43.49173
22 -61.09
22 -78.29172
22 -93.05002
22 -107.7717
22 -123.3917
23 -61.09
23 -78.29172
23 -93.05002
23 -107.7717
23 -123.3917
23 -134.97
24 -61.09
24 -78.29172
24 -93.05002
24 -107.7717
24 -123.3917
24 -134.97
25 -61.09
25 -78.29172
25 -93.05002
25 -107.7717
25 -123.3917
25 -134.97
26 -61.09
26 -78.29172
26 -93.05002
26 -107.7717
26 -123.3917
26 -134.97
27 -61.09
27 -78.29172
27 -93.05002
27 -107.7717
27 -123.3917
27 -134.97
28 -61.09
28 -78.29172
28 -93.05002
28 -107.7717
28 -123.3917
28 -134.97
29 -61.09
29 -78.29172
29 -93.05002
29 -107.7717
29 -123.3917
29 -134.97
30 -61.09
30 -78.29172
30 -93.05002
30 -107.7717
30 -123.3917
30 -134.97
31 -78.29172
31 -93.05002
31 -107.7717
31 -123.3917
31 -134.97
31 -145.1165
32 -78.29172
32 -93.05002
32 -107.7717
32 -123.3917
32 -134.97
32 -145.1165
33 -78.29172
33 -93.05002
33 -107.7717
33 -123.3917
33 -134.97
33 -145.1165
34 -78.29172
34 -93.05002
34 -107.7717
34 -123.3917
34 -134.97
34 -145.1165
35 -78.29172
35 -93.05002
35 -107.7717
35 -123.3917
35 -134.97
35 -145.1165
36 -78.29172
36 -93.05002
36 -107.7717
36 -123.3917
36 -134.97
36 -145.1165
37 -93.05002
37 -107.7717
37 -123.3917
37 -134.97
37 -145.1165
37 -158.3417
38 -93.05002
38 -107.7717
38 -123.3917
38 -134.97
38 -145.1165
38 -158.3417
39 -93.05002
39 -107.7717
39 -123.3917
39 -134.97
39 -145.1165
39 -158.3417
40 -93.05002
40 -107.7717
40 -123.3917
40 -134.97
40 -145.1165
40 -158.3417
41 -93.05002
41 -107.7717
41 -123.3917
41 -134.97
41 -145.1165
41 -158.3417
42 -93.05002
42 -107.7717
42 -123.3917
42 -134.97
42 -145.1165
42 -158.3417
43 -107.7717
43 -123.3917
43 -134.97
43 -145.1165
43 -158.3417
43 -164.3164
44 -107.7717
44 -123.3917
44 -134.97
44 -145.1165
44 -158.3417
44 -164.3164
45 -107.7717
45 -123.3917
45 -134.97
45 -145.1165
45 -158.3417
45 -164.3164
46 -107.7717
46 -123.3917
46 -134.97
46 -145.1165
46 -158.3417
46 -164.3164
47 -107.7717
47 -123.3917
47 -134.97
47 -145.1165
47 -158.3417
47 -164.3164
48 -107.7717
48 -123.3917
48 -134.97
48 -145.1165
48 -158.3417
48 -164.3164
49 -123.3917
49 -134.97
49 -145.1165
49 -158.3417
49 -164.3164
49 -169.3365
50 -123.3917
50 -134.97
50 -145.1165
50 -158.3417
50 -164.3164
50 -169.3365
51 -123.3917
51 -134.97
51 -145.1165
51 -158.3417
51 -164.3164
51 -169.3365
52 -123.3917
52 -134.97
52 -145.1165
52 -158.3417
52 -164.3164
52 -169.3365
53 -134.97
53 -145.1165
53 -158.3417
53 -164.3164
53 -169.3365
53 -175.4917
54 -134.97
54 -145.1165
54 -158.3417
54 -164.3164
54 -169.3365
54 -175.4917
55 -134.97
55 -145.1165
55 -158.3417
55 -164.3164
55 -169.3365
55 -175.4917
56 -134.97
56 -145.1165
56 -158.3417
56 -164.3164
56 -169.3365
56 -175.4917
57 -145.1165
57 -158.3417
57 -164.3164
57 -169.3365
57 -175.4917
57 -176.9617
58 -145.1165
58 -158.3417
58 -164.3164
58 -169.3365
58 -175.4917
58 -176.9617
59 -145.1165
59 -158.3417
59 -164.3164
59 -169.3365
59 -175.4917
59 -176.9617
60 -145.1165
60 -158.3417
60 -164.3164
60 -169.3365
60 -175.4917
60 -176.9617
61 -145.1165
61 -158.3417
61 -164.3164
61 -169.3365
61 -175.4917
61 -176.9617
62 -158.3417
62 -164.3164
62 -169.3365
62 -175.4917
62 -176.9617
62 -176.8864
63 -158.3417
63 -164.3164
63 -169.3365
63 -175.4917
63 -176.9617
63 -176.8864
64 -158.3417
64 -164.3164
64 -169.3365
64 -175.4917
64 -176.9617
64 -176.8864
65 -164.3164
65 -169.3365
65 -175.4917
65 -176.9617
65 -176.8864
65 -175.0817
66 -164.3164
66 -169.3365
66 -175.4917
66 -176.9617
66 -176.8864
66 -175.0817
67 -164.3164
67 -169.3365
67 -175.4917
67 -176.9617
67 -176.8864
67 -175.0817
68 -169.3365
68 -175.4917
68 -176.9617
68 -176.8864
68 -175.0817
68 -170.3617
69 -169.3365
69 -175.4917
69 -176.9617
69 -176.8864
69 -175.0817
69 -170.3617
70 -169.3365
70 -175.4917
70 -176.9617
70 -176.8864
70 -175.0817
70 -170.3617
71 -169.3365
71 -175.4917
71 -176.9617
71 -176.8864
71 -175.0817
71 -170.3617
72 -175.4917
72 -176.9617
72 -176.8864
72 -175.0817
72 -170.3617
72 -164.4217
73 -175.4917
73 -176.9617
73 -176.8864
73 -175.0817
73 -170.3617
73 -164.4217
74 -176.9617
74 -176.8864
74 -175.0817
74 -170.3617
74 -164.4217
74 -158.9417
75 -176.9617
75 -176.8864
75 -175.0817
75 -170.3617
75 -164.4217
75 -158.9417
76 -176.9617
76 -176.8864
76 -175.0817
76 -170.3617
76 -164.4217
76 -158.9417
77 -176.8864
77 -175.0817
77 -170.3617
77 -164.4217
77 -158.9417
77 -146.6317
78 -175.0817
78 -170.3617
78 -164.4217
78 -158.9417
78 -146.6317
78 -134.6765
79 -175.0817
79 -170.3617
79 -164.4217
79 -158.9417
79 -146.6317
79 -134.6765
80 -175.0817
80 -170.3617
80 -164.4217
80 -158.9417
80 -146.6317
80 -134.6765
81 -170.3617
81 -164.4217
81 -158.9417
81 -146.6317
81 -134.6765
81 -126.4965
82 -164.4217
82 -158.9417
82 -146.6317
82 -134.6765
82 -126.4965
82 -108.5617
83 -164.4217
83 -158.9417
83 -146.6317
83 -134.6765
83 -126.4965
83 -108.5617
84 -158.9417
84 -146.6317
84 -134.6765
84 -126.4965
84 -108.5617
84 -95.20645
85 -158.9417
85 -146.6317
85 -134.6765
85 -126.4965
85 -108.5617
85 -95.20645
86 -146.6317
86 -134.6765
86 -126.4965
86 -108.5617
86 -95.20645
86 -73.86172
87 -146.6317
87 -134.6765
87 -126.4965
87 -108.5617
87 -95.20645
87 -73.86172
88 -134.6765
88 -126.4965
88 -108.5617
88 -95.20645
88 -73.86172
88 -42.38173
89 -134.6765
89 -126.4965
89 -108.5617
89 -95.20645
89 -73.86172
89 -42.38173
90 -126.4965
90 -108.5617
90 -95.20645
90 -73.86172
90 -42.38173
90 -24.50172
91 -126.4965
91 -108.5617
91 -95.20645
91 -73.86172
91 -42.38173
91 -24.50172
92 -126.4965
92 -108.5617
92 -95.20645
92 -73.86172
92 -42.38173
92 -24.50172
93 -108.5617
93 -95.20645
93 -73.86172
93 -42.38173
93 -24.50172
93 2.908264
94 -108.5617
94 -95.20645
94 -73.86172
94 -42.38173
94 -24.50172
94 2.908264
95 -95.20645
95 -73.86172
95 -42.38173
95 -24.50172
95 2.908264
95 22.10828
96 -95.20645
96 -73.86172
96 -42.38173
96 -24.50172
96 2.908264
96 22.10828
97 -95.20645
97 -73.86172
97 -42.38173
97 -24.50172
97 2.908264
97 22.10828
98 -73.86172
98 -42.38173
98 -24.50172
98 2.908264
98 22.10828
98 47.20827
99 -73.86172
99 -42.38173
99 -24.50172
99 2.908264
99 22.10828
99 47.20827
100 -73.86172
100 -42.38173
100 -24.50172
100 2.908264
100 22.10828
100 47.20827
101 -73.86172
101 -42.38173
101 -24.50172
101 2.908264
101 22.10828
101 47.20827
102 -73.86172
102 -42.38173
102 -24.50172
102 2.908264
102 22.10828
102 47.20827
103 -42.38173
103 -24.50172
103 2.908264
103 22.10828
103 47.20827
103 75.06355
104 -42.38173
104 -24.50172
104 2.908264
104 22.10828
104 47.20827
104 75.06355
105 -24.50172
105 2.908264
105 22.10828
105 47.20827
105 75.06355
105 91.19354
106 -24.50172
106 2.908264
106 22.10828
106 47.20827
106 75.06355
106 91.19354
107 -24.50172
107 2.908264
107 22.10828
107 47.20827
107 75.06355
107 91.19354
108 -24.50172
108 2.908264
108 22.10828
108 47.20827
108 75.06355
108 91.19354
109 -24.50172
109 2.908264
109 22.10828
109 47.20827
109 75.06355
109 91.19354
110 2.908264
110 22.10828
110 47.20827
110 75.06355
110 91.19354
110 107.3083
111 2.908264
111 22.10828
111 47.20827
111 75.06355
111 91.19354
111 107.3083
112 2.908264
112 22.10828
112 47.20827
112 75.06355
112 91.19354
112 107.3083
113 22.10828
113 47.20827
113 75.06355
113 91.19354
113 107.3083
113 114.2635
114 22.10828
114 47.20827
114 75.06355
114 91.19354
114 107.3083
114 114.2635
115 22.10828
115 47.20827
115 75.06355
115 91.19354
115 107.3083
115 114.2635
116 22.10828
116 47.20827
116 75.06355
116 91.19354
116 107.3083
116 114.2635
117 47.20827
117 75.06355
117 91.19354
117 107.3083
117 114.2635
117 122.5583
118 47.20827
118 75.06355
118 91.19354
118 107.3083
118 114.2635
118 122.5583
119 47.20827
119 75.06355
119 91.19354
119 107.3083
119 114.2635
119 122.5583
120 47.20827
120 75.06355
120 91.19354
120 107.3083
120 114.2635
120 122.5583
121 75.06355
121 91.19354
121 107.3083
121 114.2635
121 122.5583
121 126.6183
122 75.06355
122 91.19354
122 107.3083
122 114.2635
122 122.5583
122 126.6183
123 75.06355
123 91.19354
123 107.3083
123 114.2635
123 122.5583
123 126.6183
124 91.19354
124 107.3083
124 114.2635
124 122.5583
124 126.6183
124 129.1083
125 91.19354
125 107.3083
125 114.2635
125 122.5583
125 126.6183
125 129.1083
126 107.3083
126 114.2635
126 122.5583
126 126.6183
126 129.1083
126 129.1283
127 114.2635
127 122.5583
127 126.6183
127 129.1083
127 129.1283
127 126.8983
128 114.2635
128 122.5583
128 126.6183
128 129.1083
128 129.1283
128 126.8983
129 122.5583
129 126.6183
129 129.1083
129 129.1283
129 126.8983
129 122.3383
130 122.5583
130 126.6183
130 129.1083
130 129.1283
130 126.8983
130 122.3383
131 126.6183
131 129.1083
131 129.1283
131 126.8983
131 122.3383
131 117.2083
132 126.6183
132 129.1083
132 129.1283
132 126.8983
132 122.3383
132 117.2083
133 126.6183
133 129.1083
133 129.1283
133 126.8983
133 122.3383
133 117.2083
134 129.1083
134 129.1283
134 126.8983
134 122.3383
134 117.2083
134 98.34827
135 129.1083
135 129.1283
135 126.8983
135 122.3383
135 117.2083
135 98.34827
136 129.1283
136 126.8983
136 122.3383
136 117.2083
136 98.34827
136 83.63827
137 129.1283
137 126.8983
137 122.3383
137 117.2083
137 98.34827
137 83.63827
138 129.1283
138 126.8983
138 122.3383
138 117.2083
138 98.34827
138 83.63827
139 126.8983
139 122.3383
139 117.2083
139 98.34827
139 83.63827
139 79.68355
140 126.8983
140 122.3383
140 117.2083
140 98.34827
140 83.63827
140 79.68355
141 122.3383
141 117.2083
141 98.34827
141 83.63827
141 79.68355
141 78.52827
142 122.3383
142 117.2083
142 98.34827
142 83.63827
142 79.68355
142 78.52827
143 117.2083
143 98.34827
143 83.63827
143 79.68355
143 78.52827
143 77.04827
144 117.2083
144 98.34827
144 83.63827
144 79.68355
144 78.52827
144 77.04827
145 117.2083
145 98.34827
145 83.63827
145 79.68355
145 78.52827
145 77.04827
146 117.2083
146 98.34827
146 83.63827
146 79.68355
146 78.52827
146 77.04827
147 117.2083
147 98.34827
147 83.63827
147 79.68355
147 78.52827
147 77.04827
148 117.2083
148 98.34827
148 83.63827
148 79.68355
148 78.52827
148 77.04827
149 117.2083
149 98.34827
149 83.63827
149 79.68355
149 78.52827
149 77.04827
150 98.34827
150 83.63827
150 79.68355
150 78.52827
150 77.04827
150 77.87827
151 98.34827
151 83.63827
151 79.68355
151 78.52827
151 77.04827
151 77.87827
152 98.34827
152 83.63827
152 79.68355
152 78.52827
152 77.04827
152 77.87827
153 98.34827
153 83.63827
153 79.68355
153 78.52827
153 77.04827
153 77.87827
154 98.34827
154 83.63827
154 79.68355
154 78.52827
154 77.04827
154 77.87827
155 83.63827
155 79.68355
155 78.52827
155 77.04827
155 77.87827
155 81.37827
156 79.68355
156 78.52827
156 77.04827
156 77.87827
156 81.37827
156 88.33827
157 78.52827
157 77.04827
157 77.87827
157 81.37827
157 88.33827
157 95.31827
158 77.04827
158 77.87827
158 81.37827
158 88.33827
158 95.31827
158 102.9283
159 77.04827
159 77.87827
159 81.37827
159 88.33827
159 95.31827
159 102.9283
160 77.87827
160 81.37827
160 88.33827
160 95.31827
160 102.9283
160 118.5435
161 77.87827
161 81.37827
161 88.33827
161 95.31827
161 102.9283
161 118.5435
162 81.37827
162 88.33827
162 95.31827
162 102.9283
162 118.5435
162 133.2435
163 81.37827
163 88.33827
163 95.31827
163 102.9283
163 118.5435
163 133.2435
164 81.37827
164 88.33827
164 95.31827
164 102.9283
164 118.5435
164 133.2435
165 88.33827
165 95.31827
165 102.9283
165 118.5435
165 133.2435
165 156.5083
166 88.33827
166 95.31827
166 102.9283
166 118.5435
166 133.2435
166 156.5083
167 95.31827
167 102.9283
167 118.5435
167 133.2435
167 156.5083
167 164.2383
168 95.31827
168 102.9283
168 118.5435
168 133.2435
168 156.5083
168 164.2383
169 102.9283
169 118.5435
169 133.2435
169 156.5083
169 164.2383
169 170.2883
170 102.9283
170 118.5435
170 133.2435
170 156.5083
170 164.2383
170 170.2883
171 102.9283
171 118.5435
171 133.2435
171 156.5083
171 164.2383
171 170.2883
172 102.9283
172 118.5435
172 133.2435
172 156.5083
172 164.2383
172 170.2883
173 118.5435
173 133.2435
173 156.5083
173 164.2383
173 170.2883
173 176.0983
174 118.5435
174 133.2435
174 156.5083
174 164.2383
174 170.2883
174 176.0983
175 118.5435
175 133.2435
175 156.5083
175 164.2383
175 170.2883
175 176.0983
176 133.2435
176 156.5083
176 164.2383
176 170.2883
176 176.0983
176 178.1583
177 133.2435
177 156.5083
177 164.2383
177 170.2883
177 176.0983
177 178.1583
178 133.2435
178 156.5083
178 164.2383
178 170.2883
178 176.0983
178 178.1583
179 133.2435
179 156.5083
179 164.2383
179 170.2883
179 176.0983
179 178.1583
180 133.2435
180 156.5083
180 164.2383
180 170.2883
180 176.0983
180 178.1583
181 156.5083
181 164.2383
181 170.2883
181 176.0983
181 178.1583
181 179.4383
182 164.2383
182 170.2883
182 176.0983
182 178.1583
182 179.4383
182 179.3083
183 164.2383
183 170.2883
183 176.0983
183 178.1583
183 179.4383
183 179.3083
184 170.2883
184 176.0983
184 178.1583
184 179.4383
184 179.3083
184 177.7183
185 170.2883
185 176.0983
185 178.1583
185 179.4383
185 179.3083
185 177.7183
186 176.0983
186 178.1583
186 179.4383
186 179.3083
186 177.7183
186 172.4083
187 178.1583
187 179.4383
187 179.3083
187 177.7183
187 172.4083
187 165.5735
188 179.4383
188 179.3083
188 177.7183
188 172.4083
188 165.5735
188 160.3583
189 179.4383
189 179.3083
189 177.7183
189 172.4083
189 165.5735
189 160.3583
190 179.3083
190 177.7183
190 172.4083
190 165.5735
190 160.3583
190 150.8283
191 179.3083
191 177.7183
191 172.4083
191 165.5735
191 160.3583
191 150.8283
192 177.7183
192 172.4083
192 165.5735
192 160.3583
192 150.8283
192 144.6183
193 177.7183
193 172.4083
193 165.5735
193 160.3583
193 150.8283
193 144.6183
194 177.7183
194 172.4083
194 165.5735
194 160.3583
194 150.8283
194 144.6183
195 172.4083
195 165.5735
195 160.3583
195 150.8283
195 144.6183
195 134.5383
196 172.4083
196 165.5735
196 160.3583
196 150.8283
196 144.6183
196 134.5383
197 165.5735
197 160.3583
197 150.8283
197 144.6183
197 134.5383
197 127.2283
198 165.5735
198 160.3583
198 150.8283
198 144.6183
198 134.5383
198 127.2283
199 160.3583
199 150.8283
199 144.6183
199 134.5383
199 127.2283
199 114.8083
200 160.3583
200 150.8283
200 144.6183
200 134.5383
200 127.2283
200 114.8083
201 150.8283
201 144.6183
201 134.5383
201 127.2283
201 114.8083
201 103.8935
202 150.8283
202 144.6183
202 134.5383
202 127.2283
202 114.8083
202 103.8935
203 144.6183
203 134.5383
203 127.2283
203 114.8083
203 103.8935
203 94.21827
204 144.6183
204 134.5383
204 127.2283
204 114.8083
204 103.8935
204 94.21827
205 134.5383
205 127.2283
205 114.8083
205 103.8935
205 94.21827
205 85.37355
206 134.5383
206 127.2283
206 114.8083
206 103.8935
206 94.21827
206 85.37355
207 127.2283
207 114.8083
207 103.8935
207 94.21827
207 85.37355
207 70.40827
208 127.2283
208 114.8083
208 103.8935
208 94.21827
208 85.37355
208 70.40827
209 114.8083
209 103.8935
209 94.21827
209 85.37355
209 70.40827
209 61.24355
210 114.8083
210 103.8935
210 94.21827
210 85.37355
210 70.40827
210 61.24355
211 103.8935
211 94.21827
211 85.37355
211 70.40827
211 61.24355
211 45.30827
212 94.21827
212 85.37355
212 70.40827
212 61.24355
212 45.30827
212 36.03354
213 94.21827
213 85.37355
213 70.40827
213 61.24355
213 45.30827
213 36.03354
214 85.37355
214 70.40827
214 61.24355
214 45.30827
214 36.03354
214 15.90826
215 85.37355
215 70.40827
215 61.24355
215 45.30827
215 36.03354
215 15.90826
216 70.40827
216 61.24355
216 45.30827
216 36.03354
216 15.90826
216 5.64827
217 70.40827
217 61.24355
217 45.30827
217 36.03354
217 15.90826
217 5.64827
218 61.24355
218 45.30827
218 36.03354
218 15.90826
218 5.64827
218 -9.99173
219 61.24355
219 45.30827
219 36.03354
219 15.90826
219 5.64827
219 -9.99173
220 61.24355
220 45.30827
220 36.03354
220 15.90826
220 5.64827
220 -9.99173
221 45.30827
221 36.03354
221 15.90826
221 5.64827
221 -9.99173
221 -24.01645
222 45.30827
222 36.03354
222 15.90826
222 5.64827
222 -9.99173
222 -24.01645
223 36.03354
223 15.90826
223 5.64827
223 -9.99173
223 -24.01645
223 -32.16173
224 36.03354
224 15.90826
224 5.64827
224 -9.99173
224 -24.01645
224 -32.16173
225 36.03354
225 15.90826
225 5.64827
225 -9.99173
225 -24.01645
225 -32.16173
226 15.90826
226 5.64827
226 -9.99173
226 -24.01645
226 -32.16173
226 -43.49173
227 15.90826
227 5.64827
227 -9.99173
227 -24.01645
227 -32.16173
227 -43.49173
228 5.64827
228 -9.99173
228 -24.01645
228 -32.16173
228 -43.49173
228 -61.09
229 5.64827
229 -9.99173
229 -24.01645
229 -32.16173
229 -43.49173
229 -61.09
230 -9.99173
230 -24.01645
230 -32.16173
230 -43.49173
230 -61.09
230 -78.29172
231 -9.99173
231 -24.01645
231 -32.16173
231 -43.49173
231 -61.09
231 -78.29172
232 -9.99173
232 -24.01645
232 -32.16173
232 -43.49173
232 -61.09
232 -78.29172
233 -24.01645
233 -32.16173
233 -43.49173
233 -61.09
233 -78.29172
233 -93.05002
234 -32.16173
234 -43.49173
234 -61.09
234 -78.29172
234 -93.05002
234 -107.7717
235 -32.16173
235 -43.49173
235 -61.09
235 -78.29172
235 -93.05002
235 -107.7717
236 -43.49173
236 -61.09
236 -78.29172
236 -93.05002
236 -107.7717
236 -123.3917
237 -43.49173
237 -61.09
237 -78.29172
237 -93.05002
237 -107.7717
237 -123.3917
238 -43.49173
238 -61.09
238 -78.29172
238 -93.05002
238 -107.7717
238 -123.3917
239 -43.49173
239 -61.09
239 -78.29172
239 -93.05002
239 -107.7717
239 -123.3917
240 -61.09
240 -78.29172
240 -93.05002
240 -107.7717
240 -123.3917
240 -134.97
241 -61.09
241 -78.29172
241 -93.05002
241 -107.7717
241 -123.3917
241 -134.97
242 -61.09
242 -78.29172
242 -93.05002
242 -107.7717
242 -123.3917
242 -134.97
243 -78.29172
243 -93.05002
243 -107.7717
243 -123.3917
243 -134.97
243 -145.1165
244 -78.29172
244 -93.05002
244 -107.7717
244 -123.3917
244 -134.97
244 -145.1165
245 -78.29172
245 -93.05002
245 -107.7717
245 -123.3917
245 -134.97
245 -145.1165
246 -93.05002
246 -107.7717
246 -123.3917
246 -134.97
246 -145.1165
246 -158.3417
247 -93.05002
247 -107.7717
247 -123.3917
247 -134.97
247 -145.1165
247 -158.3417
248 -93.05002
248 -107.7717
248 -123.3917
248 -134.97
248 -145.1165
248 -158.3417
249 -107.7717
249 -123.3917
249 -134.97
249 -145.1165
249 -158.3417
249 -164.3164
250 -107.7717
250 -123.3917
250 -134.97
250 -145.1165
250 -158.3417
250 -164.3164
251 -107.7717
251 -123.3917
251 -134.97
251 -145.1165
251 -158.3417
251 -164.3164
252 -107.7717
252 -123.3917
252 -134.97
252 -145.1165
252 -158.3417
252 -164.3164
253 -123.3917
253 -134.97
253 -145.1165
253 -158.3417
253 -164.3164
253 -169.3365
254 -123.3917
254 -134.97
254 -145.1165
254 -158.3417
254 -164.3164
254 -169.3365
255 -134.97
255 -145.1165
255 -158.3417
255 -164.3164
255 -169.3365
255 -175.4917
256 -134.97
256 -145.1165
256 -158.3417
256 -164.3164
256 -169.3365
256 -175.4917
257 -134.97
257 -145.1165
257 -158.3417
257 -164.3164
257 -169.3365
257 -175.4917
258 -145.1165
258 -158.3417
258 -164.3164
258 -169.3365
258 -175.4917
258 -176.9617
259 -145.1165
259 -158.3417
259 -164.3164
259 -169.3365
259 -175.4917
259 -176.9617
260 -145.1165
260 -158.3417
260 -164.3164
260 -169.3365
260 -175.4917
260 -176.9617
261 -158.3417
261 -164.3164
261 -169.3365
261 -175.4917
261 -176.9617
261 -176.8864
262 -158.3417
262 -164.3164
262 -169.3365
262 -175.4917
262 -176.9617
262 -176.8864
263 -164.3164
263 -169.3365
263 -175.4917
263 -176.9617
263 -176.8864
263 -175.0817
264 -164.3164
264 -169.3365
264 -175.4917
264 -176.9617
264 -176.8864
264 -175.0817
265 -169.3365
265 -175.4917
265 -176.9617
265 -176.8864
265 -175.0817
265 -170.3617
266 -169.3365
266 -175.4917
266 -176.9617
266 -176.8864
266 -175.0817
266 -170.3617
267 -169.3365
267 -175.4917
267 -176.9617
267 -176.8864
267 -175.0817
267 -170.3617
268 -169.3365
268 -175.4917
268 -176.9617
268 -176.8864
268 -175.0817
268 -170.3617
269 -175.4917
269 -176.9617
269 -176.8864
269 -175.0817
269 -170.3617
269 -164.4217
270 -176.9617
270 -176.8864
270 -175.0817
270 -170.3617
270 -164.4217
270 -158.9417
271 -176.9617
271 -176.8864
271 -175.0817
271 -170.3617
271 -164.4217
271 -158.9417
272 -176.9617
272 -176.8864
272 -175.0817
272 -170.3617
272 -164.4217
272 -158.9417
273 -176.8864
273 -175.0817
273 -170.3617
273 -164.4217
273 -158.9417
273 -146.6317
274 -176.8864
274 -175.0817
274 -170.3617
274 -164.4217
274 -158.9417
274 -146.6317
275 -175.0817
275 -170.3617
275 -164.4217
275 -158.9417
275 -146.6317
275 -134.6765
276 -175.0817
276 -170.3617
276 -164.4217
276 -158.9417
276 -146.6317
276 -134.6765
277 -170.3617
277 -164.4217
277 -158.9417
277 -146.6317
277 -134.6765
277 -126.4965
278 -170.3617
278 -164.4217
278 -158.9417
278 -146.6317
278 -134.6765
278 -126.4965
279 -164.4217
279 -158.9417
279 -146.6317
279 -134.6765
279 -126.4965
279 -108.5617
280 -158.9417
280 -146.6317
280 -134.6765
280 -126.4965
280 -108.5617
280 -95.20645
281 -158.9417
281 -146.6317
281 -134.6765
281 -126.4965
281 -108.5617
281 -95.20645
282 -158.9417
282 -146.6317
282 -134.6765
282 -126.4965
282 -108.5617
282 -95.20645
283 -146.6317
283 -134.6765
283 -126.4965
283 -108.5617
283 -95.20645
283 -73.86172
284 -146.6317
284 -134.6765
284 -126.4965
284 -108.5617
284 -95.20645
284 -73.86172
285 -134.6765
285 -126.4965
285 -108.5617
285 -95.20645
285 -73.86172
285 -42.38173
286 -126.4965
286 -108.5617
286 -95.20645
286 -73.86172
286 -42.38173
286 -24.50172
287 -126.4965
287 -108.5617
287 -95.20645
287 -73.86172
287 -42.38173
287 -24.50172
288 -126.4965
288 -108.5617
288 -95.20645
288 -73.86172
288 -42.38173
288 -24.50172
289 -108.5617
289 -95.20645
289 -73.86172
289 -42.38173
289 -24.50172
289 2.908264
290 -108.5617
290 -95.20645
290 -73.86172
290 -42.38173
290 -24.50172
290 2.908264
291 -108.5617
291 -95.20645
291 -73.86172
291 -42.38173
291 -24.50172
291 2.908264
292 -95.20645
292 -73.86172
292 -42.38173
292 -24.50172
292 2.908264
292 22.10828
293 -95.20645
293 -73.86172
293 -42.38173
293 -24.50172
293 2.908264
293 22.10828
294 -95.20645
294 -73.86172
294 -42.38173
294 -24.50172
294 2.908264
294 22.10828
295 -73.86172
295 -42.38173
295 -24.50172
295 2.908264
295 22.10828
295 47.20827
296 -73.86172
296 -42.38173
296 -24.50172
296 2.908264
296 22.10828
296 47.20827
297 -73.86172
297 -42.38173
297 -24.50172
297 2.908264
297 22.10828
297 47.20827
298 -73.86172
298 -42.38173
298 -24.50172
298 2.908264
298 22.10828
298 47.20827
299 -73.86172
299 -42.38173
299 -24.50172
299 2.908264
299 22.10828
299 47.20827
300 -42.38173
300 -24.50172
300 2.908264
300 22.10828
300 47.20827
300 75.06355
301 -42.38173
301 -24.50172
301 2.908264
301 22.10828
301 47.20827
301 75.06355
302 -42.38173
302 -24.50172
302 2.908264
302 22.10828
302 47.20827
302 75.06355
303 -24.50172
303 2.908264
303 22.10828
303 47.20827
303 75.06355
303 91.19354
304 -24.50172
304 2.908264
304 22.10828
304 47.20827
304 75.06355
304 91.19354
305 -24.50172
305 2.908264
305 22.10828
305 47.20827
305 75.06355
305 91.19354
306 -24.50172
306 2.908264
306 22.10828
306 47.20827
306 75.06355
306 91.19354
307 2.908264
307 22.10828
307 47.20827
307 75.06355
307 91.19354
307 107.3083
308 2.908264
308 22.10828
308 47.20827
308 75.06355
308 91.19354
308 107.3083
309 2.908264
309 22.10828
309 47.20827
309 75.06355
309 91.19354
309 107.3083
310 22.10828
310 47.20827
310 75.06355
310 91.19354
310 107.3083
310 114.2635
311 22.10828
311 47.20827
311 75.06355
311 91.19354
311 107.3083
311 114.2635
312 22.10828
312 47.20827
312 75.06355
312 91.19354
312 107.3083
312 114.2635
313 22.10828
313 47.20827
313 75.06355
313 91.19354
313 107.3083
313 114.2635
314 47.20827
314 75.06355
314 91.19354
314 107.3083
314 114.2635
314 122.5583
315 47.20827
315 75.06355
315 91.19354
315 107.3083
315 114.2635
315 122.5583
316 47.20827
316 75.06355
316 91.19354
316 107.3083
316 114.2635
316 122.5583
317 47.20827
317 75.06355
317 91.19354
317 107.3083
317 114.2635
317 122.5583
318 75.06355
318 91.19354
318 107.3083
318 114.2635
318 122.5583
318 126.6183
319 75.06355
319 91.19354
319 107.3083
319 114.2635
319 122.5583
319 126.6183
320 75.06355
320 91.19354
320 107.3083
320 114.2635
320 122.5583
320 126.6183
321 91.19354
321 107.3083
321 114.2635
321 122.5583
321 126.6183
321 129.1083
322 91.19354
322 107.3083
322 114.2635
322 122.5583
322 126.6183
322 129.1083
323 107.3083
323 114.2635
323 122.5583
323 126.6183
323 129.1083
323 129.1283
324 114.2635
324 122.5583
324 126.6183
324 129.1083
324 129.1283
324 126.8983
325 114.2635
325 122.5583
325 126.6183
325 129.1083
325 129.1283
325 126.8983
326 114.2635
326 122.5583
326 126.6183
326 129.1083
326 129.1283
326 126.8983
327 122.5583
327 126.6183
327 129.1083
327 129.1283
327 126.8983
327 122.3383
328 126.6183
328 129.1083
328 129.1283
328 126.8983
328 122.3383
328 117.2083
329 126.6183
329 129.1083
329 129.1283
329 126.8983
329 122.3383
329 117.2083
330 126.6183
330 129.1083
330 129.1283
330 126.8983
330 122.3383
330 117.2083
331 129.1083
331 129.1283
331 126.8983
331 122.3383
331 117.2083
331 98.34827
332 129.1083
332 129.1283
332 126.8983
332 122.3383
332 117.2083
332 98.34827
333 129.1283
333 126.8983
333 122.3383
333 117.2083
333 98.34827
333 83.63827
334 129.1283
334 126.8983
334 122.3383
334 117.2083
334 98.34827
334 83.63827
335 126.8983
335 122.3383
335 117.2083
335 98.34827
335 83.63827
335 79.68355
336 126.8983
336 122.3383
336 117.2083
336 98.34827
336 83.63827
336 79.68355
337 126.8983
337 122.3383
337 117.2083
337 98.34827
337 83.63827
337 79.68355
338 122.3383
338 117.2083
338 98.34827
338 83.63827
338 79.68355
338 78.52827
339 122.3383
339 117.2083
339 98.34827
339 83.63827
339 79.68355
339 78.52827
340 117.2083
340 98.34827
340 83.63827
340 79.68355
340 78.52827
340 77.04827
341 117.2083
341 98.34827
341 83.63827
341 79.68355
341 78.52827
341 77.04827
342 117.2083
342 98.34827
342 83.63827
342 79.68355
342 78.52827
342 77.04827
343 117.2083
343 98.34827
343 83.63827
343 79.68355
343 78.52827
343 77.04827
344 117.2083
344 98.34827
344 83.63827
344 79.68355
344 78.52827
344 77.04827
345 117.2083
345 98.34827
345 83.63827
345 79.68355
345 78.52827
345 77.04827
346 98.34827
346 83.63827
346 79.68355
346 78.52827
346 77.04827
346 77.87827
347 98.34827
347 83.63827
347 79.68355
347 78.52827
347 77.04827
347 77.87827
348 98.34827
348 83.63827
348 79.68355
348 78.52827
348 77.04827
348 77.87827
349 98.34827
349 83.63827
349 79.68355
349 78.52827
349 77.04827
349 77.87827
350 98.34827
350 83.63827
350 79.68355
350 78.52827
350 77.04827
350 77.87827
351 83.63827
351 79.68355
351 78.52827
351 77.04827
351 77.87827
351 81.37827
352 79.68355
352 78.52827
352 77.04827
352 77.87827
352 81.37827
352 88.33827
353 78.52827
353 77.04827
353 77.87827
353 81.37827
353 88.33827
353 95.31827
354 77.04827
354 77.87827
354 81.37827
354 88.33827
354 95.31827
354 102.9283
355 77.04827
355 77.87827
355 81.37827
355 88.33827
355 95.31827
355 102.9283
356 77.87827
356 81.37827
356 88.33827
356 95.31827
356 102.9283
356 118.5435
357 77.87827
357 81.37827
357 88.33827
357 95.31827
357 102.9283
357 118.5435
358 81.37827
358 88.33827
358 95.31827
358 102.9283
358 118.5435
358 133.2435
359 81.37827
359 88.33827
359 95.31827
359 102.9283
359 118.5435
359 133.2435
360 88.33827
360 95.31827
360 102.9283
360 118.5435
360 133.2435
360 156.5083
361 88.33827
361 95.31827
361 102.9283
361 118.5435
361 133.2435
361 156.5083
362 95.31827
362 102.9283
362 118.5435
362 133.2435
362 156.5083
362 164.2383
363 95.31827
363 102.9283
363 118.5435
363 133.2435
363 156.5083
363 164.2383
364 102.9283
364 118.5435
364 133.2435
364 156.5083
364 164.2383
364 170.2883
365 102.9283
365 118.5435
365 133.2435
365 156.5083
365 164.2383
365 170.2883
366 102.9283
366 118.5435
366 133.2435
366 156.5083
366 164.2383
366 170.2883
367 102.9283
367 118.5435
367 133.2435
367 156.5083
367 164.2383
367 170.2883
368 118.5435
368 133.2435
368 156.5083
368 164.2383
368 170.2883
368 176.0983
369 118.5435
369 133.2435
369 156.5083
369 164.2383
369 170.2883
369 176.0983
370 118.5435
370 133.2435
370 156.5083
370 164.2383
370 170.2883
370 176.0983
371 133.2435
371 156.5083
371 164.2383
371 170.2883
371 176.0983
371 178.1583
372 133.2435
372 156.5083
372 164.2383
372 170.2883
372 176.0983
372 178.1583
373 133.2435
373 156.5083
373 164.2383
373 170.2883
373 176.0983
373 178.1583
374 133.2435
374 156.5083
374 164.2383
374 170.2883
374 176.0983
374 178.1583
375 133.2435
375 156.5083
375 164.2383
375 170.2883
375 176.0983
375 178.1583
376 156.5083
376 164.2383
376 170.2883
376 176.0983
376 178.1583
376 179.4383
377 156.5083
377 164.2383
377 170.2883
377 176.0983
377 178.1583
377 179.4383
378 164.2383
378 170.2883
378 176.0983
378 178.1583
378 179.4383
378 179.3083
379 170.2883
379 176.0983
379 178.1583
379 179.4383
379 179.3083
379 177.7183
380 170.2883
380 176.0983
380 178.1583
380 179.4383
380 179.3083
380 177.7183
381 176.0983
381 178.1583
381 179.4383
381 179.3083
381 177.7183
381 172.4083
382 178.1583
382 179.4383
382 179.3083
382 177.7183
382 172.4083
382 165.5735
383 178.1583
383 179.4383
383 179.3083
383 177.7183
383 172.4083
383 165.5735
384 179.4383
384 179.3083
384 177.7183
384 172.4083
384 165.5735
384 160.3583
385 179.4383
385 179.3083
385 177.7183
385 172.4083
385 165.5735
385 160.3583
386 179.3083
386 177.7183
386 172.4083
386 165.5735
386 160.3583
386 150.8283
387 179.3083
387 177.7183
387 172.4083
387 165.5735
387 160.3583
387 150.8283
388 177.7183
388 172.4083
388 165.5735
388 160.3583
388 150.8283
388 144.6183
389 177.7183
389 172.4083
389 165.5735
389 160.3583
389 150.8283
389 144.6183
390 177.7183
390 172.4083
390 165.5735
390 160.3583
390 150.8283
390 144.6183
391 172.4083
391 165.5735
391 160.3583
391 150.8283
391 144.6183
391 134.5383
392 172.4083
392 165.5735
392 160.3583
392 150.8283
392 144.6183
392 134.5383
393 172.4083
393 165.5735
393 160.3583
393 150.8283
393 144.6183
393 134.5383
394 165.5735
394 160.3583
394 150.8283
394 144.6183
394 134.5383
394 127.2283
395 160.3583
395 150.8283
395 144.6183
395 134.5383
395 127.2283
395 114.8083
396 160.3583
396 150.8283
396 144.6183
396 134.5383
396 127.2283
396 114.8083
397 160.3583
397 150.8283
397 144.6183
397 134.5383
397 127.2283
397 114.8083
398 150.8283
398 144.6183
398 134.5383
398 127.2283
398 114.8083
398 103.8935
399 144.6183
399 134.5383
399 127.2283
399 114.8083
399 103.8935
399 94.21827
400 144.6183
400 134.5383
400 127.2283
400 114.8083
400 103.8935
400 94.21827
401 144.6183
401 134.5383
401 127.2283
401 114.8083
401 103.8935
401 94.21827
402 134.5383
402 127.2283
402 114.8083
402 103.8935
402 94.21827
402 85.37355
403 127.2283
403 114.8083
403 103.8935
403 94.21827
403 85.37355
403 70.40827
404 127.2283
404 114.8083
404 103.8935
404 94.21827
404 85.37355
404 70.40827
405 127.2283
405 114.8083
405 103.8935
405 94.21827
405 85.37355
405 70.40827
406 114.8083
406 103.8935
406 94.21827
406 85.37355
406 70.40827
406 61.24355
407 114.8083
407 103.8935
407 94.21827
407 85.37355
407 70.40827
407 61.24355
408 103.8935
408 94.21827
408 85.37355
408 70.40827
408 61.24355
408 45.30827
409 103.8935
409 94.21827
409 85.37355
409 70.40827
409 61.24355
409 45.30827
410 94.21827
410 85.37355
410 70.40827
410 61.24355
410 45.30827
410 36.03354
411 85.37355
411 70.40827
411 61.24355
411 45.30827
411 36.03354
411 15.90826
412 85.37355
412 70.40827
412 61.24355
412 45.30827
412 36.03354
412 15.90826
413 85.37355
413 70.40827
413 61.24355
413 45.30827
413 36.03354
413 15.90826
414 70.40827
414 61.24355
414 45.30827
414 36.03354
414 15.90826
414 5.64827
415 70.40827
415 61.24355
415 45.30827
415 36.03354
415 15.90826
415 5.64827
416 61.24355
416 45.30827
416 36.03354
416 15.90826
416 5.64827
416 -9.99173
417 61.24355
417 45.30827
417 36.03354
417 15.90826
417 5.64827
417 -9.99173
418 61.24355
418 45.30827
418 36.03354
418 15.90826
418 5.64827
418 -9.99173
419 45.30827
419 36.03354
419 15.90826
419 5.64827
419 -9.99173
419 -24.01645
420 45.30827
420 36.03354
420 15.90826
420 5.64827
420 -9.99173
420 -24.01645
421 36.03354
421 15.90826
421 5.64827
421 -9.99173
421 -24.01645
421 -32.16173
422 36.03354
422 15.90826
422 5.64827
422 -9.99173
422 -24.01645
422 -32.16173
423 36.03354
423 15.90826
423 5.64827
423 -9.99173
423 -24.01645
423 -32.16173
424 15.90826
424 5.64827
424 -9.99173
424 -24.01645
424 -32.16173
424 -43.49173
425 15.90826
425 5.64827
425 -9.99173
425 -24.01645
425 -32.16173
425 -43.49173
426 5.64827
426 -9.99173
426 -24.01645
426 -32.16173
426 -43.49173
426 -61.09
427 5.64827
427 -9.99173
427 -24.01645
427 -32.16173
427 -43.49173
427 -61.09
428 5.64827
428 -9.99173
428 -24.01645
428 -32.16173
428 -43.49173
428 -61.09
429 -9.99173
429 -24.01645
429 -32.16173
429 -43.49173
429 -61.09
429 -78.29172
430 -9.99173
430 -24.01645
430 -32.16173
430 -43.49173
430 -61.09
430 -78.29172
431 -9.99173
431 -24.01645
431 -32.16173
431 -43.49173
431 -61.09
431 -78.29172
432 -24.01645
432 -32.16173
432 -43.49173
432 -61.09
432 -78.29172
432 -93.05002
433 -32.16173
433 -43.49173
433 -61.09
433 -78.29172
433 -93.05002
433 -107.7717
434 -32.16173
434 -43.49173
434 -61.09
434 -78.29172
434 -93.05002
434 -107.7717
435 -32.16173
435 -43.49173
435 -61.09
435 -78.29172
435 -93.05002
435 -107.7717
436 -43.49173
436 -61.09
436 -78.29172
436 -93.05002
436 -107.7717
436 -123.3917
437 -43.49173
437 -61.09
437 -78.29172
437 -93.05002
437 -107.7717
437 -123.3917
438 -43.49173
438 -61.09
438 -78.29172
438 -93.05002
438 -107.7717
438 -123.3917
439 -61.09
439 -78.29172
439 -93.05002
439 -107.7717
439 -123.3917
439 -134.97
440 -61.09
440 -78.29172
440 -93.05002
440 -107.7717
440 -123.3917
440 -134.97
441 -61.09
441 -78.29172
441 -93.05002
441 -107.7717
441 -123.3917
441 -134.97
442 -78.29172
442 -93.05002
442 -107.7717
442 -123.3917
442 -134.97
442 -145.1165
443 -78.29172
443 -93.05002
443 -107.7717
443 -123.3917
443 -134.97
443 -145.1165
444 -78.29172
444 -93.05002
444 -107.7717
444 -123.3917
444 -134.97
444 -145.1165
445 -93.05002
445 -107.7717
445 -123.3917
445 -134.97
445 -145.1165
445 -158.3417
446 -93.05002
446 -107.7717
446 -123.3917
446 -134.97
446 -145.1165
446 -158.3417
447 -93.05002
447 -107.7717
447 -123.3917
447 -134.97
447 -145.1165
447 -158.3417
448 -107.7717
448 -123.3917
448 -134.97
448 -145.1165
448 -158.3417
448 -164.3164
449 -107.7717
449 -123.3917
449 -134.97
449 -145.1165
449 -158.3417
449 -164.3164
450 -107.7717
450 -123.3917
450 -134.97
450 -145.1165
450 -158.3417
450 -164.3164
451 -107.7717
451 -123.3917
451 -134.97
451 -145.1165
451 -158.3417
451 -164.3164
452 -123.3917
452 -134.97
452 -145.1165
452 -158.3417
452 -164.3164
452 -169.3365
453 -123.3917
453 -134.97
453 -145.1165
453 -158.3417
453 -164.3164
453 -169.3365
454 -123.3917
454 -134.97
454 -145.1165
454 -158.3417
454 -164.3164
454 -169.3365
455 -134.97
455 -145.1165
455 -158.3417
455 -164.3164
455 -169.3365
455 -175.4917
