0 0
1 113.361
1 105.941
1 92.88499
1 78.73102
1 65.34102
1 50.57938
2 113.361
2 105.941
2 92.88499
2 78.73102
2 65.34102
2 50.57938
3 113.361
3 105.941
3 92.88499
3 78.73102
3 65.34102
3 50.57938
4 113.361
4 105.941
4 92.88499
4 78.73102
4 65.34102
4 50.57938
5 113.361
5 105.941
5 92.88499
5 78.73102
5 65.34102
5 50.57938
6 113.361
6 105.941
6 92.88499
6 78.73102
6 65.34102
6 50.57938
7 113.361
7 105.941
7 92.88499
7 78.73102
7 65.34102
7 50.57938
8 113.361
8 105.941
8 92.88499
8 78.73102
8 65.34102
8 50.57938
9 113.361
9 105.941
9 92.88499
9 78.73102
9 65.34102
9 50.57938
10 105.941
10 92.88499
10 78.73102
10 65.34102
10 50.57938
10 33.37102
11 105.941
11 92.88499
11 78.73102
11 65.34102
11 50.57938
11 33.37102
12 105.941
12 92.88499
12 78.73102
12 65.34102
12 50.57938
12 33.37102
13 105.941
13 92.88499
13 78.73102
13 65.34102
13 50.57938
13 33.37102
14 105.941
14 92.88499
14 78.73102
14 65.34102
14 50.57938
14 33.37102
15 105.941
15 92.88499
15 78.73102
15 65.34102
15 50.57938
15 33.37102
16 105.941
16 92.88499
16 78.73102
16 65.34102
16 50.57938
16 33.37102
17 105.941
17 92.88499
17 78.73102
17 65.34102
17 50.57938
17 33.37102
18 105.941
18 92.88499
18 78.73102
18 65.34102
18 50.57938
18 33.37102
19 105.941
19 92.88499
19 78.73102
19 65.34102
19 50.57938
19 33.37102
20 105.941
20 92.88499
20 78.73102
20 65.34102
20 50.57938
20 33.37102
21 105.941
21 92.88499
21 78.73102
21 65.34102
21 50.57938
21 33.37102
22 105.941
22 92.88499
22 78.73102
22 65.34102
22 50.57938
22 33.37102
23 92.88499
23 78.73102
23 65.34102
23 50.57938
23 33.37102
23 18.404
24 92.88499
24 78.73102
24 65.34102
24 50.57938
24 33.37102
24 18.404
25 92.88499
25 78.73102
25 65.34102
25 50.57938
25 33.37102
25 18.404
26 92.88499
26 78.73102
26 65.34102
26 50.57938
26 33.37102
26 18.404
27 92.88499
27 78.73102
27 65.34102
27 50.57938
27 33.37102
27 18.404
28 92.88499
28 78.73102
28 65.34102
28 50.57938
28 33.37102
28 18.404
29 92.88499
29 78.73102
29 65.34102
29 50.57938
29 33.37102
29 18.404
30 92.88499
30 78.73102
30 65.34102
30 50.57938
30 33.37102
30 18.404
31 78.73102
31 65.34102
31 50.57938
31 33.37102
31 18.404
31 4.339378
32 78.73102
32 65.34102
32 50.57938
32 33.37102
32 18.404
32 4.339378
33 78.73102
33 65.34102
33 50.57938
33 33.37102
33 18.404
33 4.339378
34 78.73102
34 65.34102
34 50.57938
34 33.37102
34 18.404
34 4.339378
35 78.73102
35 65.34102
35 50.57938
35 33.37102
35 18.404
35 4.339378
36 78.73102
36 65.34102
36 50.57938
36 33.37102
36 18.404
36 4.339378
37 65.34102
37 50.57938
37 33.37102
37 18.404
37 4.339378
37 -17.42898
38 65.34102
38 50.57938
38 33.37102
38 18.404
38 4.339378
38 -17.42898
39 65.34102
39 50.57938
39 33.37102
39 18.404
39 4.339378
39 -17.42898
40 65.34102
40 50.57938
40 33.37102
40 18.404
40 4.339378
40 -17.42898
41 65.34102
41 50.57938
41 33.37102
41 18.404
41 4.339378
41 -17.42898
42 65.34102
42 50.57938
42 33.37102
42 18.404
42 4.339378
42 -17.42898
43 50.57938
43 33.37102
43 18.404
43 4.339378
43 -17.42898
43 -30.18062
44 50.57938
44 33.37102
44 18.404
44 4.339378
44 -17.42898
44 -30.18062
45 50.57938
45 33.37102
45 18.404
45 4.339378
45 -17.42898
45 -30.18062
46 50.57938
46 33.37102
46 18.404
46 4.339378
46 -17.42898
46 -30.18062
47 50.57938
47 33.37102
47 18.404
47 4.339378
47 -17.42898
47 -30.18062
48 50.57938
48 33.37102
48 18.404
48 4.339378
48 -17.42898
48 -30.18062
49 33.37102
49 18.404
49 4.339378
49 -17.42898
49 -30.18062
49 -42.84062
50 33.37102
50 18.404
50 4.339378
50 -17.42898
50 -30.18062
50 -42.84062
51 33.37102
51 18.404
51 4.339378
51 -17.42898
51 -30.18062
51 -42.84062
52 33.37102
52 18.404
52 4.339378
52 -17.42898
52 -30.18062
52 -42.84062
53 18.404
53 4.339378
53 -17.42898
53 -30.18062
53 -42.84062
53 -66.52898
54 18.404
54 4.339378
54 -17.42898
54 -30.18062
54 -42.84062
54 -66.52898
55 18.404
55 4.339378
55 -17.42898
55 -30.18062
55 -42.84062
55 -66.52898
56 18.404
56 4.339378
56 -17.42898
56 -30.18062
56 -42.84062
56 -66.52898
57 4.339378
57 -17.42898
57 -30.18062
57 -42.84062
57 -66.52898
57 -76.85062
58 4.339378
58 -17.42898
58 -30.18062
58 -42.84062
58 -66.52898
58 -76.85062
59 4.339378
59 -17.42898
59 -30.18062
59 -42.84062
59 -66.52898
59 -76.85062
60 4.339378
60 -17.42898
60 -30.18062
60 -42.84062
60 -66.52898
60 -76.85062
61 4.339378
61 -17.42898
61 -30.18062
61 -42.84062
61 -66.52898
61 -76.85062
62 -17.42898
62 -30.18062
62 -42.84062
62 -66.52898
62 -76.85062
62 -90.64063
63 -17.42898
63 -30.18062
63 -42.84062
63 -66.52898
63 -76.85062
63 -90.64063
64 -17.42898
64 -30.18062
64 -42.84062
64 -66.52898
64 -76.85062
64 -90.64063
65 -30.18062
65 -42.84062
65 -66.52898
65 -76.85062
65 -90.64063
65 -100.3206
66 -30.18062
66 -42.84062
66 -66.52898
66 -76.85062
66 -90.64063
66 -100.3206
67 -30.18062
67 -42.84062
67 -66.52898
67 -76.85062
67 -90.64063
67 -100.3206
68 -42.84062
68 -66.52898
68 -76.85062
68 -90.64063
68 -100.3206
68 -115.129
69 -42.84062
69 -66.52898
69 -76.85062
69 -90.64063
69 -100.3206
69 -115.129
70 -42.84062
70 -66.52898
70 -76.85062
70 -90.64063
70 -100.3206
70 -115.129
71 -42.84062
71 -66.52898
71 -76.85062
71 -90.64063
71 -100.3206
71 -115.129
72 -66.52898
72 -76.85062
72 -90.64063
72 -100.3206
72 -115.129
72 -124.5206
73 -66.52898
73 -76.85062
73 -90.64063
73 -100.3206
73 -115.129
73 -124.5206
74 -76.85062
74 -90.64063
74 -100.3206
74 -115.129
74 -124.5206
74 -131.399
75 -76.85062
75 -90.64063
75 -100.3206
75 -115.129
75 -124.5206
75 -131.399
76 -76.85062
76 -90.64063
76 -100.3206
76 -115.129
76 -124.5206
76 -131.399
77 -90.64063
77 -100.3206
77 -115.129
77 -124.5206
77 -131.399
77 -141.329
78 -100.3206
78 -115.129
78 -124.5206
78 -131.399
78 -141.329
78 -147.489
79 -100.3206
79 -115.129
79 -124.5206
79 -131.399
79 -141.329
79 -147.489
80 -100.3206
80 -115.129
80 -124.5206
80 -131.399
80 -141.329
80 -147.489
81 -115.129
81 -124.5206
81 -131.399
81 -141.329
81 -147.489
81 -150.849
82 -124.5206
82 -131.399
82 -141.329
82 -147.489
82 -150.849
82 -155.499
83 -124.5206
83 -131.399
83 -141.329
83 -147.489
83 -150.849
83 -155.499
84 -131.399
84 -141.329
84 -147.489
84 -150.849
84 -155.499
84 -157.609
85 -131.399
85 -141.329
85 -147.489
85 -150.849
85 -155.499
85 -157.609
86 -141.329
86 -147.489
86 -150.849
86 -155.499
86 -157.609
86 -159.129
87 -141.329
87 -147.489
87 -150.849
87 -155.499
87 -157.609
87 -159.129
88 -147.489
88 -150.849
88 -155.499
88 -157.609
88 -159.129
88 -159.099
89 -147.489
89 -150.849
89 -155.499
89 -157.609
89 -159.129
89 -159.099
90 -150.849
90 -155.499
90 -157.609
90 -159.129
90 -159.099
90 -157.469
91 -150.849
91 -155.499
91 -157.609
91 -159.129
91 -159.099
91 -157.469
92 -150.849
92 -155.499
92 -157.609
92 -159.129
92 -159.099
92 -157.469
93 -155.499
93 -157.609
93 -159.129
93 -159.099
93 -157.469
93 -153.909
94 -155.499
94 -157.609
94 -159.129
94 -159.099
94 -157.469
94 -153.909
95 -157.609
95 -159.129
95 -159.099
95 -157.469
95 -153.909
95 -151.629
96 -157.609
96 -159.129
96 -159.099
96 -157.469
96 -153.909
96 -151.629
97 -157.609
97 -159.129
97 -159.099
97 -157.469
97 -153.909
97 -151.629
98 -159.129
98 -159.099
98 -157.469
98 -153.909
98 -151.629
98 -148.129
99 -159.129
99 -159.099
99 -157.469
99 -153.909
99 -151.629
99 -148.129
100 -159.129
100 -159.099
100 -157.469
100 -153.909
100 -151.629
100 -148.129
101 -159.129
101 -159.099
101 -157.469
101 -153.909
101 -151.629
101 -148.129
102 -159.129
102 -159.099
102 -157.469
102 -153.909
102 -151.629
102 -148.129
103 -159.099
103 -157.469
103 -153.909
103 -151.629
103 -148.129
103 -143.929
104 -159.099
104 -157.469
104 -153.909
104 -151.629
104 -148.129
104 -143.929
105 -157.469
105 -153.909
105 -151.629
105 -148.129
105 -143.929
105 -139.979
106 -157.469
106 -153.909
106 -151.629
106 -148.129
106 -143.929
106 -139.979
107 -157.469
107 -153.909
107 -151.629
107 -148.129
107 -143.929
107 -139.979
108 -157.469
108 -153.909
108 -151.629
108 -148.129
108 -143.929
108 -139.979
109 -157.469
109 -153.909
109 -151.629
109 -148.129
109 -143.929
109 -139.979
110 -153.909
110 -151.629
110 -148.129
110 -143.929
110 -139.979
110 -134.209
111 -153.909
111 -151.629
111 -148.129
111 -143.929
111 -139.979
111 -134.209
112 -153.909
112 -151.629
112 -148.129
112 -143.929
112 -139.979
112 -134.209
113 -151.629
113 -148.129
113 -143.929
113 -139.979
113 -134.209
113 -130.6506
114 -151.629
114 -148.129
114 -143.929
114 -139.979
114 -134.209
114 -130.6506
115 -151.629
115 -148.129
115 -143.929
115 -139.979
115 -134.209
115 -130.6506
116 -151.629
116 -148.129
116 -143.929
116 -139.979
116 -134.209
116 -130.6506
117 -148.129
117 -143.929
117 -139.979
117 -134.209
117 -130.6506
117 -123.779
118 -148.129
118 -143.929
118 -139.979
118 -134.209
118 -130.6506
118 -123.779
119 -148.129
119 -143.929
119 -139.979
119 -134.209
119 -130.6506
119 -123.779
120 -148.129
120 -143.929
120 -139.979
120 -134.209
120 -130.6506
120 -123.779
121 -143.929
121 -139.979
121 -134.209
121 -130.6506
121 -123.779
121 -118.159
122 -143.929
122 -139.979
122 -134.209
122 -130.6506
122 -123.779
122 -118.159
123 -143.929
123 -139.979
123 -134.209
123 -130.6506
123 -123.779
123 -118.159
124 -139.979
124 -134.209
124 -130.6506
124 -123.779
124 -118.159
124 -108.669
125 -139.979
125 -134.209
125 -130.6506
125 -123.779
125 -118.159
125 -108.669
126 -134.209
126 -130.6506
126 -123.779
126 -118.159
126 -108.669
126 -100.349
127 -130.6506
127 -123.779
127 -118.159
127 -108.669
127 -100.349
127 -89.95898
128 -130.6506
128 -123.779
128 -118.159
128 -108.669
128 -100.349
128 -89.95898
129 -123.779
129 -118.159
129 -108.669
129 -100.349
129 -89.95898
129 -79.97897
130 -123.779
130 -118.159
130 -108.669
130 -100.349
130 -89.95898
130 -79.97897
131 -118.159
131 -108.669
131 -100.349
131 -89.95898
131 -79.97897
131 -69.827
132 -118.159
132 -108.669
132 -100.349
132 -89.95898
132 -79.97897
132 -69.827
133 -118.159
133 -108.669
133 -100.349
133 -89.95898
133 -79.97897
133 -69.827
134 -108.669
134 -100.349
134 -89.95898
134 -79.97897
134 -69.827
134 -42.02898
135 -108.669
135 -100.349
135 -89.95898
135 -79.97897
135 -69.827
135 -42.02898
136 -100.349
136 -89.95898
136 -79.97897
136 -69.827
136 -42.02898
136 -20.72898
137 -100.349
137 -89.95898
137 -79.97897
137 -69.827
137 -42.02898
137 -20.72898
138 -100.349
138 -89.95898
138 -79.97897
138 -69.827
138 -42.02898
138 -20.72898
139 -89.95898
139 -79.97897
139 -69.827
139 -42.02898
139 -20.72898
139 -12.66062
140 -89.95898
140 -79.97897
140 -69.827
140 -42.02898
140 -20.72898
140 -12.66062
141 -79.97897
141 -69.827
141 -42.02898
141 -20.72898
141 -12.66062
141 -7.878983
142 -79.97897
142 -69.827
142 -42.02898
142 -20.72898
142 -12.66062
142 -7.878983
143 -69.827
143 -42.02898
143 -20.72898
143 -12.66062
143 -7.878983
143 -1.338982
144 -69.827
144 -42.02898
144 -20.72898
144 -12.66062
144 -7.878983
144 -1.338982
145 -69.827
145 -42.02898
145 -20.72898
145 -12.66062
145 -7.878983
145 -1.338982
146 -69.827
146 -42.02898
146 -20.72898
146 -12.66062
146 -7.878983
146 -1.338982
147 -69.827
147 -42.02898
147 -20.72898
147 -12.66062
147 -7.878983
147 -1.338982
148 -69.827
148 -42.02898
148 -20.72898
148 -12.66062
148 -7.878983
148 -1.338982
149 -69.827
149 -42.02898
149 -20.72898
149 -12.66062
149 -7.878983
149 -1.338982
150 -42.02898
150 -20.72898
150 -12.66062
150 -7.878983
150 -1.338982
150 5.75
151 -42.02898
151 -20.72898
151 -12.66062
151 -7.878983
151 -1.338982
151 5.75
152 -42.02898
152 -20.72898
152 -12.66062
152 -7.878983
152 -1.338982
152 5.75
153 -42.02898
153 -20.72898
153 -12.66062
153 -7.878983
153 -1.338982
153 5.75
154 -42.02898
154 -20.72898
154 -12.66062
154 -7.878983
154 -1.338982
154 5.75
155 -20.72898
155 -12.66062
155 -7.878983
155 -1.338982
155 5.75
155 12.86102
156 -12.66062
156 -7.878983
156 -1.338982
156 5.75
156 12.86102
156 19.95102
157 -7.878983
157 -1.338982
157 5.75
157 12.86102
157 19.95102
157 25.33102
158 -1.338982
158 5.75
158 12.86102
158 19.95102
158 25.33102
158 29.88102
159 -1.338982
159 5.75
159 12.86102
159 19.95102
159 25.33102
159 29.88102
160 5.75
160 12.86102
160 19.95102
160 25.33102
160 29.88102
160 38.04939
161 5.75
161 12.86102
161 19.95102
161 25.33102
161 29.88102
161 38.04939
162 12.86102
162 19.95102
162 25.33102
162 29.88102
162 38.04939
162 45.58102
163 12.86102
163 19.95102
163 25.33102
163 29.88102
163 38.04939
163 45.58102
164 12.86102
164 19.95102
164 25.33102
164 29.88102
164 38.04939
164 45.58102
165 19.95102
165 25.33102
165 29.88102
165 38.04939
165 45.58102
165 59.27102
166 19.95102
166 25.33102
166 29.88102
166 38.04939
166 45.58102
166 59.27102
167 25.33102
167 29.88102
167 38.04939
167 45.58102
167 59.27102
167 65.83102
168 25.33102
168 29.88102
168 38.04939
168 45.58102
168 59.27102
168 65.83102
169 29.88102
169 38.04939
169 45.58102
169 59.27102
169 65.83102
169 71.59937
170 29.88102
170 38.04939
170 45.58102
170 59.27102
170 65.83102
170 71.59937
171 29.88102
171 38.04939
171 45.58102
171 59.27102
171 65.83102
171 71.59937
172 29.88102
172 38.04939
172 45.58102
172 59.27102
172 65.83102
172 71.59937
173 38.04939
173 45.58102
173 59.27102
173 65.83102
173 71.59937
173 79.57102
174 38.04939
174 45.58102
174 59.27102
174 65.83102
174 71.59937
174 79.57102
175 38.04939
175 45.58102
175 59.27102
175 65.83102
175 71.59937
175 79.57102
176 45.58102
176 59.27102
176 65.83102
176 71.59937
176 79.57102
176 84.19102
177 45.58102
177 59.27102
177 65.83102
177 71.59937
177 79.57102
177 84.19102
178 45.58102
178 59.27102
178 65.83102
178 71.59937
178 79.57102
178 84.19102
179 45.58102
179 59.27102
179 65.83102
179 71.59937
179 79.57102
179 84.19102
180 45.58102
180 59.27102
180 65.83102
180 71.59937
180 79.57102
180 84.19102
181 59.27102
181 65.83102
181 71.59937
181 79.57102
181 84.19102
181 90.79102
182 65.83102
182 71.59937
182 79.57102
182 84.19102
182 90.79102
182 98.67102
183 65.83102
183 71.59937
183 79.57102
183 84.19102
183 90.79102
183 98.67102
184 71.59937
184 79.57102
184 84.19102
184 90.79102
184 98.67102
184 106.031
185 71.59937
185 79.57102
185 84.19102
185 90.79102
185 98.67102
185 106.031
186 79.57102
186 84.19102
186 90.79102
186 98.67102
186 106.031
186 117.181
187 84.19102
187 90.79102
187 98.67102
187 106.031
187 117.181
187 127.2894
188 90.79102
188 98.67102
188 106.031
188 117.181
188 127.2894
188 132.651
189 90.79102
189 98.67102
189 106.031
189 117.181
189 127.2894
189 132.651
190 98.67102
190 106.031
190 117.181
190 127.2894
190 132.651
190 140.601
191 98.67102
191 106.031
191 117.181
191 127.2894
191 132.651
191 140.601
192 106.031
192 117.181
192 127.2894
192 132.651
192 140.601
192 144.511
193 106.031
193 117.181
193 127.2894
193 132.651
193 140.601
193 144.511
194 106.031
194 117.181
194 127.2894
194 132.651
194 140.601
194 144.511
195 117.181
195 127.2894
195 132.651
195 140.601
195 144.511
195 150.031
196 117.181
196 127.2894
196 132.651
196 140.601
196 144.511
196 150.031
197 127.2894
197 132.651
197 140.601
197 144.511
197 150.031
197 152.971
198 127.2894
198 132.651
198 140.601
198 144.511
198 150.031
198 152.971
199 132.651
199 140.601
199 144.511
199 150.031
199 152.971
199 156.621
200 132.651
200 140.601
200 144.511
200 150.031
200 152.971
200 156.621
201 140.601
201 144.511
201 150.031
201 152.971
201 156.621
201 158.4294
202 140.601
202 144.511
202 150.031
202 152.971
202 156.621
202 158.4294
203 144.511
203 150.031
203 152.971
203 156.621
203 158.4294
203 158.891
204 144.511
204 150.031
204 152.971
204 156.621
204 158.4294
204 158.891
205 150.031
205 152.971
205 156.621
205 158.4294
205 158.891
205 158.731
206 150.031
206 152.971
206 156.621
206 158.4294
206 158.891
206 158.731
207 152.971
207 156.621
207 158.4294
207 158.891
207 158.731
207 157.101
208 152.971
208 156.621
208 158.4294
208 158.891
208 158.731
208 157.101
209 156.621
209 158.4294
209 158.891
209 158.731
209 157.101
209 155.4194
210 156.621
210 158.4294
210 158.891
210 158.731
210 157.101
210 155.4194
211 158.4294
211 158.891
211 158.731
211 157.101
211 155.4194
211 151.201
212 158.891
212 158.731
212 157.101
212 155.4194
212 151.201
212 148.141
213 158.891
213 158.731
213 157.101
213 155.4194
213 151.201
213 148.141
214 158.731
214 157.101
214 155.4194
214 151.201
214 148.141
214 140.121
215 158.731
215 157.101
215 155.4194
215 151.201
215 148.141
215 140.121
216 157.101
216 155.4194
216 151.201
216 148.141
216 140.121
216 135.321
217 157.101
217 155.4194
217 151.201
217 148.141
217 140.121
217 135.321
218 155.4194
218 151.201
218 148.141
218 140.121
218 135.321
218 127.081
219 155.4194
219 151.201
219 148.141
219 140.121
219 135.321
219 127.081
220 155.4194
220 151.201
220 148.141
220 140.121
220 135.321
220 127.081
221 151.201
221 148.141
221 140.121
221 135.321
221 127.081
221 119.021
222 151.201
222 148.141
222 140.121
222 135.321
222 127.081
222 119.021
223 148.141
223 140.121
223 135.321
223 127.081
223 119.021
223 113.361
224 148.141
224 140.121
224 135.321
224 127.081
224 119.021
224 113.361
225 148.141
225 140.121
225 135.321
225 127.081
225 119.021
225 113.361
226 140.121
226 135.321
226 127.081
226 119.021
226 113.361
226 105.941
227 140.121
227 135.321
227 127.081
227 119.021
227 113.361
227 105.941
228 135.321
228 127.081
228 119.021
228 113.361
228 105.941
228 92.88499
229 135.321
229 127.081
229 119.021
229 113.361
229 105.941
229 92.88499
230 127.081
230 119.021
230 113.361
230 105.941
230 92.88499
230 78.73102
231 127.081
231 119.021
231 113.361
231 105.941
231 92.88499
231 78.73102
232 127.081
232 119.021
232 113.361
232 105.941
232 92.88499
232 78.73102
233 119.021
233 113.361
233 105.941
233 92.88499
233 78.73102
233 65.34102
234 113.361
234 105.941
234 92.88499
234 78.73102
234 65.34102
234 50.57938
235 113.361
235 105.941
235 92.88499
235 78.73102
235 65.34102
235 50.57938
236 105.941
236 92.88499
236 78.73102
236 65.34102
236 50.57938
236 33.37102
237 105.941
237 92.88499
237 78.73102
237 65.34102
237 50.57938
237 33.37102
238 105.941
238 92.88499
238 78.73102
238 65.34102
238 50.57938
238 33.37102
239 105.941
239 92.88499
239 78.73102
239 65.34102
239 50.57938
239 33.37102
240 92.88499
240 78.73102
240 65.34102
240 50.57938
240 33.37102
240 18.404
241 92.88499
241 78.73102
241 65.34102
241 50.57938
241 33.37102
241 18.404
242 92.88499
242 78.73102
242 65.34102
242 50.57938
242 33.37102
242 18.404
243 78.73102
243 65.34102
243 50.57938
243 33.37102
243 18.404
243 4.339378
244 78.73102
244 65.34102
244 50.57938
244 33.37102
244 18.404
244 4.339378
245 78.73102
245 65.34102
245 50.57938
245 33.37102
245 18.404
245 4.339378
246 65.34102
246 50.57938
246 33.37102
246 18.404
246 4.339378
246 -17.42898
247 65.34102
247 50.57938
247 33.37102
247 18.404
247 4.339378
247 -17.42898
248 65.34102
248 50.57938
248 33.37102
248 18.404
248 4.339378
248 -17.42898
249 50.57938
249 33.37102
249 18.404
249 4.339378
249 -17.42898
249 -30.18062
250 50.57938
250 33.37102
250 18.404
250 4.339378
250 -17.42898
250 -30.18062
251 50.57938
251 33.37102
251 18.404
251 4.339378
251 -17.42898
251 -30.18062
252 50.57938
252 33.37102
252 18.404
252 4.339378
252 -17.42898
252 -30.18062
253 33.37102
253 18.404
253 4.339378
253 -17.42898
253 -30.18062
253 -42.84062
254 33.37102
254 18.404
254 4.339378
254 -17.42898
254 -30.18062
254 -42.84062
255 18.404
255 4.339378
255 -17.42898
255 -30.18062
255 -42.84062
255 -66.52898
256 18.404
256 4.339378
256 -17.42898
256 -30.18062
256 -42.84062
256 -66.52898
257 18.404
257 4.339378
257 -17.42898
257 -30.18062
257 -42.84062
257 -66.52898
258 4.339378
258 -17.42898
258 -30.18062
258 -42.84062
258 -66.52898
258 -76.85062
259 4.339378
259 -17.42898
259 -30.18062
259 -42.84062
259 -66.52898
259 -76.85062
260 4.339378
260 -17.42898
260 -30.18062
260 -42.84062
260 -66.52898
260 -76.85062
261 -17.42898
261 -30.18062
261 -42.84062
261 -66.52898
261 -76.85062
261 -90.64063
262 -17.42898
262 -30.18062
262 -42.84062
262 -66.52898
262 -76.85062
262 -90.64063
263 -30.18062
263 -42.84062
263 -66.52898
263 -76.85062
263 -90.64063
263 -100.3206
264 -30.18062
264 -42.84062
264 -66.52898
264 -76.85062
264 -90.64063
264 -100.3206
265 -42.84062
265 -66.52898
265 -76.85062
265 -90.64063
265 -100.3206
265 -115.129
266 -42.84062
266 -66.52898
266 -76.85062
266 -90.64063
266 -100.3206
266 -115.129
267 -42.84062
267 -66.52898
267 -76.85062
267 -90.64063
267 -100.3206
267 -115.129
268 -42.84062
268 -66.52898
268 -76.85062
268 -90.64063
268 -100.3206
268 -115.129
269 -66.52898
269 -76.85062
269 -90.64063
269 -100.3206
269 -115.129
269 -124.5206
270 -76.85062
270 -90.64063
270 -100.3206
270 -115.129
270 -124.5206
270 -131.399
271 -76.85062
271 -90.64063
271 -100.3206
271 -115.129
271 -124.5206
271 -131.399
272 -76.85062
272 -90.64063
272 -100.3206
272 -115.129
272 -124.5206
272 -131.399
273 -90.64063
273 -100.3206
273 -115.129
273 -124.5206
273 -131.399
273 -141.329
274 -90.64063
274 -100.3206
274 -115.129
274 -124.5206
274 -131.399
274 -141.329
275 -100.3206
275 -115.129
275 -124.5206
275 -131.399
275 -141.329
275 -147.489
276 -100.3206
276 -115.129
276 -124.5206
276 -131.399
276 -141.329
276 -147.489
277 -115.129
277 -124.5206
277 -131.399
277 -141.329
277 -147.489
277 -150.849
278 -115.129
278 -124.5206
278 -131.399
278 -141.329
278 -147.489
278 -150.849
279 -124.5206
279 -131.399
279 -141.329
279 -147.489
279 -150.849
279 -155.499
280 -131.399
280 -141.329
280 -147.489
280 -150.849
280 -155.499
280 -157.609
281 -131.399
281 -141.329
281 -147.489
281 -150.849
281 -155.499
281 -157.609
282 -131.399
282 -141.329
282 -147.489
282 -150.849
282 -155.499
282 -157.609
283 -141.329
283 -147.489
283 -150.849
283 -155.499
283 -157.609
283 -159.129
284 -141.329
284 -147.489
284 -150.849
284 -155.499
284 -157.609
284 -159.129
285 -147.489
285 -150.849
285 -155.499
285 -157.609
285 -159.129
285 -159.099
286 -150.849
286 -155.499
286 -157.609
286 -159.129
286 -159.099
286 -157.469
287 -150.849
287 -155.499
287 -157.609
287 -159.129
287 -159.099
287 -157.469
288 -150.849
288 -155.499
288 -157.609
288 -159.129
288 -159.099
288 -157.469
289 -155.499
289 -157.609
289 -159.129
289 -159.099
289 -157.469
289 -153.909
290 -155.499
290 -157.609
290 -159.129
290 -159.099
290 -157.469
290 -153.909
291 -155.499
291 -157.609
291 -159.129
291 -159.099
291 -157.469
291 -153.909
292 -157.609
292 -159.129
292 -159.099
292 -157.469
292 -153.909
292 -151.629
293 -157.609
293 -159.129
293 -159.099
293 -157.469
293 -153.909
293 -151.629
294 -157.609
294 -159.129
294 -159.099
294 -157.469
294 -153.909
294 -151.629
295 -159.129
295 -159.099
295 -157.469
295 -153.909
295 -151.629
295 -148.129
296 -159.129
296 -159.099
296 -157.469
296 -153.909
296 -151.629
296 -148.129
297 -159.129
297 -159.099
297 -157.469
297 -153.909
297 -151.629
297 -148.129
298 -159.129
298 -159.099
298 -157.469
298 -153.909
298 -151.629
298 -148.129
299 -159.129
299 -159.099
299 -157.469
299 -153.909
299 -151.629
299 -148.129
300 -159.099
300 -157.469
300 -153.909
300 -151.629
300 -148.129
300 -143.929
301 -159.099
301 -157.469
301 -153.909
301 -151.629
301 -148.129
301 -143.929
302 -159.099
302 -157.469
302 -153.909
302 -151.629
302 -148.129
302 -143.929
303 -157.469
303 -153.909
303 -151.629
303 -148.129
303 -143.929
303 -139.979
304 -157.469
304 -153.909
304 -151.629
304 -148.129
304 -143.929
304 -139.979
305 -157.469
305 -153.909
305 -151.629
305 -148.129
305 -143.929
305 -139.979
306 -157.469
306 -153.909
306 -151.629
306 -148.129
306 -143.929
306 -139.979
307 -153.909
307 -151.629
307 -148.129
307 -143.929
307 -139.979
307 -134.209
308 -153.909
308 -151.629
308 -148.129
308 -143.929
308 -139.979
308 -134.209
309 -153.909
309 -151.629
309 -148.129
309 -143.929
309 -139.979
309 -134.209
310 -151.629
310 -148.129
310 -143.929
310 -139.979
310 -134.209
310 -130.6506
311 -151.629
311 -148.129
311 -143.929
311 -139.979
311 -134.209
311 -130.6506
312 -151.629
312 -148.129
312 -143.929
312 -139.979
312 -134.209
312 -130.6506
313 -151.629
313 -148.129
313 -143.929
313 -139.979
313 -134.209
313 -130.6506
314 -148.129
314 -143.929
314 -139.979
314 -134.209
314 -130.6506
314 -123.779
315 -148.129
315 -143.929
315 -139.979
315 -134.209
315 -130.6506
315 -123.779
316 -148.129
316 -143.929
316 -139.979
316 -134.209
316 -130.6506
316 -123.779
317 -148.129
317 -143.929
317 -139.979
317 -134.209
317 -130.6506
317 -123.779
318 -143.929
318 -139.979
318 -134.209
318 -130.6506
318 -123.779
318 -118.159
319 -143.929
319 -139.979
319 -134.209
319 -130.6506
319 -123.779
319 -118.159
320 -143.929
320 -139.979
320 -134.209
320 -130.6506
320 -123.779
320 -118.159
321 -139.979
321 -134.209
321 -130.6506
321 -123.779
321 -118.159
321 -108.669
322 -139.979
322 -134.209
322 -130.6506
322 -123.779
322 -118.159
322 -108.669
323 -134.209
323 -130.6506
323 -123.779
323 -118.159
323 -108.669
323 -100.349
324 -130.6506
324 -123.779
324 -118.159
324 -108.669
324 -100.349
324 -89.95898
325 -130.6506
325 -123.779
325 -118.159
325 -108.669
325 -100.349
325 -89.95898
326 -130.6506
326 -123.779
326 -118.159
326 -108.669
326 -100.349
326 -89.95898
327 -123.779
327 -118.159
327 -108.669
327 -100.349
327 -89.95898
327 -79.97897
328 -118.159
328 -108.669
328 -100.349
328 -89.95898
328 -79.97897
328 -69.827
329 -118.159
329 -108.669
329 -100.349
329 -89.95898
329 -79.97897
329 -69.827
330 -118.159
330 -108.669
330 -100.349
330 -89.95898
330 -79.97897
330 -69.827
331 -108.669
331 -100.349
331 -89.95898
331 -79.97897
331 -69.827
331 -42.02898
332 -108.669
332 -100.349
332 -89.95898
332 -79.97897
332 -69.827
332 -42.02898
333 -100.349
333 -89.95898
333 -79.97897
333 -69.827
333 -42.02898
333 -20.72898
334 -100.349
334 -89.95898
334 -79.97897
334 -69.827
334 -42.02898
334 -20.72898
335 -89.95898
335 -79.97897
335 -69.827
335 -42.02898
335 -20.72898
335 -12.66062
336 -89.95898
336 -79.97897
336 -69.827
336 -42.02898
336 -20.72898
336 -12.66062
337 -89.95898
337 -79.97897
337 -69.827
337 -42.02898
337 -20.72898
337 -12.66062
338 -79.97897
338 -69.827
338 -42.02898
338 -20.72898
338 -12.66062
338 -7.878983
339 -79.97897
339 -69.827
339 -42.02898
339 -20.72898
339 -12.66062
339 -7.878983
340 -69.827
340 -42.02898
340 -20.72898
340 -12.66062
340 -7.878983
340 -1.338982
341 -69.827
341 -42.02898
341 -20.72898
341 -12.66062
341 -7.878983
341 -1.338982
342 -69.827
342 -42.02898
342 -20.72898
342 -12.66062
342 -7.878983
342 -1.338982
343 -69.827
343 -42.02898
343 -20.72898
343 -12.66062
343 -7.878983
343 -1.338982
344 -69.827
344 -42.02898
344 -20.72898
344 -12.66062
344 -7.878983
344 -1.338982
345 -69.827
345 -42.02898
345 -20.72898
345 -12.66062
345 -7.878983
345 -1.338982
346 -42.02898
346 -20.72898
346 -12.66062
346 -7.878983
346 -1.338982
346 5.75
347 -42.02898
347 -20.72898
347 -12.66062
347 -7.878983
347 -1.338982
347 5.75
348 -42.02898
348 -20.72898
348 -12.66062
348 -7.878983
348 -1.338982
348 5.75
349 -42.02898
349 -20.72898
349 -12.66062
349 -7.878983
349 -1.338982
349 5.75
350 -42.02898
350 -20.72898
350 -12.66062
350 -7.878983
350 -1.338982
350 5.75
351 -20.72898
351 -12.66062
351 -7.878983
351 -1.338982
351 5.75
351 12.86102
352 -12.66062
352 -7.878983
352 -1.338982
352 5.75
352 12.86102
352 19.95102
353 -7.878983
353 -1.338982
353 5.75
353 12.86102
353 19.95102
353 25.33102
354 -1.338982
354 5.75
354 12.86102
354 19.95102
354 25.33102
354 29.88102
355 -1.338982
355 5.75
355 12.86102
355 19.95102
355 25.33102
355 29.88102
356 5.75
356 12.86102
356 19.95102
356 25.33102
356 29.88102
356 38.04939
357 5.75
357 12.86102
357 19.95102
357 25.33102
357 29.88102
357 38.04939
358 12.86102
358 19.95102
358 25.33102
358 29.88102
358 38.04939
358 45.58102
359 12.86102
359 19.95102
359 25.33102
359 29.88102
359 38.04939
359 45.58102
360 19.95102
360 25.33102
360 29.88102
360 38.04939
360 45.58102
360 59.27102
361 19.95102
361 25.33102
361 29.88102
361 38.04939
361 45.58102
361 59.27102
362 25.33102
362 29.88102
362 38.04939
362 45.58102
362 59.27102
362 65.83102
363 25.33102
363 29.88102
363 38.04939
363 45.58102
363 59.27102
363 65.83102
364 29.88102
364 38.04939
364 45.58102
364 59.27102
364 65.83102
364 71.59937
365 29.88102
365 38.04939
365 45.58102
365 59.27102
365 65.83102
365 71.59937
366 29.88102
366 38.04939
366 45.58102
366 59.27102
366 65.83102
366 71.59937
367 29.88102
367 38.04939
367 45.58102
367 59.27102
367 65.83102
367 71.59937
368 38.04939
368 45.58102
368 59.27102
368 65.83102
368 71.59937
368 79.57102
369 38.04939
369 45.58102
369 59.27102
369 65.83102
369 71.59937
369 79.57102
370 38.04939
370 45.58102
370 59.27102
370 65.83102
370 71.59937
370 79.57102
371 45.58102
371 59.27102
371 65.83102
371 71.59937
371 79.57102
371 84.19102
372 45.58102
372 59.27102
372 65.83102
372 71.59937
372 79.57102
372 84.19102
373 45.58102
373 59.27102
373 65.83102
373 71.59937
373 79.57102
373 84.19102
374 45.58102
374 59.27102
374 65.83102
374 71.59937
374 79.57102
374 84.19102
375 45.58102
375 59.27102
375 65.83102
375 71.59937
375 79.57102
375 84.19102
376 59.27102
376 65.83102
376 71.59937
376 79.57102
376 84.19102
376 90.79102
377 59.27102
377 65.83102
377 71.59937
377 79.57102
377 84.19102
377 90.79102
378 65.83102
378 71.59937
378 79.57102
378 84.19102
378 90.79102
378 98.67102
379 71.59937
379 79.57102
379 84.19102
379 90.79102
379 98.67102
379 106.031
380 71.59937
380 79.57102
380 84.19102
380 90.79102
380 98.67102
380 106.031
381 79.57102
381 84.19102
381 90.79102
381 98.67102
381 106.031
381 117.181
382 84.19102
382 90.79102
382 98.67102
382 106.031
382 117.181
382 127.2894
383 84.19102
383 90.79102
383 98.67102
383 106.031
383 117.181
383 127.2894
384 90.79102
384 98.67102
384 106.031
384 117.181
384 127.2894
384 132.651
385 90.79102
385 98.67102
385 106.031
385 117.181
385 127.2894
385 132.651
386 98.67102
386 106.031
386 117.181
386 127.2894
386 132.651
386 140.601
387 98.67102
387 106.031
387 117.181
387 127.2894
387 132.651
387 140.601
388 106.031
388 117.181
388 127.2894
388 132.651
388 140.601
388 144.511
389 106.031
389 117.181
389 127.2894
389 132.651
389 140.601
389 144.511
390 106.031
390 117.181
390 127.2894
390 132.651
390 140.601
390 144.511
391 117.181
391 127.2894
391 132.651
391 140.601
391 144.511
391 150.031
392 117.181
392 127.2894
392 132.651
392 140.601
392 144.511
392 150.031
393 117.181
393 127.2894
393 132.651
393 140.601
393 144.511
393 150.031
394 127.2894
394 132.651
394 140.601
394 144.511
394 150.031
394 152.971
395 132.651
395 140.601
395 144.511
395 150.031
395 152.971
395 156.621
396 132.651
396 140.601
396 144.511
396 150.031
396 152.971
396 156.621
397 132.651
397 140.601
397 144.511
397 150.031
397 152.971
397 156.621
398 140.601
398 144.511
398 150.031
398 152.971
398 156.621
398 158.4294
399 144.511
399 150.031
399 152.971
399 156.621
399 158.4294
399 158.891
400 144.511
400 150.031
400 152.971
400 156.621
400 158.4294
400 158.891
401 144.511
401 150.031
401 152.971
401 156.621
401 158.4294
401 158.891
402 150.031
402 152.971
402 156.621
402 158.4294
402 158.891
402 158.731
403 152.971
403 156.621
403 158.4294
403 158.891
403 158.731
403 157.101
404 152.971
404 156.621
404 158.4294
404 158.891
404 158.731
404 157.101
405 152.971
405 156.621
405 158.4294
405 158.891
405 158.731
405 157.101
406 156.621
406 158.4294
406 158.891
406 158.731
406 157.101
406 155.4194
407 156.621
407 158.4294
407 158.891
407 158.731
407 157.101
407 155.4194
408 158.4294
408 158.891
408 158.731
408 157.101
408 155.4194
408 151.201
409 158.4294
409 158.891
409 158.731
409 157.101
409 155.4194
409 151.201
410 158.891
410 158.731
410 157.101
410 155.4194
410 151.201
410 148.141
411 158.731
411 157.101
411 155.4194
411 151.201
411 148.141
411 140.121
412 158.731
412 157.101
412 155.4194
412 151.201
412 148.141
412 140.121
413 158.731
413 157.101
413 155.4194
413 151.201
413 148.141
413 140.121
414 157.101
414 155.4194
414 151.201
414 148.141
414 140.121
414 135.321
415 157.101
415 155.4194
415 151.201
415 148.141
415 140.121
415 135.321
416 155.4194
416 151.201
416 148.141
416 140.121
416 135.321
416 127.081
417 155.4194
417 151.201
417 148.141
417 140.121
417 135.321
417 127.081
418 155.4194
418 151.201
418 148.141
418 140.121
418 135.321
418 127.081
419 151.201
419 148.141
419 140.121
419 135.321
419 127.081
419 119.021
420 151.201
420 148.141
420 140.121
420 135.321
420 127.081
420 119.021
421 148.141
421 140.121
421 135.321
421 127.081
421 119.021
421 113.361
422 148.141
422 140.121
422 135.321
422 127.081
422 119.021
422 113.361
423 148.141
423 140.121
423 135.321
423 127.081
423 119.021
423 113.361
424 140.121
424 135.321
424 127.081
424 119.021
424 113.361
424 105.941
425 140.121
425 135.321
425 127.081
425 119.021
425 113.361
425 105.941
426 135.321
426 127.081
426 119.021
426 113.361
426 105.941
426 92.88499
427 135.321
427 127.081
427 119.021
427 113.361
427 105.941
427 92.88499
428 135.321
428 127.081
428 119.021
428 113.361
428 105.941
428 92.88499
429 127.081
429 119.021
429 113.361
429 105.941
429 92.88499
429 78.73102
430 127.081
430 119.021
430 113.361
430 105.941
430 92.88499
430 78.73102
431 127.081
431 119.021
431 113.361
431 105.941
431 92.88499
431 78.73102
432 119.021
432 113.361
432 105.941
432 92.88499
432 78.73102
432 65.34102
433 113.361
433 105.941
433 92.88499
433 78.73102
433 65.34102
433 50.57938
434 113.361
434 105.941
434 92.88499
434 78.73102
434 65.34102
434 50.57938
435 113.361
435 105.941
435 92.88499
435 78.73102
435 65.34102
435 50.57938
436 105.941
436 92.88499
436 78.73102
436 65.34102
436 50.57938
436 33.37102
437 105.941
437 92.88499
437 78.73102
437 65.34102
437 50.57938
437 33.37102
438 105.941
438 92.88499
438 78.73102
438 65.34102
438 50.57938
438 33.37102
439 92.88499
439 78.73102
439 65.34102
439 50.57938
439 33.37102
439 18.404
440 92.88499
440 78.73102
440 65.34102
440 50.57938
440 33.37102
440 18.404
441 92.88499
441 78.73102
441 65.34102
441 50.57938
441 33.37102
441 18.404
442 78.73102
442 65.34102
442 50.57938
442 33.37102
442 18.404
442 4.339378
443 78.73102
443 65.34102
443 50.57938
443 33.37102
443 18.404
443 4.339378
444 78.73102
444 65.34102
444 50.57938
444 33.37102
444 18.404
444 4.339378
445 65.34102
445 50.57938
445 33.37102
445 18.404
445 4.339378
445 -17.42898
446 65.34102
446 50.57938
446 33.37102
446 18.404
446 4.339378
446 -17.42898
447 65.34102
447 50.57938
447 33.37102
447 18.404
447 4.339378
447 -17.42898
448 50.57938
448 33.37102
448 18.404
448 4.339378
448 -17.42898
448 -30.18062
449 50.57938
449 33.37102
449 18.404
449 4.339378
449 -17.42898
449 -30.18062
450 50.57938
450 33.37102
450 18.404
450 4.339378
450 -17.42898
450 -30.18062
451 50.57938
451 33.37102
451 18.404
451 4.339378
451 -17.42898
451 -30.18062
452 33.37102
452 18.404
452 4.339378
452 -17.42898
452 -30.18062
452 -42.84062
453 33.37102
453 18.404
453 4.339378
453 -17.42898
453 -30.18062
453 -42.84062
454 33.37102
454 18.404
454 4.339378
454 -17.42898
454 -30.18062
454 -42.84062
455 18.404
455 4.339378
455 -17.42898
455 -30.18062
455 -42.84062
455 -66.52898
