0 0
1 0.744375
2 0.742926
3 0.724487
4 0.682968
5 0.61052
6 0.50936
7 0.362917
8 0.2126
9 0.0582729
10 0.00577013
11 -0.00364219
12 0.00231462
13 0.025386
14 0.0388386
15 0.0500167
16 0.0501248
17 0.0430557
18 0.0246432
19 0.00278659
20 -0.0194651
21 -0.0359229
22 -0.0472346
23 -0.0348193
24 -0.0212099
25 -0.00617571
26 0.00554627
27 0.0153567
28 0.0195247
29 0.0187325
30 -0.0319144
31 -0.0325099
32 -0.0333327
33 -0.0327882
34 -0.0298165
35 -0.0246894
36 -0.00508535
37 0.00256071
38 0.0109012
39 0.0204092
40 0.0301014
41 0.0363507
42 0.0812354
43 0.107093
44 0.120413
45 0.119899
46 0.10822
47 0.0860767
48 0.00570944
49 0.0606794
50 0.0872573
51 0.0980714
52 0.118457
53 0.0799523
54 0.0476153
55 0.0294515
56 0.0358189
57 0.0458937
58 0.0720534
59 0.106171
60 0.155377
61 0.188473
62 0.347263
63 0.423294
64 0.458938
65 0.550834
66 0.555082
67 0.490161
68 0.488703
69 0.415345
70 0.321936
71 0.296942
72 0.321393
73 0.25375
74 0.453062
75 0.583609
76 0.854793
77 1.13416
78 1.28668
79 1.34589
80 1.37958
81 1.58586
82 1.47406
83 1.32618
84 1.22366
85 0.967625
86 0.735416
87 0.428927
88 0.163228
89 -0.146871
90 -0.266216
91 -0.353353
92 -0.418287
93 -0.332679
94 -0.269511
95 -0.168026
96 -0.0169815
97 0.333373
98 0.449452
99 0.557221
100 0.635751
101 0.660732
102 0.635678
103 0.70214
104 0.468163
105 0.528815
106 0.444691
107 0.266488
108 -0.0137003
109 -0.328404
110 -0.490426
111 -0.655721
112 -0.92722
113 -0.835182
114 -0.74085
115 -0.658488
116 -0.356216
117 0.154682
118 0.474173
119 0.667391
120 0.771639
121 1.55954
122 1.74053
123 2.79146
124 2.72086
125 2.31316
126 2.29804
127 2.09166
128 2.13865
129 2.25857
130 2.15431
131 2.19277
132 2.1229
133 1.98845
134 1.67759
135 1.057
136 0.65122
137 0.216008
138 -0.457298
139 -0.863375
140 -0.877468
141 -1.30905
142 -1.18781
143 -1.32935
144 -1.19535
145 -0.8158
146 -0.28601
147 0.365506
148 0.888991
149 1.1142
150 0.596684
151 0.266867
152 0.1143
153 -0.0267867
154 -0.910397
155 -1.49962
156 -2.40218
157 -2.5041
158 -2.81237
159 -3.25757
160 -3.35215
161 -3.00101
162 -2.56257
163 -1.92852
164 -0.81736
165 0.230527
166 1.27627
167 1.91423
168 2.15913
169 2.12591
170 1.76053
171 1.28187
172 0.615207
173 -0.0582648
174 -0.699123
175 -1.18389
176 -1.26909
177 -1.16342
178 -0.855622
179 -0.426974
180 0.543282
181 1.39878
182 2.05785
183 2.27451
184 2.3521
185 2.44981
186 2.25634
187 2.07126
188 1.80408
189 1.22615
190 0.79349
191 0.2395
192 -0.178189
193 -0.465643
194 -0.721101
195 -0.841116
196 -0.793329
197 -0.346577
198 0.0707154
199 0.470103
200 0.758979
201 1.03837
202 1.17741
203 1.1242
204 0.94009
205 0.659934
206 0.245631
207 -0.0501184
208 -0.243636
209 -0.413909
210 -0.383618
211 -0.244885
212 -0.0683326
213 0.171013
214 0.395991
215 0.572921
216 0.735991
217 0.795365
218 0.836781
219 0.780287
220 0.632457
221 0.42765
222 0.185608
223 -0.0501026
224 -0.255507
225 -0.47103
226 -0.535122
227 -0.46814
228 -0.337329
229 -0.116236
230 0.144861
231 0.375341
232 0.574567
233 0.977355
234 1.01502
235 0.925231
236 0.866675
237 0.726162
238 0.527109
239 0.339476
240 0.073361
241 -0.166428
242 -0.382705
243 -0.486341
244 -0.513138
245 -0.440829
246 -0.304866
247 -0.132379
248 0.106952
249 0.413325
250 0.685105
251 0.905278
252 1.01778
253 1.20275
254 1.285
255 1.18117
256 0.927623
257 0.65483
258 0.426352
259 0.193315
260 -0.0240445
261 0.0213341
262 -0.0263169
263 0.20618
264 0.260813
265 0.572022
266 0.766502
267 0.952386
268 1.26468
269 1.34478
270 1.73521
271 1.96031
272 2.12335
273 2.19146
274 2.11132
275 1.78392
276 1.2917
277 1.00054
278 0.757367
279 0.324955
280 0.211931
281 0.184554
282 0.271964
283 0.379776
284 0.472222
285 0.457462
286 0.631882
287 0.69558
288 0.550971
289 0.541077
290 0.463116
291 0.2229
292 -0.0026097
293 -0.214744
294 -0.19986
295 -0.348933
296 -0.401976
297 -0.363924
298 -0.247291
299 -0.111984
300 0.206589
301 0.535269
302 0.7731
303 0.975234
304 1.03815
305 0.938223
306 0.689389
307 0.492134
308 0.215558
309 -0.231568
310 -0.392342
311 -0.620331
312 -0.809748
313 -0.729751
314 -0.559789
315 -0.444804
316 -0.353757
317 -0.323151
318 0.618654
319 0.985558
320 2.31543
321 2.76055
322 2.56331
323 2.53201
324 2.89383
325 2.7823
326 2.97869
327 2.80985
328 2.76585
329 2.57949
330 2.28733
331 1.71708
332 0.888049
333 0.300616
334 -0.503242
335 -0.929359
336 -1.19288
337 -1.29328
338 -1.48613
339 -1.32007
340 -1.15385
341 -0.723489
342 -0.0682937
343 0.545047
344 1.08328
345 1.38854
346 0.720436
347 0.345984
348 0.136528
349 -0.103599
350 -0.914121
351 -1.4154
352 -2.531
353 -2.60229
354 -3.01424
355 -3.38779
356 -3.40002
357 -2.9451
358 -2.42957
359 -1.35716
360 -0.307445
361 0.809533
362 1.6264
363 2.24529
364 2.44837
365 2.31867
366 1.95918
367 1.20886
368 0.389423
369 -0.36473
370 -1.04418
371 -1.32106
372 -1.4155
373 -1.31873
374 -1.03368
375 -0.573553
376 0.856999
377 1.54097
378 2.16084
379 2.45021
380 2.60331
381 2.6936
382 2.5439
383 2.18999
384 1.70387
385 1.00452
386 0.435112
387 -0.212685
388 -0.535962
389 -0.835473
390 -1.00573
391 -1.07158
392 -0.899124
393 -0.501971
394 -0.0118995
395 0.531659
396 0.899374
397 1.10262
398 1.27346
399 1.19794
400 0.976234
401 0.597013
402 0.282213
403 -0.0965407
404 -0.353952
405 -0.529911
406 -0.588657
407 -0.501232
408 -0.267515
409 -0.0282766
410 0.244881
411 0.520024
412 0.72251
413 0.884174
414 0.955166
415 0.917737
416 0.813088
417 0.620779
418 0.365764
419 0.0898959
420 -0.0562871
421 -0.247341
422 -0.406242
423 -0.551448
424 -0.557921
425 -0.41749
426 -0.24028
427 -0.031303
428 0.256892
429 0.571613
430 0.799598
431 0.929287
432 1.16455
433 1.08606
434 0.919888
435 0.69883
436 0.407538
437 0.149444
438 -0.10233
439 -0.283913
440 -0.435165
441 -0.53966
442 -0.519877
443 -0.405787
444 -0.243473
445 -0.0206042
446 0.203174
447 0.490052
448 0.788361
449 1.00851
450 1.12537
451 1.10069
452 1.18098
453 1.12877
454 0.969366
