0 0
1 -0.00212099
2 -0.00108371
3 0.00941419
4 0.0301564
5 0.0599448
6 0.0938771
7 0.133187
8 0.138797
9 0.107773
10 0.0700731
11 0.0333232
12 0.007701
13 -0.0115014
14 -0.0130234
15 -0.0097722
16 -0.00439295
17 0.000670663
18 0.00598
19 0.00835608
20 0.00826391
21 0.00645249
22 -0.00519564
23 -0.00693799
24 -0.00740508
25 -0.00696799
26 -0.00602576
27 -0.00426057
28 -0.00231735
29 -1.74632e-05
30 -0.000892746
31 -5.75214e-05
32 -0.000142215
33 -0.000611246
34 -0.00136792
35 -0.00209263
36 -0.00223339
37 -0.00250217
38 -0.00248896
39 -0.00219645
40 -0.00159598
41 -0.000986055
42 -0.00813454
43 -0.00450308
44 -0.000861678
45 0.00320909
46 0.00585028
47 0.00781907
48 -0.0132907
49 -0.00698971
50 -0.0022912
51 0.00168449
52 0.0107802
53 0.0102817
54 0.00826281
55 0.00565698
56 0.00187887
57 -0.000780934
58 -0.00367465
59 -0.00531192
60 -0.00647251
61 -0.0344268
62 -0.0177396
63 -0.00542711
64 -0.0246388
65 -0.00225656
66 0.0140271
67 -0.00284599
68 0.0142795
69 0.0231995
70 0.0240205
71 2.24979e-05
72 0.0090804
73 -0.0345955
74 -0.0173545
75 -0.0130166
76 -0.0370738
77 -0.0285793
78 0.00341901
79 0.0132453
80 0.00494142
81 0.0498884
82 0.0502185
83 0.0400806
84 0.0581741
85 0.0579012
86 0.0739799
87 0.0807804
88 0.0768967
89 0.0397986
90 0.036315
91 0.0276636
92 0.00117036
93 -0.00481264
94 -1.07591e-05
95 -0.0105505
96 -0.0172642
97 -0.00327481
98 -0.00586464
99 -0.0031113
100 0.00361876
101 0.01161
102 -0.00879941
103 0.0110985
104 -0.0114696
105 0.0121287
106 0.0334975
107 0.0462455
108 0.0535075
109 0.0256068
110 0.0312408
111 0.0296712
112 -0.018293
113 -0.0162867
114 -0.0186054
115 -0.0230244
116 -0.0968482
117 -0.0642587
118 -0.0414027
119 -0.0314568
120 -0.160143
121 -0.055722
122 -0.0166571
123 -0.142346
124 0.074193
125 -0.0293486
126 -0.0109173
127 0.0195484
128 -0.0705024
129 -0.0207333
130 -0.0110281
131 0.0123321
132 0.0609356
133 0.0879233
134 0.1326
135 0.105395
136 0.135041
137 0.14406
138 0.112343
139 0.0850356
140 0.130447
141 0.0595163
142 0.0719708
143 0.00623571
144 -0.0565661
145 -0.0993679
146 -0.120364
147 -0.117249
148 -0.0936242
149 0.122195
150 0.0778777
151 0.0413396
152 0.0364305
153 0.0570427
154 0.250009
155 0.45379
156 0.140847
157 0.0504141
158 0.0675713
159 0.0344846
160 -0.0536364
161 -0.0710323
162 -0.182183
163 -0.246572
164 -0.243433
165 -0.243899
166 -0.188293
167 -0.116287
168 -0.0327981
169 0.0355077
170 0.108932
171 0.144889
172 0.151347
173 0.153719
174 0.134021
175 0.0396158
176 -0.00116892
177 -0.0388707
178 -0.0809379
179 -0.10995
180 -0.229428
181 -0.209006
182 -0.0446963
183 -0.0320323
184 -0.00550524
185 0.0166387
186 0.0573481
187 0.0811176
188 0.121444
189 0.110242
190 0.13645
191 0.100283
192 0.102114
193 0.0810894
194 0.0638377
195 0.0136476
196 -0.060492
197 -0.0770879
198 -0.0845819
199 -0.0710097
200 -0.0678126
201 -0.0299497
202 0.0089806
203 0.0389774
204 0.0508277
205 0.0698408
206 0.0799995
207 0.0680073
208 0.0547837
209 0.0277731
210 -0.00698971
211 -0.0159409
212 -0.0251824
213 -0.0305179
214 -0.0273151
215 -0.0228367
216 -0.00959929
217 -0.0033193
218 0.018289
219 0.0331592
220 0.0466961
221 0.052563
222 0.0470799
223 0.0478592
224 0.042401
225 0.0271949
226 0.00958121
227 -0.00910977
228 -0.0237476
229 -0.0369465
230 -0.0390014
231 -0.0367032
232 -0.0428371
233 -0.00465835
234 0.00806949
235 0.0139763
236 0.0265317
237 0.0378705
238 0.0452712
239 0.0411947
240 0.0437876
241 0.0389657
242 0.0279715
243 0.0160477
244 0.00110246
245 -0.0115279
246 -0.0226359
247 -0.0301074
248 -0.0438196
249 -0.0391229
250 -0.0312937
251 -0.0207231
252 -0.0297563
253 -0.00651616
254 0.0223825
255 0.0356656
256 0.0477392
257 0.0520833
258 0.0503966
259 0.0436938
260 0.00335976
261 0.00906832
262 -0.0304456
263 -0.0122344
264 -0.0466877
265 -0.0223596
266 -0.0135406
267 -0.0143644
268 -0.0253582
269 -0.0685634
270 -0.0297371
271 -0.00676008
272 -0.019702
273 0.0239232
274 0.0615077
275 0.0850928
276 0.0770866
277 0.0810779
278 0.0976044
279 0.0514166
280 0.0383672
281 0.0224302
282 0.00437485
283 0.00595108
284 0.0103096
285 -0.016924
286 0.00189895
287 0.017131
288 0.0149868
289 0.02878
290 0.0390278
291 0.055938
292 0.0502011
293 0.0398304
294 0.043154
295 0.0259338
296 0.00917471
297 -0.00586459
298 -0.0176806
299 -0.0556704
300 -0.0473343
301 -0.0326322
302 -0.0418278
303 -0.0162698
304 0.0110431
305 0.0344782
306 0.0259256
307 0.0483237
308 0.0599918
309 0.0271855
310 0.0357942
311 0.0360447
312 0.0286577
313 -0.038177
314 -0.0241234
315 -0.0182444
316 -0.0233593
317 -0.17411
318 -0.0842893
319 -0.0480678
320 -0.228939
321 -0.00215359
322 -0.104401
323 -0.343086
324 0.00530557
325 0.0052417
326 -0.00328871
327 0.0265234
328 0.0574697
329 0.106758
330 0.136657
331 0.185656
332 0.153274
333 0.168701
334 0.129731
335 0.100758
336 0.0652752
337 0.0861122
338 0.0265252
339 0.0232789
340 -0.0664689
341 -0.110325
342 -0.129723
343 -0.122733
344 -0.0946414
345 0.13724
346 0.0919812
347 0.0577786
348 0.0475338
349 0.0700291
350 0.275321
351 0.510276
352 0.0579868
353 0.054844
354 0.0701254
355 0.0212808
356 -0.0762497
357 -0.118202
358 -0.205568
359 -0.225591
360 -0.257814
361 -0.23191
362 -0.185408
363 -0.101993
364 -0.0166507
365 0.0633886
366 0.121146
367 0.153749
368 0.170891
369 0.160989
370 0.0745469
371 0.0401555
372 -0.000131566
373 -0.0420241
374 -0.0836684
375 -0.30316
376 -0.138989
377 -0.145278
378 -0.121751
379 -0.0555059
380 -0.0892829
381 0.0140954
382 0.0746703
383 0.122423
384 0.174128
385 0.156713
386 0.162326
387 0.105954
388 0.0969851
389 0.068889
390 0.0535955
391 -0.00765988
392 -0.0549163
393 -0.101678
394 -0.111361
395 -0.0902819
396 -0.058643
397 -0.0395237
398 0.0139936
399 0.0469056
400 0.0741972
401 0.0833058
402 0.0995693
403 0.0836855
404 0.0637471
405 0.0393018
406 0.00722318
407 -0.0280986
408 -0.0391373
409 -0.0418905
410 -0.0436196
411 -0.0365305
412 -0.0250641
413 -0.0103096
414 0.0077663
415 0.019956
416 0.0429661
417 0.0555085
418 0.0628416
419 0.0610693
420 0.0465175
421 0.0421244
422 0.0317421
423 0.0171383
424 -0.00236921
425 -0.018605
426 -0.0319865
427 -0.0391714
428 -0.044473
429 -0.0367351
430 -0.0248739
431 -0.0215079
432 0.0173423
433 0.0302951
434 0.0430481
435 0.0441211
436 0.050547
437 0.0507098
438 0.0395507
439 0.0329864
440 0.0216487
441 0.00652586
442 -0.00527226
443 -0.0192026
444 -0.0276874
445 -0.034205
446 -0.0366242
447 -0.0451727
448 -0.0334203
449 -0.0188338
450 -0.00495433
451 -0.013929
452 0.0111599
453 0.0294661
454 0.0515483
