0 0
1 0
2 -0.02080921
3 -0.1634202
4 -0.1634202
5 -0.1634202
6 -0.1634202
7 -0.1634202
8 0.003195188
9 0.07905482
10 0.07905482
11 0.09005418
12 0.03131834
13 0.03131834
14 -0.02164399
15 -0.01337209
16 -0.02140292
17 -0.01234256
18 -0.01234256
19 -0.00596602
20 -0.003517249
21 -0.001446865
22 -0.001590015
23 -0.002138333
24 -0.007463094
25 -0.007463094
26 -0.007372899
27 -0.007372899
28 -0.008141332
29 -0.008141332
30 -0.006126848
31 -0.006290311
32 -0.005072595
33 -0.005751658
34 -0.005751658
35 -0.006113068
36 -0.006614627
37 -0.00700898
38 -0.007553951
39 -0.007721982
40 -0.008010341
41 -0.008117343
42 -0.00821684
43 -0.00817733
44 -0.00817733
45 -0.009690386
46 -0.007368876
47 -0.007368876
48 -0.007052775
49 -0.006684463
50 -0.009224654
51 -0.007473003
52 -0.008639772
53 -0.007982517
54 -0.007982517
55 -0.009057709
56 -0.009886588
57 -0.01113645
58 -0.01113645
59 -0.01506827
60 -0.01500925
61 -0.01711936
62 -0.01776821
63 -0.01927401
64 -0.01841302
65 -0.01884451
66 -0.01941002
67 -0.01941002
68 -0.01804615
69 -0.01804615
70 -0.02276723
71 -0.02246343
72 -0.02693519
73 -0.02908392
74 -0.03308656
75 -0.03918582
76 -0.04215988
77 -0.04617539
78 -0.0500598
79 -0.05103731
80 -0.05258721
81 -0.05176943
82 -0.05036304
83 -0.04463156
84 -0.04139918
85 -0.03276446
86 -0.0267754
87 -0.0267754
88 -0.007958527
89 -0.01186725
90 -0.004776312
91 -0.007637142
92 -0.004106665
93 -0.007107775
94 -0.008184608
95 -0.008184608
96 -0.011433
97 -0.01190983
98 -0.013633
99 -0.01262052
100 -0.0130342
101 -0.01106515
102 -0.009365105
103 -0.00685533
104 -0.00685533
105 -0.001166761
106 -0.001568568
107 0.003756492
108 0.00554379
109 0.008294328
110 0.009501349
111 0.008769677
112 0.009275417
113 0.007277251
114 0.002857828
115 0.001448613
116 -0.003941107
117 -0.005829745
118 -0.01425073
119 -0.01581129
120 -0.02300195
121 -0.02660253
122 -0.03557489
123 -0.03990036
124 -0.04552504
125 -0.05609584
126 -0.07046334
127 -0.08939511
128 -0.1160793
129 -0.1188468
130 -0.1188468
131 -0.1333556
132 -0.1333556
133 -0.09129006
134 -0.08010092
135 -0.04984263
136 -0.03036553
137 -0.01238103
138 0.002693453
139 0.002693453
140 0.01594282
141 0.007175621
142 0.01533657
143 -0.003767943
144 0.001211427
145 -0.01665334
146 -0.02018964
147 -0.02942399
148 -0.0281146
149 -0.02463721
150 -0.01366547
151 0.009221879
152 0.01652036
153 0.0422459
154 0.0422459
155 0.09254564
156 0.09254564
157 0.1550813
158 0.1550813
159 0.1634202
160 0.1595878
161 0.1323371
162 0.09163763
163 0.05856818
164 0.001553301
165 -0.01237691
166 -0.04893013
167 -0.05111397
168 -0.05329384
169 -0.03716381
170 -0.03716381
171 0.005493341
172 0.0087224
173 0.02610831
174 0.02837782
175 0.03266483
176 0.02550645
177 0.008241222
178 0.008241222
179 -0.03872118
180 -0.04137298
181 -0.06792136
182 -0.077479
183 -0.09943189
184 -0.1063926
185 -0.1157559
186 -0.1162855
187 -0.1081888
188 -0.08523329
189 -0.08523329
190 -0.03338381
191 -0.03549355
192 -0.03549355
193 0.0002995252
194 -0.0181242
195 -0.0099123
196 -0.02528713
197 -0.02868485
198 -0.04120756
199 -0.0468048
200 -0.04987108
201 -0.04946019
202 -0.04681654
203 -0.04057992
204 -0.03516795
205 -0.02751913
206 -0.02364986
207 -0.01541785
208 -0.01329485
209 -0.01252719
210 -0.01333849
211 -0.0161836
212 -0.02014018
213 -0.02014018
214 -0.02534254
215 -0.02407816
216 -0.02407816
217 -0.02303843
218 -0.01978525
219 -0.01731632
220 -0.01160298
221 -0.009490089
222 -0.004777704
223 -0.002934088
224 -0.002934088
225 0.002844367
226 -0.001224667
227 -0.001703009
228 -0.005377507
229 -0.008689349
230 -0.01137035
231 -0.01371212
232 -0.01504856
233 -0.01504856
234 -0.01596206
235 -0.0121298
236 -0.01113714
237 -0.007696518
238 -0.005880115
239 -0.002564281
240 -0.002564281
241 0.001487526
242 0.001054528
243 0.001452073
244 -0.0005437731
245 -0.002037329
246 -0.005407828
247 -0.007586432
248 -0.01070056
249 -0.01236887
250 -0.01467238
251 -0.01550502
252 -0.01614248
253 -0.01567095
254 -0.01567095
255 -0.0132387
256 -0.01156047
257 -0.009993629
258 -0.007973795
259 -0.007973795
260 -0.007885219
261 -0.009293376
262 -0.01144723
263 -0.01144723
264 -0.0185091
265 -0.01912452
266 -0.02609267
267 -0.02815861
268 -0.03439433
269 -0.03804064
270 -0.04392361
271 -0.04392361
272 -0.04844938
273 -0.05765865
274 -0.05172458
275 -0.0513557
276 -0.04367494
277 -0.04038939
278 -0.03455077
279 -0.03245761
280 -0.03245761
281 -0.02630059
282 -0.02872485
283 -0.02603145
284 -0.0260575
285 -0.02353076
286 -0.02353076
287 -0.01942753
288 -0.01942753
289 -0.01167859
290 -0.01132575
291 -0.01132575
292 -0.002203788
293 -0.003288922
294 -0.003288922
295 -0.0003040305
296 -0.002381324
297 -0.003102707
298 -0.005527728
299 -0.007086826
300 -0.00899588
301 -0.01173302
302 -0.01018713
303 -0.009828302
304 -0.00817705
305 -0.004919289
306 -0.001224394
307 0.00245118
308 0.00458498
309 0.008167264
310 0.008739754
311 0.007789736
312 0.008001427
313 0.004997301
314 0.002351201
315 -0.00463066
316 -0.007264641
317 -0.01614548
318 -0.01614548
319 -0.03617034
320 -0.03856169
321 -0.05148512
322 -0.05897808
323 -0.07451208
324 -0.1047099
325 -0.1079197
326 -0.1079197
327 -0.1412691
328 -0.1138049
329 -0.122021
330 -0.08946933
331 -0.06990327
332 -0.03714547
333 -0.03714547
334 0.02041141
335 0.003591278
336 0.02169784
337 0.008632272
338 0.01108527
339 0.004768292
340 -0.00518916
341 -0.01091632
342 -0.02976802
343 -0.02934168
344 -0.03453404
345 -0.02577295
346 -0.02577295
347 0.01566396
348 0.0157946
349 0.0157946
350 0.07795055
351 0.07426023
352 0.1145557
353 0.1371025
354 0.1371025
355 0.1634202
356 0.1634202
357 0.1634202
358 0.04797164
359 0.04797164
360 -0.009024307
361 -0.02676177
362 -0.0560399
363 -0.05327591
364 -0.05502618
365 -0.03394068
366 -0.02099921
367 -0.02099921
368 0.02723044
369 0.01966202
370 0.03790021
371 0.03790021
372 0.01173698
373 0.008019697
374 -0.0176108
375 -0.03003005
376 -0.05300002
377 -0.06859367
378 -0.09566159
379 -0.1034189
380 -0.1307323
381 -0.1255056
382 -0.1322423
383 -0.1085011
384 -0.09096307
385 -0.09096307
386 -0.001872955
387 -0.001872955
388 -0.01416252
389 -0.001024621
390 -0.009503867
391 -0.01156612
392 -0.02207965
393 -0.03506173
394 -0.04440022
395 -0.04440022
396 -0.06159053
397 -0.05134505
398 -0.05207639
399 -0.04204617
400 -0.03419778
401 -0.02655955
402 -0.01838606
403 -0.01292297
404 -0.0101453
405 -0.01027126
406 -0.01176989
407 -0.01520041
408 -0.02014413
409 -0.02385512
410 -0.0270641
411 -0.02844696
412 -0.02943351
413 -0.02791227
414 -0.02597844
415 -0.0216522
416 -0.0216522
417 -0.01005995
418 -0.008489029
419 -0.002560036
420 -0.001220493
421 -0.001220493
422 0.002436522
423 4.690459e-05
424 -0.0003858102
425 -0.00486151
426 -0.007028292
427 -0.01156725
428 -0.01358163
429 -0.01580372
430 -0.01677509
431 -0.01661772
432 -0.01514328
433 -0.01333322
434 -0.01333322
435 -0.004621959
436 -0.004621959
437 -0.001383716
438 -0.001383716
439 0.003305782
440 0.0008320609
441 0.001714772
442 -0.001438778
443 -0.00310037
444 -0.005823291
445 -0.009290148
446 -0.01095554
447 -0.01391694
448 -0.01474282
449 -0.01654446
450 -0.01572174
451 -0.01521833
452 -0.01364012
453 -0.01291097
454 -0.009622554
455 -0.008499523
