0 0
1 4.120315
2 4.120301
3 4.119079
4 4.108058
5 4.086317
6 4.055094
7 4.019525
8 3.97823
9 3.969954
10 3.990929
11 4.026011
12 4.060244
13 4.083144
14 4.098542
15 4.096878
16 4.089237
17 4.080219
18 4.071322
19 4.060802
20 4.053532
21 4.048487
22 4.045609
23 4.043294
24 4.04144
25 4.038095
26 4.033023
27 4.027772
28 4.020783
29 4.014
30 4.005095
31 3.996563
32 3.987261
33 3.980194
34 3.973173
35 3.966098
36 3.959687
37 3.951856
38 3.944492
39 3.936552
40 3.926834
41 3.915167
42 3.905609
43 3.894245
44 3.883989
45 3.87308
46 3.859912
47 3.848615
48 3.835959
49 3.823629
50 3.811734
51 3.800699
52 3.787824
53 3.776187
54 3.762654
55 3.748922
56 3.736376
57 3.721027
58 3.706446
59 3.687917
60 3.669379
61 3.645947
62 3.623287
63 3.594895
64 3.567861
65 3.535366
66 3.505805
67 3.475163
68 3.439605
69 3.408351
70 3.371059
71 3.331066
72 3.288915
73 3.24909
74 3.192501
75 3.136304
76 3.080595
77 2.999404
78 2.918084
79 2.817331
80 2.709435
81 2.596628
82 2.481667
83 2.378928
84 2.254396
85 2.147875
86 2.050748
87 1.965044
88 1.892909
89 1.848873
90 1.807419
91 1.768205
92 1.740312
93 1.717985
94 1.70243
95 1.684613
96 1.665944
97 1.645326
98 1.622714
99 1.591183
100 1.560849
101 1.529352
102 1.501597
103 1.478472
104 1.45437
105 1.43316
106 1.418278
107 1.405168
108 1.398147
109 1.395707
110 1.398393
111 1.406528
112 1.416826
113 1.431353
114 1.445142
115 1.459295
116 1.468045
117 1.475082
118 1.476414
119 1.469235
120 1.457265
121 1.430893
122 1.388913
123 1.353222
124 1.28827
125 1.193146
126 1.08041
127 0.9080825
128 0.7940893
129 0.6782959
130 0.5512478
131 0.3995157
132 0.2565711
133 0.08790643
134 6.232842
135 6.090569
136 5.972985
137 5.883464
138 5.827834
139 5.788318
140 5.767547
141 5.765285
142 5.769933
143 5.779897
144 5.785816
145 5.790062
146 5.785451
147 5.770058
148 5.738792
149 5.701642
150 5.660935
151 5.623866
152 5.599584
153 5.596796
154 5.614756
155 5.672026
156 5.808127
157 5.958334
158 6.197656
159 0.1081296
160 0.3839157
161 0.6062499
162 0.7723467
163 0.9601656
164 1.076407
165 1.170363
166 1.212443
167 1.206303
168 1.164376
169 1.101351
170 1.048955
171 0.9899054
172 0.960737
173 0.9439225
174 0.9469088
175 0.9659787
176 1.007055
177 1.056422
178 1.090595
179 1.112108
180 1.103902
181 1.065933
182 0.9687562
183 0.8264539
184 0.6991269
185 0.5220391
186 0.3144308
187 0.10752
188 6.237311
189 6.110607
190 5.967301
191 5.868702
192 5.790383
193 5.72549
194 5.693901
195 5.663218
196 5.63644
197 5.606328
198 5.55906
199 5.50932
200 5.448027
201 5.376804
202 5.298706
203 5.227966
204 5.148956
205 5.083459
206 5.001033
207 4.923794
208 4.876812
209 4.841901
210 4.799238
211 4.757283
212 4.726779
213 4.693707
214 4.652462
215 4.611337
216 4.572824
217 4.52657
218 4.485276
219 4.433999
220 4.396622
221 4.359374
222 4.327692
223 4.294037
224 4.273864
225 4.261301
226 4.25362
227 4.249058
228 4.243714
229 4.237781
230 4.228281
231 4.214347
232 4.198173
233 4.175253
234 4.144938
235 4.114758
236 4.084329
237 4.058764
238 4.032433
239 4.009915
240 3.993787
241 3.976711
242 3.967351
243 3.962525
244 3.959966
245 3.957866
246 3.955222
247 3.949982
248 3.94259
249 3.931665
250 3.914492
251 3.892211
252 3.865302
253 3.838509
254 3.805488
255 3.770633
256 3.739991
257 3.698438
258 3.664224
259 3.639959
260 3.614326
261 3.58741
262 3.563855
263 3.542199
264 3.515071
265 3.482822
266 3.445721
267 3.401531
268 3.350145
269 3.292628
270 3.229106
271 3.159184
272 3.07408
273 2.990805
274 2.896785
275 2.786497
276 2.674531
277 2.555235
278 2.465247
279 2.381653
280 2.295408
281 2.215894
282 2.127404
283 2.042379
284 1.982476
285 1.93142
286 1.875268
287 1.821681
288 1.777532
289 1.725419
290 1.689887
291 1.658452
292 1.624613
293 1.602013
294 1.582526
295 1.569564
296 1.560309
297 1.552601
298 1.545186
299 1.536588
300 1.526156
301 1.514117
302 1.49483
303 1.472556
304 1.454248
305 1.433511
306 1.414821
307 1.400158
308 1.390992
309 1.387477
310 1.38923
311 1.39518
312 1.405335
313 1.416323
314 1.429279
315 1.439344
316 1.445967
317 1.447825
318 1.44011
319 1.417207
320 1.385083
321 1.340817
322 1.275296
323 1.136483
324 1.031438
325 0.8677661
326 0.7374434
327 0.5500439
328 0.3747514
329 0.2065631
330 0.03989452
331 6.164523
332 6.011851
333 5.896349
334 5.824915
335 5.789447
336 5.773709
337 5.773133
338 5.780138
339 5.789652
340 5.801106
341 5.80569
342 5.800889
343 5.778834
344 5.746315
345 5.703351
346 5.657104
347 5.60912
348 5.58537
349 5.58003
350 5.603264
351 5.664926
352 5.798184
353 6.006825
354 6.196605
355 0.1526595
356 0.4282922
357 0.6408314
358 0.8413175
359 0.9962246
360 1.127633
361 1.205205
362 1.229315
363 1.213428
364 1.156522
365 1.09311
366 1.029059
367 0.9806824
368 0.9378759
369 0.9291155
370 0.9394373
371 0.9711171
372 1.014655
373 1.053439
374 1.081169
375 1.092531
376 1.082293
377 1.024115
378 0.9481342
379 0.7970515
380 0.6650979
381 0.512498
382 0.2690829
383 0.08974571
384 6.178113
385 6.033409
386 5.914117
387 5.838038
388 5.776492
389 5.737915
390 5.708261
391 5.688648
392 5.665409
393 5.640542
394 5.604872
395 5.555757
396 5.484031
397 5.404801
398 5.330268
399 5.243197
400 5.169937
401 5.09342
402 5.019576
403 4.965552
404 4.921872
405 4.890927
406 4.861114
407 4.831013
408 4.804005
409 4.773263
410 4.742315
411 4.701427
412 4.65521
413 4.611189
414 4.558542
415 4.512092
416 4.461451
417 4.409229
418 4.371305
419 4.340351
420 4.316712
421 4.303475
422 4.291267
423 4.284325
424 4.279621
425 4.276555
426 4.271231
427 4.263467
428 4.252866
429 4.235703
430 4.210168
431 4.182652
432 4.151768
433 4.123552
434 4.095461
435 4.065555
436 4.04389
437 4.01883
438 4.003628
439 3.992083
440 3.986991
441 3.98423
442 3.983535
443 3.982796
444 3.979887
445 3.975147
446 3.965622
447 3.953429
448 3.934516
449 3.910677
450 3.882
451 3.854239
452 3.824969
453 3.791141
454 3.761913
455 3.730578
