0 0
1 -40.62008
2 -40.62149
3 -40.67823
4 -40.83367
5 -41.12632
6 -41.53634
7 -41.98923
8 -42.51532
9 -43.23805
10 -44.00877
11 -44.90165
12 -45.78386
13 -46.74567
14 -48.09537
15 -49.21998
16 -50.76039
17 -52.0274
18 -53.35322
19 -55.14241
20 -56.81215
21 -58.55701
22 -60.1456
23 -62.03142
24 -63.74204
25 -65.50603
26 -67.58421
27 -69.45465
28 -71.64838
29 -73.61427
30 -76.20251
31 -78.85677
32 -81.88009
33 -84.35297
34 -86.87221
35 -89.43576
36 -91.7134
37 -94.3532
38 -96.69267
39 -99.05723
40 -101.787
41 -104.8884
42 -107.3196
43 -110.1151
44 -112.5732
45 -115.0396
46 -117.864
47 -120.3385
48 -123.1687
49 -125.9995
50 -128.8297
51 -131.3029
52 -134.1221
53 -136.5802
54 -139.376
55 -142.1546
56 -144.5684
57 -147.3016
58 -149.6652
59 -152.3259
60 -154.6086
61 -157.1529
62 -159.3119
63 -161.6879
64 -163.6745
65 -165.8257
66 -167.5943
67 -169.2475
68 -170.9865
69 -172.3708
70 -173.7855
71 -175.0042
72 -176.0097
73 -176.698
74 -177.2875
75 -177.4974
76 -177.4035
77 -176.8454
78 -175.8849
79 -174.2281
80 -171.9371
81 -169.0133
82 -165.47
83 -161.8192
84 -156.6431
85 -151.4632
86 -145.8607
87 -139.9185
88 -133.7125
89 -128.7473
90 -122.9585
91 -115.5872
92 -108.8503
93 -102.0322
94 -96.6797
95 -90.51338
96 -84.29734
97 -78.03384
98 -71.72526
99 -63.78079
100 -56.58086
101 -49.34082
102 -42.87767
103 -37.20609
104 -30.70584
105 -24.19497
106 -18.48635
107 -11.94925
108 -6.21592
109 0.3560328
110 6.127628
111 12.75283
112 18.57845
113 25.27126
114 31.15878
115 37.92186
116 43.01672
117 49.83701
118 56.68465
119 63.55477
120 69.57114
121 76.44458
122 84.10616
123 89.05991
124 96.0926
125 104.0079
126 111.1102
127 118.831
128 122.5045
129 125.221
130 127.4337
131 129.3262
132 130.4687
133 131.174
134 131.2822
135 130.8637
136 129.897
137 128.4925
138 126.9906
139 125.0557
140 122.6973
141 120.7887
142 118.2862
143 116.0451
144 114.0759
145 111.81
146 109.5077
147 107.1301
148 104.3128
149 101.6381
150 98.77865
151 95.73698
152 92.14589
153 88.45658
154 85.58789
155 82.03089
156 78.23755
157 75.94538
158 74.51314
159 74.46877
160 75.71513
161 77.71217
162 79.82752
163 83.14496
164 86.07668
165 90.13986
166 94.40943
167 98.79231
168 103.2148
169 107.6197
170 111.0073
171 115.3009
172 118.6082
173 122.3831
174 126.1919
175 130.0771
176 135.0907
177 140.313
178 144.6385
179 149.6299
180 154.127
181 159.1848
182 165.2197
183 170.8112
184 174.3084
185 177.7399
186 180.2425
187 181.4587
188 181.6228
189 181.2968
190 180.2384
191 178.8009
192 176.9899
193 174.5997
194 172.5544
195 170.0556
196 167.4018
197 164.5966
198 160.8519
199 157.6349
200 154.1879
201 150.4875
202 146.5233
203 142.8409
204 138.4075
205 134.3521
206 128.3213
207 121.4289
208 116.2814
209 111.7017
210 105.0561
211 97.62576
212 92.15282
213 86.62875
214 80.36187
215 74.75501
216 69.83023
217 64.1922
218 59.2613
219 52.93917
220 48.04359
221 42.47651
222 36.93794
223 29.36166
224 23.18529
225 17.70191
226 11.52615
227 6.021651
228 -0.8820031
229 -6.421877
230 -11.9693
231 -17.51304
232 -22.34993
233 -27.84762
234 -33.97493
235 -39.35191
236 -44.65149
237 -49.22146
238 -54.3689
239 -59.44391
240 -63.83344
241 -70.04091
242 -75.58674
243 -80.50144
244 -85.41364
245 -90.94469
246 -95.86575
247 -100.7844
248 -105.0765
249 -109.3456
250 -114.1776
251 -118.9362
252 -123.5963
253 -127.5732
254 -131.9822
255 -136.23
256 -139.8045
257 -144.6764
258 -148.8319
259 -151.9215
260 -155.3083
261 -158.9422
262 -162.0185
263 -164.5869
264 -167.3691
265 -169.9588
266 -172.3147
267 -174.3897
268 -176.1279
269 -177.4527
270 -178.343
271 -178.7934
272 -178.7775
273 -178.2885
274 -177.3122
275 -175.5992
276 -173.2412
277 -169.8993
278 -166.7154
279 -163.1193
280 -158.6387
281 -153.7543
282 -147.314
283 -140.4258
284 -135.1686
285 -130.418
286 -124.8366
287 -119.1138
288 -114.0068
289 -107.3266
290 -102.0573
291 -96.73508
292 -89.82746
293 -83.63622
294 -76.62167
295 -70.34674
296 -64.03679
297 -57.69328
298 -51.31728
299 -44.90989
300 -38.4735
301 -32.81427
302 -25.5159
303 -18.18883
304 -12.47445
305 -5.930141
306 0.6265019
307 7.19531
308 13.77885
309 19.55478
310 26.17836
311 31.99804
312 38.68039
313 44.55677
314 51.30686
315 57.24213
316 64.05507
317 70.02829
318 76.02808
319 83.75069
320 89.70743
321 95.4557
322 101.6652
323 110.848
324 115.8651
325 121.3171
326 124.512
327 127.7854
328 129.8201
329 131.0777
330 131.6415
331 131.5762
332 130.7652
333 129.312
334 127.6165
335 125.6831
336 123.6082
337 121.7266
338 119.5442
339 117.6263
340 115.1613
341 112.127
342 109.8778
343 107.2471
344 104.7629
345 102.0959
346 99.22154
347 95.74365
348 92.4848
349 89.13911
350 85.36975
351 82.17165
352 78.32127
353 75.43193
354 74.41368
355 74.47055
356 75.96429
357 77.95599
358 80.63313
359 83.82815
360 87.85016
361 92.17104
362 96.15855
363 100.2154
364 105.3057
365 109.3431
366 113.3175
367 116.7378
368 121.0732
369 125.4045
370 129.3073
371 133.8103
372 138.4779
373 143.3118
374 147.7341
375 152.2466
376 156.8042
377 163.0348
378 167.4348
379 172.8148
380 176.0194
381 178.537
382 180.9581
383 181.75
384 181.7477
385 181.1003
386 179.9319
387 178.3912
388 176.3339
389 174.5341
390 172.3156
391 170.2612
392 167.479
393 164.8695
394 162.1049
395 159.1469
396 155.5401
397 152.0459
398 148.7527
399 144.7281
400 140.9968
401 136.5248
402 131.2734
403 126.4489
404 121.5056
405 117.0991
406 111.9831
407 106.1367
408 100.8657
409 95.52914
410 90.80943
411 85.36378
412 79.87202
413 75.03883
414 69.49728
415 64.64507
416 59.10962
417 52.90788
418 47.42235
419 41.96041
420 36.51606
421 32.43887
422 27.00245
423 21.55589
424 15.40709
425 9.918231
426 3.717996
427 -1.809715
428 -6.65148
429 -12.17824
430 -18.36865
431 -23.82862
432 -29.23132
433 -33.89995
434 -38.50773
435 -43.69696
436 -48.17601
437 -54.49272
438 -59.49034
439 -65.07303
440 -70.01966
441 -75.5844
442 -80.53953
443 -84.88537
444 -90.48254
445 -94.83632
446 -99.79884
447 -104.1151
448 -108.9983
449 -113.8052
450 -118.5101
451 -122.523
452 -126.4268
453 -130.7431
454 -134.3876
455 -138.4012
