0 0
-40.62008 108.7301
-40.62149 108.7291
-40.67823 108.689
-40.83367 108.5615
-41.12632 108.3126
-41.53634 107.9453
-41.98923 107.5125
-42.51532 106.9735
-43.23805 106.2954
-44.00877 105.6434
-44.90165 104.9488
-45.78386 104.3107
-46.74567 103.6311
-48.09537 102.6889
-49.21998 101.8908
-50.76039 100.7798
-52.0274 99.84692
-53.35322 98.85413
-55.14241 97.49064
-56.81215 96.19901
-58.55701 94.83608
-60.1456 93.5875
-62.03142 92.09856
-63.74204 90.74223
-65.50603 89.33394
-67.58421 87.6591
-69.45465 86.13546
-71.64838 84.32587
-73.61427 82.68145
-76.20251 80.48289
-78.85677 78.19018
-81.88009 75.53278
-84.35297 73.32432
-86.87221 71.04299
-89.43576 68.68883
-91.7134 66.56895
-94.3532 64.07682
-96.69267 61.83451
-99.05723 59.53345
-101.787 56.83028
-104.8884 53.69383
-107.3196 51.18332
-110.1151 48.23687
-112.5732 45.59034
-115.0396 42.8787
-117.864 39.69819
-120.3385 36.84412
-123.1687 33.50187
-125.9995 30.07453
-128.8297 26.56346
-131.3029 23.42211
-134.1221 19.75221
-136.5802 16.471
-139.376 12.64051
-142.1546 8.724246
-144.5684 5.226567
-147.3016 1.146544
-149.6652 -2.497687
-152.3259 -6.750403
-154.6086 -10.55228
-157.1529 -14.99384
-159.3119 -18.96768
-161.6879 -23.6127
-163.6745 -27.76991
-165.8257 -32.62795
-167.5943 -36.97144
-169.2475 -41.40014
-170.9865 -46.56273
-172.3708 -51.16463
-173.7855 -56.51643
-175.0042 -61.96294
-176.0097 -67.49837
-176.698 -72.40918
-177.2875 -78.80552
-177.4974 -84.55598
-177.4035 -89.62346
-176.8454 -96.15953
-175.8849 -101.9466
-174.2281 -108.3475
-171.9371 -114.5218
-169.0133 -120.3754
-165.47 -125.8374
-161.8192 -130.322
-156.6431 -135.3906
-151.4632 -139.4117
-145.8607 -142.9096
-139.9185 -145.9005
-133.7125 -148.4245
-128.7473 -150.1116
-122.9585 -151.7931
-115.5872 -153.5885
-108.8503 -154.9709
-102.0322 -156.1718
-96.6797 -156.9987
-90.51338 -157.8343
-84.29734 -158.5527
-78.03384 -159.1464
-71.72526 -159.6046
-63.78079 -159.967
-56.58086 -160.0752
-49.34082 -159.9649
-42.87767 -159.6783
-37.20609 -159.2865
-30.70584 -158.6798
-24.19497 -157.9225
-18.48635 -157.1524
-11.94925 -156.1723
-6.21592 -155.2482
0.3560328 -154.1482
6.127628 -153.174
12.75283 -152.0792
18.57845 -151.1594
25.27126 -150.1728
31.15878 -149.3782
37.92186 -148.5495
43.01672 -147.9776
49.83701 -147.2634
56.68465 -146.5753
63.55477 -145.8707
69.57114 -145.2086
76.44458 -144.3272
84.10616 -143.1035
89.05991 -142.1304
96.0926 -140.4091
104.0079 -137.8298
111.1102 -134.6984
118.831 -129.9153
122.5045 -126.8174
125.221 -123.914
127.4337 -120.8658
129.3262 -117.2788
130.4687 -113.9757
131.174 -110.0098
131.2822 -106.4311
130.8637 -102.302
129.897 -98.19765
128.4925 -94.15071
126.9906 -90.65704
125.0557 -86.6971
122.6973 -82.24776
120.7887 -78.76383
118.2862 -74.23048
116.0451 -70.13509
114.0759 -66.49926
111.81 -62.28849
109.5077 -58.03046
107.1301 -53.74787
104.3128 -48.93354
101.6381 -44.68856
98.77865 -40.49967
95.73698 -36.37399
92.14589 -31.78101
88.45658 -27.18104
85.58789 -23.54609
82.03089 -18.70455
78.23755 -12.42842
75.94538 -7.100301
74.51314 -0.676167
74.46877 3.778699
75.71513 9.28695
77.71217 13.08865
79.82752 15.68191
83.14496 18.54226
86.07668 20.40274
90.13986 22.44143
94.40943 24.24915
98.79231 26.01036
103.2148 27.89828
107.6197 30.02605
111.0073 31.88155
115.3009 34.51921
118.6082 36.72568
122.3831 39.35991
126.1919 42.05369
130.0771 44.74352
135.0907 48.02166
140.313 51.13799
144.6385 53.50294
149.6299 56.07228
154.127 58.36655
159.1848 61.08798
165.2197 64.8391
170.8112 69.26483
174.3084 72.85793
177.7399 77.62086
180.2425 83.0324
181.4587 88.44236
181.6228 92.47739
181.2968 96.04659
180.2384 100.6063
178.8009 104.5884
176.9899 108.4885
174.5997 112.7842
172.5544 116.0824
170.0556 119.8187
167.4018 123.5245
164.5966 127.1951
160.8519 131.7019
157.6349 135.2022
154.1879 138.559
150.4875 141.7212
146.5233 144.6397
142.8409 146.9592
138.4075 149.3214
134.3521 151.1286
128.3213 153.304
121.4289 155.1896
116.2814 156.2609
111.7017 157.0183
105.0561 157.8431
97.62576 158.4345
92.15282 158.6631
86.62875 158.7127
80.36187 158.5337
74.75501 158.1422
69.83023 157.6031
64.1922 156.7484
59.2613 155.7819
52.93917 154.2407
48.04359 152.8185
42.47651 150.9748
36.93794 148.9268
29.36166 145.8312
23.18529 143.1043
17.70191 140.5658
11.52615 137.6181
6.021651 134.9373
-0.8820031 131.5161
-6.421877 128.7223
-11.9693 125.8653
-17.51304 122.9263
-22.34993 120.2699
-27.84762 117.1161
-33.97493 113.3932
-39.35191 109.9087
-44.65149 106.2514
-49.22146 102.9123
-54.3689 98.94775
-59.44391 94.8421
-63.83344 91.14927
-70.04091 85.7397
-75.58674 80.76626
-80.50144 76.28373
-85.41364 71.75693
-90.94469 66.6209
-95.86575 62.01818
-100.7844 57.37392
-105.0765 53.26671
-109.3456 49.10727
-114.1776 44.2723
-118.9362 39.3307
-123.5963 34.26293
-127.5732 29.71195
-131.9822 24.36713
-136.23 18.86441
-139.8045 13.91968
-144.6764 6.657451
-148.8319 -0.06149185
-151.9215 -5.394308
-155.3083 -11.59267
-158.9422 -18.6871
-162.0185 -25.09368
-164.5869 -30.775
-167.3691 -37.35479
-169.9588 -44.0216
-172.3147 -50.75583
-174.3897 -57.53105
-176.1279 -64.30949
-177.4527 -70.88547
-178.343 -77.20493
-178.7934 -83.26286
-178.7775 -89.72732
-178.2885 -95.29755
-177.3122 -100.772
-175.5992 -106.7825
-173.2412 -112.5686
-169.8993 -118.6677
-166.7154 -123.2703
-163.1193 -127.6129
-158.6387 -132.1714
-153.7543 -136.3741
-147.314 -141.0248
-140.4258 -145.1299
-135.1686 -147.7612
-130.418 -149.8154
-124.8366 -151.8789
-119.1138 -153.642
-114.0068 -154.9444
-107.3266 -156.3048
-102.0573 -157.1373
-96.73508 -157.7923
-89.82746 -158.4039
-83.63622 -158.7687
-76.62167 -159.0206
-70.34674 -159.1316
-64.03679 -159.1619
-57.69328 -159.1274
-51.31728 -159.0345
-44.90989 -158.8822
-38.4735 -158.6633
-32.81427 -158.4029
-25.5159 -157.9545
-18.18883 -157.3559
-12.47445 -156.7767
-5.930141 -155.9892
0.6265019 -155.0732
7.19531 -154.0456
13.77885 -152.9343
19.55478 -151.9178
26.17836 -150.7372
31.99804 -149.7142
38.68039 -148.5812
44.55677 -147.6371
51.30686 -146.6226
57.24213 -145.7908
64.05507 -144.8871
70.02829 -144.1144
76.02808 -143.3244
83.75069 -142.2044
89.70743 -141.188
95.4557 -139.9986
101.6652 -138.385
110.848 -135.0504
115.8651 -132.5164
121.3171 -128.7903
124.512 -125.829
127.7854 -121.6819
129.8201 -117.7928
131.0777 -113.8573
131.6415 -109.8054
131.5762 -105.6642
130.7652 -101.0004
129.312 -96.40692
127.6165 -92.39733
125.6831 -88.42403
123.6082 -84.45001
121.7266 -80.94868
119.5442 -76.89757
117.6263 -73.29975
115.1613 -68.59579
112.127 -62.74176
109.8778 -58.42789
107.2471 -53.55079
104.7629 -49.22866
102.0959 -44.95209
99.22154 -40.74679
95.74365 -36.11219
92.4848 -32.05121
89.13911 -27.99364
85.36975 -23.35565
82.17165 -19.06782
78.32127 -12.8136
75.43193 -5.798956
74.41368 -0.6263865
74.47055 4.806112
75.96429 10.11739
77.95599 13.53421
80.63313 16.49646
83.82815 19.00996
87.85016 21.35469
92.17104 23.31311
96.15855 24.89366
100.2154 26.47779
105.3057 28.64864
109.3431 30.63299
113.3175 32.87279
116.7378 35.0292
121.0732 38.02227
125.4045 41.15454
129.3073 43.9736
133.8103 47.10536
138.4779 50.12139
143.3118 53.00424
147.7341 55.46659
152.2466 57.87763
156.8042 60.31726
163.0348 63.90648
167.4348 66.83596
172.8148 71.30708
176.0194 74.82213
178.537 78.52172
180.9581 84.23251
181.75 88.46917
181.7477 93.27277
181.1003 97.1389
179.9319 100.9555
178.3912 104.7164
176.3339 108.8917
174.5341 112.1021
172.3156 115.7508
170.2612 118.9374
167.479 123.0301
164.8695 126.6565
162.1049 130.246
159.1469 133.7586
155.5401 137.5564
152.0459 140.7258
148.7527 143.2924
144.7281 145.9531
140.9968 148.0244
136.5248 150.0986
131.2734 152.0771
126.4489 153.5561
121.5056 154.8103
117.0991 155.7515
111.9831 156.6744
106.1367 157.5374
100.8657 158.1532
95.52914 158.6134
90.80943 158.8707
85.36378 158.9721
79.87202 158.8388
75.03883 158.5076
69.49728 157.8639
64.64507 157.0605
59.10962 155.8717
52.90788 154.2069
47.42235 152.47
41.96041 150.5307
36.51606 148.4235
32.43887 146.7546
27.00245 144.4374
21.55589 142.0424
15.40709 139.2798
9.918231 136.7753
3.717996 133.9032
-1.809715 131.291
-6.65148 128.9458
-12.17824 126.1752
-18.36865 122.9124
-23.82862 119.8562
-29.23132 116.6324
-33.89995 113.6639
-38.50773 110.5564
-43.69696 106.8404
-48.17601 103.4603
-54.49272 98.45705
-59.49034 94.32948
-65.07303 89.58147
-70.01966 85.29326
-75.5844 80.41457
-80.53953 76.04071
-84.88537 72.18932
-90.48254 67.20039
-94.83632 63.28401
-99.79884 58.75533
-104.1151 54.73206
-108.9983 50.0455
-113.8052 45.24395
-118.5101 40.30722
-122.523 35.8637
-126.4268 31.29922
-130.7431 25.93299
-134.3876 21.10995
-138.4012 15.45949
