0 0
1 108.7301
2 108.7291
3 108.689
4 108.5615
5 108.3126
6 107.9453
7 107.5125
8 106.9735
9 106.2954
10 105.6434
11 104.9488
12 104.3107
13 103.6311
14 102.6889
15 101.8908
16 100.7798
17 99.84692
18 98.85413
19 97.49064
20 96.19901
21 94.83608
22 93.5875
23 92.09856
24 90.74223
25 89.33394
26 87.6591
27 86.13546
28 84.32587
29 82.68145
30 80.48289
31 78.19018
32 75.53278
33 73.32432
34 71.04299
35 68.68883
36 66.56895
37 64.07682
38 61.83451
39 59.53345
40 56.83028
41 53.69383
42 51.18332
43 48.23687
44 45.59034
45 42.8787
46 39.69819
47 36.84412
48 33.50187
49 30.07453
50 26.56346
51 23.42211
52 19.75221
53 16.471
54 12.64051
55 8.724246
56 5.226567
57 1.146544
58 -2.497687
59 -6.750403
60 -10.55228
61 -14.99384
62 -18.96768
63 -23.6127
64 -27.76991
65 -32.62795
66 -36.97144
67 -41.40014
68 -46.56273
69 -51.16463
70 -56.51643
71 -61.96294
72 -67.49837
73 -72.40918
74 -78.80552
75 -84.55598
76 -89.62346
77 -96.15953
78 -101.9466
79 -108.3475
80 -114.5218
81 -120.3754
82 -125.8374
83 -130.322
84 -135.3906
85 -139.4117
86 -142.9096
87 -145.9005
88 -148.4245
89 -150.1116
90 -151.7931
91 -153.5885
92 -154.9709
93 -156.1718
94 -156.9987
95 -157.8343
96 -158.5527
97 -159.1464
98 -159.6046
99 -159.967
100 -160.0752
101 -159.9649
102 -159.6783
103 -159.2865
104 -158.6798
105 -157.9225
106 -157.1524
107 -156.1723
108 -155.2482
109 -154.1482
110 -153.174
111 -152.0792
112 -151.1594
113 -150.1728
114 -149.3782
115 -148.5495
116 -147.9776
117 -147.2634
118 -146.5753
119 -145.8707
120 -145.2086
121 -144.3272
122 -143.1035
123 -142.1304
124 -140.4091
125 -137.8298
126 -134.6984
127 -129.9153
128 -126.8174
129 -123.914
130 -120.8658
131 -117.2788
132 -113.9757
133 -110.0098
134 -106.4311
135 -102.302
136 -98.19765
137 -94.15071
138 -90.65704
139 -86.6971
140 -82.24776
141 -78.76383
142 -74.23048
143 -70.13509
144 -66.49926
145 -62.28849
146 -58.03046
147 -53.74787
148 -48.93354
149 -44.68856
150 -40.49967
151 -36.37399
152 -31.78101
153 -27.18104
154 -23.54609
155 -18.70455
156 -12.42842
157 -7.100301
158 -0.676167
159 3.778699
160 9.28695
161 13.08865
162 15.68191
163 18.54226
164 20.40274
165 22.44143
166 24.24915
167 26.01036
168 27.89828
169 30.02605
170 31.88155
171 34.51921
172 36.72568
173 39.35991
174 42.05369
175 44.74352
176 48.02166
177 51.13799
178 53.50294
179 56.07228
180 58.36655
181 61.08798
182 64.8391
183 69.26483
184 72.85793
185 77.62086
186 83.0324
187 88.44236
188 92.47739
189 96.04659
190 100.6063
191 104.5884
192 108.4885
193 112.7842
194 116.0824
195 119.8187
196 123.5245
197 127.1951
198 131.7019
199 135.2022
200 138.559
201 141.7212
202 144.6397
203 146.9592
204 149.3214
205 151.1286
206 153.304
207 155.1896
208 156.2609
209 157.0183
210 157.8431
211 158.4345
212 158.6631
213 158.7127
214 158.5337
215 158.1422
216 157.6031
217 156.7484
218 155.7819
219 154.2407
220 152.8185
221 150.9748
222 148.9268
223 145.8312
224 143.1043
225 140.5658
226 137.6181
227 134.9373
228 131.5161
229 128.7223
230 125.8653
231 122.9263
232 120.2699
233 117.1161
234 113.3932
235 109.9087
236 106.2514
237 102.9123
238 98.94775
239 94.8421
240 91.14927
241 85.7397
242 80.76626
243 76.28373
244 71.75693
245 66.6209
246 62.01818
247 57.37392
248 53.26671
249 49.10727
250 44.2723
251 39.3307
252 34.26293
253 29.71195
254 24.36713
255 18.86441
256 13.91968
257 6.657451
258 -0.06149185
259 -5.394308
260 -11.59267
261 -18.6871
262 -25.09368
263 -30.775
264 -37.35479
265 -44.0216
266 -50.75583
267 -57.53105
268 -64.30949
269 -70.88547
270 -77.20493
271 -83.26286
272 -89.72732
273 -95.29755
274 -100.772
275 -106.7825
276 -112.5686
277 -118.6677
278 -123.2703
279 -127.6129
280 -132.1714
281 -136.3741
282 -141.0248
283 -145.1299
284 -147.7612
285 -149.8154
286 -151.8789
287 -153.642
288 -154.9444
289 -156.3048
290 -157.1373
291 -157.7923
292 -158.4039
293 -158.7687
294 -159.0206
295 -159.1316
296 -159.1619
297 -159.1274
298 -159.0345
299 -158.8822
300 -158.6633
301 -158.4029
302 -157.9545
303 -157.3559
304 -156.7767
305 -155.9892
306 -155.0732
307 -154.0456
308 -152.9343
309 -151.9178
310 -150.7372
311 -149.7142
312 -148.5812
313 -147.6371
314 -146.6226
315 -145.7908
316 -144.8871
317 -144.1144
318 -143.3244
319 -142.2044
320 -141.188
321 -139.9986
322 -138.385
323 -135.0504
324 -132.5164
325 -128.7903
326 -125.829
327 -121.6819
328 -117.7928
329 -113.8573
330 -109.8054
331 -105.6642
332 -101.0004
333 -96.40692
334 -92.39733
335 -88.42403
336 -84.45001
337 -80.94868
338 -76.89757
339 -73.29975
340 -68.59579
341 -62.74176
342 -58.42789
343 -53.55079
344 -49.22866
345 -44.95209
346 -40.74679
347 -36.11219
348 -32.05121
349 -27.99364
350 -23.35565
351 -19.06782
352 -12.8136
353 -5.798956
354 -0.6263865
355 4.806112
356 10.11739
357 13.53421
358 16.49646
359 19.00996
360 21.35469
361 23.31311
362 24.89366
363 26.47779
364 28.64864
365 30.63299
366 32.87279
367 35.0292
368 38.02227
369 41.15454
370 43.9736
371 47.10536
372 50.12139
373 53.00424
374 55.46659
375 57.87763
376 60.31726
377 63.90648
378 66.83596
379 71.30708
380 74.82213
381 78.52172
382 84.23251
383 88.46917
384 93.27277
385 97.1389
386 100.9555
387 104.7164
388 108.8917
389 112.1021
390 115.7508
391 118.9374
392 123.0301
393 126.6565
394 130.246
395 133.7586
396 137.5564
397 140.7258
398 143.2924
399 145.9531
400 148.0244
401 150.0986
402 152.0771
403 153.5561
404 154.8103
405 155.7515
406 156.6744
407 157.5374
408 158.1532
409 158.6134
410 158.8707
411 158.9721
412 158.8388
413 158.5076
414 157.8639
415 157.0605
416 155.8717
417 154.2069
418 152.47
419 150.5307
420 148.4235
421 146.7546
422 144.4374
423 142.0424
424 139.2798
425 136.7753
426 133.9032
427 131.291
428 128.9458
429 126.1752
430 122.9124
431 119.8562
432 116.6324
433 113.6639
434 110.5564
435 106.8404
436 103.4603
437 98.45705
438 94.32948
439 89.58147
440 85.29326
441 80.41457
442 76.04071
443 72.18932
444 67.20039
445 63.28401
446 58.75533
447 54.73206
448 50.0455
449 45.24395
450 40.30722
451 35.8637
452 31.29922
453 25.93299
454 21.10995
455 15.45949
