0 0
0.04380091 0.0
0.3942019 0.0
0.4893566 0.0
0.201056 0.0
0.1734278 0.0
0.2605505 0.0
0.3984348 0.0
0.5483175 0.0
0.7472208 0.0
0.992456 0.0
1.227198 0.0
1.374653 0.0
1.583057 0.0
1.706246 0.0
1.874757 0.0
2.030981 0.0
2.20179 0.0
2.342727 0.0
2.49598 0.0
2.628628 0.0
2.759481 0.0
2.924951 0.0
3.069465 0.0
3.2116 0.0
3.351392 0.0
3.488885 0.0
3.640849 0.0
3.773571 0.0
3.904108 0.0
4.016565 0.0
4.158765 0.0
4.282952 0.0
4.420214 0.0
4.525214 0.0
4.643355 0.0
4.759548 0.0
4.873822 0.0
4.972259 0.0
5.096735 0.0
5.205439 0.0
5.312349 0.0
5.417491 0.0
5.520889 0.0
5.622578 0.0
5.734969 0.0
5.833115 0.0
5.953508 0.0
6.059738 0.0
6.140992 0.0
6.232411 0.0
6.311158 0.0
6.410706 0.0
6.486852 0.0
6.572527 0.0
6.646318 0.0
6.749869 0.0
6.831149 0.0
6.911069 0.0
6.989617 0.0
7.066856 0.0
7.133342 0.0
7.20812 0.0
7.272485 0.0
7.344853 0.0
7.415928 0.0
7.477096 0.0
7.485911 0.0
7.09569 0.0
6.668363 0.0
6.297319 0.0
6.013708 0.0
6.023583 0.0
6.093961 0.0
6.128157 0.0
6.057239 0.0
5.69986 0.0
5.308246 0.0
5.117238 0.0
5.231099 0.0
5.357697 0.0
5.423248 0.0
5.348871 0.0
5.007719 0.0
4.6749 0.0
4.564959 0.0
4.66619 0.0
4.780793 0.0
4.893498 0.0
5.004429 0.0
5.113504 0.0
5.247308 0.0
5.378246 0.0
5.481073 0.0
5.594742 0.0
5.718784 0.0
5.827966 0.0
5.923987 0.0
6.029552 0.0
6.110512 0.0
6.202238 0.0
6.291565 0.0
6.380324 0.0
6.456272 0.0
6.531725 0.0
6.616416 0.0
6.709908 0.0
6.781525 0.0
6.872115 0.0
6.97086 0.0
7.048431 0.0
7.124731 0.0
7.218368 0.0
7.328233 0.0
7.391078 0.0
7.461803 0.0
7.531359 0.0
7.602405 0.0
7.666249 0.0
7.731522 0.0
7.80507 0.0
7.876453 0.0
7.939019 0.0
7.992886 0.0
8.061047 0.0
8.200876 0.0
8.265234 0.0
8.328412 0.0
8.376738 0.0
8.437852 0.0
8.491225 0.0
8.543708 0.0
8.588908 0.0
8.646008 0.0
8.675741 0.0
8.115531 0.0
7.733219 0.0
7.284604 0.0
6.948032 0.0
6.47751 0.0
6.110137 0.0
5.750923 0.0
5.356128 0.0
4.97135 0.0
4.595776 0.0
4.150027 0.0
3.796015 0.0
3.413466 0.0
3.063584 0.0
3.136289 0.0
3.276099 0.0
3.429934 0.0
3.581541 0.0
3.71441 0.0
3.82907 0.0
3.957859 0.0
4.084705 0.0
4.209294 0.0
4.34736 0.0
4.453017 0.0
4.572169 0.0
4.674804 0.0
4.790203 0.0
4.889645 0.0
5.001603 0.0
5.125441 0.0
5.220148 0.0
5.326743 0.0
5.444622 0.0
5.547561 0.0
5.648807 0.0
5.748404 0.0
5.87061 0.0
5.966569 0.0
6.072628 0.0
6.188113 0.0
6.278547 0.0
6.377127 0.0
5.967643 0.0
5.612466 0.0
5.179538 0.0
4.715383 0.0
4.386425 0.0
3.945572 0.0
3.634501 0.0
3.254987 0.0
