0 0
1 0.04380091
1 0.04380091
1 0.109502275
1 0.197698556271362
1 0.308364910732822
1 0.441441763101872
1 0.596814229981472
1 0.77450695741478
1 0.974784562772744
1 1.19784884339627
1 1.44354996043048
2 0.3942019
2 0.3942019
2 1.00032828242219
2 1.62436435581798
2 2.25910946173766
2 2.9108391321221
2 3.59395940168137
2 4.30815809183968
2 5.04864391349961
2 5.81244554983514
2 6.59843390625957
3 0.4893566
3 0.4893566
3 1.23805554628868
3 2.00065282829494
3 2.76690258967823
3 3.56428646414466
3 4.39610370578231
3 5.2555443578431
3 6.13914470344319
3 7.04567749608533
3 7.9745901475209
4 0.201056
4 0.201056
4 0.517616029531934
4 0.85600490993014
4 1.21501215446096
4 1.59299039790133
4 1.98942779919486
4 2.4102953756262
4 2.85830567565238
4 3.33174658695185
4 3.82819990240611
5 0.1734278
5 0.1734278
5 0.44855399939229
5 0.745736113969949
5 1.06414075441216
5 1.40259301059054
5 1.76030344453498
5 2.14146661075387
5 2.54867192006838
5 2.98071279886507
5 3.43578081326553
6 0.2605505
6 0.2605505
6 0.666324647211007
6 1.09320177613652
6 1.53881153592859
6 2.00010737274702
6 2.4832820556911
6 2.99484679600366
6 3.53407053512026
6 4.09739353746507
6 4.68242323896367
7 0.3984348
7 0.3984348
7 1.01090483457224
7 1.64114037692506
7 2.28323011711702
7 2.95121734531519
7 3.64930809960545
7 4.37361176008683
7 5.12126039123897
7 5.89108685615919
7 6.68287461978542
8 0.5483175
8 0.5483175
8 1.38532217051032
8 2.23284034702292
8 3.10687991963348
8 4.00992425394567
8 4.93728145239706
8 5.88721164705726
8 6.85937145026704
8 7.85358503411529
8 8.86985372387487
9 0.7472208
9 0.7472208
9 1.88186433227126
9 3.03751162067739
9 4.21813627856347
9 5.42123215139521
9 6.64614224694599
9 7.8930418438537
9 9.16205226094898
9 10.4530891986392
9 11.7660882717548
10 0.992456
10 0.992456
10 2.49609976847924
10 4.01761390516562
10 5.55947841961447
10 7.12329298803609
10 8.70945459423565
10 10.3181807830733
10 11.9495121225615
10 13.6032697831647
10 15.2791735595345
11 1.227198
11 1.227198
11 3.08236033432
11 4.94043760145722
11 6.82428789139396
11 8.7336073726146
11 10.6671414445897
11 12.624401244943
11 14.6050986947308
11 16.6089709221838
11 18.6357036518698
12 1.374653
12 1.374653
12 3.45074125452047
12 5.52681930664452
12 7.63247921610257
12 9.76496198069234
12 11.9222488182891
12 14.1035445428276
12 16.3084628216494
12 18.5367903701931
12 20.7883562845534
13 1.583057
13 1.583057
13 3.97123709065194
13 6.36698681997824
13 8.79150259331223
13 11.2418746853612
13 13.7165795909968
13 16.2149781541405
13 18.7367440144105
13 21.2816801092433
13 23.8496282858725
14 1.706246
14 1.706246
14 4.27999376931684
14 6.86694142455293
14 9.4810705688602
14 12.1200014668049
14 14.7826262580909
14 17.4684672744971
14 20.1772682002242
14 22.9088627684702
14 25.6631248192782
15 1.874757
15 1.874757
15 4.70144175048298
15 7.54712765952912
15 10.4177183486175
15 13.3118241158435
15 16.2288393023418
15 19.168473622091
15 22.1305539330065
15 25.1149744236192
15 28.1217085166912
16 2.030981
16 2.030981
16 5.09231831141785
16 8.17512227370303
16 11.2814167456656
16 14.4103847117107
16 17.5616643214918
16 20.735057391429
16 23.9304462045014
16 27.1478075858555
16 30.3872862808445
17 2.20179
17 2.20179
17 5.51930409293929
17 8.85947599051199
17 12.2218449875122
17 15.6061398710775
17 19.0121712292395
17 22.4398079556575
17 25.889019197409
17 29.359984852381
17 32.8532678005194
18 2.342727
18 2.342727
18 5.87179679816906
18 9.42294626730134
18 12.9958513916912
18 16.5902725656287
18 20.2060137028614
18 23.8429439420093
18 27.5010756998195
18 31.1807279974977
18 34.8827758120508
19 2.49598
19 2.49598
19 6.25492497041777
19 10.0346666632924
19 13.8360322646425
19 17.6587095044433
19 21.5024292451357
19 25.3670400821331
19 29.252629724317
19 33.1597649953174
19 37.0898345385126
20 2.628628
20 2.628628
20 6.58647405195076
20 10.5640430445631
20 14.5632285047819
20 18.5835773767316
20 22.6247369851151
20 26.6865314245566
20 30.7691103177358
20 34.8732503308172
20 39.0007751530165
21 2.759481
21 2.759481
21 6.91356610081893
21 11.0862268940781
21 15.2806078549336
21 19.4960669746142
21 23.7321513521972
21 27.9886579239638
21 32.265808659843
21 36.5646168478988
21 40.887377501583
22 2.924951
22 2.924951
22 7.3271791649675
22 11.7468227799733
22 16.1883124007502
22 20.6507716096224
22 25.1336272983406
22 29.6366459414453
22 34.1601455038461
22 38.7054445594927
22 43.2754310474607
23 3.069465
23 3.069465
23 7.68841829825514
23 12.3240209712974
23 16.9815476769256
23 21.6599373021748
23 26.3585213772292
23 31.0770445137899
23 35.8159136896552
23 40.5767218216857
23 45.3628743850972
24 3.2116
24 3.2116
24 8.04372500953103
24 12.8919777395156
24 17.7621797720005
24 22.6531186252633
24 27.5640437354795
24 32.4946825204307
24 37.4455320920269
24 42.4184577846425
24 47.4173676086439
25 3.351392
25 3.351392
25 8.39316755586298
25 13.4491967754262
25 18.5281526147047
25 23.6284315720248
25 28.7491272310748
25 33.8898877468616
25 39.0512041475839
25 44.2350760689842
25 49.4456723070297
26 3.488885
26 3.488885
26 8.7368229763816
26 13.9992003678622
26 19.2844139907099
26 24.590770751716
26 29.9172922622395
26 35.263596236539
26 40.6302538682166
26 46.0195581863427
26 51.436221844799
27 3.640849
27 3.640849
27 9.1167573159118
27 14.6074155955334
27 20.1207355816729
27 25.6549610756486
27 31.2090381402954
27 36.7825460011789
27 42.3761432268452
27 47.9924607905664
27 53.6368401529276
28 3.773571
28 3.773571
28 9.44858148331778
28 15.1388461225309
28 20.8514842755219
28 26.5847413472301
28 32.3375042426729
28 38.1093081560704
28 43.9008718192632
28 49.7151119787248
28 55.5579535621119
29 3.904108
29 3.904108
29 9.77494903608536
29 15.6615087132368
29 21.5701038463994
29 27.4989800042721
29 33.4469518265491
29 39.4134974845259
29 45.3993901828576
29 51.4078484394632
29 57.4454543740032
30 4.016565
30 4.016565
30 10.0560630187831
30 16.1117292955303
30 22.1890622524524
30 28.2863101793531
30 34.4022122746103
30 40.5361812616387
30 46.6890236846434
30 52.8642221208147
30 59.0690028492643
31 4.158765
31 4.158765
31 10.4116400894405
31 16.6806638423795
31 22.9709914236095
31 29.2807672062657
31 35.6085883422593
31 41.9537793880332
31 48.3172393013706
31 54.7029203123734
31 61.1190683669383
32 4.282952
32 4.282952
32 10.722095951522
32 17.177331890058
32 23.6534600418144
32 30.1485107454221
32 36.6609312227516
32 43.1899503822545
32 49.7365476738232
32 56.3051308230999
32 62.9049986165568
33 4.420214
33 4.420214
33 11.0652484528126
33 17.725618715784
33 24.4061985264447
33 31.1049159891253
33 37.8201306996985
33 44.5510726002065
33 51.2988765702204
33 58.0683754964003
33 64.869803127322
34 4.525214
34 4.525214
34 11.3277275597448
34 18.144875197781
34 24.9819406932255
34 31.8366497535303
34 38.7072040487318
34 45.5927791920983
34 52.4946805524629
34 59.4183348384198
34 66.375140825513
35 4.643355
35 4.643355
35 11.6230327805845
35 18.6163444384831
35 25.6292192867866
35 32.6591173863725
35 39.7040438350949
35 46.7631177527981
35 53.837881720032
35 60.934543935382
35 68.0659973093449
36 4.759548
36 4.759548
36 11.9134731599534
36 19.0797317602571
36 26.2652145048541
36 33.4670679253645
36 40.6830828563614
36 47.9123363758263
36 55.1566749294458
36 62.4232342945837
36 69.7265935728736
37 4.873822
37 4.873822
37 12.199099003689
37 19.5351639748963
37 26.8901160725617
37 34.2607461114156
37 41.6446149535407
37 49.0407719366346
37 56.4514310635582
37 63.8847941655721
37 71.3573045700026
38 4.972259
38 4.972259
38 12.4451633323416
38 19.9271750926705
38 27.4278315411432
38 34.9435602242872
38 42.4717063512405
38 50.0113176260446
38 57.5650096994593
38 65.1420762389298
38 72.76075035786
39 5.096735
39 5.096735
39 12.7562258708475
39 20.4228283712977
39 28.1077628307097
39 35.8069231767031
39 43.5172994743033
39 51.2378751087795
39 58.9717999671315
39 66.7299701901792
39 74.5333188747289
40 5.205439
40 5.205439
40 13.0279459224794
40 20.8552716223735
40 28.7006468416689
40 36.5594629399154
40 44.428426309217
40 52.3065474904593
40 60.1975798886804
40 68.113980481189
40 76.0790619216707
41 5.312349
41 5.312349
41 13.2950780968056
41 21.2804671003868
41 29.2835271849254
41 37.2991524407729
41 45.3237611425161
41 53.356391099952
41 61.4014143971181
41 69.4728934863075
41 77.5966064339523
42 5.417491
42 5.417491
42 13.5578519915343
42 21.6983211993008
42 29.8561783647491
42 38.0257550350881
42 46.2031696468576
42 54.3875274843426
42 62.5839367371834
42 70.8082718709917
42 79.0888689124315
43 5.520889
43 5.520889
43 13.8162316539103
43 22.1090564995444
43 30.4189728037042
43 38.7397272933696
43 47.0671333588014
43 55.4003833065024
43 63.7453816792716
43 72.1199245817769
43 80.5549619244644
44 5.622578
44 5.622578
44 14.0703426802088
44 22.5128086383652
44 30.9720950470742
44 39.4413309200148
44 47.9160199184797
44 56.3954695829034
44 64.8864595967319
44 73.4088403295497
44 81.9961961115374
45 5.734969
45 5.734969
45 14.3511920439685
45 22.9577626772868
45 31.5836031237933
45 40.2197365313627
45 48.8597760515686
45 57.501433946695
45 66.1516249310493
45 74.8345357016535
45 83.5919734110136
46 5.833115
46 5.833115
46 14.5963662560997
46 23.3482575793392
46 32.1184202913782
46 40.8970300175883
46 49.6769973351253
46 58.4558449381001
46 67.2415225231425
46 76.0614688213037
46 84.9626538437364
47 5.953508
47 5.953508
47 14.8972846805331
47 23.8269154506705
47 32.7734104888359
47 41.7257615962075
47 50.6759155875627
47 59.6211597580205
47 68.5709060098293
47 77.5571083258669
47 86.6339036420407
48 6.059738
48 6.059738
48 15.1627391941177
48 24.2488919767968
48 33.3502789746134
48 42.454762374163
48 51.553336103447
48 60.6430325460837
48 69.7346415627766
48 78.8644899672515
48 88.09411430747
49 6.140992
49 6.140992
49 15.3658087659119
49 24.5710979548608
49 33.7902399005857
49 43.0101034332331
49 52.2208790234185
49 61.4194139985499
49 70.6177113068637
49 79.8558531721035
49 89.2017115450485
50 6.232411
50 6.232411
50 15.5941944596194
50 24.9273181972132
50 34.2788560042329
50 43.6316339689492
50 52.9715041883978
50 62.2905657504795
50 71.5988362450247
50 80.9438800317892
50 90.4150101887004
51 6.311158
51 6.311158
51 15.7909916358131
51 25.2394129167848
51 34.704081356039
51 44.1659516676881
51 53.6090680618576
51 63.024712966486
51 72.4248477511191
51 81.8643316757213
51 91.4451693320554
52 6.410706
52 6.410706
52 16.0393525015677
52 25.6338537865517
52 35.2404763108981
52 44.8377591661363
52 54.4071260068641
52 63.9384519649795
52 73.4458403799945
52 82.9935516547308
52 92.702963252702
53 6.486852
53 6.486852
53 16.2297132079286
53 25.9342257889408
53 35.6475288524217
53 45.3458341407901
53 55.0083060264343
53 64.6237762820327
53 74.2084759210559
53 83.8350504837121
53 93.6415106625744
54 6.572527
54 6.572527
54 16.4436742980147
54 26.2729307326126
54 36.1043136053511
54 45.9120486207704
54 55.6738597330003
54 65.3791932254002
54 75.04822746381
54 84.7623853779345
54 94.6746000638122
55 6.646318
55 6.646318
55 16.628061816422
55 26.5603697325792
55 36.4905898306604
55 46.3903321200446
55 56.2352349705859
55 66.0142140598088
55 75.75013100875
55 85.5330735562793
55 95.5332872938459
56 6.749869
56 6.749869
56 16.8864974767685
56 26.9596777968354
56 37.0243157990075
56 47.0478533980122
56 57.0029251918523
56 66.8780325664181
56 76.7006135630563
56 86.5743828501837
56 96.6959669173392
57 6.831149
57 6.831149
57 17.0895814539758
57 27.2681721657023
57 37.4335684266881
57 47.5492804009574
57 57.5855937220033
57 67.5313044548097
57 77.4188596092865
57 87.3650496509216
57 97.588685489502
58 6.911069
58 6.911069
58 17.2880646309466
58 27.5692000007
58 37.8314548227685
58 48.0336796970372
58 58.1427691178876
58 68.1467203692461
58 78.0824075210806
58 88.0810191804627
58 98.3903700534379
59 6.989617
59 6.989617
59 17.4839017202141
59 27.8597781273285
59 38.2122263806629
59 48.4955454229298
59 58.674503117191
59 68.7383203120244
59 78.7304707295539
59 88.7974173307765
59 99.2104817976733
60 7.066856
60 7.066856
60 17.675946531821
60 28.141867638626
60 38.580188936332
60 48.9405397033223
60 59.1857502738562
60 69.3066041875484
60 79.3535290820359
60 89.488500999979
60 100.005912399809
61 7.133342
61 7.133342
61 17.841138198249
61 28.3814587552975
61 38.8914480527243
61 49.3164252751786
61 59.6176765580648
61 69.7877091321357
61 79.8835311220171
61 90.0812009354614
61 100.694381975875
62 7.20812
62 7.20812
62 18.0270191721178
62 28.6474837606473
62 39.2359777055285
62 49.7325527622496
62 60.0968692729187
62 70.3237881194763
62 80.4783949217842
62 90.7533789961036
62 101.482677664928
63 7.272485
63 7.272485
63 18.1865961261067
63 28.862029965916
63 39.502161355735
63 50.0046580391229
63 60.2786475443396
63 70.2718145729599
63 80.0361266254928
63 89.844231077318
63 100.311784694846
64 7.344853
64 7.344853
64 18.3656827644277
64 29.1133593807804
64 39.8112630401757
64 50.3457369758841
64 60.619534932893
64 70.5823687413229
64 80.2995753874931
64 90.0736553531939
64 100.578539658371
65 7.415928
65 7.415928
65 18.541984953761
65 29.344332804182
65 40.0828702775406
65 50.6327712396213
65 60.8916964954845
65 70.8128158858462
65 80.4749725681932
65 90.2081105686603
65 100.739747942492
66 7.477096
66 7.477096
66 18.6945849159453
66 29.4970085074048
66 40.2141780947106
66 50.6686370350269
66 60.691903091096
66 70.1857612954443
66 79.223585752551
66 88.2183668665069
66 98.2032313622286
67 7.485911
67 7.485911
67 18.6968832404473
67 29.437464714726
67 40.0526679071032
67 50.3623553312569
67 60.1991867965148
67 69.4799565597826
67 78.2976386326711
67 87.0775755722684
67 96.8686605578924
68 7.09569
68 7.09569
68 17.7230603694577
68 27.8882850554171
68 37.9621799180833
68 47.746489414773
68 57.057089482826
68 65.7893850280481
68 74.0165512840413
68 82.1450453804019
68 91.2198993945999
69 6.668363
69 6.668363
69 16.6547022242591
69 26.2285043610523
69 35.7174917560461
69 44.9423830127929
69 53.7505075322204
69 62.0616524778429
69 69.9462506007705
69 77.7572397686978
69 86.3853497424498
70 6.297319
70 6.297319
70 15.7305680415728
70 24.7864907112683
70 33.763088542093
70 42.5031183250311
70 50.877634033093
70 58.8226411079494
70 66.4033390063452
70 73.9279208238352
70 82.1630420264352
71 6.013708
71 6.013708
71 15.0287369493477
71 23.6839126829587
71 32.2635122856
71 40.6248429564731
71 48.6553645972024
71 56.302774875836
71 63.6291851539613
71 70.9112693058239
71 78.8286319996379
72 6.023583
72 6.023583
72 15.0533529329837
72 23.671645570109
72 32.2067249964708
72 40.5111429402906
72 48.4746888160708
72 56.0523257269186
72 63.313949894431
72 70.5413432899981
72 78.4184487579085
73 6.093961
73 6.093961
73 15.226080732722
73 23.8676278947646
73 32.4067379030209
73 40.6458702469339
73 48.4276009447117
73 55.6797614458604
73 62.4770653959684
73 69.1450314419819
73 76.5180358411045
74 6.128157
74 6.128157
74 15.3011362776996
74 23.9175078605201
74 32.409133561858
74 40.576424539396
74 48.272342074653
74 55.4427500845289
74 62.1758718133609
74 68.7983757007507
74 76.1327051814773
75 6.057239
75 6.057239
75 15.1204163765566
75 23.5904189475263
75 31.9282673588213
75 39.9415475207749
75 47.4976684033969
75 54.5563621910501
75 61.2097535881335
75 67.7724078156016
75 75.0264999967494
76 5.69986
76 5.69986
76 14.2287959266926
76 22.2084058100174
76 30.0947949302832
76 37.6914851788304
76 44.852142268936
76 51.5158553064239
76 57.7548137166269
76 63.8622884509654
76 70.5910408766477
77 5.308246
77 5.308246
77 13.2565816140904
77 20.7279782992188
77 28.121106039797
77 35.2726395821986
77 42.0652739287356
77 48.4516856962738
77 54.4929696108425
77 60.4369114972932
77 66.9115328852288
78 5.117238
78 5.117238
78 12.7810760213824
78 19.9730617179096
78 27.0971506815252
78 34.0033354266998
78 40.5886484217285
78 46.814429239089
78 52.7387104340779
78 58.5879256041121
78 64.9281349740115
79 5.231099
79 5.231099
79 13.069847449738
79 20.3375764749732
79 27.5488650277593
79 34.5026249087592
79 41.0515936295414
79 47.1304089402181
79 52.7992625171306
79 58.3224320988078
79 64.3895585579226
80 5.357697
80 5.357697
80 13.3788680050532
80 20.747931957728
80 28.0349490962132
80 35.0364766330157
80 41.6173227488293
80 47.7325611180261
80 53.4582218543902
80 59.0643688004571
80 65.238189695637
81 5.423248
81 5.423248
81 13.5304794453811
81 20.9237689904832
81 28.2336837866738
81 35.2375417475441
81 41.7896557179147
81 47.844376731284
81 53.4845208478795
81 58.9922532314962
81 65.0865920327774
82 5.348871
82 5.348871
82 13.3433329369195
82 20.635281338681
82 27.8365854724793
82 34.7467622471477
82 41.2429341539067
82 47.2939579961241
82 52.9820194703776
82 58.5715335300092
82 64.7251799096863
83 5.007719
83 5.007719
83 12.4950511294684
83 19.3896795263189
83 26.213857767936
83 32.8041305789974
83 39.0623662766686
83 44.9633663668223
83 50.5750562438524
83 56.1216427610229
83 62.15472267069
84 4.6749
84 4.6749
84 11.6756347663661
84 18.1731456546488
84 24.6210055778814
84 30.885117078412
84 36.8862071855928
84 42.6034567229738
84 48.0926175293076
84 53.5409627596993
84 59.3998265657476
85 4.564959
85 4.564959
85 11.4066829194748
85 17.7623840711424
85 24.0779996543148
85 30.2303123035888
85 36.1486390356409
85 41.8159123640368
85 47.2847428462075
85 52.7280165494287
85 58.5551584282898
86 4.66619
86 4.66619
86 11.658353103474
86 18.1123709995079
86 24.5434623384683
86 30.8230120060472
86 36.8786080336182
86 42.6923347861318
86 48.3172009824714
86 53.9299805956774
86 59.9482294673568
87 4.780793
87 4.780793
87 11.941437278957
87 18.5402503783442
87 25.116859336073
87 31.5433732642959
87 37.7517083406094
87 43.7295523937553
87 49.5351661202537
87 55.3494618805891
87 61.5880311087631
88 4.893498
88 4.893498
88 12.221352294506
88 18.9720131360408
88 25.7039138465722
88 32.2912313372624
88 38.6705032896409
88 44.8345717802105
88 50.8463115065697
88 56.8897410815001
88 63.3744246265243
89 5.004429
89 5.004429
89 12.499661869407
89 19.4244468561814
89 26.3183392269773
89 33.0671449862468
89 39.6221909389115
89 45.9911370761409
89 52.2473077351182
89 58.5739168108843
89 65.3475046606274
90 5.113504
90 5.113504
90 12.7725887496708
90 19.857195325465
90 26.9200758592005
90 33.8532278313454
90 40.6138916733819
90 47.2143700788746
90 53.730756003606
90 60.3440108377174
90 67.4081605640509
91 5.247308
91 5.247308
91 13.1064974614761
91 20.391293654189
91 27.6798586492768
91 34.8641822551561
91 41.8998142911155
91 48.7958705139824
91 55.6262386183045
91 62.5713660474543
91 69.9754675608314
92 5.378246
92 5.378246
92 13.4340711674005
92 20.9442055772153
92 28.4690443775628
92 35.9076307445173
92 43.2218462055761
92 50.4256356523218
92 57.5955951327287
92 64.9075979272565
92 72.6708923925208
93 5.481073
93 5.481073
93 13.6930763802314
93 21.3898041470935
93 29.1090471959633
93 36.7566508468114
93 44.3000209570184
93 51.7569610423582
93 59.2053880281663
93 66.8144977817546
93 74.8578078599338
94 5.594742
94 5.594742
94 13.9756875483712
94 21.8987499134075
94 29.8450576429451
94 37.7330618480617
94 45.5381170372876
94 53.2823348345847
94 61.0428854928003
94 68.9755655471956
94 77.3052972019281
95 5.718784
95 5.718784
95 14.2917106387965
95 22.4489536225678
95 30.6424906279454
95 38.7934870320791
95 46.8764594408487
95 54.9100495875854
95 62.967084331417
95 71.1967523886493
95 79.7985980088236
96 5.827966
96 5.827966
96 14.5659683997532
96 22.9465358350525
96 31.3607908620297
96 39.7411870498802
96 48.0683031653096
96 56.3630412572946
96 64.6953264395692
96 73.1995943658594
96 82.0311468846131
97 5.923987
97 5.923987
97 14.8089517941302
97 23.3821158349968
97 31.9875079073783
97 40.5669257083033
97 49.1059622765894
97 57.6271132749358
97 66.1968299031618
97 74.9347826171405
97 83.9558636182764
98 6.029552
98 6.029552
98 15.0746261039419
98 23.862520296175
98 32.6774913631375
98 41.4723806227067
98 50.2380278534467
98 58.9978935048619
98 67.8133739451319
98 76.7872212545704
98 85.996419219487
99 6.110512
99 6.110512
99 15.2796804164035
99 24.2240785610458
99 33.1949713518172
99 42.1519004975985
99 51.0887012885752
99 60.0286850633414
99 69.0285433396924
99 78.1776501340713
99 87.5247926485535
100 6.202238
100 6.202238
100 15.5101139602421
100 24.6216684793914
100 33.7747195227965
100 42.9272418834979
100 52.0670330251258
100 61.2075027352748
100 70.3948774775753
100 79.7120508276066
100 89.2039507100212
101 6.291565
101 6.291565
101 15.7347007534965
101 25.0198858634696
101 34.3407857954288
101 43.6620304498163
101 52.9738976041644
101 62.2895425770909
101 71.651596216717
101 81.1336935816732
101 90.7640188541012
102 6.380324
102 6.380324
102 15.9583306297173
102 25.4106121351722
102 34.8932842135231
102 44.3769831795987
102 53.8541372739783
102 63.3374833615113
102 72.8660473328064
102 82.5049318014141
102 92.270048462604
103 6.456272
103 6.456272
103 16.1479305131884
103 25.7425082069006
103 35.3614014818113
103 44.9808184761698
103 54.5949897486243
103 64.2160026233082
103 73.8793622297902
103 83.6434821898984
103 93.5225111275437
104 6.531725
104 6.531725
104 16.3396639209868
104 26.063845276967
104 35.8110581456904
104 45.5604343247693
104 55.3073683773084
104 65.063677914126
104 74.8624850330845
104 84.7561967725275
104 94.7487594023855
105 6.616416
105 6.616416
105 16.5515114102899
105 26.4152398102539
105 36.3043225194125
105 46.1992489304975
105 56.0943876105054
105 65.9983949599439
105 75.9398033425395
105 85.9669914093512
105 96.0865997743611
106 6.709908
106 6.709908
106 16.7858380152057
106 26.8060324490397
106 36.8483251924519
106 46.896237795542
106 56.9450859832529
106 67.0030904031117
106 77.0966973321253
106 87.2704377161769
106 97.5302827760957
107 6.781525
107 6.781525
107 16.9655981911311
107 27.1073901209509
107 37.2626901503996
107 47.4199027203113
107 57.5780168092156
107 67.748127938575
107 77.9566040612283
107 88.2424301046696
107 98.60965369593
108 6.872115
108 6.872115
108 17.1919427187747
108 27.4788417637607
108 37.7780396375046
108 48.0804170062065
108 58.3859086013273
108 68.7049278367862
108 79.0608372676658
108 89.4874780952641
108 99.9902886014314
109 6.97086
109 6.97086
109 17.4399427969602
109 27.8795282411024
109 38.3325389267088
109 48.7915082163095
109 59.2572369964294
109 69.7397726458979
109 80.2600076690873
109 90.846264574034
109 101.497553806948
110 7.048431
110 7.048431
110 17.633861796935
110 28.1934337021885
110 38.7670526353677
110 49.3485935815745
110 59.9394967069896
110 70.5494072426241
110 81.1971368202443
110 91.9068302408475
110 102.67442350139
111 7.124731
111 7.124731
111 17.8248008303089
111 28.5061378961416
111 39.2001536877953
111 49.9016939342472
111 60.6130745169279
111 71.344689162998
111 82.1152550595044
111 92.9465212004638
111 103.827686599769
112 7.218368
112 7.218368
112 18.0592060751866
112 28.8823495259815
112 39.719895802121
112 50.5681469075209
112 61.4301488001337
112 72.3156524720075
112 83.2405125564679
112 94.2208605934537
112 105.241115869943
113 7.328233
113 7.328233
113 18.3338505716813
113 29.3234026033679
113 40.3301718176631
113 51.3518570934926
113 62.3920675212792
113 73.4595127974867
113 84.5664234530282
113 95.7218697873644
113 106.902247307155
114 7.391078
114 7.391078
114 18.4910828181543
114 29.5756372360102
114 40.6796196315655
114 51.8012458184092
114 62.9442294187273
114 74.1164861294936
114 85.3279424132673
114 96.5830307989044
114 107.85085547947
115 7.461803
115 7.461803
115 18.6678486151429
115 29.860277715906
115 41.0745866788031
115 52.3094679279469
115 63.5685393956635
115 74.8585219417867
115 86.1863948497941
115 97.5510947895084
115 108.913777822546
116 7.531359
116 7.531359
116 18.8418913850496
116 30.1408641761691
116 41.46435457575
116 52.8112346030875
116 64.1847243402153
116 75.5900108529345
116 87.0307144491963
116 98.4995997076273
116 109.947977392635
117 7.602405
117 7.602405
117 19.0194633783931
117 30.4231800568762
117 41.8609020757847
117 53.325691503278
117 64.8162455661185
117 76.3344068700341
117 87.8833623008957
117 99.45854249096
117 111.000897274336
118 7.666249
118 7.666249
118 19.1791540595279
118 30.6855304032963
118 42.2250540026718
118 53.7913091405819
118 65.3830839441952
118 77.0018145005665
118 88.6493848177266
118 100.31766192376
118 111.937149178658
119 7.731522
119 7.731522
119 19.3426221361038
119 30.953988926849
119 42.5969567027066
119 54.2659924711002
119 65.9600563802639
119 77.680177479576
119 89.4270553155765
119 101.190023753883
119 112.894644801398
120 7.80507
120 7.80507
120 19.526776551995
120 31.2522843648861
120 43.0124561396227
120 54.7984699020312
120 66.6077630298349
120 78.4401569634576
120 90.2970917601405
120 102.173553097984
120 113.99479831849
121 7.876453
121 7.876453
121 19.705360641783
121 31.5475520683269
121 43.4188490711915
121 55.3138827656632
121 67.2310814223535
121 79.1703079682553
121 91.1334795281532
121 103.119408596993
121 115.068858257576
122 7.939019
122 7.939019
122 19.8622167471677
122 31.8036900407796
122 43.7707882402846
122 55.7605046718638
122 67.7715935636175
122 79.8035323499748
122 91.858492436986
122 103.939520730937
122 116.006412748851
123 7.992886
123 7.992886
123 19.9970611075907
123 32.0222690920326
123 44.0710420000607
123 56.1418157400399
123 68.233065078434
123 80.3433955618721
123 92.4747508103603
123 104.63436806048
123 116.805064416006
124 8.061047
124 8.061047
124 20.1675681304861
124 32.296519418751
124 44.4479333351567
124 56.6207084526713
124 68.8120003455852
124 81.0183786757397
124 93.2403259749824
124 105.488807514752
124 117.774706240962
125 8.200876
125 8.200876
125 20.5171380176341
125 32.8555567068418
125 45.2164975965773
125 57.5920084414543
125 69.9624110657741
125 82.2987451624681
125 94.5774880944375
125 106.815625277142
125 119.119670400271
126 8.265234
126 8.265234
126 20.6780383309411
126 33.1132177523817
126 45.5686048398885
126 58.0297636512688
126 70.458814538636
126 82.795760731265
126 94.9864102250509
126 107.054046974394
126 119.210798269145
127 8.328412
127 8.328412
127 20.8360047551594
127 33.3656663545178
127 45.909654615071
127 58.4385231691253
127 70.8922378003561
127 83.1878409199842
127 95.25807021211
127 107.13900835506
127 119.108552129784
128 8.376738
128 8.376738
128 20.9568193133292
128 33.5572504366919
128 46.1621370544988
128 58.726853770108
128 71.1724907167465
128 83.4000996801373
128 95.339207347579
128 107.048119647491
128 118.870199111593
129 8.437852
129 8.437852
129 21.10952032747
129 33.7942804992399
129 46.4616235580217
129 59.0437022145811
129 71.4365608913756
129 83.5245377524739
129 95.2415032736093
129 106.684652527627
129 118.290394369497
130 8.491225
130 8.491225
130 21.2425826798309
130 33.9909418579905
130 46.692316881157
130 59.2561202897613
130 71.5577611326881
130 83.4733106618306
130 94.9510178347667
130 106.133814776001
130 117.550601118695
131 8.543708
131 8.543708
131 21.3730430994284
131 34.1440709488708
131 46.8125025320738
131 59.1697654869638
131 70.919797140224
131 81.7958191118946
131 91.7523414998829
131 101.178382405326
131 111.238504642465
132 8.588908
132 8.588908
132 21.4832799387192
132 34.2674338764632
132 46.8778950001031
132 59.0555899346827
132 70.482589614914
132 80.9273751606489
132 90.4203015246514
132 99.4133281889675
132 109.120727566573
133 8.646008
133 8.646008
133 21.624057089146
133 34.3414299394482
133 46.7689708740783
133 58.605244122529
133 69.5383462310599
133 79.4124358864086
133 88.3530085356385
133 96.870593211663
133 106.235506582667
134 8.675741
134 8.675741
134 21.6772892394164
134 34.226425271801
134 46.3703652783981
134 57.7965529552869
134 68.2309941894959
134 77.5951384104168
134 86.0758839112371
134 94.2011099236191
134 103.252213009752
135 8.115531
135 8.115531
135 20.2729734787669
135 31.8182052686448
135 42.9198868095765
135 53.0518717441707
135 61.7803470557535
135 69.0871373034792
135 75.3341579185094
135 81.0923631509092
135 87.5453630866317
136 7.733219
136 7.733219
136 19.3098247862938
136 30.1855821791045
136 40.5440927660281
136 49.9193012254683
136 57.9924414228074
136 64.8213365790519
136 70.7359386397639
136 76.2323297816453
136 82.3750655758894
137 7.284604
137 7.284604
137 18.1866884157016
137 28.2620713298372
137 37.792825956977
137 46.3877644692519
137 53.8299983954017
137 60.2106408859249
137 65.8113405744875
137 71.0579499465959
137 76.8993285481968
138 6.948032
138 6.948032
138 17.3388710578123
138 26.5513569064887
138 35.1501393345151
138 42.2844016410859
138 47.6402818998737
138 51.7669405329584
138 55.2007763683069
138 58.29584408522
138 61.6785335449306
139 6.47751
139 6.47751
139 16.1506166489128
139 24.5691386734387
139 32.2349862482862
139 38.5391452750343
139 43.426451532508
139 47.3491240249752
139 50.6870196304504
139 53.7273430889822
139 57.0301413737055
140 6.110137
140 6.110137
140 15.23911579141
140 22.9572347709551
140 29.9515853336518
140 35.7449301186933
140 40.3705539471915
140 44.1802364108506
140 47.4684019921204
140 50.4861681341855
140 53.7531853277229
141 5.750923
141 5.750923
141 14.323205467537
141 21.4320959225081
141 27.8557149751739
141 33.2423819455099
141 37.6581842353451
141 41.3720419233994
141 44.617176453189
141 47.6157578780732
141 50.8473067971087
142 5.356128
142 5.356128
142 13.338993028564
142 19.6443862919813
142 25.3565048457402
142 29.9957281474143
142 33.6454644714353
142 36.6397695306774
142 39.2204605532213
142 41.5773240936859
142 44.1024307447581
143 4.97135
143 4.97135
143 12.3674999624804
143 18.0902228098925
143 23.3082362388717
143 27.6828427757665
143 31.2754691427379
143 34.3054243509982
143 36.9563027862544
143 39.400765805484
143 42.0153426229448
144 4.595776
144 4.595776
144 11.4310050785136
144 16.5940360640323
144 21.3898318340527
144 25.3828162873767
144 28.5912744675569
144 31.2489981752123
144 33.547688725804
144 35.6504718429025
144 37.898808047859
145 4.150027
145 4.150027
145 10.320010811231
145 14.9418345844627
145 19.3223979088857
145 23.1818448773349
145 26.4910697566611
145 29.3541853720214
145 31.895284988726
145 34.2618817128033
145 36.789970193325
146 3.796015
146 3.796015
146 9.43720207037576
146 13.688595978305
146 17.8585054323536
146 21.6037228060189
146 24.8087771035239
146 27.5410769921959
146 29.9287934574626
146 32.1308740466651
146 34.4956060219907
147 3.413466
147 3.413466
147 8.48882317976882
147 12.4164876910115
147 16.3173422435845
147 19.9487778601265
147 23.2146358921038
147 26.1287379863008
147 28.7638702292694
147 31.2522127149059
147 33.9122357341917
148 3.063584
148 3.063584
148 7.63312811875379
148 11.2772057642334
148 14.938821943206
148 18.4335756877077
148 21.6791577523268
148 24.6685336761915
148 27.4455046899976
148 30.117629892968
148 32.9539601134155
149 3.136289
149 3.136289
149 7.81150415210325
149 11.49790210597
149 15.2420117954711
149 18.8711758198107
149 22.3114467934409
149 25.5547345205905
149 28.6370252310461
149 31.6546077316361
149 34.8466140784921
150 3.276099
150 3.276099
150 8.15616063391102
150 12.0241737430815
150 15.9833313221767
150 19.8557537270066
150 23.5686978685984
150 27.1145044080779
150 30.5291635315063
150 33.9094380172324
150 37.4876573307946
151 3.429934
151 3.429934
151 8.54012660384204
151 12.6856624591758
151 16.942222280416
151 21.1381181013597
151 25.2068041149763
151 29.1437747575737
151 32.9873965049841
151 36.8358420885038
151 40.9092796697866
152 3.581541
152 3.581541
152 8.9225470303248
152 13.4041819619511
152 17.9966866895287
152 22.548174726246
152 27.0044204538247
152 31.3677070232761
152 35.6807154227036
152 40.0408716421964
152 44.6444347840828
153 3.71441
153 3.71441
153 9.26109215993619
153 14.0746766376418
153 18.9864957044108
153 23.8630881808385
153 28.6590869740881
153 33.3805762918859
153 38.0730154925063
153 42.8348477263314
153 47.8512747960082
154 3.82907
154 3.82907
154 9.54393556230667
154 14.6600708471973
154 19.8516571364092
154 25.0118177222916
154 30.106497017717
154 35.1459351792381
154 40.1761798189686
154 45.2903164676513
154 50.6506389605414
155 3.957859
155 3.957859
155 9.88396458525109
155 15.2856965861831
155 20.764686733902
155 26.2264456335113
155 31.6437457731675
155 37.0299273158424
155 42.4314840698922
155 47.9355715492789
155 53.6783607795621
156 4.084705
156 4.084705
156 10.2021435424559
156 15.8856346566392
156 21.6570338924029
156 27.4332130301699
156 33.1877819962594
156 38.9286209422134
156 44.6940378753888
156 50.560251861307
156 56.6421312793531
157 4.209294
157 4.209294
157 10.5184532506086
157 16.4875738478474
157 22.5319412954613
157 28.5846434247744
157 34.6262037715471
157 40.6661779522971
157 46.7402992199447
157 52.9148248474169
157 59.2778751952749
158 4.34736
158 4.34736
158 10.867679097227
158 17.1455574211795
158 23.4812860598738
158 29.8265229964916
158 36.169233443389
158 42.5203313383522
158 48.9114708620363
158 55.3960656435813
158 62.033717524597
159 4.453017
159 4.453017
159 11.1306485382291
159 17.6408057026652
159 24.1923186813144
159 30.7519035544383
159 37.313175962079
159 43.8876605304073
159 50.5029346101726
159 57.2017308368635
159 64.0255389905548
160 4.572169
160 4.572169
160 11.4383178278716
160 18.1598208302297
160 24.9242091487598
160 31.7053409516863
160 38.5000036501471
160 45.3193151781032
160 52.1855565349953
160 59.128204438726
160 66.1642591549329
161 4.674804
161 4.674804
161 11.6946395661987
161 18.6130221544941
161 25.5667666077401
161 32.5382101888336
161 39.5271139500681
161 46.5440325865492
161 53.6069335908039
161 60.7362221120342
161 67.9367955252159
162 4.790203
162 4.790203
162 11.9854016814197
162 19.1102311271772
162 26.2671370559003
162 33.4445378917956
162 40.6441570225114
162 47.8753596538791
162 55.151280895709
162 62.482932608136
162 69.8629552186366
163 4.889645
163 4.889645
163 12.2352645223914
163 19.5598266747909
163 26.8908823030582
163 34.2284393736418
163 41.583236398981
163 48.9714506018716
163 56.4074700791719
163 63.8960204123435
163 71.425070312549
164 5.001603
164 5.001603
164 12.5174012489759
164 20.0210377051593
164 27.534341817334
164 35.0614919214866
164 42.6139735835353
164 50.204251009698
164 57.8384414455661
164 65.5110194791266
164 73.2063505360149
165 5.125441
165 5.125441
165 12.8270959960112
165 20.5266546065037
165 28.2398630655882
165 35.9741047238895
165 43.7398016913469
165 51.543193423587
165 59.3803636544221
165 67.2377615976945
165 75.1058331398381
166 5.220148
166 5.220148
166 13.0643845681262
166 20.9233598354488
166 28.7893996698445
166 36.6728114134431
166 44.5887510824386
166 52.5423909323515
166 60.5211123885251
166 68.50515064438
166 76.5035527550588
167 5.326743
167 5.326743
167 13.330810500688
167 21.3515099264932
167 29.3851695498069
167 37.4437783912161
167 45.5357304028535
167 53.6509978373318
167 61.7606273978217
167 69.8453416704628
167 77.9552661184246
168 5.444622
168 5.444622
168 13.6263845941443
168 21.8237354033291
168 30.0417029729063
168 38.2890086609487
168 46.557732986424
168 54.8117236592951
168 62.9982150343382
168 71.1021360907999
168 79.2443309023134
169 5.547561
169 5.547561
169 13.8835713616333
169 22.237364430916
169 30.616277665628
169 39.0188810723208
169 47.4146169807694
169 55.7380751252996
169 63.9159742338365
169 71.9484429990801
169 80.0441537746356
170 5.648807
170 5.648807
170 14.136834926916
170 22.6451261463219
170 31.1782256027481
170 39.7159679731571
170 48.1969700915268
170 56.5225972191732
170 64.6024785409535
170 72.4613180745083
170 80.4065529233347
171 5.748404
171 5.748404
171 14.3859269828647
171 23.0459667861388
171 31.7204999340798
171 40.3621861824017
171 48.8735841727022
171 57.1253770195105
171 65.0221687956002
171 72.6276482774777
171 80.350700955751
172 5.87061
172 5.87061
172 14.6915249356933
172 23.5294360187807
172 32.34810680398
172 41.0571641818147
172 49.5142151030675
172 57.566571994358
172 65.1384369064516
172 72.3592284058401
172 79.7521044143764
173 5.966569
173 5.966569
173 14.9310668203522
173 23.8914084835192
173 32.785560039764
173 41.4855751529802
173 49.8208144067709
173 57.6395540033225
173 64.902516062601
173 71.7949975467231
173 78.9106849634309
174 6.072628
174 6.072628
174 15.1951865138658
174 24.1863640419157
174 33.0688735608184
174 41.5324775798285
174 49.1697133160773
174 55.7124340735311
174 61.2683405526769
174 66.2971644018627
174 71.7771155675783
175 6.188113
175 6.188113
175 15.4769079781886
175 24.4986929127439
175 33.2449659245824
175 41.3097811688771
175 48.3193515852444
175 54.2026509734244
175 59.2167328830849
175 63.8009053201584
175 68.8241178000535
176 6.278547
176 6.278547
176 15.6962286759316
176 24.6084178562428
176 33.083301326784
176 40.7034316048479
176 47.1980865883483
176 52.6433039007497
176 57.3315719700021
176 61.6524408611415
176 66.3906157690488
177 6.377127
177 6.377127
177 15.9198720880626
177 24.459903509695
177 32.3808411650396
177 39.3197020469074
177 45.1835432580765
177 50.1600528122183
177 54.5166245054609
177 58.5715207744679
177 63.01317762223
178 5.967643
178 5.967643
178 14.8813267168567
178 22.6482673516646
178 29.8381388123111
178 36.1692052799772
178 41.5994820663058
178 46.2847158834026
178 50.4368377201684
178 54.3258965898022
178 58.5584396896161
179 5.612466
179 5.612466
179 13.9894755862914
179 20.6692101517199
179 26.6890662123393
179 31.4944757542469
179 35.1852551681608
179 38.1722327904422
179 40.7304317829605
179 43.0569761976688
179 45.5491369204662
180 5.179538
180 5.179538
180 12.8862406376744
180 18.7648196457574
180 24.0647841574147
180 28.4010960352608
180 31.8877609700774
180 34.79746753398
180 37.3294999504737
180 39.6534323748256
180 42.1347333262968
181 4.715383
181 4.715383
181 11.7266008535035
181 16.5836019026747
181 21.0288962788219
181 24.5119597824323
181 27.1976964759578
181 29.399177622422
181 31.2990559043227
181 33.027865622554
181 34.8634533140245
182 4.386425
182 4.386425
182 10.8845244467286
182 15.3156781378134
182 19.4142982535868
182 22.7524005521657
182 25.4250731211524
182 27.6544648096145
182 29.5936521981183
182 31.3679119409455
182 33.2507808304434
183 3.945572
183 3.945572
183 9.79681406507628
183 13.722437754777
183 17.4952678625066
183 20.8404524255339
183 23.7370869480092
183 26.2707258579571
183 28.5384421943494
183 30.6574323397633
183 32.9055063607894
184 3.634501
184 3.634501
184 9.0174542367524
184 12.6855247939289
184 16.306752526649
184 19.6507628276466
184 22.6590781299984
184 25.3679956235161
184 27.8456019813023
184 30.19912313905
184 32.6932686959271
185 3.254987
185 3.254987
185 8.08251832342368
185 11.483574143386
185 14.9531113220687
185 18.2888610180871
185 21.4168702673233
185 24.3413672502635
185 27.1042826105072
185 29.7950305648614
185 32.6349092126948
