0 0
1 0.0
1 0.0
1 3.91226907637423e-38
1 0.000946993872146732
1 0.00373093038983569
1 0.00948898395802695
1 0.0196039173878667
1 0.0330583406450804
1 0.0460936482883278
1 0.0539152049441955
1 0.053564874157076
2 0.0
2 0.0
2 0.0146271818855559
2 0.0919059212086573
2 0.237830742655224
2 0.408882542752281
2 0.543731930907296
2 0.62495858759886
2 0.659753204051979
2 0.65839070763721
2 0.636153839587535
3 0.0
3 0.0
3 0.022431434288413
3 0.13952749631108
3 0.347740671473576
3 0.523547954481851
3 0.633364353252043
3 0.693398938587278
3 0.721114206089576
3 0.723069615835126
3 0.707998625513372
4 0.0
4 0.0
4 0.00389573596911271
4 0.0255965385171427
4 0.0686869986600194
4 0.136899659210501
4 0.227165581030951
4 0.310733296855361
4 0.367433220510641
4 0.392118115738873
4 0.380726170758503
5 0.0
5 0.0
5 0.00292052852136498
5 0.0194545083144835
5 0.052759062229196
5 0.106176337791073
5 0.179468269012684
5 0.250042550214675
5 0.299032868130195
5 0.321825871133405
5 0.313636183717732
6 0.0
6 0.0
6 0.00647153909381653
6 0.0416690547139078
6 0.110048870787032
6 0.216083851736023
6 0.327373568311962
6 0.410818764371503
6 0.452415068200777
6 0.450655121990968
6 0.42012546711252
7 0.0
7 0.0
7 0.0149390399932954
7 0.0938153900951352
7 0.2360376889648
7 0.364100482332557
7 0.444034293707782
7 0.479104540431155
7 0.481415062774778
7 0.459018020777112
7 0.422009232948944
8 0.0
8 0.0
8 0.0281007270009352
8 0.17395027767224
8 0.295684242190406
8 0.354785380500483
8 0.369645476717571
8 0.360291174594933
8 0.335484392169501
8 0.296534541363255
8 0.246977774183978
9 0.0
9 0.0
9 0.0519285043923802
9 0.130735320170854
9 0.152820182523759
9 0.129023138816551
9 0.081511130736257
9 0.0217433892258545
9 -0.046260313738561
9 -0.123261758340162
9 -0.20954724729526
10 0.0
10 0.0
10 0.0109995167869662
10 -0.108299831093862
10 -0.253475422465016
10 -0.405472657847912
10 -0.560133751000699
10 -0.715216873322954
10 -0.870275949384299
10 -1.02717683231305
10 -1.18885042395755
11 0.0
11 0.0
11 -0.0485305937464352
11 -0.323391450181481
11 -0.57664492403896
11 -0.808097881311347
11 -1.02620785635397
11 -1.2343596244094
11 -1.43463521695549
11 -1.62921402506963
11 -1.82110950421912
12 0.0
12 0.0
12 -0.0608391556679589
12 -0.373431691330138
12 -0.636097536133951
12 -0.862613733204544
12 -1.06734198636347
12 -1.25647011209117
12 -1.43307333428367
12 -1.59876877577273
12 -1.75499746965392
13 0.0
13 0.0
13 -0.081943373276548
13 -0.362192717300966
13 -0.583393584954469
13 -0.764903276503003
13 -0.920402106991711
13 -1.05618308726409
13 -1.17546803844538
13 -1.28008555856432
13 -1.37180149587278
14 0.0
14 0.0
14 -0.0565523482943687
14 -0.283335137313545
14 -0.448933378233862
14 -0.573494738979529
14 -0.669886615047458
14 -0.744203933194322
14 -0.799683030424564
14 -0.838404554895338
14 -0.86267703930903
15 0.0
15 0.0
15 -0.0504822418997381
15 -0.200462877969128
15 -0.29465113975083
15 -0.350027035830907
15 -0.376521041450075
15 -0.379156493035926
15 -0.361074457347738
15 -0.325249711281932
15 -0.276117037002214
16 0.0
16 0.0
16 -0.0286637581827822
16 -0.113516243800411
16 -0.146680027592634
16 -0.141976891570368
16 -0.107199859709557
16 -0.0466068435764372
16 0.0365820511229591
16 0.138382196884675
16 0.252027617493523
17 0.0
17 0.0
17 -0.0336749517324787
17 -0.0243191839930266
17 0.0217800595498448
17 0.0994049901806382
17 0.205553247618038
17 0.337748609211164
17 0.492588940798071
17 0.663785369281892
17 0.839212322700796
18 0.0
18 0.0
18 0.0120878799314111
18 0.0680568817623611
18 0.160099684342531
18 0.28499825871974
18 0.440664832547358
18 0.624838156964319
18 0.833719090856652
18 1.05979096977988
18 1.28825175246138
19 0.0
19 0.0
19 0.0137175169382073
19 0.128033297749073
19 0.268771811263597
19 0.439099103145498
19 0.640068311774209
19 0.870422491554635
19 1.12575659410213
19 1.39599953532746
19 1.66064658450964
20 0.0
20 0.0
20 0.0275591077827316
20 0.178765675627891
20 0.352144779706272
20 0.55457562862616
20 0.788805136153822
20 1.05399189338534
20 1.3450654362185
20 1.64985654712619
20 1.94328942240372
21 0.0
21 0.0
21 0.0336637225569273
21 0.217795183297433
21 0.419362951166621
21 0.649225604822048
21 0.911914193599245
21 1.20698058042627
21 1.5285434361204
21 1.86199578561129
21 2.17698206709511
22 0.0
22 0.0
22 0.0417884130961653
22 0.257947726397745
22 0.487670222953423
22 0.745935068740926
22 1.03902334910739
22 1.36671895538456
22 1.72195263067593
22 2.08689946849024
22 2.42432522933013
23 0.0
23 0.0
23 0.0474970793228116
23 0.285285937918708
23 0.534651752640384
23 0.81358539559965
23 1.12957399048571
23 1.48242048948022
23 1.86388191062286
23 2.25316965955286
23 2.60678003965393
24 0.0
24 0.0
24 0.0515524224913992
24 0.305519897526488
24 0.570402753061656
24 0.86660732803918
24 1.20251852266783
24 1.57780134057739
24 1.98295722758507
24 2.39418962095761
24 2.76168703512681
25 0.0
25 0.0
25 0.0561305981311885
25 0.350443599780046
25 0.637970827998729
25 0.946263049983892
25 1.28802790530857
25 1.6653325310728
25 2.06913097744615
25 2.47309544191199
25 2.81934671263264
26 0.0
26 0.0
26 0.0639417180568791
26 0.362281669715046
26 0.655254343986488
26 0.972429282835278
26 1.32726601255837
26 1.7216076298874
26 2.14492884490126
26 2.56726750441226
26 2.92292784492601
27 0.0
27 0.0
27 0.0632420946068308
27 0.361875085403829
27 0.658124637623475
27 0.98335195595669
27 1.3516299036372
27 1.76442449116837
27 2.20946424658172
27 2.65261308205964
27 3.01923487732415
28 0.0
28 0.0
28 0.0626691018409914
28 0.356704869851055
28 0.653763492374999
28 0.985673325048215
28 1.36653373418339
28 1.79730335108956
28 2.2642433985148
28 2.72988954739172
28 3.11251468306847
29 0.0
29 0.0
29 0.0613902212098425
29 0.350642602743493
29 0.649768609499022
29 0.990552797573839
29 1.38689053528115
29 1.8391557837006
29 2.332177680212
29 2.82532563747312
29 3.23014183164574
30 0.0
30 0.0
30 0.0649731049858276
30 0.349513362492245
30 0.651826502171157
30 1.0029122635982
30 1.41615788725915
30 1.89134652423652
30 2.41218410210306
30 2.93567271617997
30 3.3683377798595
31 0.0
31 0.0
31 0.0583675647119097
31 0.346625664612391
31 0.660378526308949
31 1.03093810365488
31 1.47161926844332
31 1.98153955745533
31 2.542615693344
31 3.10784079455961
31 3.57520673429852
32 0.0
32 0.0
32 0.0604825492349405
32 0.354493531878198
32 0.682473188302187
32 1.0754469323371
32 1.54641353980324
32 2.09383417030761
32 2.69812503311164
32 3.30900511043607
32 3.81750504131564
33 0.0
33 0.0
33 0.0617115384216573
33 0.376838260801633
33 0.737737806982697
33 1.17265175507656
33 1.69269057671762
33 2.29482495969343
33 2.95807036187485
33 3.63057156468529
33 4.20117559440677
34 0.0
34 0.0
34 0.0646747827938295
34 0.398598183170124
34 0.782248890434397
34 1.24514666624989
34 1.79873950135846
34 2.4394574530181
34 3.14452330701322
34 3.85802157146306
34 4.46021722148199
35 0.0
35 0.0
35 0.0703688871016443
35 0.429609018771329
35 0.84272884933158
35 1.34097282319923
35 1.93626342101996
35 2.62437148222011
35 3.38028305321076
35 4.14301210877966
35 4.78210380935169
36 0.0
36 0.0
36 0.0753530720614011
36 0.464598106038175
36 0.910776313975319
36 1.44745155923703
36 2.08724040588494
36 2.82520757809356
36 3.63377059963012
36 4.44608579429697
36 5.11930379618059
37 0.0
37 0.0
37 0.0817362007571267
37 0.504440546380999
37 0.986503410481359
37 1.56417722204966
37 2.25089176454287
37 3.04093737105679
37 3.9038789808203
37 4.76636906732276
37 5.47178819786264
38 0.0
38 0.0
38 0.0850676883593584
38 0.540967267324755
38 1.05702781190647
38 1.67251277594945
38 2.40180113233695
38 3.23844094510874
38 4.14910644212914
38 5.05382848775638
38 5.78194951404977
39 0.0
39 0.0
39 0.0967982949774106
39 0.592365925619242
39 1.14948969728567
39 1.81188714223512
39 2.59558741899612
39 3.49339670427693
39 4.4680911650134
39 5.43022611535515
39 6.18848500635824
40 0.0
40 0.0
40 0.100967142594147
40 0.636998568834901
40 1.235334475028
40 1.94350190450253
40 2.77866233991974
40 3.73253995263724
40 4.7639925316263
40 5.77469118973585
40 6.55444990314118
41 0.0
41 0.0
41 0.112621676712204
41 0.687055961574983
41 1.32597605087522
41 2.08011872052854
41 2.9674951363865
41 3.97865906848265
41 5.06862420090161
41 6.13045703415793
41 6.93569234659789
42 0.0
42 0.0
42 0.119392949706905
42 0.735310738461927
42 1.41636470800631
42 2.21722172704821
42 3.1569794622864
42 4.22489941151627
42 5.37161907480487
42 6.48037474189554
42 7.30176962626593
43 0.0
43 0.0
43 0.128217773492345
43 0.78552050746149
43 1.50880163092286
43 2.35659615182637
43 3.34901632980014
43 4.47392795240631
43 5.6774173662849
43 6.8325502790869
43 7.66823841521432
44 0.0
44 0.0
44 0.136475241365214
44 0.835637166712521
44 1.60130685837476
44 2.4960418015987
44 3.54098009560342
44 4.72247843091464
44 5.98178827435087
44 7.18119629936785
44 8.02657574550865
45 0.0
45 0.0
45 0.145620332536401
45 0.904394620284994
45 1.69999328723779
45 2.61956768636428
45 3.7009850709044
45 4.93946678468167
45 6.27349760420259
45 7.54112116995261
45 8.37925772378738
46 0.0
46 0.0
46 0.157833629884672
46 0.944471294187081
46 1.77788329884428
46 2.74911054131055
46 3.89689057297506
46 5.21447411049786
46 6.63434734526216
46 7.98108764880004
46 8.86203677359712
47 0.0
47 0.0
47 0.163005942823214
47 0.989111021900404
47 1.87513436740328
47 2.91690619035235
47 4.15412199846445
47 5.57737854588892
47 7.1113929008469
47 8.56344110676356
47 9.50269261161069
48 0.0
48 0.0
48 0.170990889639792
48 1.03465158884437
48 1.97276830792333
48 3.08449168138058
48 4.40991764826254
48 5.93716355209398
48 7.5842770960852
48 9.14392263904274
48 10.1528635272383
49 0.0
49 0.0
49 0.175603102179819
49 1.07361756537406
49 2.05744251272011
49 3.22890714982181
49 4.62839337628362
49 6.24197671664801
49 7.98231697852065
49 9.63033569538498
49 10.6966132391765
50 0.0
50 0.0
50 0.185268492378672
50 1.18125255577468
50 2.21604968389917
50 3.42910483184184
50 4.89118869737058
50 6.60929100657074
50 8.50133113296804
50 10.323916126798
50 11.4979303872671
51 0.0
51 0.0
51 0.189975720751801
51 1.21849711270454
51 2.30420849731868
51 3.59298213939768
51 5.15685616899751
51 6.99941272540171
51 9.02896848557612
51 10.981155261839
51 12.2288377913336
52 0.0
52 0.0
52 0.215555119006053
52 1.28173824738508
52 2.43885598333921
52 3.83678605528321
52 5.54740184102887
52 7.56996642303861
52 9.80278391304306
52 11.960814668449
52 13.3694328414949
53 0.0
53 0.0
53 0.21702253414005
53 1.32694263334976
53 2.55221277622189
53 4.0466981806514
53 5.88227177329255
53 8.05448697510874
53 10.4531170452619
53 12.7756317035097
53 14.3068019007215
54 0.0
54 0.0
54 0.228450998658549
54 1.37835691121414
54 2.69225028641027
54 4.31631638298445
54 6.31235369597285
54 8.66448034519648
54 11.2501454813144
54 13.7525293739469
54 15.4338096820893
55 0.0
55 0.0
55 0.233605108783184
55 1.45378875956872
55 2.86131769573984
55 4.60411551126122
55 6.74256698485927
55 9.2566299382495
55 12.0162922262702
55 14.6909384854735
55 16.5109159365607
56 0.0
56 0.0
56 0.253728481999107
56 1.59665464157402
56 3.15655342929956
56 5.08469729222351
56 7.43956995255449
56 10.1949249967882
56 13.2096371813222
56 16.1325021230809
56 18.1454304095785
57 0.0
57 0.0
57 0.259870694131119
57 1.73008976818116
57 3.43105072358075
57 5.52036385961708
57 8.05622552002611
57 11.0070476546916
57 14.2207857632548
57 17.3245773205387
57 19.4475139487514
58 0.0
58 0.0
58 0.309278040809646
58 1.90415269173415
58 3.74811216049997
58 6.00606955216125
58 8.73751440079952
58 11.9072411481002
58 15.3541339554257
58 18.6858703647737
58 20.980375345448
59 0.0
59 0.0
59 0.32851794643733
59 2.07554542662374
59 4.07847435608959
59 6.51019473714532
59 9.42991265115359
59 12.7962974048881
59 16.4360687956385
59 19.9327311004411
59 22.30300902843
60 0.0
60 0.0
60 0.362563771332671
60 2.26701745192584
60 4.4310653848547
60 7.03586979015335
60 10.1405059854524
60 13.6977051128913
60 17.5223497073453
60 21.1740916706618
60 23.6076516402015
61 0.0
61 0.0
61 0.393197363842189
61 2.44156939660441
61 4.74764934702245
61 7.50127178317549
61 10.7620275170892
61 14.47759950961
61 18.4521636967565
61 22.2229818234914
61 24.6850331048082
62 0.0
62 0.0
62 0.423376258129726
62 2.64177388502121
62 5.10918020366316
62 8.02739273799871
62 11.4575184555922
62 15.3416823852752
62 19.4712527106413
62 23.3555669369849
62 25.8132409727659
63 0.0
63 0.0
63 0.458258465551087
63 2.87797101426225
63 5.54266367689684
63 8.78375074557362
63 12.7520417014442
63 17.4355158600448
63 22.6272076930972
63 27.784211668577
63 31.4886800106172
64 0.0
64 0.0
64 0.502496039412283
64 3.09008123546079
64 5.96427302154699
64 9.46140954436596
64 13.7221814031239
64 18.7169839649785
64 24.2200764096326
64 29.6678765266812
64 33.5873940171343
65 0.0
65 0.0
65 0.53457613988061
65 3.30818270839979
65 6.40169284618123
65 10.1552210251806
65 14.6992546139499
65 19.9879780671517
65 25.7800729842818
65 31.4966368130255
65 35.6204876991196
66 0.0
66 0.0
66 0.543421636835653
66 3.58635631635519
66 6.96366257810421
66 11.1438980450825
66 16.3218695696174
66 22.4579995943874
66 29.2853241518692
66 36.2062166512634
66 41.6485086797243
67 0.0
67 0.0
67 0.633675231282892
67 3.83130534043516
67 7.44410154875083
67 11.9106750323876
67 17.3863294136408
67 23.7988546565074
67 30.8706144064572
67 38.0248550123195
67 43.7620378422334
68 0.0
68 0.0
68 0.586375584926847
68 3.70568285956514
68 7.15042812460597
68 11.4044283117639
68 16.6601462519189
68 22.8680836290957
68 29.7664781625118
68 36.8152615853578
68 42.6367264707444
69 0.0
69 0.0
69 0.569144421481627
69 3.47731829165988
69 6.72155104017874
69 10.711424096544
69 15.598901815245
69 21.3303212283775
69 27.6716323335159
69 34.1387329285725
69 39.5097198457573
70 0.0
70 0.0
70 0.529887324965044
70 3.2706180297115
70 6.33138730597514
70 10.0712784883156
70 14.6177821231264
70 19.9196106482627
70 25.7673340930125
70 31.723411499197
70 36.6942585455756
71 0.0
71 0.0
71 0.511531421456388
71 3.1579270757964
71 6.10983088744345
71 9.69036379234389
71 14.0092296347212
71 19.0162069696866
71 24.5196837757731
71 30.1186699286119
71 34.8204384283312
72 0.0
72 0.0
72 0.513211014504791
72 3.30731323884184
72 6.41256630804939
72 10.1456661957421
72 14.6056613146284
72 19.7340409751587
72 25.3377830966367
72 31.0220737946025
72 35.808707549095
73 0.0
73 0.0
73 0.592493362570301
73 3.6135451324702
73 6.97496533802989
73 11.0671176607487
73 16.0156688771687
73 21.74848247446
73 28.0470654156464
73 34.5147724086859
73 40.2025083774594
74 0.0
74 0.0
74 0.625645291664518
74 3.81511243764459
74 7.38124988508074
74 11.6865210719576
74 16.8274184890988
74 22.7145404934138
74 29.1298366179321
74 35.6912696474443
74 41.4824347518138
75 0.0
75 0.0
75 0.641592178174639
75 3.90732121874169
75 7.55358225426659
75 11.9138913227182
75 17.0656892895517
75 22.9157209607063
75 29.2555527736247
75 35.7213645901776
75 41.4369905874953
76 0.0
76 0.0
76 0.596792260734526
76 3.68893654668971
76 7.06917366751973
76 11.1062582951993
76 15.9146235304425
76 21.4263345556834
76 27.4470557750796
76 33.6327737681286
76 39.1717201199283
77 0.0
77 0.0
77 0.555061052293257
77 3.38657411574194
77 6.47541705173794
77 10.1381923356486
77 14.4720765334036
77 19.4217502254315
77 24.8210573478767
77 30.3603984554656
77 35.3061190051318
78 0.0
78 0.0
78 0.515876340050764
78 3.27668106975623
78 6.26686991859857
78 9.78065272028553
78 13.9067776539373
78 18.5951800282521
78 23.6937658940296
78 28.912156623111
78 33.5597271660126
79 0.0
79 0.0
79 0.599616443472246
79 3.64207629467653
79 6.871444580786
79 10.6704961893782
79 15.1711248443623
79 20.3238664935278
79 25.9564454939872
79 31.7630419440133
79 37.0330581753948
80 0.0
80 0.0
80 0.656846452154896
80 3.89583666999492
80 7.36805142989354
80 11.4299785233351
80 16.1815952909883
80 21.5532828880296
80 27.3700483147959
80 33.3330058664428
80 38.7402685605932
81 0.0
81 0.0
81 0.681759452278164
81 4.05786792374756
81 7.66206482233322
81 11.8737541126424
81 16.7961957259335
81 22.3522978461344
81 28.3597093158717
81 34.5189637850441
81 40.1317075083567
82 0.0
82 0.0
82 0.679724600178745
82 4.01185678851716
82 7.58650583127905
82 11.7396548824462
82 16.5523720202209
82 21.9479187249902
82 27.7563695545653
82 33.6906614283873
82 39.0719697537325
83 0.0
83 0.0
83 0.603049869158386
83 3.61969366247354
83 6.84549499356651
83 10.5715763227244
83 14.8716985468942
83 19.6859443882613
83 24.867731165414
83 30.1518186346092
83 34.9092745275033
84 0.0
84 0.0
84 0.54296635802249
84 3.26398407215703
84 6.15607422694806
84 9.47548691160943
84 13.2917722647757
84 17.5591730553921
84 22.1513744155033
84 26.8265529521198
84 31.0145176021772
85 0.0
85 0.0
85 0.532800127598087
85 3.17995728623315
85 5.97740370091378
85 9.16693292771571
85 12.8151941301732
85 16.8811233124868
85 21.2464456072649
85 25.6793123949662
85 29.6341015897234
86 0.0
86 0.0
86 0.556640993496964
86 3.36056612392455
86 6.27167740786702
86 9.54565583909676
86 13.2605746975423
86 17.3826670908924
86 21.7955070272305
86 26.2599448554811
86 30.2018247630308
87 0.0
87 0.0
87 0.605386686466022
87 3.50726021746729
87 6.51363946972949
87 9.87755535786227
87 13.6722238852932
87 17.8598543501178
87 22.3201979437399
87 26.8061471528415
87 30.7229062418551
88 0.0
88 0.0
88 0.634200180936046
88 3.61072987200031
88 6.684029156333
88 10.1052016618815
88 13.9440286001307
88 18.1596548781795
88 22.6276281998892
88 27.0906234365263
88 30.9284387914713
89 0.0
89 0.0
89 0.629765968001319
89 3.62333474767401
89 6.742363737994
89 10.2134903414382
89 14.0824035406292
89 18.2915212743638
89 22.7056484125512
89 27.0580342547911
89 30.7232518840796
90 0.0
90 0.0
90 0.633703860566381
90 3.66979546409413
90 6.81186109014997
90 10.2812456662515
90 14.1215620977756
90 18.273511455776
90 22.5970653650352
90 26.8129498747139
90 30.2712790402643
91 0.0
91 0.0
91 0.649259327285542
91 3.72749187852877
91 6.85430792122019
91 10.2664996101545
91 14.0236064351202
91 18.0757420392544
91 22.2807275310623
91 26.338126447037
91 29.5379739111639
92 0.0
92 0.0
92 0.65449944571284
92 3.70192174287303
92 6.77290332831748
92 10.1027377970824
92 13.7482648201491
92 17.6548356376761
92 21.6694133680769
92 25.4681047606009
92 28.2961784101171
93 0.0
93 0.0
93 0.636189074535924
93 3.63173099870191
93 6.63145476436878
93 9.86756245704517
93 13.3931819998702
93 17.1484015707121
93 20.9700217873145
93 24.5143867631577
93 26.9931926231707
94 0.0
94 0.0
94 0.662797638805812
94 3.54089737530566
94 6.42089870165508
94 9.51903607290803
94 12.8779113077234
94 16.4290937019109
94 19.9986242044956
94 23.2274294047303
94 25.3140727056847
95 0.0
95 0.0
95 0.589578334735646
95 3.36252980285525
95 6.0982264154618
95 9.02543778610584
95 12.1976771373569
95 15.5518124940109
95 18.908186645853
95 21.8825595465179
95 23.6079201132094
96 0.0
96 0.0
96 0.575734183897605
96 3.19199376771253
96 5.77552208136323
96 8.53955173027643
96 11.5274680317395
96 14.6682395243449
96 17.7730391448747
96 20.4460202595239
96 21.8145002808749
97 0.0
97 0.0
97 0.533717592409545
97 3.00947254115585
97 5.45442538220478
97 8.06732275639691
97 10.8820314185692
97 13.8201969018895
97 16.685314793438
97 19.0736722552516
97 20.114971657236
98 0.0
98 0.0
98 0.50799435605428
98 2.79983106309677
98 5.07690669388353
98 7.51594590343419
98 10.1377070470448
98 12.8556442522086
98 15.467726181133
98 17.5701017130522
98 18.3156583959148
99 0.0
99 0.0
99 0.461358452239291
99 2.62881865119284
99 4.78239189920377
99 7.08540759382437
99 9.55132140999587
99 12.0893364311273
99 14.4947645552581
99 16.3648164620236
99 16.8696970390025
100 0.0
100 0.0
100 0.441839663449226
100 2.49882380125641
100 4.47217397662749
100 6.55199273649395
100 8.78389760536376
100 11.1061545363161
100 13.3328345625655
100 15.0597238698087
100 15.4098986195717
101 0.0
101 0.0
101 0.417205467116079
101 2.30349087129627
101 4.12569667818193
101 6.06009439557931
101 8.14468690434045
101 10.3138034198837
101 12.3800037393562
101 13.9417330900165
101 14.139099607333
102 0.0
102 0.0
102 0.378590619650241
102 2.10131210675249
102 3.7821425143991
102 5.58202935806292
102 7.53102387444098
102 9.56008263700113
102 11.4821431842145
102 12.902594671386
102 12.9875266687114
103 0.0
103 0.0
103 0.387647796597639
103 1.95595071508244
103 3.51491814420167
103 5.20586716241799
103 7.04983564150588
103 8.97588078312094
103 10.8020959546169
103 12.1513908652319
103 12.2379340026637
104 0.0
104 0.0
104 0.302005906150034
104 1.77484095905253
104 3.24585170706243
104 4.84766104019587
104 6.59652232351945
104 8.41909910561035
104 10.1331224841646
104 11.3648338162311
104 11.3425387739225
105 0.0
105 0.0
105 0.300007416263943
105 1.6967094773964
105 3.07466433940201
105 4.56897424166739
105 6.20591898805094
105 7.92517329038286
105 9.55809954064509
105 10.7444437468662
105 10.7266539741653
106 0.0
106 0.0
106 0.281517792903765
106 1.56737217490873
106 2.85779341764624
106 4.27497650155387
106 5.83918339885312
106 7.4886652119985
106 9.05790224602029
106 10.1974580142305
106 10.1788128597422
107 0.0
107 0.0
107 0.255890299429203
107 1.432247920207
107 2.68508023288201
107 4.09635607180726
107 5.6569189615446
107 7.2861709938062
107 8.81477640838919
107 9.91768667511435
107 9.9540893275524
108 0.0
108 0.0
108 0.262766663724479
108 1.36396942441304
108 2.55792258785612
108 3.90962357884814
108 5.40327833020732
108 6.95926758748975
108 8.41820964499377
108 9.48106294491823
108 9.56826428305141
109 0.0
109 0.0
109 0.21498756822639
109 1.28020319111564
109 2.43212462077188
109 3.72675046533857
109 5.14427209972022
109 6.60477103684492
109 7.95311915559167
109 8.90303580439002
109 8.90708283427101
110 0.0
110 0.0
110 0.216594672746148
110 1.25131682578417
110 2.37013506811964
110 3.62039030386068
110 4.97866339352671
110 6.36536219686265
110 7.6306696039813
110 8.50281648186401
110 8.46895555456701
111 0.0
111 0.0
111 0.20826694846893
111 1.17056034378921
111 2.23738246475371
111 3.44620219524277
111 4.76365158613502
111 6.10079203133654
111 7.29977945758499
111 8.08368631449748
111 7.94133524661024
112 0.0
112 0.0
112 0.192778889634327
112 1.14615227455573
112 2.18844747025189
112 3.34805197676191
112 4.58805525785011
112 5.8205219538561
112 6.89480314470614
112 7.55290725773774
112 7.32790443025479
113 0.0
113 0.0
113 0.19525593729561
113 1.13723584177038
113 2.13996259581421
113 3.22381920213112
113 4.34850567184684
113 5.42679505119007
113 6.31476357526507
113 6.77289180416743
113 6.37799005818493
114 0.0
114 0.0
114 0.189190516780743
114 1.12654444793742
114 2.10052879783719
114 3.12941437688419
114 4.17162720434138
114 5.13966651316947
114 5.89120469034156
114 6.19237090058181
114 5.63468896430776
115 0.0
115 0.0
115 0.192825907637834
115 1.1131649436641
115 2.04194535854316
115 2.99466769457241
115 3.92817542048718
115 4.7548095930792
115 5.33467232222924
115 5.44176406982654
115 4.68727874225432
116 0.0
116 0.0
116 0.184586544000721
116 1.08179158109694
116 1.95408090880524
116 2.81559709172857
116 3.62195506142338
116 4.28491774984548
116 4.66569547180658
116 4.54328482045061
116 3.5424864858427
117 0.0
117 0.0
117 0.188083022677313
117 1.11230526248668
117 1.88224808015466
117 2.58172567106421
117 3.22609663451738
117 3.77235699299215
117 4.10019041240194
117 3.953669236267
117 2.81273013486052
118 0.0
118 0.0
118 0.183886344789071
118 1.02219034437687
118 1.69932461635667
118 2.30060314606503
118 2.84119657048785
118 3.27626859827032
118 3.48122879054552
118 3.1915040710798
118 1.8701836987344
119 0.0
119 0.0
119 0.165741067513163
119 0.903532849161561
119 1.48106927472048
119 1.98200358047775
119 2.42052008115819
119 2.75112232052598
119 2.84868778329778
119 2.4482312650236
119 1.01303632338302
120 0.0
120 0.0
120 0.145132680474432
120 0.82333471241435
120 1.24152997216447
120 1.55210286089222
120 1.83180400287774
120 2.08511051113679
120 2.21118031369078
120 1.91696790923236
120 0.527663312058228
121 0.0
121 0.0
121 0.135133544639261
121 0.621611830495224
121 0.905020913103208
121 1.13097108135546
121 1.3741491662218
121 1.63970654692707
121 1.82965864110675
121 1.65652066395676
121 0.455248620495935
122 0.0
122 0.0
122 0.0888108791009358
122 0.418678285953503
122 0.603705714747182
122 0.781087771853436
122 1.02318419092276
122 1.33692153482436
122 1.63025908446775
122 1.62801944060057
122 0.689072900667379
123 0.0
123 0.0
123 0.0607842622716859
123 0.258239906732574
123 0.374001609237843
123 0.533615955796667
123 0.806532460589826
123 1.2033203436211
123 1.64323901517009
123 1.87517218119725
123 1.3067507990139
124 0.0
124 0.0
124 0.0345743917233465
124 0.0883502811753438
124 0.15003868770278
124 0.327629491739189
124 0.686424649153443
124 1.24321183677071
124 1.93607008607219
124 2.55423287762117
124 2.58803897426452
125 0.0
125 0.0
125 0.0357835098706074
125 -0.0629848145908982
125 0.03305756196409
125 0.486467455431036
125 1.42974154122159
125 2.94310816203187
125 5.00894754842252
125 7.42225110215367
125 9.59948374280873
126 0.0
126 0.0
126 -0.0340380664842085
126 0.0312861658738264
126 0.279044212542352
126 0.970912825395042
126 2.32737041400999
126 4.49166622124738
126 7.46431313456498
126 10.9836692671443
126 14.2638779142043
127 0.0
127 0.0
127 0.0251297634090433
127 0.13207510029349
127 0.597453638934937
127 1.6749718457274
127 3.57364801090932
127 6.41715329252396
127 10.1781843696453
127 14.5654982216942
127 18.7686401684552
128 0.0
128 0.0
128 0.0254220666837813
128 0.259598725356973
128 0.973853669298347
128 2.41948733653516
128 4.79387829138614
128 8.19797163955688
128 12.5719462806015
128 17.5867249276298
128 22.3841392214444
129 0.0
129 0.0
129 0.0527207727358537
129 0.544201526812454
129 1.66440800052824
129 3.65952720961391
129 6.70584163215738
129 10.8674013656264
129 16.0371481439368
129 21.8375540944761
129 27.3535207614111
130 0.0
130 0.0
130 0.110620736857606
130 0.924891474534301
130 2.48505894429164
130 5.03187222091185
130 8.71730611271899
130 13.5661058364662
130 19.4255272104558
130 25.8750269817339
130 31.9442593847948
131 0.0
131 0.0
131 0.177432078326756
131 1.62727705289304
131 3.92748096753046
131 7.62316164051001
131 12.9969571861229
131 20.0137228253712
131 28.3187490112168
131 37.2540446081437
131 45.5009120788608
132 0.0
132 0.0
132 0.320803037726294
132 2.19539177249046
132 5.11204912694237
132 9.56371437717823
132 15.7379532593072
132 23.4961092847403
132 32.4265557520062
132 41.8912799433082
132 50.6518619673784
133 0.0
133 0.0
133 0.393458327986184
133 3.00284572489171
133 6.80654118412125
133 12.228705154748
133 19.3386187286848
133 27.8927595347865
133 37.4491983780143
133 47.4141127105609
133 56.6158622122017
134 0.0
134 0.0
134 0.56020322300099
134 3.91998935316859
134 8.53283091712962
134 14.7544697010965
134 22.5631160327508
134 31.6599453886428
134 41.6150671602794
134 51.8911170289102
134 61.3894996149852
135 0.0
135 0.0
135 0.62107974720431
135 4.4091502978937
135 9.32625479979353
135 16.0465115939549
135 24.5424111223918
135 34.3161534356451
135 44.8251781731479
135 55.6352936890643
135 66.0713471857948
136 0.0
136 0.0
136 0.733634580810978
136 4.70256848356951
136 9.85721570053114
136 16.6715742782218
136 25.0188183631318
136 34.4390805611629
136 44.4848118124816
136 54.790830238691
136 64.7516152640583
137 0.0
137 0.0
137 0.736091112398759
137 4.9065502407811
137 10.198205994086
137 16.9402381901217
137 24.9672671946112
137 33.8891800302581
137 43.3464200888366
137 53.0301914828659
137 62.3937783295756
138 0.0
138 0.0
138 0.805945524800846
138 5.63095361677068
138 11.4399178911068
138 18.9939366725411
138 27.9238594253046
138 37.5086781533969
138 47.3867818827513
138 57.3997649780789
138 67.3430447169826
139 0.0
139 0.0
139 0.914775004568777
139 5.72076780454729
139 11.6196772466467
139 18.9855248705103
139 27.3848797805713
139 36.3003366664167
139 45.4747577380974
139 54.7757153741724
139 64.0106353130711
140 0.0
140 0.0
140 0.814087270025078
140 5.71507729992841
140 11.5887860526635
140 18.6789246740694
140 26.606663401455
140 34.9819423115513
140 43.5994533831619
140 52.3391434597231
140 61.0127973289375
141 0.0
141 0.0
141 0.964615383766222
141 5.81131580618793
141 11.5427824378936
141 18.2869885219976
141 25.7294413879108
141 33.5707809333729
141 41.641678618762
141 49.8313521331881
141 57.9561476499059
142 0.0
142 0.0
142 0.906701179327453
142 5.84929407101034
142 11.4716583850764
142 18.0350465807432
142 25.2212885271637
142 32.7286175699823
142 40.411722547054
142 48.1899287086171
142 55.9388237484578
143 0.0
143 0.0
143 0.950887786821317
143 5.69668647450316
143 11.0159681642471
143 17.0757582515177
143 23.6551277468693
143 30.536427044209
143 37.5964982917072
143 44.7544469825336
143 51.8759984913751
144 0.0
144 0.0
144 0.89568230368675
144 5.42955545524192
144 10.3721795183714
144 16.0109454246766
144 22.1556041206563
144 28.5821101831504
144 35.1694427862308
144 41.8454968847919
144 48.4977038920503
145 0.0
145 0.0
145 0.826092607271194
145 4.96254684497042
145 9.38541855770781
145 14.2983027818309
145 19.623942515729
145 25.2273910008709
145 31.0086148562402
145 36.8876997806865
145 42.7236987365865
146 0.0
146 0.0
146 0.773886727843048
146 4.54966458463393
146 8.44826445911118
146 12.7862320030543
146 17.5643744026114
146 22.6532809561721
146 27.9373768983488
146 33.3258034474843
146 38.6694720874519
147 0.0
147 0.0
147 0.676156266975362
147 3.98764316819885
147 7.36514451338761
147 11.0623809147077
147 15.1151288129343
147 19.4548670842475
147 23.9954766147269
147 28.6436976279437
147 33.2218901771627
148 0.0
148 0.0
148 0.584843595945513
148 3.4398894234816
148 6.3090323443203
148 9.41321476265921
148 12.8082552427704
148 16.4600489752185
148 20.3036505994485
148 24.2480740599482
148 28.1040902678312
149 0.0
149 0.0
149 0.644527611872816
149 3.62721154522183
149 6.57364484892298
149 9.69516704558909
149 13.0559982266397
149 16.6377109563471
149 20.3880454207896
149 24.2193214785558
149 27.9362481821704
150 0.0
150 0.0
150 0.693904448956771
150 3.78539235238406
150 6.79657560293219
150 9.95423944790046
150 13.3315012789472
150 16.9155598154958
150 20.6553062125689
150 24.456324152491
150 28.1032056911945
151 0.0
151 0.0
151 0.714499742084731
151 3.8244535358325
151 6.81989889715158
151 9.93761913501668
151 13.2553374235077
151 16.7622555115037
151 20.4040337140904
151 24.073396056803
151 27.5261701560236
152 0.0
152 0.0
152 0.704826065115599
152 3.73484402010649
152 6.63637957306117
152 9.64286010010035
152 12.8276387883715
152 16.175721353165
152 19.6244722668023
152 23.0499608931873
152 26.1808016359535
153 0.0
153 0.0
153 0.666771456250652
153 3.54628106063047
153 6.30111698470659
153 9.1625610711177
153 12.1993938692034
153 15.391172435754
153 18.6649916995582
153 21.8774379525087
153 24.7216088393256
154 0.0
154 0.0
154 0.708408886721724
154 3.40031058817795
154 5.99439285419846
154 8.69924815656675
154 11.5716031717517
154 14.5839007915702
154 17.6549297358011
154 20.6291363069953
154 23.1852998658147
155 0.0
155 0.0
155 0.552321411125932
155 3.10446060678272
155 5.542110967334
155 8.07213542904426
155 10.7472181355093
155 13.5337291105727
155 16.3394694572276
155 18.9905875260062
155 21.1398204326868
156 0.0
156 0.0
156 0.549377841363933
156 2.93678185588754
156 5.16627313760915
156 7.4453867641256
156 9.83776564486085
156 12.3201551653477
156 14.8023756353729
156 17.0984501522248
156 18.8244726898001
157 0.0
157 0.0
157 0.500003731927402
157 2.67034980454886
157 4.69340344580874
157 6.76203932698359
157 8.93053008077562
157 11.1690282529376
157 13.3798163691406
157 15.3670632442085
157 16.7374293395769
158 0.0
158 0.0
158 0.453053806889513
158 2.35112932809081
158 4.13119396296365
158 5.96004845653455
158 7.87692880759649
158 9.84330610483024
158 11.7554018891236
158 13.4147717308717
158 14.4378899117358
159 0.0
159 0.0
159 0.4752985480702
159 2.12947062648331
159 3.71025576741141
159 5.35246012863501
159 7.07858024758332
159 8.84259522305851
159 10.5398186682978
159 11.9807845205515
159 12.8142970617261
160 0.0
160 0.0
160 0.312432310716097
160 1.85282632691551
160 3.3037853796097
160 4.78375518620387
160 6.30673192006524
160 7.82256247229923
160 9.22625288260399
160 10.3358180607629
160 10.8280771297183
161 0.0
161 0.0
161 0.321765116145818
161 1.6761421137257
161 2.96514785139412
161 4.28189673847511
161 5.62720171335179
161 6.94563056295823
161 8.13416924967925
161 9.02481256215975
161 9.33394178057177
162 0.0
162 0.0
162 0.271110360584986
162 1.45673686894408
162 2.58506963529548
162 3.72782923419585
162 4.87413813166325
162 5.96354998018155
162 6.89503385556552
162 7.51484854634227
162 7.57935286822596
163 0.0
163 0.0
163 0.237794797712146
163 1.07247683297802
163 2.03879613343398
163 3.12123003070121
163 4.24044288487428
163 5.28698475215175
163 6.13720126096346
163 6.66272478764285
163 6.74202460238289
164 0.0
164 0.0
164 0.155393363150689
164 0.894040644289923
164 1.75440286241518
164 2.68863387981486
164 3.60111620000857
164 4.37773147804765
164 4.9053971307671
164 5.09435592799751
164 4.9157054621416
165 0.0
165 0.0
165 0.152339809300742
165 0.786881233981501
165 1.52201516989784
165 2.27347117594399
165 2.92716589725334
165 3.36493544082896
165 3.48958893669447
165 3.26310096080352
165 2.77557099158469
166 0.0
166 0.0
166 0.124341837514456
166 0.495228909844294
166 1.11249752240849
166 1.79293028235628
166 2.34578411504933
166 2.60064208524162
166 2.44589352952887
166 1.89936579615102
166 1.2438111807541
167 0.0
167 0.0
167 0.129466607822828
167 0.462596139844692
167 0.977043928336499
167 1.45236320803298
167 1.67861842678881
167 1.48342709569233
167 0.779600066752128
167 -0.345420213512015
167 -1.45231896941308
168 0.0
168 0.0
168 0.0528059613178043
168 0.39362932660244
168 0.777602788236057
168 0.964935968850793
168 0.734558885361427
168 -0.0835222733295109
168 -1.55074192803261
168 -3.51863580174394
168 -5.42299584586055
169 0.0
169 0.0
169 0.0743024586716689
169 0.364772046533898
169 0.566510372842819
169 0.422260734196186
169 -0.295269505792628
169 -1.74543060969741
169 -3.95576836735752
169 -6.71707041332255
169 -9.36046588382846
170 0.0
170 0.0
170 0.0556722929695537
170 0.258585437948589
170 0.215052557319309
170 -0.339147215171581
170 -1.62689659524473
170 -3.78470892615965
170 -6.79722899686185
170 -10.4009702837275
170 -13.8666760560266
171 0.0
171 0.0
171 0.0378699316116466
171 0.0717305403707819
171 -0.302597690314897
171 -1.35146816301192
171 -3.2820667120561
171 -6.19278309194793
171 -10.0136855638572
171 -14.4307628135158
171 -18.6857167417287
172 0.0
172 0.0
172 -0.00106512358454046
172 -0.313021135913535
172 -1.22707495130933
172 -3.00365616638121
172 -5.81127007653952
172 -9.67979073403736
172 -14.4626011279629
172 -19.7985271078302
172 -24.9329068358627
173 0.0
173 0.0
173 -0.0798567803205956
173 -0.776132743786997
173 -2.21541318695249
173 -4.64299362658839
173 -8.18052928078793
173 -12.7919995133247
173 -18.2744000706839
173 -24.2502709192277
173 -29.994427790054
174 0.0
174 0.0
174 -0.158882914305147
174 -1.83701518636616
174 -4.11089338322315
174 -7.6955848707932
174 -12.850132135565
174 -19.3696923914367
174 -26.7764400028454
174 -34.5774717501299
174 -42.0963461335549
175 0.0
175 0.0
175 -0.394523212128273
175 -2.72087997676031
175 -5.99609205379448
175 -10.7504416274022
175 -16.9900569133147
175 -24.3301160883347
175 -32.3158833985262
175 -40.5816978799934
175 -48.614848189936
176 0.0
176 0.0
176 -0.500487031109759
176 -3.51973147857837
176 -7.63607524249422
176 -13.2151461274385
176 -20.1026252098858
176 -27.8739845799415
176 -36.1499787571166
176 -44.6488351923885
176 -52.9482153677822
177 0.0
177 0.0
177 -0.662156270110566
177 -4.92130503865018
177 -10.2481492183256
177 -16.8359246818325
177 -24.4249304327099
177 -32.6495321455809
177 -41.2438962814923
177 -50.0094385754843
177 -58.6108173049639
178 0.0
178 0.0
178 -0.821559060934459
178 -5.22622025263195
178 -10.5400406557167
178 -16.8844366870818
178 -24.0433259073898
178 -31.7368969019219
178 -39.7561360831301
178 -47.9311228491921
178 -55.9591147306595
179 0.0
179 0.0
179 -0.836781479110696
179 -5.9237554105609
179 -11.7734371019701
179 -18.6831196897023
179 -26.2721292162359
179 -34.1887660910278
179 -42.2777747809322
179 -50.4598231922046
179 -58.6164863578048
180 0.0
180 0.0
180 -0.984309765628435
180 -6.02963706298993
180 -11.6969808950179
180 -18.1587522341564
180 -25.141011845458
180 -32.406966288291
180 -39.8367721539397
180 -47.3578273360608
180 -54.8521465619627
181 0.0
181 0.0
181 -0.933384750927223
181 -6.04417153822632
181 -11.5358589171365
181 -17.7088637215466
181 -24.2924795916965
181 -31.0771043124608
181 -37.975625833847
181 -44.9421781341211
181 -51.9046318430135
182 0.0
182 0.0
182 -1.03263411324207
182 -5.86594862369493
182 -11.0130781905257
182 -16.7091551401325
182 -22.7707261700785
182 -29.0328543747707
182 -35.4143602053218
182 -41.8670113425356
182 -48.3122546675826
183 0.0
183 0.0
183 -0.888778775649976
183 -5.28771276019682
183 -9.84761565328194
183 -14.7571506636573
183 -19.9697457068868
183 -25.3929523116726
183 -30.9569282717722
183 -36.6032659337677
183 -42.2237024193381
184 0.0
184 0.0
184 -0.863370643865719
184 -4.87891501895256
184 -8.96686012704402
184 -13.3129434631195
184 -17.9246846264166
184 -22.7442456320753
184 -27.7118573588676
184 -32.7642773187193
184 -37.7739249600357
185 0.0
185 0.0
185 -0.730449966967932
185 -4.26480323410649
185 -7.76371389999777
185 -11.4209096730457
185 -15.2862842303604
185 -19.3356233867156
185 -23.5238699522056
185 -27.7854751547264
185 -31.9763936813023
