0 0
1 -0.374531566539359
2 -0.374531566539359
3 -0.374531566539359
4 -0.374531566539359
5 -0.374531566539359
6 -0.374531566539359
7 -0.374531566539359
8 -0.374531566539359
9 -0.0451027879630293
10 0.130410844565034
11 0.149070185055499
12 0.132578657534449
13 0.0787892641222643
14 0.0582859563103426
15 0.028209633744247
16 0.0135906347997973
17 -0.00894664851002164
18 -0.00801002715437668
19 -0.0162092938549818
20 -0.0179698166879157
21 -0.0198584651692328
22 -0.0204993076426508
23 -0.0203267013410166
24 -0.0197612266117271
25 -0.0213688615720831
26 -0.0194098383395837
27 -0.0179064905222871
28 -0.0163891034679055
29 -0.0150839991880841
30 -0.0137343691416707
31 -0.0134196059013254
32 -0.0128560361916956
33 -0.0131025844383001
34 -0.013285945086933
35 -0.0135415603100041
36 -0.0140086640833981
37 -0.0145156966468868
38 -0.0151721328962928
39 -0.0155318772253478
40 -0.0162498362371222
41 -0.0165653066830122
42 -0.0171302703768923
43 -0.0175805589349585
44 -0.0180312803430703
45 -0.0188921170543798
46 -0.0187307612671494
47 -0.0189660711818164
48 -0.019127328727848
49 -0.019427824273899
50 -0.0211778716843165
51 -0.0213652797576825
52 -0.0210090512966541
53 -0.0215431589083705
54 -0.0216606416885467
55 -0.0226873359227587
56 -0.0242997245418646
57 -0.0263813768647633
58 -0.0273971201710342
59 -0.0295804567998824
60 -0.0314859076349072
61 -0.0332042642848836
62 -0.0353084175243032
63 -0.037960188268398
64 -0.0396152816135902
65 -0.0418331976943783
66 -0.0461541494529998
67 -0.0475345345666391
68 -0.0522421919438
69 -0.0545260840212898
70 -0.0576754988343774
71 -0.0609284052825673
72 -0.0650575713068275
73 -0.0680001326697873
74 -0.0713959961474283
75 -0.0749981914379717
76 -0.0803716566388194
77 -0.0841450131895644
78 -0.0893064362609709
79 -0.0933198208673318
80 -0.0946613039378931
81 -0.0970358543061756
82 -0.0982072633317581
83 -0.101316987929254
84 -0.104178971892029
85 -0.105844925855423
86 -0.107955062241115
87 -0.105231422390778
88 -0.102497816865598
89 -0.0987862924744455
90 -0.0961197737075141
91 -0.0922358117214284
92 -0.086317496239468
93 -0.0817614920402863
94 -0.0734715649273504
95 -0.0690811280031453
96 -0.0619746486087961
97 -0.056937667771481
98 -0.0503452837375575
99 -0.0467986854715697
100 -0.0429424330747017
101 -0.0378895843414494
102 -0.033657098713043
103 -0.028838093088171
104 -0.0279189413072084
105 -0.025473281997651
106 -0.0226677012996836
107 -0.0203268799617831
108 -0.018024001446537
109 -0.0177615160727154
110 -0.0167149221944163
111 -0.0150732099565254
112 -0.0148128623086067
113 -0.0141097797179116
114 -0.0138977712316224
115 -0.0132586413644232
116 -0.0127479023912009
117 -0.0129250519712928
118 -0.0112968193365767
119 -0.00970664669377618
120 -0.00887488708323976
121 -0.00574106529805976
122 -0.00387654879982175
123 -0.00216788575500119
124 -0.000298686939363123
125 0.00203017085760429
126 -0.00147620187650947
127 -0.00119579190694419
128 -0.00301722250741984
129 -0.00625162445895317
130 -0.00990484620974084
131 -0.0177216734700599
132 -0.0214503557865829
133 -0.0303717087188468
134 -0.038486182397297
135 -0.0500785636440558
136 -0.0566306223120153
137 -0.0681739584093674
138 -0.0890726599185493
139 -0.100116610998416
140 -0.119231488678814
141 -0.129208527311466
142 -0.157386363622068
143 -0.173487584090675
144 -0.196251328042692
145 -0.219771013719039
146 -0.237426377725355
147 -0.254258915851606
148 -0.267293820412782
149 -0.263821110822557
150 -0.247837246501255
151 -0.22417155904576
152 -0.197091918149063
153 -0.172078335650142
154 -0.143682260878944
155 -0.13417489670442
156 -0.114968683899737
157 -0.0976453940176576
158 -0.0786264036432545
159 -0.0608576102438666
160 -0.0599568243868948
161 -0.0481102884075491
162 -0.0404985016936486
163 -0.0252918234089263
164 -0.0236121308429128
165 -0.0185798126481867
166 -0.0091459674575843
167 -0.00725364258186632
168 -0.00983162405844482
169 -0.00710498590942879
170 -0.00466712125688965
171 0.000125862689242238
172 0.00913573724624123
173 0.0175482457477483
174 0.0419747213270562
175 0.0517458130246194
176 0.0664753148582483
177 0.0942426174527484
178 0.10854875541791
179 0.15007943040444
180 0.17175054194503
181 0.219850209292253
182 0.233788164105504
183 0.26775808305869
184 0.282311145377829
185 0.307196039859451
