0 0
1 2.5
1 5.0
1 7.5
1 10.0
1 12.5
1 15.0
1 17.5
1 20.0
1 22.5
1 25.0
1 27.5
1 30.0
1 32.5
1 35.0
1 37.5
1 40.0
1 42.5
1 45.0
1 47.5
1 50.0
1 52.5
1 55.0
1 57.5
1 60.0
2 2.5
2 5.0
2 7.5
2 10.0
2 12.5
2 15.0
2 17.5
2 20.0
2 22.5
2 25.0
2 27.5
2 30.0
2 32.5
2 35.0
2 37.5
2 40.0
2 42.5
2 45.0
2 47.5
2 50.0
2 52.5
2 55.0
2 57.5
2 60.0
3 2.5
3 5.0
3 7.5
3 10.0
3 12.5
3 15.0
3 17.5
3 20.0
3 22.5
3 25.0
3 27.5
3 30.0
3 32.5
3 35.0
3 37.5
3 40.0
3 42.5
3 45.0
3 47.5
3 50.0
3 52.5
3 55.0
3 57.5
3 60.0
4 2.5
4 5.0
4 7.5
4 10.0
4 12.5
4 15.0
4 17.5
4 20.0
4 22.5
4 25.0
4 27.5
4 30.0
4 32.5
4 35.0
4 37.5
4 40.0
4 42.5
4 45.0
4 47.5
4 50.0
4 52.5
4 55.0
4 57.5
4 60.0
5 2.5
5 5.0
5 7.5
5 10.0
5 12.5
5 15.0
5 17.5
5 20.0
5 22.5
5 25.0
5 27.5
5 30.0
5 32.5
5 35.0
5 37.5
5 40.0
5 42.5
5 45.0
5 47.5
5 50.0
5 52.5
5 55.0
5 57.5
5 60.0
6 2.5
6 5.0
6 7.5
6 10.0
6 12.5
6 15.0
6 17.5
6 20.0
6 22.5
6 25.0
6 27.5
6 30.0
6 32.5
6 35.0
6 37.5
6 40.0
6 42.5
6 45.0
6 47.5
6 50.0
6 52.5
6 55.0
6 57.5
6 60.0
7 2.5
7 5.0
7 7.5
7 10.0
7 12.5
7 15.0
7 17.5
7 20.0
7 22.5
7 25.0
7 27.5
7 30.0
7 32.5
7 35.0
7 37.5
7 40.0
7 42.5
7 45.0
7 47.5
7 50.0
7 52.5
7 55.0
7 57.5
7 60.0
8 2.5
8 5.0
8 7.5
8 10.0
8 12.5
8 15.0
8 17.5
8 20.0
8 22.5
8 25.0
8 27.5
8 30.0
8 32.5
8 35.0
8 37.5
8 40.0
8 42.5
8 45.0
8 47.5
8 50.0
8 52.5
8 55.0
8 57.5
8 60.0
9 2.5
9 5.0
9 7.5
9 10.0
9 12.5
9 15.0
9 17.5
9 20.0
9 22.5
9 25.0
9 27.5
9 30.0
9 32.5
9 35.0
9 37.5
9 40.0
9 42.5
9 45.0
9 47.5
9 50.0
9 52.5
9 55.0
9 57.5
9 60.0
10 2.5
10 5.0
10 7.5
10 10.0
10 12.5
10 15.0
10 17.5
10 20.0
10 22.5
10 25.0
10 27.5
10 30.0
10 32.5
10 35.0
10 37.5
10 40.0
10 42.5
10 45.0
10 47.5
10 50.0
10 52.5
10 55.0
10 57.5
10 60.0
11 2.5
11 5.0
11 7.5
11 10.0
11 12.5
11 15.0
11 17.5
11 20.0
11 22.5
11 25.0
11 27.5
11 30.0
11 32.5
11 35.0
11 37.5
11 40.0
11 42.5
11 45.0
11 47.5
11 50.0
11 52.5
11 55.0
11 57.5
11 60.0
12 2.5
12 5.0
12 7.5
12 10.0
12 12.5
12 15.0
12 17.5
12 20.0
12 22.5
12 25.0
12 27.5
12 30.0
12 32.5
12 35.0
12 37.5
12 40.0
12 42.5
12 45.0
12 47.5
12 50.0
12 52.5
12 55.0
12 57.5
12 60.0
13 2.5
13 5.0
13 7.5
13 10.0
13 12.5
13 15.0
13 17.5
13 20.0
13 22.5
13 25.0
13 27.5
13 30.0
13 32.5
13 35.0
13 37.5
13 40.0
13 42.5
13 45.0
13 47.5
13 50.0
13 52.5
13 55.0
13 57.5
13 60.0
14 2.5
14 5.0
14 7.5
14 10.0
14 12.5
14 15.0
14 17.5
14 20.0
14 22.5
14 25.0
14 27.5
14 30.0
14 32.5
14 35.0
14 37.5
14 40.0
14 42.5
14 45.0
14 47.5
14 50.0
14 52.5
14 55.0
14 57.5
14 60.0
15 2.5
15 5.0
15 7.5
15 10.0
15 12.5
15 15.0
15 17.5
15 20.0
15 22.5
15 25.0
15 27.5
15 30.0
15 32.5
15 35.0
15 37.5
15 40.0
15 42.5
15 45.0
15 47.5
15 50.0
15 52.5
15 55.0
15 57.5
15 60.0
16 2.5
16 5.0
16 7.5
16 10.0
16 12.5
16 15.0
16 17.5
16 20.0
16 22.5
16 25.0
16 27.5
16 30.0
16 32.5
16 35.0
16 37.5
16 40.0
16 42.5
16 45.0
16 47.5
16 50.0
16 52.5
16 55.0
16 57.5
16 60.0
17 2.5
17 5.0
17 7.5
17 10.0
17 12.5
17 15.0
17 17.5
17 20.0
17 22.5
17 25.0
17 27.5
17 30.0
17 32.5
17 35.0
17 37.5
17 40.0
17 42.5
17 45.0
17 47.5
17 50.0
17 52.5
17 55.0
17 57.5
17 60.0
18 2.5
18 5.0
18 7.5
18 10.0
18 12.5
18 15.0
18 17.5
18 20.0
18 22.5
18 25.0
18 27.5
18 30.0
18 32.5
18 35.0
18 37.5
18 40.0
18 42.5
18 45.0
18 47.5
18 50.0
18 52.5
18 55.0
18 57.5
18 60.0
19 2.5
19 5.0
19 7.5
19 10.0
19 12.5
19 15.0
19 17.5
19 20.0
19 22.5
19 25.0
19 27.5
19 30.0
19 32.5
19 35.0
19 37.5
19 40.0
19 42.5
19 45.0
19 47.5
19 50.0
19 52.5
19 55.0
19 57.5
19 60.0
20 2.5
20 5.0
20 7.5
20 10.0
20 12.5
20 15.0
20 17.5
20 20.0
20 22.5
20 25.0
20 27.5
20 30.0
20 32.5
20 35.0
20 37.5
20 40.0
20 42.5
20 45.0
20 47.5
20 50.0
20 52.5
20 55.0
20 57.5
20 60.0
21 2.5
21 5.0
21 7.5
21 10.0
21 12.5
21 15.0
21 17.5
21 20.0
21 22.5
21 25.0
21 27.5
21 30.0
21 32.5
21 35.0
21 37.5
21 40.0
21 42.5
21 45.0
21 47.5
21 50.0
21 52.5
21 55.0
21 57.5
21 60.0
22 2.5
22 5.0
22 7.5
22 10.0
22 12.5
22 15.0
22 17.5
22 20.0
22 22.5
22 25.0
22 27.5
22 30.0
22 32.5
22 35.0
22 37.5
22 40.0
22 42.5
22 45.0
22 47.5
22 50.0
22 52.5
22 55.0
22 57.5
22 60.0
23 2.5
23 5.0
23 7.5
23 10.0
23 12.5
23 15.0
23 17.5
23 20.0
23 22.5
23 25.0
23 27.5
23 30.0
23 32.5
23 35.0
23 37.5
23 40.0
23 42.5
23 45.0
23 47.5
23 50.0
23 52.5
23 55.0
23 57.5
23 60.0
24 2.5
24 5.0
24 7.5
24 10.0
24 12.5
24 15.0
24 17.5
24 20.0
24 22.5
24 25.0
24 27.5
24 30.0
24 32.5
24 35.0
24 37.5
24 40.0
24 42.5
24 45.0
24 47.5
24 50.0
24 52.5
24 55.0
24 57.5
24 60.0
25 2.5
25 5.0
25 7.5
25 10.0
25 12.5
25 15.0
25 17.5
25 20.0
25 22.5
25 25.0
25 27.5
25 30.0
25 32.5
25 35.0
25 37.5
25 40.0
25 42.5
25 45.0
25 47.5
25 50.0
25 52.5
25 55.0
25 57.5
25 60.0
26 2.5
26 5.0
26 7.5
26 10.0
26 12.5
26 15.0
26 17.5
26 20.0
26 22.5
26 25.0
26 27.5
26 30.0
26 32.5
26 35.0
26 37.5
26 40.0
26 42.5
26 45.0
26 47.5
26 50.0
26 52.5
26 55.0
26 57.5
26 60.0
27 2.5
27 5.0
27 7.5
27 10.0
27 12.5
27 15.0
27 17.5
27 20.0
27 22.5
27 25.0
27 27.5
27 30.0
27 32.5
27 35.0
27 37.5
27 40.0
27 42.5
27 45.0
27 47.5
27 50.0
27 52.5
27 55.0
27 57.5
27 60.0
28 2.5
28 5.0
28 7.5
28 10.0
28 12.5
28 15.0
28 17.5
28 20.0
28 22.5
28 25.0
28 27.5
28 30.0
28 32.5
28 35.0
28 37.5
28 40.0
28 42.5
28 45.0
28 47.5
28 50.0
28 52.5
28 55.0
28 57.5
28 60.0
29 2.5
29 5.0
29 7.5
29 10.0
29 12.5
29 15.0
29 17.5
29 20.0
29 22.5
29 25.0
29 27.5
29 30.0
29 32.5
29 35.0
29 37.5
29 40.0
29 42.5
29 45.0
29 47.5
29 50.0
29 52.5
29 55.0
29 57.5
29 60.0
30 2.5
30 5.0
30 7.5
30 10.0
30 12.5
30 15.0
30 17.5
30 20.0
30 22.5
30 25.0
30 27.5
30 30.0
30 32.5
30 35.0
30 37.5
30 40.0
30 42.5
30 45.0
30 47.5
30 50.0
30 52.5
30 55.0
30 57.5
30 60.0
31 2.5
31 5.0
31 7.5
31 10.0
31 12.5
31 15.0
31 17.5
31 20.0
31 22.5
31 25.0
31 27.5
31 30.0
31 32.5
31 35.0
31 37.5
31 40.0
31 42.5
31 45.0
31 47.5
31 50.0
31 52.5
31 55.0
31 57.5
31 60.0
32 2.5
32 5.0
32 7.5
32 10.0
32 12.5
32 15.0
32 17.5
32 20.0
32 22.5
32 25.0
32 27.5
32 30.0
32 32.5
32 35.0
32 37.5
32 40.0
32 42.5
32 45.0
32 47.5
32 50.0
32 52.5
32 55.0
32 57.5
32 60.0
33 2.5
33 5.0
33 7.5
33 10.0
33 12.5
33 15.0
33 17.5
33 20.0
33 22.5
33 25.0
33 27.5
33 30.0
33 32.5
33 35.0
33 37.5
33 40.0
33 42.5
33 45.0
33 47.5
33 50.0
33 52.5
33 55.0
33 57.5
33 60.0
34 2.5
34 5.0
34 7.5
34 10.0
34 12.5
34 15.0
34 17.5
34 20.0
34 22.5
34 25.0
34 27.5
34 30.0
34 32.5
34 35.0
34 37.5
34 40.0
34 42.5
34 45.0
34 47.5
34 50.0
34 52.5
34 55.0
34 57.5
34 60.0
35 2.5
35 5.0
35 7.5
35 10.0
35 12.5
35 15.0
35 17.5
35 20.0
35 22.5
35 25.0
35 27.5
35 30.0
35 32.5
35 35.0
35 37.5
35 40.0
35 42.5
35 45.0
35 47.5
35 50.0
35 52.5
35 55.0
35 57.5
35 60.0
36 2.5
36 5.0
36 7.5
36 10.0
36 12.5
36 15.0
36 17.5
36 20.0
36 22.5
36 25.0
36 27.5
36 30.0
36 32.5
36 35.0
36 37.5
36 40.0
36 42.5
36 45.0
36 47.5
36 50.0
36 52.5
36 55.0
36 57.5
36 60.0
37 2.5
37 5.0
37 7.5
37 10.0
37 12.5
37 15.0
37 17.5
37 20.0
37 22.5
37 25.0
37 27.5
37 30.0
37 32.5
37 35.0
37 37.5
37 40.0
37 42.5
37 45.0
37 47.5
37 50.0
37 52.5
37 55.0
37 57.5
37 60.0
38 2.5
38 5.0
38 7.5
38 10.0
38 12.5
38 15.0
38 17.5
38 20.0
38 22.5
38 25.0
38 27.5
38 30.0
38 32.5
38 35.0
38 37.5
38 40.0
38 42.5
38 45.0
38 47.5
38 50.0
38 52.5
38 55.0
38 57.5
38 60.0
39 2.5
39 5.0
39 7.5
39 10.0
39 12.5
39 15.0
39 17.5
39 20.0
39 22.5
39 25.0
39 27.5
39 30.0
39 32.5
39 35.0
39 37.5
39 40.0
39 42.5
39 45.0
39 47.5
39 50.0
39 52.5
39 55.0
39 57.5
39 60.0
40 2.5
40 5.0
40 7.5
40 10.0
40 12.5
40 15.0
40 17.5
40 20.0
40 22.5
40 25.0
40 27.5
40 30.0
40 32.5
40 35.0
40 37.5
40 40.0
40 42.5
40 45.0
40 47.5
40 50.0
40 52.5
40 55.0
40 57.5
40 60.0
41 2.5
41 5.0
41 7.5
41 10.0
41 12.5
41 15.0
41 17.5
41 20.0
41 22.5
41 25.0
41 27.5
41 30.0
41 32.5
41 35.0
41 37.5
41 40.0
41 42.5
41 45.0
41 47.5
41 50.0
41 52.5
41 55.0
41 57.5
41 60.0
42 2.5
42 5.0
42 7.5
42 10.0
42 12.5
42 15.0
42 17.5
42 20.0
42 22.5
42 25.0
42 27.5
42 30.0
42 32.5
42 35.0
42 37.5
42 40.0
42 42.5
42 45.0
42 47.5
42 50.0
42 52.5
42 55.0
42 57.5
42 60.0
43 2.5
43 5.0
43 7.5
43 10.0
43 12.5
43 15.0
43 17.5
43 20.0
43 22.5
43 25.0
43 27.5
43 30.0
43 32.5
43 35.0
43 37.5
43 40.0
43 42.5
43 45.0
43 47.5
43 50.0
43 52.5
43 55.0
43 57.5
43 60.0
44 2.5
44 5.0
44 7.5
44 10.0
44 12.5
44 15.0
44 17.5
44 20.0
44 22.5
44 25.0
44 27.5
44 30.0
44 32.5
44 35.0
44 37.5
44 40.0
44 42.5
44 45.0
44 47.5
44 50.0
44 52.5
44 55.0
44 57.5
44 60.0
45 2.5
45 5.0
45 7.5
45 10.0
45 12.5
45 15.0
45 17.5
45 20.0
45 22.5
45 25.0
45 27.5
45 30.0
45 32.5
45 35.0
45 37.5
45 40.0
45 42.5
45 45.0
45 47.5
45 50.0
45 52.5
45 55.0
45 57.5
45 60.0
46 2.5
46 5.0
46 7.5
46 10.0
46 12.5
46 15.0
46 17.5
46 20.0
46 22.5
46 25.0
46 27.5
46 30.0
46 32.5
46 35.0
46 37.5
46 40.0
46 42.5
46 45.0
46 47.5
46 50.0
46 52.5
46 55.0
46 57.5
46 60.0
47 2.5
47 5.0
47 7.5
47 10.0
47 12.5
47 15.0
47 17.5
47 20.0
47 22.5
47 25.0
47 27.5
47 30.0
47 32.5
47 35.0
47 37.5
47 40.0
47 42.5
47 45.0
47 47.5
47 50.0
47 52.5
47 55.0
47 57.5
47 60.0
48 2.5
48 5.0
48 7.5
48 10.0
48 12.5
48 15.0
48 17.5
48 20.0
48 22.5
48 25.0
48 27.5
48 30.0
48 32.5
48 35.0
48 37.5
48 40.0
48 42.5
48 45.0
48 47.5
48 50.0
48 52.5
48 55.0
48 57.5
48 60.0
49 2.5
49 5.0
49 7.5
49 10.0
49 12.5
49 15.0
49 17.5
49 20.0
49 22.5
49 25.0
49 27.5
49 30.0
49 32.5
49 35.0
49 37.5
49 40.0
49 42.5
49 45.0
49 47.5
49 50.0
49 52.5
49 55.0
49 57.5
49 60.0
50 2.5
50 5.0
50 7.5
50 10.0
50 12.5
50 15.0
50 17.5
50 20.0
50 22.5
50 25.0
50 27.5
50 30.0
50 32.5
50 35.0
50 37.5
50 40.0
50 42.5
50 45.0
50 47.5
50 50.0
50 52.5
50 55.0
50 57.5
50 60.0
51 2.5
51 5.0
51 7.5
51 10.0
51 12.5
51 15.0
51 17.5
51 20.0
51 22.5
51 25.0
51 27.5
51 30.0
51 32.5
51 35.0
51 37.5
51 40.0
51 42.5
51 45.0
51 47.5
51 50.0
51 52.5
51 55.0
51 57.5
51 60.0
52 2.5
52 5.0
52 7.5
52 10.0
52 12.5
52 15.0
52 17.5
52 20.0
52 22.5
52 25.0
52 27.5
52 30.0
52 32.5
52 35.0
52 37.5
52 40.0
52 42.5
52 45.0
52 47.5
52 50.0
52 52.5
52 55.0
52 57.5
52 60.0
53 2.5
53 5.0
53 7.5
53 10.0
53 12.5
53 15.0
53 17.5
53 20.0
53 22.5
53 25.0
53 27.5
53 30.0
53 32.5
53 35.0
53 37.5
53 40.0
53 42.5
53 45.0
53 47.5
53 50.0
53 52.5
53 55.0
53 57.5
53 60.0
54 2.5
54 5.0
54 7.5
54 10.0
54 12.5
54 15.0
54 17.5
54 20.0
54 22.5
54 25.0
54 27.5
54 30.0
54 32.5
54 35.0
54 37.5
54 40.0
54 42.5
54 45.0
54 47.5
54 50.0
54 52.5
54 55.0
54 57.5
54 60.0
55 2.5
55 5.0
55 7.5
55 10.0
55 12.5
55 15.0
55 17.5
55 20.0
55 22.5
55 25.0
55 27.5
55 30.0
55 32.5
55 35.0
55 37.5
55 40.0
55 42.5
55 45.0
55 47.5
55 50.0
55 52.5
55 55.0
55 57.5
55 60.0
56 2.5
56 5.0
56 7.5
56 10.0
56 12.5
56 15.0
56 17.5
56 20.0
56 22.5
56 25.0
56 27.5
56 30.0
56 32.5
56 35.0
56 37.5
56 40.0
56 42.5
56 45.0
56 47.5
56 50.0
56 52.5
56 55.0
56 57.5
56 60.0
57 2.5
57 5.0
57 7.5
57 10.0
57 12.5
57 15.0
57 17.5
57 20.0
57 22.5
57 25.0
57 27.5
57 30.0
57 32.5
57 35.0
57 37.5
57 40.0
57 42.5
57 45.0
57 47.5
57 50.0
57 52.5
57 55.0
57 57.5
57 60.0
58 2.5
58 5.0
58 7.5
58 10.0
58 12.5
58 15.0
58 17.5
58 20.0
58 22.5
58 25.0
58 27.5
58 30.0
58 32.5
58 35.0
58 37.5
58 40.0
58 42.5
58 45.0
58 47.5
58 50.0
58 52.5
58 55.0
58 57.5
58 60.0
59 2.5
59 5.0
59 7.5
59 10.0
59 12.5
59 15.0
59 17.5
59 20.0
59 22.5
59 25.0
59 27.5
59 30.0
59 32.5
59 35.0
59 37.5
59 40.0
59 42.5
59 45.0
59 47.5
59 50.0
59 52.5
59 55.0
59 57.5
59 60.0
60 2.5
60 5.0
60 7.5
60 10.0
60 12.5
60 15.0
60 17.5
60 20.0
60 22.5
60 25.0
60 27.5
60 30.0
60 32.5
60 35.0
60 37.5
60 40.0
60 42.5
60 45.0
60 47.5
60 50.0
60 52.5
60 55.0
60 57.5
60 60.0
61 2.5
61 5.0
61 7.5
61 10.0
61 12.5
61 15.0
61 17.5
61 20.0
61 22.5
61 25.0
61 27.5
61 30.0
61 32.5
61 35.0
61 37.5
61 40.0
61 42.5
61 45.0
61 47.5
61 50.0
61 52.5
61 55.0
61 57.5
61 60.0
62 2.5
62 5.0
62 7.5
62 10.0
62 12.5
62 15.0
62 17.5
62 20.0
62 22.5
62 25.0
62 27.5
62 30.0
62 32.5
62 35.0
62 37.5
62 40.0
62 42.5
62 45.0
62 47.5
62 50.0
62 52.5
62 55.0
62 57.5
62 60.0
63 2.5
63 5.0
63 7.5
63 10.0
63 12.5
63 15.0
63 17.5
63 20.0
63 22.5
63 25.0
63 27.5
63 30.0
63 32.5
63 35.0
63 37.5
63 40.0
63 42.5
63 45.0
63 47.5
63 50.0
63 52.5
63 55.0
63 57.5
63 60.0
64 2.5
64 5.0
64 7.5
64 10.0
64 12.5
64 15.0
64 17.5
64 20.0
64 22.5
64 25.0
64 27.5
64 30.0
64 32.5
64 35.0
64 37.5
64 40.0
64 42.5
64 45.0
64 47.5
64 50.0
64 52.5
64 55.0
64 57.5
64 60.0
65 2.5
65 5.0
65 7.5
65 10.0
65 12.5
65 15.0
65 17.5
65 20.0
65 22.5
65 25.0
65 27.5
65 30.0
65 32.5
65 35.0
65 37.5
65 40.0
65 42.5
65 45.0
65 47.5
65 50.0
65 52.5
65 55.0
65 57.5
65 60.0
66 2.5
66 5.0
66 7.5
66 10.0
66 12.5
66 15.0
66 17.5
66 20.0
66 22.5
66 25.0
66 27.5
66 30.0
66 32.5
66 35.0
66 37.5
66 40.0
66 42.5
66 45.0
66 47.5
66 50.0
66 52.5
66 55.0
66 57.5
66 60.0
67 2.5
67 5.0
67 7.5
67 10.0
67 12.5
67 15.0
67 17.5
67 20.0
67 22.5
67 25.0
67 27.5
67 30.0
67 32.5
67 35.0
67 37.5
67 40.0
67 42.5
67 45.0
67 47.5
67 50.0
67 52.5
67 55.0
67 57.5
67 60.0
68 2.5
68 5.0
68 7.5
68 10.0
68 12.5
68 15.0
68 17.5
68 20.0
68 22.5
68 25.0
68 27.5
68 30.0
68 32.5
68 35.0
68 37.5
68 40.0
68 42.5
68 45.0
68 47.5
68 50.0
68 52.5
68 55.0
68 57.5
68 60.0
69 2.5
69 5.0
69 7.5
69 10.0
69 12.5
69 15.0
69 17.5
69 20.0
69 22.5
69 25.0
69 27.5
69 30.0
69 32.5
69 35.0
69 37.5
69 40.0
69 42.5
69 45.0
69 47.5
69 50.0
69 52.5
69 55.0
69 57.5
69 60.0
70 2.5
70 5.0
70 7.5
70 10.0
70 12.5
70 15.0
70 17.5
70 20.0
70 22.5
70 25.0
70 27.5
70 30.0
70 32.5
70 35.0
70 37.5
70 40.0
70 42.5
70 45.0
70 47.5
70 50.0
70 52.5
70 55.0
70 57.5
70 60.0
71 2.5
71 5.0
71 7.5
71 10.0
71 12.5
71 15.0
71 17.5
71 20.0
71 22.5
71 25.0
71 27.5
71 30.0
71 32.5
71 35.0
71 37.5
71 40.0
71 42.5
71 45.0
71 47.5
71 50.0
71 52.5
71 55.0
71 57.5
71 60.0
72 2.5
72 5.0
72 7.5
72 10.0
72 12.5
72 15.0
72 17.5
72 20.0
72 22.5
72 25.0
72 27.5
72 30.0
72 32.5
72 35.0
72 37.5
72 40.0
72 42.5
72 45.0
72 47.5
72 50.0
72 52.5
72 55.0
72 57.5
72 60.0
73 2.5
73 5.0
73 7.5
73 10.0
73 12.5
73 15.0
73 17.5
73 20.0
73 22.5
73 25.0
73 27.5
73 30.0
73 32.5
73 35.0
73 37.5
73 40.0
73 42.5
73 45.0
73 47.5
73 50.0
73 52.5
73 55.0
73 57.5
73 60.0
74 2.5
74 5.0
74 7.5
74 10.0
74 12.5
74 15.0
74 17.5
74 20.0
74 22.5
74 25.0
74 27.5
74 30.0
74 32.5
74 35.0
74 37.5
74 40.0
74 42.5
74 45.0
74 47.5
74 50.0
74 52.5
74 55.0
74 57.5
74 60.0
75 2.5
75 5.0
75 7.5
75 10.0
75 12.5
75 15.0
75 17.5
75 20.0
75 22.5
75 25.0
75 27.5
75 30.0
75 32.5
75 35.0
75 37.5
75 40.0
75 42.5
75 45.0
75 47.5
75 50.0
75 52.5
75 55.0
75 57.5
75 60.0
76 2.5
76 5.0
76 7.5
76 10.0
76 12.5
76 15.0
76 17.5
76 20.0
76 22.5
76 25.0
76 27.5
76 30.0
76 32.5
76 35.0
76 37.5
76 40.0
76 42.5
76 45.0
76 47.5
76 50.0
76 52.5
76 55.0
76 57.5
76 60.0
77 2.5
77 5.0
77 7.5
77 10.0
77 12.5
77 15.0
77 17.5
77 20.0
77 22.5
77 25.0
77 27.5
77 30.0
77 32.5
77 35.0
77 37.5
77 40.0
77 42.5
77 45.0
77 47.5
77 50.0
77 52.5
77 55.0
77 57.5
77 60.0
78 2.5
78 5.0
78 7.5
78 10.0
78 12.5
78 15.0
78 17.5
78 20.0
78 22.5
78 25.0
78 27.5
78 30.0
78 32.5
78 35.0
78 37.5
78 40.0
78 42.5
78 45.0
78 47.5
78 50.0
78 52.5
78 55.0
78 57.5
78 60.0
79 2.5
79 5.0
79 7.5
79 10.0
79 12.5
79 15.0
79 17.5
79 20.0
79 22.5
79 25.0
79 27.5
79 30.0
79 32.5
79 35.0
79 37.5
79 40.0
79 42.5
79 45.0
79 47.5
79 50.0
79 52.5
79 55.0
79 57.5
79 60.0
80 2.5
80 5.0
80 7.5
80 10.0
80 12.5
80 15.0
80 17.5
80 20.0
80 22.5
80 25.0
80 27.5
80 30.0
80 32.5
80 35.0
80 37.5
80 40.0
80 42.5
80 45.0
80 47.5
80 50.0
80 52.5
80 55.0
80 57.5
80 60.0
81 2.5
81 5.0
81 7.5
81 10.0
81 12.5
81 15.0
81 17.5
81 20.0
81 22.5
81 25.0
81 27.5
81 30.0
81 32.5
81 35.0
81 37.5
81 40.0
81 42.5
81 45.0
81 47.5
81 50.0
81 52.5
81 55.0
81 57.5
81 60.0
82 2.5
82 5.0
82 7.5
82 10.0
82 12.5
82 15.0
82 17.5
82 20.0
82 22.5
82 25.0
82 27.5
82 30.0
82 32.5
82 35.0
82 37.5
82 40.0
82 42.5
82 45.0
82 47.5
82 50.0
82 52.5
82 55.0
82 57.5
82 60.0
83 2.5
83 5.0
83 7.5
83 10.0
83 12.5
83 15.0
83 17.5
83 20.0
83 22.5
83 25.0
83 27.5
83 30.0
83 32.5
83 35.0
83 37.5
83 40.0
83 42.5
83 45.0
83 47.5
83 50.0
83 52.5
83 55.0
83 57.5
83 60.0
84 2.5
84 5.0
84 7.5
84 10.0
84 12.5
84 15.0
84 17.5
84 20.0
84 22.5
84 25.0
84 27.5
84 30.0
84 32.5
84 35.0
84 37.5
84 40.0
84 42.5
84 45.0
84 47.5
84 50.0
84 52.5
84 55.0
84 57.5
84 60.0
85 2.5
85 5.0
85 7.5
85 10.0
85 12.5
85 15.0
85 17.5
85 20.0
85 22.5
85 25.0
85 27.5
85 30.0
85 32.5
85 35.0
85 37.5
85 40.0
85 42.5
85 45.0
85 47.5
85 50.0
85 52.5
85 55.0
85 57.5
85 60.0
86 2.5
86 5.0
86 7.5
86 10.0
86 12.5
86 15.0
86 17.5
86 20.0
86 22.5
86 25.0
86 27.5
86 30.0
86 32.5
86 35.0
86 37.5
86 40.0
86 42.5
86 45.0
86 47.5
86 50.0
86 52.5
86 55.0
86 57.5
86 60.0
87 2.5
87 5.0
87 7.5
87 10.0
87 12.5
87 15.0
87 17.5
87 20.0
87 22.5
87 25.0
87 27.5
87 30.0
87 32.5
87 35.0
87 37.5
87 40.0
87 42.5
87 45.0
87 47.5
87 50.0
87 52.5
87 55.0
87 57.5
87 60.0
88 2.5
88 5.0
88 7.5
88 10.0
88 12.5
88 15.0
88 17.5
88 20.0
88 22.5
88 25.0
88 27.5
88 30.0
88 32.5
88 35.0
88 37.5
88 40.0
88 42.5
88 45.0
88 47.5
88 50.0
88 52.5
88 55.0
88 57.5
88 60.0
89 2.5
89 5.0
89 7.5
89 10.0
89 12.5
89 15.0
89 17.5
89 20.0
89 22.5
89 25.0
89 27.5
89 30.0
89 32.5
89 35.0
89 37.5
89 40.0
89 42.5
89 45.0
89 47.5
89 50.0
89 52.5
89 55.0
89 57.5
89 60.0
90 2.5
90 5.0
90 7.5
90 10.0
90 12.5
90 15.0
90 17.5
90 20.0
90 22.5
90 25.0
90 27.5
90 30.0
90 32.5
90 35.0
90 37.5
90 40.0
90 42.5
90 45.0
90 47.5
90 50.0
90 52.5
90 55.0
90 57.5
90 60.0
91 2.5
91 5.0
91 7.5
91 10.0
91 12.5
91 15.0
91 17.5
91 20.0
91 22.5
91 25.0
91 27.5
91 30.0
91 32.5
91 35.0
91 37.5
91 40.0
91 42.5
91 45.0
91 47.5
91 50.0
91 52.5
91 55.0
91 57.5
91 60.0
92 2.5
92 5.0
92 7.5
92 10.0
92 12.5
92 15.0
92 17.5
92 20.0
92 22.5
92 25.0
92 27.5
92 30.0
92 32.5
92 35.0
92 37.5
92 40.0
92 42.5
92 45.0
92 47.5
92 50.0
92 52.5
92 55.0
92 57.5
92 60.0
93 2.5
93 5.0
93 7.5
93 10.0
93 12.5
93 15.0
93 17.5
93 20.0
93 22.5
93 25.0
93 27.5
93 30.0
93 32.5
93 35.0
93 37.5
93 40.0
93 42.5
93 45.0
93 47.5
93 50.0
93 52.5
93 55.0
93 57.5
93 60.0
94 2.5
94 5.0
94 7.5
94 10.0
94 12.5
94 15.0
94 17.5
94 20.0
94 22.5
94 25.0
94 27.5
94 30.0
94 32.5
94 35.0
94 37.5
94 40.0
94 42.5
94 45.0
94 47.5
94 50.0
94 52.5
94 55.0
94 57.5
94 60.0
95 2.5
95 5.0
95 7.5
95 10.0
95 12.5
95 15.0
95 17.5
95 20.0
95 22.5
95 25.0
95 27.5
95 30.0
95 32.5
95 35.0
95 37.5
95 40.0
95 42.5
95 45.0
95 47.5
95 50.0
95 52.5
95 55.0
95 57.5
95 60.0
96 2.5
96 5.0
96 7.5
96 10.0
96 12.5
96 15.0
96 17.5
96 20.0
96 22.5
96 25.0
96 27.5
96 30.0
96 32.5
96 35.0
96 37.5
96 40.0
96 42.5
96 45.0
96 47.5
96 50.0
96 52.5
96 55.0
96 57.5
96 60.0
97 2.5
97 5.0
97 7.5
97 10.0
97 12.5
97 15.0
97 17.5
97 20.0
97 22.5
97 25.0
97 27.5
97 30.0
97 32.5
97 35.0
97 37.5
97 40.0
97 42.5
97 45.0
97 47.5
97 50.0
97 52.5
97 55.0
97 57.5
97 60.0
98 2.5
98 5.0
98 7.5
98 10.0
98 12.5
98 15.0
98 17.5
98 20.0
98 22.5
98 25.0
98 27.5
98 30.0
98 32.5
98 35.0
98 37.5
98 40.0
98 42.5
98 45.0
98 47.5
98 50.0
98 52.5
98 55.0
98 57.5
98 60.0
99 2.5
99 5.0
99 7.5
99 10.0
99 12.5
99 15.0
99 17.5
99 20.0
99 22.5
99 25.0
99 27.5
99 30.0
99 32.5
99 35.0
99 37.5
99 40.0
99 42.5
99 45.0
99 47.5
99 50.0
99 52.5
99 55.0
99 57.5
99 60.0
100 2.5
100 5.0
100 7.5
100 10.0
100 12.5
100 15.0
100 17.5
100 20.0
100 22.5
100 25.0
100 27.5
100 30.0
100 32.5
100 35.0
100 37.5
100 40.0
100 42.5
100 45.0
100 47.5
100 50.0
100 52.5
100 55.0
100 57.5
100 60.0
101 2.5
101 5.0
101 7.5
101 10.0
101 12.5
101 15.0
101 17.5
101 20.0
101 22.5
101 25.0
101 27.5
101 30.0
101 32.5
101 35.0
101 37.5
101 40.0
101 42.5
101 45.0
101 47.5
101 50.0
101 52.5
101 55.0
101 57.5
101 60.0
102 2.5
102 5.0
102 7.5
102 10.0
102 12.5
102 15.0
102 17.5
102 20.0
102 22.5
102 25.0
102 27.5
102 30.0
102 32.5
102 35.0
102 37.5
102 40.0
102 42.5
102 45.0
102 47.5
102 50.0
102 52.5
102 55.0
102 57.5
102 60.0
103 2.5
103 5.0
103 7.5
103 10.0
103 12.5
103 15.0
103 17.5
103 20.0
103 22.5
103 25.0
103 27.5
103 30.0
103 32.5
103 35.0
103 37.5
103 40.0
103 42.5
103 45.0
103 47.5
103 50.0
103 52.5
103 55.0
103 57.5
103 60.0
104 2.5
104 5.0
104 7.5
104 10.0
104 12.5
104 15.0
104 17.5
104 20.0
104 22.5
104 25.0
104 27.5
104 30.0
104 32.5
104 35.0
104 37.5
104 40.0
104 42.5
104 45.0
104 47.5
104 50.0
104 52.5
104 55.0
104 57.5
104 60.0
105 2.5
105 5.0
105 7.5
105 10.0
105 12.5
105 15.0
105 17.5
105 20.0
105 22.5
105 25.0
105 27.5
105 30.0
105 32.5
105 35.0
105 37.5
105 40.0
105 42.5
105 45.0
105 47.5
105 50.0
105 52.5
105 55.0
105 57.5
105 60.0
106 2.5
106 5.0
106 7.5
106 10.0
106 12.5
106 15.0
106 17.5
106 20.0
106 22.5
106 25.0
106 27.5
106 30.0
106 32.5
106 35.0
106 37.5
106 40.0
106 42.5
106 45.0
106 47.5
106 50.0
106 52.5
106 55.0
106 57.5
106 60.0
107 2.5
107 5.0
107 7.5
107 10.0
107 12.5
107 15.0
107 17.5
107 20.0
107 22.5
107 25.0
107 27.5
107 30.0
107 32.5
107 35.0
107 37.5
107 40.0
107 42.5
107 45.0
107 47.5
107 50.0
107 52.5
107 55.0
107 57.5
107 60.0
108 2.5
108 5.0
108 7.5
108 10.0
108 12.5
108 15.0
108 17.5
108 20.0
108 22.5
108 25.0
108 27.5
108 30.0
108 32.5
108 35.0
108 37.5
108 40.0
108 42.5
108 45.0
108 47.5
108 50.0
108 52.5
108 55.0
108 57.5
108 60.0
109 2.5
109 5.0
109 7.5
109 10.0
109 12.5
109 15.0
109 17.5
109 20.0
109 22.5
109 25.0
109 27.5
109 30.0
109 32.5
109 35.0
109 37.5
109 40.0
109 42.5
109 45.0
109 47.5
109 50.0
109 52.5
109 55.0
109 57.5
109 60.0
110 2.5
110 5.0
110 7.5
110 10.0
110 12.5
110 15.0
110 17.5
110 20.0
110 22.5
110 25.0
110 27.5
110 30.0
110 32.5
110 35.0
110 37.5
110 40.0
110 42.5
110 45.0
110 47.5
110 50.0
110 52.5
110 55.0
110 57.5
110 60.0
111 2.5
111 5.0
111 7.5
111 10.0
111 12.5
111 15.0
111 17.5
111 20.0
111 22.5
111 25.0
111 27.5
111 30.0
111 32.5
111 35.0
111 37.5
111 40.0
111 42.5
111 45.0
111 47.5
111 50.0
111 52.5
111 55.0
111 57.5
111 60.0
112 2.5
112 5.0
112 7.5
112 10.0
112 12.5
112 15.0
112 17.5
112 20.0
112 22.5
112 25.0
112 27.5
112 30.0
112 32.5
112 35.0
112 37.5
112 40.0
112 42.5
112 45.0
112 47.5
112 50.0
112 52.5
112 55.0
112 57.5
112 60.0
113 2.5
113 5.0
113 7.5
113 10.0
113 12.5
113 15.0
113 17.5
113 20.0
113 22.5
113 25.0
113 27.5
113 30.0
113 32.5
113 35.0
113 37.5
113 40.0
113 42.5
113 45.0
113 47.5
113 50.0
113 52.5
113 55.0
113 57.5
113 60.0
114 2.5
114 5.0
114 7.5
114 10.0
114 12.5
114 15.0
114 17.5
114 20.0
114 22.5
114 25.0
114 27.5
114 30.0
114 32.5
114 35.0
114 37.5
114 40.0
114 42.5
114 45.0
114 47.5
114 50.0
114 52.5
114 55.0
114 57.5
114 60.0
115 2.5
115 5.0
115 7.5
115 10.0
115 12.5
115 15.0
115 17.5
115 20.0
115 22.5
115 25.0
115 27.5
115 30.0
115 32.5
115 35.0
115 37.5
115 40.0
115 42.5
115 45.0
115 47.5
115 50.0
115 52.5
115 55.0
115 57.5
115 60.0
116 2.5
116 5.0
116 7.5
116 10.0
116 12.5
116 15.0
116 17.5
116 20.0
116 22.5
116 25.0
116 27.5
116 30.0
116 32.5
116 35.0
116 37.5
116 40.0
116 42.5
116 45.0
116 47.5
116 50.0
116 52.5
116 55.0
116 57.5
116 60.0
117 2.5
117 5.0
117 7.5
117 10.0
117 12.5
117 15.0
117 17.5
117 20.0
117 22.5
117 25.0
117 27.5
117 30.0
117 32.5
117 35.0
117 37.5
117 40.0
117 42.5
117 45.0
117 47.5
117 50.0
117 52.5
117 55.0
117 57.5
117 60.0
118 2.5
118 5.0
118 7.5
118 10.0
118 12.5
118 15.0
118 17.5
118 20.0
118 22.5
118 25.0
118 27.5
118 30.0
118 32.5
118 35.0
118 37.5
118 40.0
118 42.5
118 45.0
118 47.5
118 50.0
118 52.5
118 55.0
118 57.5
118 60.0
119 2.5
119 5.0
119 7.5
119 10.0
119 12.5
119 15.0
119 17.5
119 20.0
119 22.5
119 25.0
119 27.5
119 30.0
119 32.5
119 35.0
119 37.5
119 40.0
119 42.5
119 45.0
119 47.5
119 50.0
119 52.5
119 55.0
119 57.5
119 60.0
120 2.5
120 5.0
120 7.5
120 10.0
120 12.5
120 15.0
120 17.5
120 20.0
120 22.5
120 25.0
120 27.5
120 30.0
120 32.5
120 35.0
120 37.5
120 40.0
120 42.5
120 45.0
120 47.5
120 50.0
120 52.5
120 55.0
120 57.5
120 60.0
121 2.5
121 5.0
121 7.5
121 10.0
121 12.5
121 15.0
121 17.5
121 20.0
121 22.5
121 25.0
121 27.5
121 30.0
121 32.5
121 35.0
121 37.5
121 40.0
121 42.5
121 45.0
121 47.5
121 50.0
121 52.5
121 55.0
121 57.5
121 60.0
122 2.5
122 5.0
122 7.5
122 10.0
122 12.5
122 15.0
122 17.5
122 20.0
122 22.5
122 25.0
122 27.5
122 30.0
122 32.5
122 35.0
122 37.5
122 40.0
122 42.5
122 45.0
122 47.5
122 50.0
122 52.5
122 55.0
122 57.5
122 60.0
123 2.5
123 5.0
123 7.5
123 10.0
123 12.5
123 15.0
123 17.5
123 20.0
123 22.5
123 25.0
123 27.5
123 30.0
123 32.5
123 35.0
123 37.5
123 40.0
123 42.5
123 45.0
123 47.5
123 50.0
123 52.5
123 55.0
123 57.5
123 60.0
124 2.5
124 5.0
124 7.5
124 10.0
124 12.5
124 15.0
124 17.5
124 20.0
124 22.5
124 25.0
124 27.5
124 30.0
124 32.5
124 35.0
124 37.5
124 40.0
124 42.5
124 45.0
124 47.5
124 50.0
124 52.5
124 55.0
124 57.5
124 60.0
125 2.5
125 5.0
125 7.5
125 10.0
125 12.5
125 15.0
125 17.5
125 20.0
125 22.5
125 25.0
125 27.5
125 30.0
125 32.5
125 35.0
125 37.5
125 40.0
125 42.5
125 45.0
125 47.5
125 50.0
125 52.5
125 55.0
125 57.5
125 60.0
126 2.5
126 5.0
126 7.5
126 10.0
126 12.5
126 15.0
126 17.5
126 20.0
126 22.5
126 25.0
126 27.5
126 30.0
126 32.5
126 35.0
126 37.5
126 40.0
126 42.5
126 45.0
126 47.5
126 50.0
126 52.5
126 55.0
126 57.5
126 60.0
127 2.5
127 5.0
127 7.5
127 10.0
127 12.5
127 15.0
127 17.5
127 20.0
127 22.5
127 25.0
127 27.5
127 30.0
127 32.5
127 35.0
127 37.5
127 40.0
127 42.5
127 45.0
127 47.5
127 50.0
127 52.5
127 55.0
127 57.5
127 60.0
128 2.5
128 5.0
128 7.5
128 10.0
128 12.5
128 15.0
128 17.5
128 20.0
128 22.5
128 25.0
128 27.5
128 30.0
128 32.5
128 35.0
128 37.5
128 40.0
128 42.5
128 45.0
128 47.5
128 50.0
128 52.5
128 55.0
128 57.5
128 60.0
129 2.5
129 5.0
129 7.5
129 10.0
129 12.5
129 15.0
129 17.5
129 20.0
129 22.5
129 25.0
129 27.5
129 30.0
129 32.5
129 35.0
129 37.5
129 40.0
129 42.5
129 45.0
129 47.5
129 50.0
129 52.5
129 55.0
129 57.5
129 60.0
130 2.5
130 5.0
130 7.5
130 10.0
130 12.5
130 15.0
130 17.5
130 20.0
130 22.5
130 25.0
130 27.5
130 30.0
130 32.5
130 35.0
130 37.5
130 40.0
130 42.5
130 45.0
130 47.5
130 50.0
130 52.5
130 55.0
130 57.5
130 60.0
131 2.5
131 5.0
131 7.5
131 10.0
131 12.5
131 15.0
131 17.5
131 20.0
131 22.5
131 25.0
131 27.5
131 30.0
131 32.5
131 35.0
131 37.5
131 40.0
131 42.5
131 45.0
131 47.5
131 50.0
131 52.5
131 55.0
131 57.5
131 60.0
132 2.5
132 5.0
132 7.5
132 10.0
132 12.5
132 15.0
132 17.5
132 20.0
132 22.5
132 25.0
132 27.5
132 30.0
132 32.5
132 35.0
132 37.5
132 40.0
132 42.5
132 45.0
132 47.5
132 50.0
132 52.5
132 55.0
132 57.5
132 60.0
133 2.5
133 5.0
133 7.5
133 10.0
133 12.5
133 15.0
133 17.5
133 20.0
133 22.5
133 25.0
133 27.5
133 30.0
133 32.5
133 35.0
133 37.5
133 40.0
133 42.5
133 45.0
133 47.5
133 50.0
133 52.5
133 55.0
133 57.5
133 60.0
134 2.5
134 5.0
134 7.5
134 10.0
134 12.5
134 15.0
134 17.5
134 20.0
134 22.5
134 25.0
134 27.5
134 30.0
134 32.5
134 35.0
134 37.5
134 40.0
134 42.5
134 45.0
134 47.5
134 50.0
134 52.5
134 55.0
134 57.5
134 60.0
135 2.5
135 5.0
135 7.5
135 10.0
135 12.5
135 15.0
135 17.5
135 20.0
135 22.5
135 25.0
135 27.5
135 30.0
135 32.5
135 35.0
135 37.5
135 40.0
135 42.5
135 45.0
135 47.5
135 50.0
135 52.5
135 55.0
135 57.5
135 60.0
136 2.5
136 5.0
136 7.5
136 10.0
136 12.5
136 15.0
136 17.5
136 20.0
136 22.5
136 25.0
136 27.5
136 30.0
136 32.5
136 35.0
136 37.5
136 40.0
136 42.5
136 45.0
136 47.5
136 50.0
136 52.5
136 55.0
136 57.5
136 60.0
137 2.5
137 5.0
137 7.5
137 10.0
137 12.5
137 15.0
137 17.5
137 20.0
137 22.5
137 25.0
137 27.5
137 30.0
137 32.5
137 35.0
137 37.5
137 40.0
137 42.5
137 45.0
137 47.5
137 50.0
137 52.5
137 55.0
137 57.5
137 60.0
138 2.5
138 5.0
138 7.5
138 10.0
138 12.5
138 15.0
138 17.5
138 20.0
138 22.5
138 25.0
138 27.5
138 30.0
138 32.5
138 35.0
138 37.5
138 40.0
138 42.5
138 45.0
138 47.5
138 50.0
138 52.5
138 55.0
138 57.5
138 60.0
139 2.5
139 5.0
139 7.5
139 10.0
139 12.5
139 15.0
139 17.5
139 20.0
139 22.5
139 25.0
139 27.5
139 30.0
139 32.5
139 35.0
139 37.5
139 40.0
139 42.5
139 45.0
139 47.5
139 50.0
139 52.5
139 55.0
139 57.5
139 60.0
140 2.5
140 5.0
140 7.5
140 10.0
140 12.5
140 15.0
140 17.5
140 20.0
140 22.5
140 25.0
140 27.5
140 30.0
140 32.5
140 35.0
140 37.5
140 40.0
140 42.5
140 45.0
140 47.5
140 50.0
140 52.5
140 55.0
140 57.5
140 60.0
141 2.5
141 5.0
141 7.5
141 10.0
141 12.5
141 15.0
141 17.5
141 20.0
141 22.5
141 25.0
141 27.5
141 30.0
141 32.5
141 35.0
141 37.5
141 40.0
141 42.5
141 45.0
141 47.5
141 50.0
141 52.5
141 55.0
141 57.5
141 60.0
142 2.5
142 5.0
142 7.5
142 10.0
142 12.5
142 15.0
142 17.5
142 20.0
142 22.5
142 25.0
142 27.5
142 30.0
142 32.5
142 35.0
142 37.5
142 40.0
142 42.5
142 45.0
142 47.5
142 50.0
142 52.5
142 55.0
142 57.5
142 60.0
143 2.5
143 5.0
143 7.5
143 10.0
143 12.5
143 15.0
143 17.5
143 20.0
143 22.5
143 25.0
143 27.5
143 30.0
143 32.5
143 35.0
143 37.5
143 40.0
143 42.5
143 45.0
143 47.5
143 50.0
143 52.5
143 55.0
143 57.5
143 60.0
144 2.5
144 5.0
144 7.5
144 10.0
144 12.5
144 15.0
144 17.5
144 20.0
144 22.5
144 25.0
144 27.5
144 30.0
144 32.5
144 35.0
144 37.5
144 40.0
144 42.5
144 45.0
144 47.5
144 50.0
144 52.5
144 55.0
144 57.5
144 60.0
145 2.5
145 5.0
145 7.5
145 10.0
145 12.5
145 15.0
145 17.5
145 20.0
145 22.5
145 25.0
145 27.5
145 30.0
145 32.5
145 35.0
145 37.5
145 40.0
145 42.5
145 45.0
145 47.5
145 50.0
145 52.5
145 55.0
145 57.5
145 60.0
146 2.5
146 5.0
146 7.5
146 10.0
146 12.5
146 15.0
146 17.5
146 20.0
146 22.5
146 25.0
146 27.5
146 30.0
146 32.5
146 35.0
146 37.5
146 40.0
146 42.5
146 45.0
146 47.5
146 50.0
146 52.5
146 55.0
146 57.5
146 60.0
147 2.5
147 5.0
147 7.5
147 10.0
147 12.5
147 15.0
147 17.5
147 20.0
147 22.5
147 25.0
147 27.5
147 30.0
147 32.5
147 35.0
147 37.5
147 40.0
147 42.5
147 45.0
147 47.5
147 50.0
147 52.5
147 55.0
147 57.5
147 60.0
148 2.5
148 5.0
148 7.5
148 10.0
148 12.5
148 15.0
148 17.5
148 20.0
148 22.5
148 25.0
148 27.5
148 30.0
148 32.5
148 35.0
148 37.5
148 40.0
148 42.5
148 45.0
148 47.5
148 50.0
148 52.5
148 55.0
148 57.5
148 60.0
149 2.5
149 5.0
149 7.5
149 10.0
149 12.5
149 15.0
149 17.5
149 20.0
149 22.5
149 25.0
149 27.5
149 30.0
149 32.5
149 35.0
149 37.5
149 40.0
149 42.5
149 45.0
149 47.5
149 50.0
149 52.5
149 55.0
149 57.5
149 60.0
150 2.5
150 5.0
150 7.5
150 10.0
150 12.5
150 15.0
150 17.5
150 20.0
150 22.5
150 25.0
150 27.5
150 30.0
150 32.5
150 35.0
150 37.5
150 40.0
150 42.5
150 45.0
150 47.5
150 50.0
150 52.5
150 55.0
150 57.5
150 60.0
151 2.5
151 5.0
151 7.5
151 10.0
151 12.5
151 15.0
151 17.5
151 20.0
151 22.5
151 25.0
151 27.5
151 30.0
151 32.5
151 35.0
151 37.5
151 40.0
151 42.5
151 45.0
151 47.5
151 50.0
151 52.5
151 55.0
151 57.5
151 60.0
152 2.5
152 5.0
152 7.5
152 10.0
152 12.5
152 15.0
152 17.5
152 20.0
152 22.5
152 25.0
152 27.5
152 30.0
152 32.5
152 35.0
152 37.5
152 40.0
152 42.5
152 45.0
152 47.5
152 50.0
152 52.5
152 55.0
152 57.5
152 60.0
153 2.5
153 5.0
153 7.5
153 10.0
153 12.5
153 15.0
153 17.5
153 20.0
153 22.5
153 25.0
153 27.5
153 30.0
153 32.5
153 35.0
153 37.5
153 40.0
153 42.5
153 45.0
153 47.5
153 50.0
153 52.5
153 55.0
153 57.5
153 60.0
154 2.5
154 5.0
154 7.5
154 10.0
154 12.5
154 15.0
154 17.5
154 20.0
154 22.5
154 25.0
154 27.5
154 30.0
154 32.5
154 35.0
154 37.5
154 40.0
154 42.5
154 45.0
154 47.5
154 50.0
154 52.5
154 55.0
154 57.5
154 60.0
155 2.5
155 5.0
155 7.5
155 10.0
155 12.5
155 15.0
155 17.5
155 20.0
155 22.5
155 25.0
155 27.5
155 30.0
155 32.5
155 35.0
155 37.5
155 40.0
155 42.5
155 45.0
155 47.5
155 50.0
155 52.5
155 55.0
155 57.5
155 60.0
156 2.5
156 5.0
156 7.5
156 10.0
156 12.5
156 15.0
156 17.5
156 20.0
156 22.5
156 25.0
156 27.5
156 30.0
156 32.5
156 35.0
156 37.5
156 40.0
156 42.5
156 45.0
156 47.5
156 50.0
156 52.5
156 55.0
156 57.5
156 60.0
157 2.5
157 5.0
157 7.5
157 10.0
157 12.5
157 15.0
157 17.5
157 20.0
157 22.5
157 25.0
157 27.5
157 30.0
157 32.5
157 35.0
157 37.5
157 40.0
157 42.5
157 45.0
157 47.5
157 50.0
157 52.5
157 55.0
157 57.5
157 60.0
158 2.5
158 5.0
158 7.5
158 10.0
158 12.5
158 15.0
158 17.5
158 20.0
158 22.5
158 25.0
158 27.5
158 30.0
158 32.5
158 35.0
158 37.5
158 40.0
158 42.5
158 45.0
158 47.5
158 50.0
158 52.5
158 55.0
158 57.5
158 60.0
159 2.5
159 5.0
159 7.5
159 10.0
159 12.5
159 15.0
159 17.5
159 20.0
159 22.5
159 25.0
159 27.5
159 30.0
159 32.5
159 35.0
159 37.5
159 40.0
159 42.5
159 45.0
159 47.5
159 50.0
159 52.5
159 55.0
159 57.5
159 60.0
160 2.5
160 5.0
160 7.5
160 10.0
160 12.5
160 15.0
160 17.5
160 20.0
160 22.5
160 25.0
160 27.5
160 30.0
160 32.5
160 35.0
160 37.5
160 40.0
160 42.5
160 45.0
160 47.5
160 50.0
160 52.5
160 55.0
160 57.5
160 60.0
161 2.5
161 5.0
161 7.5
161 10.0
161 12.5
161 15.0
161 17.5
161 20.0
161 22.5
161 25.0
161 27.5
161 30.0
161 32.5
161 35.0
161 37.5
161 40.0
161 42.5
161 45.0
161 47.5
161 50.0
161 52.5
161 55.0
161 57.5
161 60.0
162 2.5
162 5.0
162 7.5
162 10.0
162 12.5
162 15.0
162 17.5
162 20.0
162 22.5
162 25.0
162 27.5
162 30.0
162 32.5
162 35.0
162 37.5
162 40.0
162 42.5
162 45.0
162 47.5
162 50.0
162 52.5
162 55.0
162 57.5
162 60.0
163 2.5
163 5.0
163 7.5
163 10.0
163 12.5
163 15.0
163 17.5
163 20.0
163 22.5
163 25.0
163 27.5
163 30.0
163 32.5
163 35.0
163 37.5
163 40.0
163 42.5
163 45.0
163 47.5
163 50.0
163 52.5
163 55.0
163 57.5
163 60.0
164 2.5
164 5.0
164 7.5
164 10.0
164 12.5
164 15.0
164 17.5
164 20.0
164 22.5
164 25.0
164 27.5
164 30.0
164 32.5
164 35.0
164 37.5
164 40.0
164 42.5
164 45.0
164 47.5
164 50.0
164 52.5
164 55.0
164 57.5
164 60.0
165 2.5
165 5.0
165 7.5
165 10.0
165 12.5
165 15.0
165 17.5
165 20.0
165 22.5
165 25.0
165 27.5
165 30.0
165 32.5
165 35.0
165 37.5
165 40.0
165 42.5
165 45.0
165 47.5
165 50.0
165 52.5
165 55.0
165 57.5
165 60.0
166 2.5
166 5.0
166 7.5
166 10.0
166 12.5
166 15.0
166 17.5
166 20.0
166 22.5
166 25.0
166 27.5
166 30.0
166 32.5
166 35.0
166 37.5
166 40.0
166 42.5
166 45.0
166 47.5
166 50.0
166 52.5
166 55.0
166 57.5
166 60.0
167 2.5
167 5.0
167 7.5
167 10.0
167 12.5
167 15.0
167 17.5
167 20.0
167 22.5
167 25.0
167 27.5
167 30.0
167 32.5
167 35.0
167 37.5
167 40.0
167 42.5
167 45.0
167 47.5
167 50.0
167 52.5
167 55.0
167 57.5
167 60.0
168 2.5
168 5.0
168 7.5
168 10.0
168 12.5
168 15.0
168 17.5
168 20.0
168 22.5
168 25.0
168 27.5
168 30.0
168 32.5
168 35.0
168 37.5
168 40.0
168 42.5
168 45.0
168 47.5
168 50.0
168 52.5
168 55.0
168 57.5
168 60.0
169 2.5
169 5.0
169 7.5
169 10.0
169 12.5
169 15.0
169 17.5
169 20.0
169 22.5
169 25.0
169 27.5
169 30.0
169 32.5
169 35.0
169 37.5
169 40.0
169 42.5
169 45.0
169 47.5
169 50.0
169 52.5
169 55.0
169 57.5
169 60.0
170 2.5
170 5.0
170 7.5
170 10.0
170 12.5
170 15.0
170 17.5
170 20.0
170 22.5
170 25.0
170 27.5
170 30.0
170 32.5
170 35.0
170 37.5
170 40.0
170 42.5
170 45.0
170 47.5
170 50.0
170 52.5
170 55.0
170 57.5
170 60.0
171 2.5
171 5.0
171 7.5
171 10.0
171 12.5
171 15.0
171 17.5
171 20.0
171 22.5
171 25.0
171 27.5
171 30.0
171 32.5
171 35.0
171 37.5
171 40.0
171 42.5
171 45.0
171 47.5
171 50.0
171 52.5
171 55.0
171 57.5
171 60.0
172 2.5
172 5.0
172 7.5
172 10.0
172 12.5
172 15.0
172 17.5
172 20.0
172 22.5
172 25.0
172 27.5
172 30.0
172 32.5
172 35.0
172 37.5
172 40.0
172 42.5
172 45.0
172 47.5
172 50.0
172 52.5
172 55.0
172 57.5
172 60.0
173 2.5
173 5.0
173 7.5
173 10.0
173 12.5
173 15.0
173 17.5
173 20.0
173 22.5
173 25.0
173 27.5
173 30.0
173 32.5
173 35.0
173 37.5
173 40.0
173 42.5
173 45.0
173 47.5
173 50.0
173 52.5
173 55.0
173 57.5
173 60.0
174 2.5
174 5.0
174 7.5
174 10.0
174 12.5
174 15.0
174 17.5
174 20.0
174 22.5
174 25.0
174 27.5
174 30.0
174 32.5
174 35.0
174 37.5
174 40.0
174 42.5
174 45.0
174 47.5
174 50.0
174 52.5
174 55.0
174 57.5
174 60.0
175 2.5
175 5.0
175 7.5
175 10.0
175 12.5
175 15.0
175 17.5
175 20.0
175 22.5
175 25.0
175 27.5
175 30.0
175 32.5
175 35.0
175 37.5
175 40.0
175 42.5
175 45.0
175 47.5
175 50.0
175 52.5
175 55.0
175 57.5
175 60.0
176 2.5
176 5.0
176 7.5
176 10.0
176 12.5
176 15.0
176 17.5
176 20.0
176 22.5
176 25.0
176 27.5
176 30.0
176 32.5
176 35.0
176 37.5
176 40.0
176 42.5
176 45.0
176 47.5
176 50.0
176 52.5
176 55.0
176 57.5
176 60.0
177 2.5
177 5.0
177 7.5
177 10.0
177 12.5
177 15.0
177 17.5
177 20.0
177 22.5
177 25.0
177 27.5
177 30.0
177 32.5
177 35.0
177 37.5
177 40.0
177 42.5
177 45.0
177 47.5
177 50.0
177 52.5
177 55.0
177 57.5
177 60.0
178 2.5
178 5.0
178 7.5
178 10.0
178 12.5
178 15.0
178 17.5
178 20.0
178 22.5
178 25.0
178 27.5
178 30.0
178 32.5
178 35.0
178 37.5
178 40.0
178 42.5
178 45.0
178 47.5
178 50.0
178 52.5
178 55.0
178 57.5
178 60.0
179 2.5
179 5.0
179 7.5
179 10.0
179 12.5
179 15.0
179 17.5
179 20.0
179 22.5
179 25.0
179 27.5
179 30.0
179 32.5
179 35.0
179 37.5
179 40.0
179 42.5
179 45.0
179 47.5
179 50.0
179 52.5
179 55.0
179 57.5
179 60.0
180 2.5
180 5.0
180 7.5
180 10.0
180 12.5
180 15.0
180 17.5
180 20.0
180 22.5
180 25.0
180 27.5
180 30.0
180 32.5
180 35.0
180 37.5
180 40.0
180 42.5
180 45.0
180 47.5
180 50.0
180 52.5
180 55.0
180 57.5
180 60.0
181 2.5
181 5.0
181 7.5
181 10.0
181 12.5
181 15.0
181 17.5
181 20.0
181 22.5
181 25.0
181 27.5
181 30.0
181 32.5
181 35.0
181 37.5
181 40.0
181 42.5
181 45.0
181 47.5
181 50.0
181 52.5
181 55.0
181 57.5
181 60.0
182 2.5
182 5.0
182 7.5
182 10.0
182 12.5
182 15.0
182 17.5
182 20.0
182 22.5
182 25.0
182 27.5
182 30.0
182 32.5
182 35.0
182 37.5
182 40.0
182 42.5
182 45.0
182 47.5
182 50.0
182 52.5
182 55.0
182 57.5
182 60.0
183 2.5
183 5.0
183 7.5
183 10.0
183 12.5
183 15.0
183 17.5
183 20.0
183 22.5
183 25.0
183 27.5
183 30.0
183 32.5
183 35.0
183 37.5
183 40.0
183 42.5
183 45.0
183 47.5
183 50.0
183 52.5
183 55.0
183 57.5
183 60.0
184 2.5
184 5.0
184 7.5
184 10.0
184 12.5
184 15.0
184 17.5
184 20.0
184 22.5
184 25.0
184 27.5
184 30.0
184 32.5
184 35.0
184 37.5
184 40.0
184 42.5
184 45.0
184 47.5
184 50.0
184 52.5
184 55.0
184 57.5
184 60.0
185 2.5
185 5.0
185 7.5
185 10.0
185 12.5
185 15.0
185 17.5
185 20.0
185 22.5
185 25.0
185 27.5
185 30.0
185 32.5
185 35.0
185 37.5
185 40.0
185 42.5
185 45.0
185 47.5
185 50.0
185 52.5
185 55.0
185 57.5
185 60.0
