0 0
2.5 0.758168750423974
5.0 0.788722901839136
7.5 0.835984697272289
10.0 0.899861774727874
12.5 0.980261772210333
15.0 1.07709232772411
17.5 1.19026107927364
20.0 1.31967566486337
22.5 1.46524372249773
25.0 1.62687289018118
27.5 1.80447080591815
30.0 1.99794510771309
32.5 2.20720343357043
35.0 2.43215342149461
37.5 2.67270270949009
40.0 2.92875893556129
42.5 3.20022973771267
45.0 3.48702275394866
47.5 3.7890456222737
50.0 4.10620598069224
52.5 4.43841146720871
55.0 4.78556971982757
57.5 5.14758837655324
60.0 5.52437507539017
2.5 0.758063013686981
5.0 0.788556034214458
7.5 0.835756601896364
10.0 0.899572347640886
12.5 0.979910902356211
15.0 1.07667989695053
17.5 1.18978696233202
20.0 1.31913972940887
22.5 1.46464582908928
25.0 1.62621289228142
27.5 1.80374854989348
30.0 1.99716043283366
32.5 2.20635617201013
35.0 2.43124339833108
37.5 2.6717297427047
40.0 2.92772283603918
42.5 3.19913030924271
45.0 3.48585979322346
47.5 3.78781891888963
50.0 4.1049153171494
52.5 4.43705661891097
55.0 4.78415045508251
57.5 5.14610445657221
60.0 5.52282625428827
2.5 0.755152999436009
5.0 0.783936929316893
7.5 0.829425498319961
10.0 0.891526135440813
12.5 0.97014626967505
15.0 1.06519333001827
17.5 1.17657474546609
20.0 1.30419794501409
22.5 1.44797035765788
25.0 1.60779941239307
27.5 1.78359253821524
30.0 1.97525716412001
32.5 2.18270071910298
35.0 2.40583063215974
37.5 2.6445543322859
40.0 2.89877924847706
42.5 3.16841280972882
45.0 3.45336244503678
47.5 3.75353558339654
50.0 4.06883965380371
52.5 4.39918208525388
55.0 4.74447030674266
57.5 5.10461174726564
60.0 5.47951383581843
2.5 0.714662507004415
5.0 0.7193661049104
7.5 0.740758622763836
10.0 0.778745010242271
12.5 0.833230217023252
15.0 0.904119192784325
17.5 0.991316887203037
20.0 1.09472824995693
22.5 1.21425823072356
25.0 1.34981177918047
27.5 1.50129384500521
30.0 1.66860937787532
32.5 1.85166332746835
35.0 2.05036064346184
37.5 2.26460627553335
40.0 2.49430517336041
42.5 2.73936228662059
45.0 2.99968256499142
47.5 3.27517095815044
50.0 3.56573241577522
52.5 3.87127188754329
55.0 4.1916943231322
57.5 4.52690467221949
60.0 4.87680788448272
2.5 0.600314871242039
5.0 0.541747431072164
7.5 0.499850360851316
10.0 0.474522027345968
12.5 0.465660797322587
15.0 0.473165037547644
17.5 0.496933114787609
20.0 0.536863395808952
22.5 0.592854247378143
25.0 0.664804036261651
27.5 0.752611129225946
30.0 0.856173893037499
32.5 0.975390694462778
35.0 1.11015990026825
37.5 1.2603798772204
40.0 1.42594899208568
42.5 1.60676561163057
45.0 1.80272810262153
47.5 2.01373483182504
50.0 2.23968416600756
52.5 2.48047447193558
55.0 2.73600411637554
57.5 3.00617146609394
60.0 3.29087488785723
2.5 0.466783407409924
5.0 0.340923285440626
7.5 0.231748900468771
10.0 0.139151439925384
12.5 0.0630220912414882
15.0 0.00325204184810665
17.5 -0.0402675208237365
20.0 -0.067645409343018
22.5 -0.078990436278714
25.0 -0.0744114141998009
27.5 -0.0540171556752553
30.0 -0.0179164732740535
32.5 0.0337818204348281
35.0 0.100968912882413
37.5 0.183535991499725
40.0 0.281374243717788
42.5 0.394374856967625
45.0 0.52242901868026
47.5 0.665427916286716
50.0 0.823262737218017
52.5 0.995824668905187
55.0 1.18300489877925
57.5 1.38469461427123
60.0 1.60078500281214
2.5 0.281503943774275
5.0 0.071255494279581
7.5 -0.122237090514991
10.0 -0.29909199536424
12.5 -0.459427405022964
15.0 -0.603361504245965
17.5 -0.731012477788039
20.0 -0.842498510403988
22.5 -0.937937786848608
25.0 -1.0174484918767
27.5 -1.08114881024307
30.0 -1.1291569267025
32.5 -1.16159102600981
35.0 -1.17856929291978
37.5 -1.18020991218722
40.0 -1.16663106856693
42.5 -1.1379509468137
45.0 -1.09428773168234
47.5 -1.03575960792764
50.0 -0.962484760304411
52.5 -0.874581373567442
55.0 -0.772167632471536
57.5 -0.655361721771489
60.0 -0.524281826222104
2.5 0.0651615766071312
5.0 -0.227088741722785
7.5 -0.502466052994172
10.0 -0.76109827660425
12.5 -1.00311333195024
15.0 -1.22863913842936
17.5 -1.43780361543884
20.0 -1.6307346823759
22.5 -1.80756025863774
25.0 -1.96840826362161
27.5 -2.11340661672471
30.0 -2.24268323734427
32.5 -2.35636604487751
35.0 -2.45458295872166
37.5 -2.53746189827392
40.0 -2.60513078293152
42.5 -2.65771753209169
45.0 -2.69535006515164
47.5 -2.7181563015086
50.0 -2.72626416055978
52.5 -2.71980156170241
55.0 -2.69889642433371
57.5 -2.66367666785089
60.0 -2.61427021165118
2.5 -0.0519845996306757
5.0 -0.354245754216361
7.5 -0.639640510349075
10.0 -0.908298542568773
12.5 -1.16034952541541
15.0 -1.39592313342895
17.5 -1.61514904114934
20.0 -1.81815692311654
22.5 -2.0050764538705
25.0 -2.17603730795119
27.5 -2.33116915989856
30.0 -2.47060168425257
32.5 -2.59446455555316
35.0 -2.7028874483403
37.5 -2.79600003715395
40.0 -2.87393199653406
42.5 -2.93681300102059
45.0 -2.98477272515349
47.5 -3.01794084347272
50.0 -3.03644703051823
52.5 -3.04042096082999
55.0 -3.02999230894795
57.5 -3.00529074941206
60.0 -2.96644595676229
2.5 -0.147421496515841
5.0 -0.390772158131111
7.5 -0.619488848536719
10.0 -0.833579998227111
12.5 -1.03305403769673
15.0 -1.21791939744002
17.5 -1.38818450795143
20.0 -1.5438577997254
22.5 -1.68494770325637
25.0 -1.81146264903879
27.5 -1.92341106756711
30.0 -2.02080138933576
32.5 -2.10364204483919
35.0 -2.17194146457185
37.5 -2.22570807902818
40.0 -2.26495031870262
42.5 -2.28967661408962
45.0 -2.29989539568363
47.5 -2.29561509397908
50.0 -2.27684413947042
52.5 -2.2435909626521
55.0 -2.19586399401855
57.5 -2.13367166406423
60.0 -2.05702240328358
2.5 -0.135122546263773
5.0 -0.288599162011463
7.5 -0.427552227428263
10.0 -0.551981971764407
12.5 -0.661888624270128
15.0 -0.757272414195662
17.5 -0.838133570791243
20.0 -0.904472323307105
22.5 -0.956288900993482
25.0 -0.99358353310061
27.5 -1.01635644887872
30.0 -1.02460787757805
32.5 -1.01833804844883
35.0 -0.997547190741304
37.5 -0.962235533705696
40.0 -0.912403306592244
42.5 -0.848050738651182
45.0 -0.769178059132745
47.5 -0.675785497287167
50.0 -0.567873282364682
52.5 -0.445441643615526
55.0 -0.308490810289931
57.5 -0.157021011638133
60.0 0.00896752308963372
2.5 -0.0855030479218467
5.0 -0.160433662359302
7.5 -0.220893160249209
10.0 -0.266874482008618
12.5 -0.298370568054581
15.0 -0.315374358804147
17.5 -0.31787879467437
20.0 -0.305876816082298
22.5 -0.279361363444984
25.0 -0.238325377179478
27.5 -0.182761797702832
30.0 -0.112663565432096
32.5 -0.0280236207843209
35.0 0.0711650958234411
37.5 0.18490964397414
40.0 0.313217083250725
42.5 0.456094473236144
45.0 0.613548873513346
47.5 0.785587343665282
50.0 0.972216943274898
52.5 1.17344473192515
55.0 1.38927776919897
57.5 1.61972311467933
60.0 1.86478782794916
2.5 -0.0269745972114117
5.0 -0.0349493795952148
7.5 -0.0284625667114342
10.0 -0.00750102415997323
12.5 0.027948382459265
15.0 0.0778987875463771
17.5 0.14236332550146
20.0 0.22135513072461
22.5 0.314887337615925
25.0 0.422973080575501
27.5 0.545625494003434
30.0 0.682857712299822
32.5 0.834682869864761
35.0 1.00111410109835
37.5 1.18216454040068
40.0 1.37784732217185
42.5 1.58817558081197
45.0 1.81316245072111
47.5 2.05282106629939
50.0 2.3071645619469
52.5 2.57620607206373
55.0 2.85995873104999
57.5 3.15843567330576
60.0 3.47165003323115
2.5 0.0132252706925101
5.0 0.0391318459667875
7.5 0.0795094376882447
10.0 0.134373992383687
12.5 0.20374145657992
15.0 0.287627776803748
17.5 0.386048899581977
20.0 0.499020771441412
22.5 0.626559338908859
25.0 0.768680548511122
27.5 0.925400346775007
30.0 1.09673468022732
32.5 1.28269949539486
35.0 1.48331073880445
37.5 1.69858435698287
40.0 1.92853629645694
42.5 2.17318250375347
45.0 2.43253892539926
47.5 2.7066215079211
50.0 2.99544619784582
52.5 3.29902894170021
55.0 3.61738568601109
57.5 3.95053237730524
60.0 4.29848496210949
2.5 0.0474412042927179
5.0 0.093506688359608
7.5 0.154056560477985
10.0 0.229107942803906
12.5 0.318677957493431
15.0 0.422783726702615
17.5 0.541442372587519
20.0 0.6746710173042
22.5 0.822486783008715
25.0 0.984906791857123
27.5 1.16194816600548
30.0 1.35362802760985
32.5 1.55996349882628
35.0 1.78097170181085
37.5 2.01666975871959
40.0 2.26707479170857
42.5 2.53220392293385
45.0 2.81207427455149
47.5 3.10670296871755
50.0 3.41610712758808
52.5 3.74030387331914
55.0 4.07931032806678
57.5 4.43314361398708
60.0 4.80182085323608
2.5 0.0543133050910488
5.0 0.0982134816619896
7.5 0.156605414384806
10.0 0.229504923417482
12.5 0.316927828918003
15.0 0.418889951044352
17.5 0.535407109954515
20.0 0.666495125806475
22.5 0.812169818758218
25.0 0.972447008967727
27.5 1.14734251659299
30.0 1.33687216179198
32.5 1.5410517647227
35.0 1.75989714554312
37.5 1.99342412441123
40.0 2.24164852148501
42.5 2.50458615692245
45.0 2.78225285088153
47.5 3.07466442352024
50.0 3.38183669499655
52.5 3.70378548546847
55.0 4.04052661509396
57.5 4.39207590403102
60.0 4.75844917243763
2.5 0.0537842249113563
5.0 0.0916807015734764
7.5 0.144074802495442
10.0 0.210980576507203
12.5 0.292412072438712
15.0 0.388383339119917
17.5 0.49890842538077
20.0 0.624001380051221
22.5 0.763676251961222
25.0 0.917947089940721
27.5 1.08682794281967
30.0 1.27033285942802
32.5 1.46847588859572
35.0 1.68127107915273
37.5 1.90873247992898
40.0 2.15087413975444
42.5 2.40771010745906
45.0 2.67925443187277
47.5 2.96552116182554
50.0 3.26652434614732
52.5 3.58227803366806
55.0 3.91279627321769
57.5 4.25809311362619
60.0 4.6181826037235
2.5 0.0455985232868564
5.0 0.0750020088915226
7.5 0.118908047348105
10.0 0.177328601248337
12.5 0.250275633183954
15.0 0.337761105746689
17.5 0.439796981528278
20.0 0.556395223120454
22.5 0.687567793114952
25.0 0.833326654103506
27.5 0.99368376867785
30.0 1.16865109942972
32.5 1.35824060895085
35.0 1.56246425983297
37.5 1.78133401466782
40.0 2.01486183604713
42.5 2.26305968656263
45.0 2.52593952880607
47.5 2.80351332536917
50.0 3.09579303884367
52.5 3.4027906318213
55.0 3.7245180668938
57.5 4.06098730665291
60.0 4.41221031369035
2.5 0.0332009042689775
5.0 0.0551212418097153
7.5 0.0915489880487673
10.0 0.142494078789844
12.5 0.207966449836656
15.0 0.287976036992914
17.5 0.382532776062328
20.0 0.491646602848608
22.5 0.615327453155467
25.0 0.753585262786612
27.5 0.906429967545757
30.0 1.07387150323661
32.5 1.25591980566288
35.0 1.45258481062828
37.5 1.66387645393653
40.0 1.88980467139132
42.5 2.13037939879638
45.0 2.3856105719554
47.5 2.65550812667211
50.0 2.94008199875021
52.5 3.23934212399342
55.0 3.55329843820544
57.5 3.88196087718998
60.0 4.22533937675076
2.5 0.0184260491482704
5.0 0.0347152245809224
7.5 0.0655164402069442
10.0 0.110837750252027
12.5 0.170687208941862
15.0 0.24507287050214
17.5 0.334002789158553
20.0 0.437485019136792
22.5 0.555527614662548
25.0 0.688138629961513
27.5 0.835326119259377
30.0 0.997098136781832
32.5 1.17346273675457
35.0 1.36442797340328
37.5 1.57000190095365
40.0 1.79019257363138
42.5 2.02500804566216
45.0 2.27445637127168
47.5 2.53854560468562
50.0 2.81728380012969
52.5 3.11067901182957
55.0 3.41873929401095
57.5 3.74147270089952
60.0 4.07888728672098
2.5 0.00576679366283489
5.0 0.0194849450106102
7.5 0.0477188529853222
10.0 0.0904751285788722
12.5 0.147760382783162
15.0 0.219581226590092
17.5 0.305944270991564
20.0 0.40685612697948
22.5 0.522323405545741
25.0 0.652352717682248
27.5 0.796950674380903
30.0 0.956123886633607
32.5 1.12987896543226
35.0 1.31822252176877
37.5 1.52116116663503
40.0 1.73870151102294
42.5 1.97085016592441
45.0 2.21761374233133
47.5 2.47899885123562
50.0 2.75501210362916
52.5 3.04566011050387
55.0 3.35094948285164
57.5 3.67088683166437
60.0 4.00547876793397
2.5 -0.0083379075025839
5.0 0.0049100053456057
7.5 0.0326776091253536
10.0 0.0749698926443063
12.5 0.13179184471011
15.0 0.203148454130412
17.5 0.289044709712859
20.0 0.389485600265097
22.5 0.504476114594772
25.0 0.634021241509531
27.5 0.778125969817021
30.0 0.936795288324888
32.5 1.11003418584078
35.0 1.29784765117234
37.5 1.50024067312722
40.0 1.71721824051306
42.5 1.94878534213751
45.0 2.19494696680822
47.5 2.45570810333283
50.0 2.731073740519
52.5 3.02104886717435
55.0 3.32563847210655
57.5 3.64484754412324
60.0 3.97868107203207
2.5 0.00750278822493911
5.0 0.0359188968828405
7.5 0.0751836627475216
10.0 0.125589542616816
12.5 0.187428993288556
15.0 0.260994471560575
17.5 0.346578434230706
20.0 0.444473338096782
22.5 0.554971639956636
25.0 0.678365796608101
27.5 0.814948264849011
30.0 0.965011501477197
32.5 1.12884796329049
35.0 1.30675010708673
37.5 1.49901038966375
40.0 1.70592126781938
42.5 1.92777519835145
45.0 2.16486463805779
47.5 2.41748204373624
50.0 2.68591987218464
52.5 2.97047058020081
55.0 3.27142662458258
57.5 3.5890804621278
60.0 3.92372454963429
2.5 0.015350918432209
5.0 0.0428881882325515
7.5 0.0815758897965179
10.0 0.13170437718037
12.5 0.193564004440369
15.0 0.267445125632776
17.5 0.353638094813853
20.0 0.452433266039862
22.5 0.564120993367063
25.0 0.688991630851719
27.5 0.827335532550091
30.0 0.979443052518441
32.5 1.14560454481303
35.0 1.32611036349012
37.5 1.52125086260597
40.0 1.73131639621684
42.5 1.956597318379
45.0 2.19738398314871
47.5 2.45396674458222
50.0 2.7266359567358
52.5 3.01568197366572
55.0 3.32139514942822
57.5 3.64406583807958
60.0 3.98398439367606
2.5 0.0195970063093303
5.0 0.0454689682664695
7.5 0.0827623103453648
10.0 0.131765314233527
12.5 0.192766261618468
15.0 0.266053434187698
17.5 0.351915113628728
20.0 0.45063958162907
22.5 0.562515119876235
25.0 0.687830010057733
27.5 0.826872533861077
30.0 0.979930972973776
32.5 1.14729360908334
35.0 1.32924872387729
37.5 1.52608459904312
40.0 1.73808951626835
42.5 1.9655517572405
45.0 2.20875960364706
47.5 2.46800133717556
50.0 2.74356523951351
52.5 3.03573959234841
55.0 3.34481267736778
57.5 3.67107277625912
60.0 4.01480817070996
2.5 0.0216499929113142
5.0 0.0456419776044231
7.5 0.0813318501528248
10.0 0.129005717874486
12.5 0.188949688087372
15.0 0.26144986810945
17.5 0.346792365258686
20.0 0.445263286853046
22.5 0.557148740210497
25.0 0.682734832649004
27.5 0.822307671486534
30.0 0.976153364041053
32.5 1.14455801763053
35.0 1.32780773957292
37.5 1.52618863718621
40.0 1.73998681778835
42.5 1.96948838869731
45.0 2.21497945723105
47.5 2.47674613070755
50.0 2.75507451644477
52.5 3.05025072176067
55.0 3.36256085397323
57.5 3.6922910204004
60.0 4.03972732836016
2.5 0.0213433482467157
5.0 0.042839624891439
7.5 0.0763967280963077
10.0 0.122297865482669
12.5 0.180826244671868
15.0 0.252265073285254
17.5 0.336897558944172
20.0 0.43500690926997
22.5 0.546876331883994
25.0 0.672789034407591
27.5 0.813028224462108
30.0 0.967877109668892
32.5 1.13761889764929
35.0 1.32253679602465
37.5 1.52291401241631
40.0 1.73903375444563
42.5 1.97117922973395
45.0 2.21963364590262
47.5 2.48468021057298
50.0 2.76660213136638
52.5 3.06568261590418
55.0 3.3822048718077
57.5 3.71645210669831
60.0 4.06870752819735
2.5 0.0188046460871829
5.0 0.0384502690310849
7.5 0.0704443012860616
10.0 0.11506764253884
12.5 0.172601192476147
15.0 0.243325850784709
17.5 0.327522517151254
20.0 0.425472091262507
22.5 0.537455472805197
25.0 0.66375356146605
27.5 0.804647256931793
30.0 0.960417458889153
32.5 1.13134506702486
35.0 1.31771098102563
37.5 1.5197961005782
40.0 1.7378813253693
42.5 1.97224755508564
45.0 2.22317568941397
47.5 2.490946628041
50.0 2.77584127065346
52.5 3.07814051693808
55.0 3.39812526658159
57.5 3.73607641927071
60.0 4.09227487469217
2.5 0.0152885315481367
5.0 0.033699386070197
7.5 0.0647504840353437
10.0 0.108720458943465
12.5 0.16588794429445
15.0 0.236531573588185
17.5 0.320929980324561
20.0 0.419361798003464
22.5 0.532105660124782
25.0 0.659440200188406
27.5 0.801644051694221
30.0 0.958995848142118
32.5 1.13177422303198
35.0 1.32025780986371
37.5 1.52472524213718
40.0 1.74545515335228
42.5 1.9827261770089
45.0 2.23681694660694
47.5 2.50800609564627
50.0 2.79657225762679
52.5 3.10279406604839
55.0 3.42695015441095
57.5 3.76931915621436
60.0 4.13017970495851
2.5 0.0107979859636283
5.0 0.0285678364562349
7.5 0.0593164402581345
10.0 0.103319890679279
12.5 0.160854281029619
15.0 0.232195704619108
17.5 0.317620254757697
20.0 0.417404024755338
22.5 0.531823107921983
25.0 0.661153597567582
27.5 0.805671587002089
30.0 0.965653169535455
32.5 1.14137443847763
35.0 1.33311148713857
37.5 1.54114040882822
40.0 1.76573729685654
42.5 2.00717824453348
45.0 2.26573934516899
47.5 2.54169669207302
50.0 2.83532637855552
52.5 3.14690449792645
55.0 3.47670714349575
57.5 3.82501040857338
60.0 4.19209038646929
2.5 -0.0310439451107087
5.0 -0.00681559593742242
7.5 0.0308761954956767
10.0 0.0822407751493147
12.5 0.147487488984218
15.0 0.226825682961112
17.5 0.320464703040724
20.0 0.42861389518378
22.5 0.551482605351005
25.0 0.689280179503126
27.5 0.842215963600869
30.0 1.01049930360496
32.5 1.19433954547613
35.0 1.39394603517509
37.5 1.60952811866258
40.0 1.84129514189933
42.5 2.08945645084605
45.0 2.35422139146348
47.5 2.63579930971234
50.0 2.93439955155336
52.5 3.25023146294726
55.0 3.58350438985477
57.5 3.93442767823662
60.0 4.30321067405353
2.5 -0.0261006328381296
5.0 -0.000885459620342891
7.5 0.0380675422027786
10.0 0.0909647344632868
12.5 0.158012478993233
15.0 0.23941713762467
17.5 0.335385072189649
20.0 0.446122644520221
22.5 0.571836216448439
25.0 0.712732149806354
27.5 0.869016806426018
30.0 1.04089654813948
32.5 1.2285777367788
35.0 1.43226673417602
37.5 1.6521699021632
40.0 1.88849360257239
42.5 2.14144419723563
45.0 2.41122804798499
47.5 2.69805151665251
50.0 3.00212096507024
52.5 3.32364275507025
55.0 3.66282324848457
57.5 4.01986880714526
60.0 4.39498579288437
2.5 -0.0192520888679972
5.0 0.00737500782454007
7.5 0.0480153435743979
10.0 0.102872279238823
12.5 0.172149175675064
15.0 0.256049393740366
17.5 0.354776294291976
20.0 0.468533238187143
22.5 0.597523586283113
25.0 0.741950699437133
27.5 0.90201793850645
30.0 1.07792866434831
32.5 1.26988623781996
35.0 1.47809401977865
37.5 1.70275537108163
40.0 1.94407365258614
42.5 2.20225222514943
45.0 2.47749444962874
47.5 2.77000368688133
50.0 3.07998329776444
52.5 3.40763664313532
55.0 3.75316708385121
57.5 4.11677798076937
60.0 4.49867269474703
2.5 -0.00945025870172129
5.0 0.0188049638185698
7.5 0.0613840710788741
10.0 0.118486947152484
12.5 0.190313476112691
15.0 0.277063542032788
17.5 0.378937028986068
20.0 0.496133821045823
22.5 0.628853802285344
25.0 0.777296856777925
27.5 0.941662868596857
30.0 1.12215172181543
32.5 1.31896330050695
35.0 1.53229748874469
37.5 1.76235417060195
40.0 2.00933323015202
42.5 2.27343455146821
45.0 2.55485801862378
47.5 2.85380351569205
50.0 3.1704709267463
52.5 3.50506013585983
55.0 3.85777102710592
57.5 4.22880348455788
60.0 4.61835739228898
2.5 0.00376245987062644
5.0 0.0335944111064916
7.5 0.0780955976330485
10.0 0.137461875474295
12.5 0.21188910065423
15.0 0.301573129196849
17.5 0.406709817126153
20.0 0.527495020466138
22.5 0.664124595240802
25.0 0.816794397474144
27.5 0.98570028319016
30.0 1.17103810841285
32.5 1.37300372916621
35.0 1.59179300147424
37.5 1.82760178136094
40.0 2.0806259248503
42.5 2.35106128796633
45.0 2.63910372673301
47.5 2.94494909717436
50.0 3.26879325531436
52.5 3.61083205717701
55.0 3.97126135878632
57.5 4.35027701616628
60.0 4.74807488534088
2.5 0.0140314918160128
5.0 0.0446147738605412
7.5 0.0901086235436792
10.0 0.150705946380231
12.5 0.226599647885001
15.0 0.317982633572793
17.5 0.425047808958411
20.0 0.54798807955666
22.5 0.686996350882344
25.0 0.842265528450267
27.5 1.01398851777523
30.0 1.20235822437205
32.5 1.40756755375551
35.0 1.62980941144043
37.5 1.86927670294161
40.0 2.12616233377386
42.5 2.40065920945197
45.0 2.69296023549076
47.5 3.00325831740502
50.0 3.33174636070957
52.5 3.6786172709192
55.0 4.04406395354872
57.5 4.42827931411293
60.0 4.83145625812665
2.5 0.0361740888699858
5.0 0.0654870268633896
7.5 0.109959842878779
10.0 0.169801173568828
12.5 0.245219655586209
15.0 0.336423925583594
17.5 0.443622620213657
20.0 0.567024376129071
22.5 0.706837829982508
25.0 0.863271618426642
27.5 1.03653437811414
30.0 1.22683474569769
32.5 1.43438135782995
35.0 1.6593828511636
37.5 1.90204786235131
40.0 2.16258502804575
42.5 2.4412029848996
45.0 2.73811036956553
47.5 3.05351581869621
50.0 3.38762796894431
52.5 3.74065545696252
55.0 4.1128069194035
57.5 4.50429099291992
60.0 4.91531631416445
2.5 0.0450790123921759
5.0 0.0739222119076349
7.5 0.118241316408531
10.0 0.178240008007515
12.5 0.254121968817238
15.0 0.346090880950349
17.5 0.454350426519501
20.0 0.579104287637344
22.5 0.720556146416529
25.0 0.878909684969705
27.5 1.05436858540953
30.0 1.24713652984864
32.5 1.4574172003997
35.0 1.68541427917535
37.5 1.93133144828825
40.0 2.19537238985104
42.5 2.47774078597639
45.0 2.77864031877693
47.5 3.09827467036532
50.0 3.43684752285421
52.5 3.79456255835625
55.0 4.17162345898409
57.5 4.56823390685038
60.0 4.98459758406778
2.5 0.0525899991600903
5.0 0.0805890437497061
7.5 0.124375332966047
10.0 0.184147441756144
12.5 0.260103945067027
15.0 0.352443417845728
17.5 0.461364435039277
20.0 0.587065571594704
22.5 0.729745402459041
25.0 0.889602502579318
27.5 1.06683544690257
30.0 1.26164281037581
32.5 1.4742231679461
35.0 1.70477509456044
37.5 1.95349716516588
40.0 2.22058795470944
42.5 2.50624603813816
45.0 2.81066999039906
47.5 3.13405838643918
50.0 3.47660980120555
52.5 3.83852280964519
55.0 4.21999598670514
57.5 4.62122790733243
60.0 5.0424171464741
2.5 0.0579983090125038
5.0 0.0851299130265168
7.5 0.128316907165399
10.0 0.187753319423224
12.5 0.26363317779407
15.0 0.35615051027201
17.5 0.465499344851121
20.0 0.591873709525477
22.5 0.735467632289155
25.0 0.896475141136229
27.5 1.07509026406078
30.0 1.27150702905687
32.5 1.48591946411858
35.0 1.71852159724
37.5 1.96950745641519
40.0 2.23907106963822
42.5 2.52740646490318
45.0 2.83470767020414
47.5 3.16116871353518
50.0 3.50698362289037
52.5 3.87234642626378
55.0 4.25745115164949
57.5 4.66249182704158
60.0 5.08766248043412
2.5 0.0628418290936899
5.0 0.0889514794804305
7.5 0.131417749765553
10.0 0.190429414261349
12.5 0.266175247280113
15.0 0.358844023134136
17.5 0.468624516135711
20.0 0.595705500597132
22.5 0.74027575083069
25.0 0.902524041148678
27.5 1.08263914586339
30.0 1.28080983928712
32.5 1.49722489573215
35.0 1.73207308951079
37.5 1.98554319493532
40.0 2.25782398631804
42.5 2.54910423797124
45.0 2.8595727242072
47.5 3.18941821933824
50.0 3.53882949767663
52.5 3.90799533353467
55.0 4.29710450122465
57.5 4.70634577505887
60.0 5.13590792934962
2.5 0.117666169195421
5.0 0.156717537022549
7.5 0.207812886099831
10.0 0.271537276644085
12.5 0.348475768872126
15.0 0.439213423000771
17.5 0.544335299246834
20.0 0.664426457827133
22.5 0.800071958958482
25.0 0.951856862857699
27.5 1.1203662297416
30.0 1.306185119827
32.5 1.50989859333071
35.0 1.73209171046955
37.5 1.97334953146035
40.0 2.2342571165199
42.5 2.51539952586503
45.0 2.81736181971256
47.5 3.1407290582793
50.0 3.48608630178206
52.5 3.85401861043767
55.0 4.24511104446293
57.5 4.65994866407467
60.0 5.0991165294897
2.5 0.145196841819845
5.0 0.173141061418139
7.5 0.214491503836522
10.0 0.269819666589645
12.5 0.339697047192154
15.0 0.424695143158699
17.5 0.525385452003927
20.0 0.642339471242486
22.5 0.776128698389025
25.0 0.927324630958192
27.5 1.09649876646463
30.0 1.284222602423
32.5 1.49106763634794
35.0 1.7176053657541
37.5 1.96440728815613
40.0 2.23204490106868
42.5 2.52108970200639
45.0 2.83211318848391
47.5 3.1656868580159
50.0 3.522382208117
52.5 3.90277073630185
55.0 4.30742394008511
57.5 4.73691331698143
60.0 5.19181036450544
2.5 0.14895298850401
5.0 0.169638233987757
7.5 0.204707863511301
10.0 0.254723473902609
12.5 0.320246661989651
15.0 0.401839024600396
17.5 0.500062158562813
20.0 0.615477660704871
22.5 0.748647127854539
25.0 0.900132156839787
27.5 1.07049434448858
30.0 1.26029528762889
32.5 1.47009658308869
35.0 1.70045982769595
37.5 1.95194661827862
40.0 2.22511855166469
42.5 2.52053722468213
45.0 2.83876423415889
47.5 3.18036117692295
50.0 3.54588964980229
52.5 3.93591124962486
55.0 4.35098757321864
57.5 4.79168021741159
60.0 5.25855077903169
2.5 0.141649409005624
5.0 0.156609526569085
7.5 0.186920853126472
10.0 0.233135353227291
12.5 0.295804991421046
15.0 0.375481732257242
17.5 0.472717540285384
20.0 0.588064380054978
22.5 0.722074216115528
25.0 0.875299013016538
27.5 1.04829073530752
30.0 1.24160134753796
32.5 1.45578281425739
35.0 1.69138710001529
37.5 1.94896616936118
40.0 2.22907198684456
42.5 2.53225651701494
45.0 2.85907172442182
47.5 3.2100695736147
50.0 3.5858020291431
52.5 3.98682105555651
55.0 4.41367861740444
57.5 4.8669266792364
60.0 5.34711720560189
2.5 0.124315291341396
5.0 0.135065717237717
7.5 0.162242232745748
10.0 0.206386402540389
12.5 0.268039791296545
15.0 0.347743963689118
17.5 0.446040484393011
20.0 0.563470918083127
22.5 0.700576829434367
25.0 0.857899783121636
27.5 1.03598134381984
30.0 1.23536307620387
32.5 1.45658654494864
35.0 1.70019331472905
37.5 1.96672495022
40.0 2.2567230160964
42.5 2.57072907703314
45.0 2.90928469770513
47.5 3.27293144278728
50.0 3.66221087695448
52.5 4.07766456488164
55.0 4.51983407124367
57.5 4.98926096071546
60.0 5.48648679797191
2.5 0.0706827245347701
5.0 0.126623219490953
7.5 0.190866341705954
10.0 0.264599702888628
12.5 0.349010914747827
15.0 0.445287588992406
17.5 0.554617337331218
20.0 0.678187771473117
22.5 0.817186503126957
25.0 0.972801144001591
27.5 1.14621930580587
30.0 1.33862860024866
32.5 1.5512166390388
35.0 1.78517103388515
37.5 2.04167939649656
40.0 2.32192933858189
42.5 2.62710847184999
45.0 2.95840440800972
47.5 3.31700475876992
50.0 3.70409713583945
52.5 4.12086915092717
55.0 4.56850841574193
57.5 5.04820254199258
60.0 5.56113914138798
2.5 0.126675269492609
5.0 0.167292603718594
7.5 0.218412748683007
10.0 0.281204882546944
12.5 0.356838183471499
15.0 0.446481829617767
17.5 0.551304999146843
20.0 0.672476870219822
22.5 0.811166620997798
25.0 0.968543429641867
27.5 1.14577647431312
30.0 1.34403493317266
32.5 1.56448798438158
35.0 1.80830480610097
37.5 2.07665457649192
40.0 2.37070647371554
42.5 2.69162967593291
45.0 3.04059336130514
47.5 3.41876670799331
50.0 3.82731889415852
52.5 4.26741909796187
55.0 4.74023649756445
57.5 5.24694027112735
60.0 5.78869959681168
2.5 0.154707327810325
5.0 0.182574803619734
7.5 0.223116725569657
10.0 0.277483805627951
12.5 0.346826755762475
15.0 0.432296287941087
17.5 0.535043114131646
20.0 0.65621794630201
22.5 0.796971496420037
25.0 0.958454476453585
27.5 1.14181759837051
30.0 1.34821157413868
32.5 1.57878711572594
35.0 1.83469493510016
37.5 2.11708574422919
40.0 2.42711025508089
42.5 2.76591917962312
45.0 3.13466322982374
47.5 3.53449311765061
50.0 3.96655955507158
52.5 4.43201325405451
55.0 4.93200492656727
57.5 5.4676852845777
60.0 6.04020504005367
2.5 0.160787527569236
5.0 0.179202275234945
7.5 0.212433004297354
10.0 0.261612421283875
12.5 0.327873232721922
15.0 0.412348145138908
17.5 0.516169865062244
20.0 0.640471099019344
22.5 0.78638455353762
25.0 0.955042935144486
27.5 1.14757895036735
30.0 1.36512530573364
32.5 1.60881470777075
35.0 1.8797798630061
37.5 2.1791534779671
40.0 2.50806825918117
42.5 2.86765691317572
45.0 3.25905214647816
47.5 3.68338666561591
50.0 4.14179317711637
52.5 4.63540438750697
55.0 5.1653530033151
57.5 5.73277173106819
60.0 6.33879327729365
2.5 0.145618902929923
5.0 0.14501579282864
7.5 0.164516053809649
10.0 0.205046271773153
12.5 0.267533032619355
15.0 0.352902922248456
17.5 0.462082526560661
20.0 0.595998431456171
22.5 0.755577222835189
25.0 0.941745486597919
27.5 1.15542980864456
30.0 1.39755677487532
32.5 1.6690529711904
35.0 1.97084498349
37.5 2.30385939767432
40.0 2.66902279964357
42.5 3.06726177529795
45.0 3.49950291053767
47.5 3.96667279126292
50.0 4.4696980033739
52.5 5.00950513277083
55.0 5.5870207653539
57.5 6.20317148702331
60.0 6.85888388367928
2.5 0.109043358727272
5.0 0.111102949068802
7.5 0.134877111028293
10.0 0.181267491844009
12.5 0.251175738754219
15.0 0.345503498997186
17.5 0.465152419811179
20.0 0.611024148434462
22.5 0.784020332105301
25.0 0.985042618061963
27.5 1.21499265354271
30.0 1.47477208578582
32.5 1.76528256202954
35.0 2.08742572951216
37.5 2.44210323547192
40.0 2.83021672714711
42.5 3.25266785177597
45.0 3.71035825659679
47.5 4.20418958884783
50.0 4.73506349576735
52.5 5.30388162459361
55.0 5.9115456225649
57.5 6.55895713691946
60.0 7.24701781489557
2.5 0.0676997255721902
5.0 0.0781998899561938
7.5 0.1126192459891
10.0 0.171824867398468
12.5 0.256683827911856
15.0 0.36806320125682
17.5 0.50683006116092
20.0 0.673851481351714
22.5 0.869994535556759
25.0 1.09612629750361
27.5 1.35311384091984
30.0 1.64182423953299
32.5 1.96312456707062
35.0 2.31788189726029
37.5 2.70696330382957
40.0 3.131235860506
42.5 3.59156664101715
45.0 4.08882271909057
47.5 4.62387116845383
50.0 5.19757906283447
52.5 5.81081347596007
55.0 6.46444148155817
57.5 7.15933015335634
60.0 7.89634656508213
2.5 0.0633283201614626
5.0 0.0831235677524861
7.5 0.127705510171625
10.0 0.197984029156547
12.5 0.294869006444921
15.0 0.419270323774414
17.5 0.572097862882695
20.0 0.754261505507432
22.5 0.966671133386292
25.0 1.21023662825694
27.5 1.48586787185706
30.0 1.7944747459243
32.5 2.13696713219633
35.0 2.51425491241084
37.5 2.92724796830547
40.0 3.3768561816179
42.5 3.8639894340858
45.0 4.38955760744684
47.5 4.95447058343869
50.0 5.559638243799
52.5 6.20597047026546
55.0 6.89437714457572
57.5 7.62576814846747
60.0 8.40105336367835
2.5 0.0651243947691389
5.0 0.0984987174681231
7.5 0.15922331370226
10.0 0.248152716347542
12.5 0.366141458279959
15.0 0.514044072375502
17.5 0.692715091510162
20.0 0.903009048559932
22.5 1.1457804764008
25.0 1.42188390790876
27.5 1.7321738759598
30.0 2.07750491342992
32.5 2.4587315531951
35.0 2.87670832813133
37.5 3.33228977111461
40.0 3.82633041502093
42.5 4.35968479272628
45.0 4.93320743710664
47.5 5.54775288103802
50.0 6.2041756573964
52.5 6.90333029905777
55.0 7.64607133889813
57.5 8.43325330979346
60.0 9.26573074461976
2.5 0.0822254370903718
5.0 0.125013528615626
7.5 0.196667761831253
10.0 0.29800609166998
12.5 0.429846473064534
15.0 0.593006860947643
17.5 0.788305210252032
20.0 1.01655947591043
22.5 1.27858761285557
25.0 1.57520757602016
27.5 1.90723732033695
30.0 2.27549480073866
32.5 2.68079797215801
35.0 3.12396478952773
37.5 3.60581320778055
40.0 4.1271611818492
42.5 4.6888266666664
45.0 5.29162761716488
47.5 5.93638198827737
50.0 6.6239077349366
52.5 7.35502281207528
55.0 8.13054517462616
57.5 8.95129277752195
60.0 9.81808357569539
2.5 0.12289411588115
5.0 0.177009981672776
7.5 0.261802046008247
10.0 0.378038978088398
12.5 0.526489447114064
15.0 0.70792212228608
17.5 0.923105672805281
20.0 1.1728087678725
22.5 1.45780007668858
25.0 1.77884826845434
27.5 2.13672201237063
30.0 2.53218997763828
32.5 2.96602083345813
35.0 3.438983249031
37.5 3.95184589355774
40.0 4.50537743623917
42.5 5.10034654627615
45.0 5.73752189286949
47.5 6.41767214522003
50.0 7.14156597252862
52.5 7.90997204399607
55.0 8.72365902882324
57.5 9.58339559621096
60.0 10.48995041536
2.5 0.176163583418852
5.0 0.23914085875096
7.5 0.334266836914462
10.0 0.462264597021849
12.5 0.62385721818561
15.0 0.819767779518234
17.5 1.05071936013221
20.0 1.31743503914003
22.5 1.62063789565419
25.0 1.96105100878716
27.5 2.33939745765145
30.0 2.75640032135954
32.5 3.21278267902392
35.0 3.70926760975709
37.5 4.24657819267152
40.0 4.82543750687972
42.5 5.44656863149416
45.0 6.11069464562735
47.5 6.81853862839176
50.0 7.5708236588999
52.5 8.36827281626424
55.0 9.21160917959729
57.5 10.1015558280115
60.0 11.0388358406194
2.5 0.278376876310293
5.0 0.388109262254319
7.5 0.514720522283275
10.0 0.660799451606
12.5 0.828934845431331
15.0 1.02171549896811
17.5 1.24173020742517
20.0 1.49156776601135
22.5 1.77381696993548
25.0 2.09106661440642
27.5 2.44590549463299
30.0 2.84092240582403
32.5 3.27870614318839
35.0 3.76184550193489
37.5 4.29292927727238
40.0 4.8745462644097
42.5 5.50928525855568
45.0 6.19973505491916
47.5 6.94848444870898
50.0 7.75812223513397
52.5 8.63123720940299
55.0 9.57041816672485
57.5 10.5782539023084
60.0 11.6573332113625
2.5 0.425756622633509
5.0 0.503930765943211
7.5 0.605319651324228
10.0 0.732361933913624
12.5 0.887496268848462
15.0 1.07316131126581
17.5 1.29179571630272
20.0 1.54583813909627
22.5 1.83772723478352
25.0 2.16990165850153
27.5 2.54480006538737
30.0 2.96486111057809
32.5 3.43252344921078
35.0 3.95022573642247
37.5 4.52040662735025
40.0 5.14550477713118
42.5 5.82795884090231
45.0 6.57020747380071
47.5 7.37468933096346
50.0 8.2438430675276
52.5 9.18010733863021
55.0 10.1859207994083
57.5 11.2637221049991
60.0 12.4159499105395
2.5 0.500941223398181
5.0 0.556088432189522
7.5 0.640226750313808
10.0 0.755648052814673
12.5 0.90464421473575
15.0 1.08950711112067
17.5 1.31252861701307
20.0 1.57600060745659
22.5 1.88221495749484
25.0 2.23346354217148
27.5 2.63203823653013
30.0 3.08023091561442
32.5 3.580333454468
35.0 4.13463772813448
37.5 4.74543561165751
40.0 5.41501898008072
42.5 6.14567970844774
45.0 6.93970967180221
47.5 7.79940074518775
50.0 8.72704480364801
52.5 9.72493372222662
55.0 10.7953593759672
57.5 11.9406136399134
60.0 13.1629883891088
2.5 0.652929394815155
5.0 0.713818849370098
7.5 0.795228612044475
10.0 0.901329454695744
12.5 1.03629214918136
15.0 1.20428746735879
17.5 1.40948618108548
20.0 1.65605906221889
22.5 1.94817688261649
25.0 2.29001041413572
27.5 2.68573042863405
30.0 3.13950769796894
32.5 3.65551299399783
35.0 4.2379170885782
37.5 4.89089075356749
40.0 5.61860476082317
42.5 6.42522988220269
45.0 7.31493688956351
47.5 8.29189655476309
50.0 9.36027964965889
52.5 10.5242569461084
55.0 11.787999215969
57.5 13.1556772310982
60.0 14.6314617633534
2.5 0.671842047065431
5.0 0.698880213566693
7.5 0.755546423004946
10.0 0.845767614052725
12.5 0.973470725382564
15.0 1.142582695667
17.5 1.35703046357856
20.0 1.62074096778978
22.5 1.9376411469732
25.0 2.31165793980135
27.5 2.74671828494677
30.0 3.24674912108199
32.5 3.81567738687954
35.0 4.45743002101196
37.5 5.17593396215178
40.0 5.97511614897154
42.5 6.85890352014377
45.0 7.831223014341
47.5 8.89600157023578
50.0 10.0571661265006
52.5 11.3186436218081
55.0 12.6843609948307
57.5 14.158245184241
60.0 15.7442231287114
2.5 0.682711889599345
5.0 0.743313743742142
7.5 0.826405393281089
10.0 0.937265708286006
12.5 1.08117355882671
15.0 1.26340781497303
17.5 1.48924734679478
20.0 1.76397102436178
22.5 2.09285771774385
25.0 2.48118629701081
27.5 2.93423563223248
30.0 3.45728459347868
32.5 4.05561205081923
35.0 4.73449687432395
37.5 5.49921793406267
40.0 6.35505410010519
42.5 7.30728424252134
45.0 8.36118723138094
47.5 9.52204193675382
50.0 10.7951272287098
52.5 12.1857219773187
55.0 13.6991050526503
57.5 15.3405553247744
60.0 17.1153516637609
2.5 0.668425615802358
5.0 0.689925089753121
7.5 0.748216373350264
10.0 0.847991183142278
12.5 0.993941235677655
15.0 1.19075824750489
17.5 1.44313393517246
20.0 1.75576001522887
22.5 2.13332820422261
25.0 2.58053021870216
27.5 3.10205777521603
30.0 3.70260259031269
32.5 4.38685638054065
35.0 5.15951086244839
37.5 6.0252577525844
40.0 6.98878876749717
42.5 8.05479562373521
45.0 9.22797003784698
47.5 10.513003726381
50.0 11.9145884058857
52.5 13.4374157929097
55.0 15.0861776040014
57.5 16.8655655557093
60.0 18.7802713645818
2.5 0.592961215177157
5.0 0.605645034682737
7.5 0.665702289336316
10.0 0.777348568816153
12.5 0.944799462800507
15.0 1.17227056096764
17.5 1.4639774529958
20.0 1.82413572856326
22.5 2.25696097734828
25.0 2.7666687890291
27.5 3.357474753284
30.0 4.03359445979123
32.5 4.79924349822905
35.0 5.65863745827571
37.5 6.61599192960949
40.0 7.67552250190863
42.5 8.8414447648514
45.0 10.1179743081161
47.5 11.5093267213809
50.0 13.0197175943241
52.5 14.6533625166239
55.0 16.4144770779587
57.5 18.3072768680067
60.0 20.3359774764461
2.5 0.498805728168528
5.0 0.525221627752522
7.5 0.609845166469074
10.0 0.756351972594576
12.5 0.968417674405422
15.0 1.249717900178
17.5 1.60392827818872
20.0 2.03472443671396
22.5 2.54578200403011
25.0 3.14077660841358
27.5 3.82338387814075
30.0 4.59727944148802
32.5 5.46613892673178
35.0 6.43363796214842
37.5 7.50345217601435
40.0 8.67925719660594
42.5 9.9647286521996
45.0 11.3635421710717
47.5 12.8793733814987
50.0 14.5158979117569
52.5 16.2767913901228
55.0 18.1657294448726
57.5 20.186387704283
60.0 22.3424417966301
2.5 0.551673840490189
5.0 0.601155764889888
7.5 0.703269281585672
10.0 0.864195583293101
12.5 1.09011586272773
15.0 1.38721131260513
17.5 1.76166312564085
20.0 2.21965249455045
22.5 2.7673606120495
25.0 3.41096867085354
27.5 4.15665786367815
30.0 5.01060938323888
32.5 5.97900442225128
35.0 7.06802417343093
37.5 8.28384982949338
40.0 9.63266258315418
42.5 11.1206436271289
45.0 12.7539741541331
47.5 14.5388353568823
50.0 16.4814084280922
52.5 18.5878745604782
55.0 20.8644149467559
57.5 23.3172107796409
60.0 25.9524432518487
2.5 0.535878554676431
5.0 0.596658049045558
7.5 0.726976865006806
10.0 0.931893387196779
12.5 1.21646600025208
15.0 1.58575308880932
17.5 2.04481303750511
20.0 2.59870423097603
22.5 3.25248505385871
25.0 4.01121389078975
27.5 4.87994912640575
30.0 5.86374914534331
32.5 6.96767233223905
35.0 8.19677707172956
37.5 9.55612174845146
40.0 11.0507647470413
42.5 12.6857644521358
45.0 14.4661792483715
47.5 16.397067520385
50.0 18.4834876528129
52.5 20.7304980302917
55.0 23.1431570374583
57.5 25.726523058949
60.0 28.4856544794006
2.5 0.625400334694843
5.0 0.745804994443171
7.5 0.926156131804768
10.0 1.1736754202483
12.5 1.49558453324243
15.0 1.89910514425582
17.5 2.39145892675714
20.0 2.97986755421505
22.5 3.67155270009822
25.0 4.4737360378753
27.5 5.39363924101497
30.0 6.4384839829859
32.5 7.61549193725673
35.0 8.93188477729614
37.5 10.3948841765728
40.0 12.0117118085554
42.5 13.7895893467125
45.0 15.7357384645129
47.5 17.8573808354251
50.0 20.161738132918
52.5 22.65603203046
55.0 25.34748420152
57.5 28.2433163195665
60.0 31.3507500580682
2.5 0.753252150194816
5.0 0.876144570312797
7.5 1.07618619065394
10.0 1.35906985863931
12.5 1.73048842168995
15.0 2.19613472722693
17.5 2.76170162267129
20.0 3.4328819554441
22.5 4.21536857296641
25.0 5.11485432265928
27.5 6.13703205194377
30.0 7.28759460824092
32.5 8.5722348389718
35.0 9.99664559155745
37.5 11.566519713419
40.0 13.2875500519773
42.5 15.1654294546537
45.0 17.205850768869
47.5 19.4145068420444
50.0 21.797090521601
52.5 24.3592946549597
55.0 27.1068120895416
57.5 30.0453356727678
60.0 33.1805582520594
2.5 1.03760521005552
5.0 1.20555701355935
7.5 1.43895089759161
10.0 1.74676646994798
12.5 2.13798333842416
15.0 2.62158111081583
17.5 3.20653939491867
20.0 3.90183779852836
22.5 4.7164559294406
25.0 5.65937339545106
27.5 6.73956980435543
30.0 7.9660247639494
32.5 9.34771788202865
35.0 10.8936287663889
37.5 12.6127370248257
40.0 14.5140222651349
42.5 16.6064640951121
45.0 18.8990421225531
47.5 21.4007359552534
50.0 24.1205252010088
52.5 27.0673894676149
55.0 30.2503083628675
57.5 33.6782614945622
60.0 37.3602284704947
2.5 1.18457716778093
5.0 1.33206976328141
7.5 1.56205260091114
10.0 1.88148458880882
12.5 2.29732463511314
15.0 2.81653164796279
17.5 3.44606453549649
20.0 4.19288220585291
22.5 5.06394356717075
25.0 6.06620752758872
27.5 7.20663299524551
30.0 8.49217887827981
32.5 9.92980408483032
35.0 11.5264675230357
37.5 13.2891281010348
40.0 15.2247447269661
42.5 17.3402763089684
45.0 19.6426817551804
47.5 22.1389199737407
50.0 24.8359498727882
52.5 27.7407303604614
55.0 30.8602203448992
57.5 34.20137873424
60.0 37.7711644366228
2.5 1.38993459804083
5.0 1.52264383679296
7.5 1.74806499883187
10.0 2.0722127073258
12.5 2.50110158544303
15.0 3.04074625635181
17.5 3.69716134322041
20.0 4.47636146921709
22.5 5.38436125751012
25.0 6.42717533126775
27.5 7.61081831365824
30.0 8.94130482784987
32.5 10.4246494970109
35.0 12.0668669443096
37.5 13.8739717929142
40.0 15.8519786659929
42.5 18.0069021867142
45.0 20.3447569782461
47.5 22.871557663757
50.0 25.5933188664151
52.5 28.5160552093887
55.0 31.6457813158461
57.5 34.9885118089555
60.0 38.5502613118851
2.5 1.47484725927462
5.0 1.61369390092081
7.5 1.85661898298759
10.0 2.20696018701148
12.5 2.66805519452903
15.0 3.24324168707675
17.5 3.93585734619116
20.0 4.74923985340881
22.5 5.6867268902662
25.0 6.75165613829988
27.5 7.94736527904636
30.0 9.27719199404217
32.5 10.7444739648238
35.0 12.3525488729279
37.5 14.1047543998909
40.0 16.0044282272493
42.5 18.0549080365396
45.0 20.2595315092985
47.5 22.6216363270624
50.0 25.1445601713678
52.5 27.8316407237513
55.0 30.6862156657494
57.5 33.7116226788986
60.0 36.9111994447355
2.5 1.55595676674793
5.0 1.73836776333239
7.5 2.01891881692254
10.0 2.40003422575274
12.5 2.88413828805736
15.0 3.47365530207075
17.5 4.17100956602728
20.0 4.9786253781613
22.5 5.89892703670719
25.0 6.93433883989929
27.5 8.08728508597198
30.0 9.3601900731596
32.5 10.7554780996965
35.0 12.2755734638171
37.5 13.9229004637557
40.0 15.6998833977467
42.5 17.6089465640245
45.0 19.6525142608233
47.5 21.8330107863776
50.0 24.1528604389218
52.5 26.6144875166901
55.0 29.220316317917
57.5 31.9727711408368
60.0 34.8742762836839
2.5 1.76628335480478
5.0 1.92824037598593
7.5 2.19010226292098
10.0 2.55243116124614
12.5 3.0157892165976
15.0 3.58073857461156
17.5 4.24784138092422
20.0 5.01765978117178
22.5 5.89075592099044
25.0 6.86769194601639
27.5 7.94903000188585
30.0 9.135332234235
32.5 10.4271607887
35.0 11.8250778109172
37.5 13.3296454465226
40.0 14.9414258411525
42.5 16.6609811404432
45.0 18.4888734900307
47.5 20.4256650355513
50.0 22.4719179226412
52.5 24.6281942969366
55.0 26.8950563040736
57.5 29.2730660896886
60.0 31.7627857994176
2.5 1.89273884605291
5.0 1.99381552520686
7.5 2.20295442082355
10.0 2.51834773667228
12.5 2.93818767652238
15.0 3.46066644414314
17.5 4.0839762433039
20.0 4.80630927777395
22.5 5.62585775132261
25.0 6.5408138677192
27.5 7.54936983073302
30.0 8.6497178441334
32.5 9.84005011168964
35.0 11.1185588371711
37.5 12.483436224347
40.0 13.9328744769867
42.5 15.4650657988595
45.0 17.0782023937348
47.5 18.7704764653818
50.0 20.5400802175698
52.5 22.3852058540682
55.0 24.3040455786463
57.5 26.2947915950734
60.0 28.3556361071188
2.5 1.9175656793437
5.0 2.04042780392021
7.5 2.25308811117872
10.0 2.55418799657158
12.5 2.94236885555112
15.0 3.41627208356967
17.5 3.97453907607958
20.0 4.61581122853319
22.5 5.33872993638282
25.0 6.14193659508081
27.5 7.02407260007951
30.0 7.98377934683124
32.5 9.01969823078835
35.0 10.1304706474032
37.5 11.314737992128
40.0 12.5711416604153
42.5 13.8983230477173
45.0 15.2949235494863
47.5 16.7595845611747
50.0 18.2909474782349
52.5 19.8876536961191
55.0 21.5483446102797
57.5 23.2716616161691
60.0 25.0562461092395
2.5 2.0049239907013
5.0 2.07436429192003
7.5 2.22611345787317
10.0 2.45836955522552
12.5 2.7693306506419
15.0 3.15719481078709
17.5 3.6201601023259
20.0 4.15642459192314
22.5 4.7641863462436
25.0 5.44164343195209
27.5 6.18699391571341
30.0 6.99843586419237
32.5 7.87416734405376
35.0 8.81238642196238
37.5 9.81129116458305
40.0 10.8690796385806
42.5 11.9839499106197
45.0 13.1541000473653
47.5 14.3777281154821
50.0 15.653032181635
52.5 16.9782103124888
55.0 18.3514605747082
57.5 19.770981034958
60.0 21.2349697599032
2.5 1.97814156416056
5.0 1.99187873119684
7.5 2.08193645296924
10.0 2.24619297343661
12.5 2.48252653655777
15.0 2.78881538629156
17.5 3.16293776659682
20.0 3.60277192143238
22.5 4.10619609475709
25.0 4.67108853052977
27.5 5.29532747270925
30.0 5.97679116525439
32.5 6.71335785212401
35.0 7.50290577727694
37.5 8.34331318467203
40.0 9.23245831826811
42.5 10.168219422024
45.0 11.1484747398986
47.5 12.1711025158507
50.0 13.233980993839
52.5 14.3349884178226
55.0 15.4720030317602
57.5 16.6429030796106
60.0 17.8455668053327
2.5 1.86162204526068
5.0 1.84162842316521
7.5 1.88513014344028
10.0 1.9906487541173
12.5 2.15670580322767
15.0 2.38182283880281
17.5 2.66452140887413
20.0 3.00332306147302
22.5 3.39674934463092
25.0 3.84332180637921
27.5 4.34156199474932
30.0 4.88999145777264
32.5 5.4871317434806
35.0 6.1315043999046
37.5 6.82163097507604
40.0 7.55603301702635
42.5 8.33323207378692
45.0 9.15174969338916
47.5 10.0101074238645
50.0 10.9068268132443
52.5 11.8404294095601
55.0 12.8094367608431
57.5 13.8123704151249
60.0 14.8477519204368
2.5 1.60892373040355
5.0 1.51902408632897
7.5 1.48737874126063
10.0 1.51235135295912
12.5 1.592305579185
15.0 1.72560507769885
17.5 1.91061350626124
20.0 2.14569452263274
22.5 2.42921178457393
25.0 2.75952894984538
27.5 3.13500967620767
30.0 3.55401762142137
32.5 4.01491644324704
35.0 4.51606979944527
37.5 5.05584134777663
40.0 5.63259474600169
42.5 6.24469365188103
45.0 6.89050172317521
47.5 7.56838261764482
50.0 8.27669999305042
52.5 9.01381750715259
55.0 9.7780988177119
57.5 10.5679075824889
60.0 11.3816074592442
2.5 1.21752446694419
5.0 1.07774533299053
7.5 0.989981762419037
10.0 0.952665384286463
12.5 0.964227827649563
15.0 1.02310072156509
17.5 1.1277156950898
20.0 1.27650437728044
22.5 1.46789839719377
25.0 1.70032938388654
27.5 1.97222896641551
30.0 2.28202877383743
32.5 2.62816043520905
35.0 3.00905557958714
37.5 3.42314583602843
40.0 3.86886283358969
42.5 4.34463820132767
45.0 4.84890356829912
47.5 5.3800905635608
50.0 5.93663081616946
52.5 6.51695595518186
55.0 7.11949760965474
57.5 7.74268740864487
60.0 8.38495698120899
2.5 0.8038859895689
5.0 0.688744137486693
7.5 0.608284169575072
10.0 0.561922245919495
12.5 0.549074526605422
15.0 0.569157171718311
17.5 0.621586341343624
20.0 0.705778195566817
22.5 0.821148894473352
25.0 0.967114598148686
27.5 1.14309146667828
30.0 1.34849566014759
32.5 1.58274333864208
35.0 1.84525066224721
37.5 2.13543379104843
40.0 2.45270888513121
42.5 2.796492104581
45.0 3.16619960948327
47.5 3.56124755992347
50.0 3.98105211598707
52.5 4.42502943775951
55.0 4.89259568532627
57.5 5.38316701877279
60.0 5.89615959818455
2.5 0.401607254106215
5.0 0.248346468150836
7.5 0.127862177812838
10.0 0.0395453310075845
12.5 -0.0172131243495624
15.0 -0.0430222403432388
17.5 -0.0384910690580817
20.0 -0.00422866257872814
22.5 0.0591559270101854
25.0 0.151053647624022
27.5 0.270855447178145
30.0 0.417952273587917
32.5 0.591735074768702
35.0 0.791594798635864
37.5 1.01692239310476
40.0 1.26710880609077
42.5 1.54154498550923
45.0 1.83962187927553
47.5 2.16073043530502
50.0 2.50426160151306
52.5 2.86960632581502
55.0 3.25615555612627
57.5 3.66330024036216
60.0 4.09043132643805
2.5 0.0330314016986391
5.0 -0.127529764778552
7.5 -0.256788862008049
10.0 -0.355373492082123
12.5 -0.423911257093047
15.0 -0.463029759133093
17.5 -0.473356600294536
20.0 -0.455519382669646
22.5 -0.410145708350697
25.0 -0.337863179429961
27.5 -0.239299397999711
30.0 -0.115081966152219
32.5 0.0341615140202405
35.0 0.207803440425397
37.5 0.405216210970976
40.0 0.625772223564708
42.5 0.868843876114317
45.0 1.13380356652753
47.5 1.42002369271208
50.0 1.72687665257569
52.5 2.05373484402608
55.0 2.39997066497099
57.5 2.76495651331815
60.0 3.14806478697527
2.5 -0.394244419343449
5.0 -0.511120129411464
7.5 -0.603632889053984
10.0 -0.672085616788006
12.5 -0.716781231130523
15.0 -0.738022650598532
17.5 -0.736112793709027
20.0 -0.711354578979005
22.5 -0.66405092492546
25.0 -0.594504750065387
27.5 -0.503018972915781
30.0 -0.389896511993638
32.5 -0.255440285815953
35.0 -0.0999532128997214
37.5 0.0762617882380617
40.0 0.272901799080401
42.5 0.489663901110302
45.0 0.726245175810769
47.5 0.982342704664806
50.0 1.25765356915542
52.5 1.55187485076561
55.0 1.86470363097839
57.5 2.19583699127676
60.0 2.54497201314372
2.5 -0.600255087755287
5.0 -0.701913377542196
7.5 -0.77988315651107
10.0 -0.834472637115193
12.5 -0.86599003180785
15.0 -0.874743553042323
17.5 -0.861041413271897
20.0 -0.825191824949855
22.5 -0.767503000529482
25.0 -0.68828315246406
27.5 -0.587840493206874
30.0 -0.466483235211209
32.5 -0.324519590930347
35.0 -0.162257772817573
37.5 0.0199940066738304
40.0 0.221927535090578
42.5 0.443234599979387
45.0 0.683606988886973
47.5 0.942736489360054
50.0 1.22031488894534
52.5 1.51603397518956
55.0 1.82958553563941
57.5 2.16066135784163
60.0 2.50895322934292
2.5 -0.942392819350955
5.0 -1.01171620429326
7.5 -1.05388764433468
10.0 -1.06960656301947
12.5 -1.0595723838919
15.0 -1.02448453049621
17.5 -0.965042426376684
20.0 -0.881945495077567
22.5 -0.77589316014312
25.0 -0.647584845117605
27.5 -0.49771997354528
30.0 -0.326997968970404
32.5 -0.136118254937239
35.0 0.0742197450099575
37.5 0.303316607326926
40.0 0.550472908469405
42.5 0.814989224893137
45.0 1.09616613305386
47.5 1.39330420940732
50.0 1.70570403040925
52.5 2.03266617251539
55.0 2.3734912121815
57.5 2.72747972586329
60.0 3.09393229001652
2.5 -1.03326261364067
5.0 -1.03375408714569
7.5 -1.00962727676856
10.0 -0.961581614489208
12.5 -0.890316532287576
15.0 -0.796531462143589
17.5 -0.680925836037178
20.0 -0.544199085948274
22.5 -0.387050643856809
25.0 -0.210179941742713
27.5 -0.0142864115859161
30.0 0.19993051463365
32.5 0.431771404936054
35.0 0.680536827341365
37.5 0.945527349869653
40.0 1.22604354054099
42.5 1.52138596737544
45.0 1.83085519839307
47.5 2.15375180161395
50.0 2.48937634505816
52.5 2.83702939674576
55.0 3.19601152469682
57.5 3.56562329693141
60.0 3.94516528146959
2.5 -0.807862348097581
5.0 -0.774087829248631
7.5 -0.714997851759362
10.0 -0.631410645598771
12.5 -0.524144440735857
15.0 -0.394017467139619
17.5 -0.241847954779057
20.0 -0.0684541336231679
22.5 0.125345766359049
25.0 0.338733515198594
27.5 0.570890882926469
30.0 0.820999639573675
32.5 1.08824155517121
35.0 1.37179839975009
37.5 1.67085194334129
40.0 1.98458395597583
42.5 2.31217620768471
45.0 2.65281046849893
47.5 3.00566850844949
50.0 3.36993209756739
52.5 3.74478300588363
55.0 4.12940300342921
57.5 4.52297386023514
60.0 4.92467734633242
2.5 -0.631762463230241
5.0 -0.543984513026331
7.5 -0.433366713529139
10.0 -0.300724886289551
12.5 -0.146874852858453
15.0 0.0273675652132698
17.5 0.221186546374732
20.0 0.433766269075047
22.5 0.66429091176333
25.0 0.911944652888694
27.5 1.17591167090026
30.0 1.45537614424713
32.5 1.74952225137842
35.0 2.05753417074326
37.5 2.37859608079075
40.0 2.71189215997
42.5 3.05660658673014
45.0 3.41192353952028
47.5 3.77702719678952
50.0 4.15110173698699
52.5 4.5333313385618
55.0 4.92290017996307
57.5 5.3189924396399
60.0 5.72079229604141
2.5 -0.40437395898343
5.0 -0.284731620035175
7.5 -0.144181867086375
10.0 0.0164618139117344
12.5 0.196385937007917
15.0 0.394777016250937
17.5 0.61082156568956
20.0 0.84370609937255
22.5 1.09261713134867
25.0 1.35674117566669
27.5 1.63526474637536
30.0 1.92737435752347
32.5 2.23225652315976
35.0 2.549097757333
37.5 2.87708457409196
40.0 3.21540348748541
42.5 3.5632410115621
45.0 3.9197836603708
47.5 4.28421794796028
50.0 4.6557303883793
52.5 5.03350749567662
55.0 5.41673578390101
57.5 5.80460176710123
60.0 6.19629195932606
2.5 0.00915847266686409
5.0 0.154617848436934
7.5 0.318219059217435
10.0 0.499152735186178
12.5 0.696609506520969
15.0 0.909780003399616
17.5 1.13785485599993
20.0 1.38002469449971
22.5 1.63548014907678
25.0 1.90341184990893
27.5 2.18301042717399
30.0 2.47346651104974
32.5 2.77397073171401
35.0 3.0837137193446
37.5 3.40188610411932
40.0 3.72767851621598
42.5 4.06028158581238
45.0 4.39888594308633
47.5 4.74268221821565
50.0 5.09086104137814
52.5 5.4426130427516
55.0 5.79712885251385
57.5 6.15359910084269
60.0 6.51121441791593
2.5 0.415636880943553
5.0 0.628495692241595
7.5 0.845460026198533
10.0 1.06646956437995
12.5 1.29146398835141
15.0 1.52038297967851
17.5 1.75316621992683
20.0 1.98975339066193
22.5 2.23008417344939
25.0 2.47409824985481
27.5 2.72173530144375
30.0 2.9729350097818
32.5 3.22763705643453
35.0 3.48578112296752
37.5 3.74730689094635
40.0 4.0121540419366
42.5 4.28026225750385
45.0 4.55157121921368
47.5 4.82602060863166
50.0 5.10355010732337
52.5 5.3840993968544
55.0 5.66760815879031
57.5 5.9540160746967
60.0 6.24326282613914
2.5 0.906361821041739
5.0 1.07581226263645
7.5 1.24918440465583
10.0 1.42641826941194
12.5 1.60745387921681
15.0 1.7922312563825
17.5 1.98069042322105
20.0 2.17277140204451
22.5 2.36841421516492
25.0 2.56755888489432
27.5 2.77014543354477
30.0 2.97611388342831
32.5 3.18540425685699
35.0 3.39795657614285
37.5 3.61371086359793
40.0 3.83260714153429
42.5 4.05458543226397
45.0 4.27958575809901
47.5 4.50754814135146
50.0 4.73841260433337
52.5 4.97211916935679
55.0 5.20860785873375
57.5 5.44781869477631
60.0 5.68969169979651
2.5 1.23103103535952
5.0 1.35573772894339
7.5 1.48420907432449
10.0 1.61638532106849
12.5 1.75220671874108
15.0 1.89161351690795
17.5 2.03454596513478
20.0 2.18094431298725
22.5 2.33074881003105
25.0 2.48389970583185
27.5 2.64033724995535
30.0 2.80000169196722
32.5 2.96283328143315
35.0 3.12877226791883
37.5 3.29775890098993
40.0 3.46973343021215
42.5 3.64463610515116
45.0 3.82240717537264
47.5 4.00298689044229
50.0 4.18631549992579
52.5 4.37233325338881
55.0 4.56098040039704
57.5 4.75219719051617
60.0 4.94592387331188
2.5 1.50158001210587
5.0 1.6311558129733
7.5 1.75276592520988
10.0 1.86707379807291
12.5 1.9747428808197
15.0 2.07643662270757
17.5 2.17281847299384
20.0 2.26455188093582
22.5 2.35230029579082
25.0 2.43672716681616
27.5 2.51849594326916
30.0 2.59827007440712
32.5 2.67671300948736
35.0 2.75448819776719
37.5 2.83225908850394
40.0 2.91068913095491
42.5 2.99044177437741
45.0 3.07218046802877
47.5 3.1565686611663
50.0 3.24426980304731
52.5 3.33594734292911
55.0 3.43226473006902
57.5 3.53388541372435
60.0 3.64147284315243
2.5 1.73390726118717
5.0 1.77581614993185
7.5 1.81158508239014
10.0 1.8418731986586
12.5 1.86733963883382
15.0 1.88864354301234
17.5 1.90644405129075
20.0 1.92140030376561
22.5 1.93417144053349
25.0 1.94541660169097
27.5 1.9557949273346
30.0 1.96596555756096
32.5 1.97658763246663
35.0 1.98832029214816
37.5 2.00182267670212
40.0 2.01775392622509
42.5 2.03677318081364
45.0 2.05953958056433
47.5 2.08671226557374
50.0 2.11895037593842
52.5 2.15691305175496
55.0 2.20125943311992
57.5 2.25264866012987
60.0 2.31173987288137
2.5 1.74791473040634
5.0 1.70974286587582
7.5 1.66723219332744
10.0 1.62103954648242
12.5 1.57182175906202
15.0 1.52023566478747
17.5 1.46693809738003
20.0 1.41258589056093
22.5 1.35783587805142
25.0 1.30334489357274
27.5 1.24976977084613
30.0 1.19776734359283
32.5 1.1479944455341
35.0 1.10110791039117
37.5 1.05776457188528
40.0 1.01862126373768
42.5 0.984334819669616
45.0 0.955562073402323
47.5 0.932959858657047
50.0 0.917185009155032
52.5 0.90889435861752
55.0 0.908744740765755
57.5 0.917392989320979
60.0 0.935495938004436
2.5 1.53293663678588
5.0 1.41783491337402
7.5 1.30041063572783
10.0 1.18132011349967
12.5 1.06121965634187
15.0 0.940765573906792
17.5 0.82061417584678
20.0 0.701421771814184
22.5 0.583844671461353
25.0 0.468539184440637
27.5 0.356161620404383
30.0 0.247368289004942
32.5 0.142815499894662
35.0 0.0431595627258929
37.5 -0.050943212849017
40.0 -0.138836517177719
42.5 -0.219864040607862
45.0 -0.2933694734871
47.5 -0.358696506163082
50.0 -0.415188828983459
52.5 -0.462190132295882
55.0 -0.499044106448003
57.5 -0.525094441787472
60.0 -0.53968482866194
2.5 1.22842538491628
5.0 1.10978707940883
7.5 0.979899415426712
10.0 0.840202167548624
12.5 0.69213511035328
15.0 0.537138018419391
17.5 0.376650666325667
20.0 0.212112828650819
22.5 0.0449642799735572
25.0 -0.123355205127407
27.5 -0.291405852073364
30.0 -0.457747886285603
32.5 -0.620941533185414
35.0 -0.779547018194085
37.5 -0.932124566732906
40.0 -1.07723440422317
42.5 -1.21343675608616
45.0 -1.33929184774317
47.5 -1.45335990461548
50.0 -1.5542011521244
52.5 -1.6403758156912
55.0 -1.71044412073717
57.5 -1.76296629268362
60.0 -1.79650255695182
2.5 0.760071466386967
5.0 0.570913257711556
7.5 0.375504483051858
10.0 0.175281772604773
12.5 -0.0283182434327966
15.0 -0.23385893486395
17.5 -0.439903671491786
20.0 -0.645015823119403
22.5 -0.847758759549901
25.0 -1.04669585058638
27.5 -1.24039046603193
30.0 -1.42740597568966
32.5 -1.60630574936266
35.0 -1.77565315685404
37.5 -1.93401156796689
40.0 -2.07994435250432
42.5 -2.21201488026941
45.0 -2.32878652106527
47.5 -2.428822644695
50.0 -2.51068662096169
52.5 -2.57294181966845
55.0 -2.61415161061838
57.5 -2.63287936361456
60.0 -2.62768844846011
2.5 0.140655660271174
5.0 0.0118470427559649
7.5 -0.133577597525834
10.0 -0.293295752309198
12.5 -0.4649849133291
15.0 -0.646322572320517
17.5 -0.834986221018422
20.0 -1.02865335115779
22.5 -1.2250014544736
25.0 -1.42170802270082
27.5 -1.61645054757443
30.0 -1.80690652082939
32.5 -1.9907534342007
35.0 -2.16566877942332
37.5 -2.32933004823222
40.0 -2.47941473236239
42.5 -2.61360032354879
45.0 -2.7295643135264
47.5 -2.8249841940302
50.0 -2.89753745679516
52.5 -2.94490159355625
55.0 -2.96475409604845
57.5 -2.95477245600674
60.0 -2.91263416516608
2.5 -0.253557689929891
5.0 -0.425588219071442
7.5 -0.60698367734773
10.0 -0.795421271014522
12.5 -0.988578206327587
15.0 -1.18413168954269
17.5 -1.37975892691561
20.0 -1.57313712470211
22.5 -1.76194348915795
25.0 -1.94385522653892
27.5 -2.11654954310076
30.0 -2.27770364509927
32.5 -2.42499473879019
35.0 -2.55610003042931
37.5 -2.66869672627238
40.0 -2.76046203257519
42.5 -2.82907315559349
45.0 -2.87220730158306
47.5 -2.88754167679966
50.0 -2.87275348749907
52.5 -2.82551993993705
55.0 -2.74351824036937
57.5 -2.6244255950518
60.0 -2.46591921024011
2.5 -0.739035928545457
5.0 -0.91718292369235
7.5 -1.09744972480962
10.0 -1.27750877566453
12.5 -1.45503252002434
15.0 -1.62769340165632
17.5 -1.79316386432774
20.0 -1.94911635180585
22.5 -2.09322330785792
25.0 -2.22315717625122
27.5 -2.336590400753
30.0 -2.43119542513054
32.5 -2.5046446931511
35.0 -2.55461064858194
37.5 -2.57876573519033
40.0 -2.57478239674352
42.5 -2.5403330770088
45.0 -2.47309021975341
47.5 -2.37072626874462
50.0 -2.2309136677497
52.5 -2.05132486053591
55.0 -1.82963229087052
57.5 -1.56350840252079
60.0 -1.25062563925399
2.5 -1.20990993164063
5.0 -1.35991779505889
7.5 -1.50475769957929
10.0 -1.6420928517831
12.5 -1.7695864582516
15.0 -1.88490172556606
17.5 -1.98570186030775
20.0 -2.06965006905794
22.5 -2.1344095583979
25.0 -2.17764353490892
27.5 -2.19701520517225
30.0 -2.19018777576917
32.5 -2.15482445328095
35.0 -2.08858844428887
37.5 -1.98914295537419
40.0 -1.85415119311819
42.5 -1.68127636410214
45.0 -1.46818167490732
47.5 -1.21253033211499
50.0 -0.911985542306422
52.5 -0.564210512062895
55.0 -0.166868447965677
57.5 0.282377443403958
60.0 0.78586395546474
2.5 -1.1662533071657
5.0 -1.21354743832364
7.5 -1.27655705659255
10.0 -1.34984239230103
12.5 -1.42796367577765
15.0 -1.50548113735102
17.5 -1.57695500734973
20.0 -1.63694551610237
22.5 -1.68001289393752
25.0 -1.70071737118379
27.5 -1.69361917816977
30.0 -1.65327854522403
32.5 -1.57425570267519
35.0 -1.45111088085182
37.5 -1.27840431008253
40.0 -1.0506962206959
42.5 -0.762546843020518
45.0 -0.408516407384986
47.5 0.0168348558821076
50.0 0.518946716452173
52.5 1.10325894399662
55.0 1.77521130818685
57.5 2.54024357869427
60.0 3.4037955251903
2.5 -1.28278817756459
5.0 -1.33030360367612
7.5 -1.37666022325067
10.0 -1.41633354427908
12.5 -1.44379907475222
15.0 -1.45353232266093
17.5 -1.44000879599606
20.0 -1.39770400274846
22.5 -1.32109345090899
25.0 -1.20465264846849
27.5 -1.04285710341783
30.0 -0.830182323747839
32.5 -0.561103817449383
35.0 -0.230097092513309
37.5 0.16836234306953
40.0 0.639798981308285
42.5 1.1897373142121
45.0 1.82370183379013
47.5 2.54721703205152
50.0 3.36580740100542
52.5 4.28499743266098
55.0 5.31031161902734
57.5 6.44727445211366
60.0 7.70141042392908
2.5 -1.37647350575397
5.0 -1.38629083184565
7.5 -1.37942274754693
10.0 -1.3502851330855
12.5 -1.29329386868899
15.0 -1.20286483458509
17.5 -1.07341391100146
20.0 -0.899356978165751
22.5 -0.675109916305635
25.0 -0.395088605648773
27.5 -0.0537089264228314
30.0 0.354613241144528
32.5 0.835462016825641
35.0 1.39442152039284
37.5 2.03707587161847
40.0 2.76900919027487
42.5 3.59580559613436
45.0 4.52304920896929
47.5 5.55632414855198
50.0 6.70121453465479
52.5 7.96330448705004
55.0 9.34817812551008
57.5 10.8614195698072
60.0 12.5086129397138
2.5 -1.35771238509692
5.0 -1.29603922226898
7.5 -1.2018243183462
10.0 -1.06945376094938
12.5 -0.893313637699297
15.0 -0.667790036216761
17.5 -0.387269044122566
20.0 -0.0461367490375083
22.5 0.361220761417617
25.0 0.840417399622012
27.5 1.39706707795488
30.0 2.03678370879543
32.5 2.76518120452286
35.0 3.58787347751638
37.5 4.51047444015518
40.0 5.53859800481848
42.5 6.67785808388547
45.0 7.93386858973537
47.5 9.31224343474737
50.0 10.8185965313007
52.5 12.4585417917745
55.0 14.237693128548
57.5 16.1616644540005
60.0 18.2360696805111
2.5 -0.437642645851887
5.0 -0.265588366745724
7.5 -0.0830798307573594
10.0 0.125874658553712
12.5 0.377266797627995
15.0 0.687088282905994
17.5 1.07133081082821
20.0 1.54598607783516
22.5 2.12704578036734
25.0 2.83050161486525
27.5 3.6723452777694
30.0 4.6685684655203
32.5 5.83516287455845
35.0 7.18812020132436
37.5 8.74343214225852
40.0 10.5170903938015
42.5 12.5250866523937
45.0 14.7834126144756
47.5 17.3080599764879
50.0 20.1150204348709
52.5 23.2202856860652
55.0 26.6398474265114
57.5 30.3896973526498
60.0 34.485827160921
2.5 0.774469050452697
5.0 1.57756821036313
7.5 2.09850334613416
10.0 2.41280513050686
12.5 2.59600423622227
15.0 2.72363133602147
17.5 2.8712171026455
20.0 3.11429220883543
22.5 3.52838732733232
25.0 4.18903313087721
27.5 5.17176029221118
30.0 6.55209948407527
32.5 8.40558137921055
35.0 10.8077366503581
37.5 13.8340959702589
40.0 17.5601900116541
42.5 22.0615494472847
45.0 27.4137049498918
47.5 33.6921871922164
50.0 40.9725268469996
52.5 49.3302545869825
55.0 58.8409010849061
57.5 69.5799970135114
60.0 81.6230730455395
2.5 1.89203728419577
5.0 1.92291221593418
7.5 2.03710237885267
10.0 2.29175284180591
12.5 2.74400867364861
15.0 3.45101494323543
17.5 4.46991671942107
20.0 5.85785907106021
22.5 7.67198706700753
25.0 9.96944577611772
27.5 12.8073802672455
30.0 16.2429356092454
32.5 20.3332568709723
35.0 25.1354891212809
37.5 30.7067774290257
40.0 37.1042668630614
42.5 44.3851024922429
45.0 52.6064293854246
47.5 61.8253926114615
50.0 72.099137239208
52.5 83.4848083375189
55.0 96.0395509752489
57.5 109.820510221253
60.0 124.884831144385
2.5 2.61746835098963
5.0 2.9410795883252
7.5 3.23206639795607
10.0 3.62430000784397
12.5 4.25165164595065
15.0 5.24799254023786
17.5 6.74719391866732
20.0 8.8831270092008
22.5 11.7896630398
25.0 15.6006732384267
27.5 20.4500288330427
30.0 26.4716010516096
32.5 33.7992611220893
35.0 42.5668802724434
37.5 52.9083297306337
40.0 64.957480724622
42.5 78.84820448237
45.0 94.7143722318394
47.5 112.689855200992
50.0 132.90852461779
52.5 155.504251710194
55.0 180.610907706166
57.5 208.362363833669
60.0 238.892491320664
2.5 4.43516774979665
5.0 4.83752354177089
7.5 5.15780147244698
10.0 5.63038344169849
12.5 6.48965134939902
15.0 7.96998709542214
17.5 10.3057725796414
20.0 13.7313897019305
22.5 18.4812203621629
25.0 24.7896464602122
27.5 32.8910498959521
30.0 43.019812569256
32.5 55.4103163799976
35.0 70.2969432280504
37.5 87.9140750132881
40.0 108.496093635584
42.5 132.277380994812
45.0 159.492318990846
47.5 190.375289523559
50.0 225.160674492825
52.5 264.082855798517
55.0 307.376215340508
57.5 355.275135018674
60.0 408.013996732886
2.5 5.00949335192186
5.0 5.74959473512551
7.5 6.59494869322479
10.0 7.68282060290588
12.5 9.15047584085493
15.0 11.1351797837581
17.5 13.7741978083016
20.0 17.2047952911715
22.5 21.5642376090539
25.0 26.9897901386352
27.5 33.6187182566014
30.0 41.5882873396386
32.5 51.0357627644331
35.0 62.098409907671
37.5 74.9134941460384
40.0 89.6182808562216
42.5 106.350035414907
45.0 125.24602319878
47.5 146.443509584527
50.0 170.079759948834
52.5 196.292039668389
55.0 225.217614119875
57.5 256.993748679981
60.0 291.757708725392
2.5 6.1943930794076
5.0 6.77431121893067
7.5 7.60559570071863
10.0 8.71015447313696
12.5 10.1098954845511
15.0 11.8267266833266
17.5 13.882556017829
20.0 16.2992914364236
22.5 19.098840887476
25.0 22.3031123193516
27.5 25.934013680416
30.0 30.0134529190346
32.5 34.563337983573
35.0 39.6055768223965
37.5 45.1620773838707
40.0 51.254747616361
42.5 57.9054954682329
45.0 65.136228887852
47.5 72.9688558235837
50.0 81.4252842237934
52.5 90.5274220368467
55.0 100.297177211109
57.5 110.756457694946
60.0 121.927171436723
2.5 9.43360715890959
5.0 9.18826803746107
7.5 9.13987153884501
10.0 9.27830187073318
12.5 9.59344324079735
15.0 10.0751798567093
17.5 10.7133959261408
20.0 11.4979756567636
22.5 12.4188032562495
25.0 13.4657629322703
27.5 14.6287388924978
30.0 15.8976153446036
32.5 17.2622764962597
35.0 18.7126065551377
37.5 20.2384897289095
40.0 21.8298102252467
42.5 23.4764522518213
45.0 25.1683000163049
47.5 26.8952377263694
50.0 28.6471495896865
52.5 30.4139198139279
55.0 32.1854326067656
57.5 33.9515721758711
60.0 35.7022227289164
2.5 12.4195554188505
5.0 11.3897390030434
7.5 10.5731894344267
10.0 9.95517725890348
12.5 9.52097302237635
15.0 9.25584727074819
17.5 9.14507054992181
20.0 9.17391340580001
22.5 9.32764638428561
25.0 9.59154003128143
27.5 9.95086489269026
30.0 10.3908915144149
32.5 10.8968904423583
35.0 11.454132222423
37.5 12.0478874005121
40.0 12.6634265225282
42.5 13.2860201343743
45.0 13.900938781953
47.5 14.4934530111673
50.0 15.0488333679199
52.5 15.5523503981137
55.0 15.9892746476514
57.5 16.3448766624359
60.0 16.6044269883699
2.5 15.7202731611547
5.0 13.595326012182
7.5 11.7781207273307
10.0 10.2430003900348
12.5 8.96430808372824
15.0 7.91638689184485
17.5 7.07357989781856
20.0 6.41023018508328
22.5 5.90068083707291
25.0 5.51927493722135
27.5 5.24035556896251
30.0 5.0382658157303
32.5 4.8873487609586
35.0 4.76194748808134
37.5 4.63640508053242
40.0 4.48506462174573
42.5 4.28226919515518
45.0 4.00236188419468
47.5 3.61968577229813
50.0 3.10858394289944
52.5 2.44339947943251
55.0 1.59847546533123
57.5 0.54815498402953
60.0 -0.733218881038695
2.5 31.7448902974565
5.0 24.4915115440752
7.5 18.320898706588
10.0 13.1301598549456
12.5 8.81640305909863
15.0 5.27673638899768
17.5 2.40826791459338
20.0 0.108105705836362
22.5 -1.72664216732274
25.0 -3.19886763493332
27.5 -4.41146262704476
30.0 -5.4673190737064
32.5 -6.46932890496766
35.0 -7.52038405087789
37.5 -8.72337644148646
40.0 -10.1811980068428
42.5 -11.9967406769961
45.0 -14.272896381996
47.5 -17.1125570518918
50.0 -20.6186146167327
52.5 -24.8939610065682
55.0 -30.0414881514478
57.5 -36.1640879814207
60.0 -43.3646524265363
2.5 64.1600239710799
5.0 47.6048134075152
7.5 33.8251184053368
10.0 22.5434909306636
12.5 13.4824829496143
15.0 6.36464642830768
17.5 0.91253333286256
20.0 -3.15130437060228
22.5 -6.10431471596805
25.0 -8.22394573711599
27.5 -9.78764546792721
30.0 -11.072861942283
32.5 -12.3570431940646
35.0 -13.9176372571532
37.5 -16.03209216543
40.0 -18.9778559527761
42.5 -23.032376653073
45.0 -28.4731023002016
47.5 -35.5774809280433
50.0 -44.6229605704792
52.5 -55.8869892613906
55.0 -69.6470150346586
57.5 -86.1804859241646
60.0 -105.76484996379
2.5 64.0133256241695
5.0 48.0057292136552
7.5 34.6132490320056
10.0 23.5812420148158
12.5 14.6550650976805
15.0 7.58007521619457
17.5 2.10162930595297
20.0 -2.03491569744943
22.5 -5.08420285841781
25.0 -7.30087524135725
27.5 -8.93957591067291
30.0 -10.2549479307699
32.5 -11.5016343660532
35.0 -12.9342782809282
37.5 -14.8075227397998
40.0 -17.3760108070732
42.5 -20.8943855471535
45.0 -25.6172900244459
47.5 -31.7993673033554
50.0 -39.6952604482872
52.5 -49.5596125236465
55.0 -61.6470665938382
57.5 -76.2122657232676
60.0 -93.5098529763399
2.5 63.0158278612024
5.0 47.4313874054974
7.5 34.3681589685806
10.0 23.5827779377184
12.5 14.8318797001775
15.0 7.87209964322429
17.5 2.46007315412524
20.0 -1.64756437985308
22.5 -4.69417757144426
25.0 -6.9231310333817
27.5 -8.577789378399
30.0 -9.90151721922952
32.5 -11.137679168607
35.0 -12.5296398392647
37.5 -14.3207638439362
40.0 -16.754415795355
42.5 -20.0739603062548
45.0 -24.5227619893687
47.5 -30.3441854574305
50.0 -37.7815953231737
52.5 -47.0783561993316
55.0 -58.4778326986381
57.5 -72.2233894338261
60.0 -88.5583910176296
2.5 64.062494306577
5.0 48.0526690249535
7.5 34.657063063243
10.0 23.6212614656311
12.5 14.6908492763038
15.0 7.61141153944657
17.5 2.12853329924528
20.0 -2.01220040011434
22.5 -5.06520451444656
25.0 -7.28489399956567
27.5 -8.92568381128589
30.0 -10.2419889054216
32.5 -11.4882242377868
35.0 -12.9188047641961
37.5 -14.7881454404635
40.0 -17.3506612224034
42.5 -20.8607670658299
45.0 -25.5728779265575
47.5 -31.7414087604002
50.0 -39.6207745231726
52.5 -49.4653901706886
55.0 -61.5296706587627
57.5 -76.0680309432091
60.0 -93.3348859798421
2.5 66.0516069067301
5.0 49.2047100170911
7.5 35.1595711912502
10.0 23.6390352794668
12.5 14.3659471320003
15.0 7.06315159911016
17.5 1.45349353105581
20.0 -2.74018222190331
22.5 -5.79503080950776
25.0 -7.98820738149813
27.5 -9.59686708761496
30.0 -10.8981650775988
32.5 -12.1692565011902
35.0 -13.6872965081298
37.5 -15.7294402481581
40.0 -18.5728428710156
42.5 -22.494659526443
45.0 -27.7720453641808
47.5 -34.6821555339696
50.0 -43.5021451855499
52.5 -54.5091694686623
55.0 -67.9803835330475
57.5 -84.1929425284458
60.0 -103.424001604598
2.5 70.5308954645936
5.0 51.7743608541443
7.5 36.2601475252161
10.0 23.6561887338536
12.5 13.6304177361014
15.0 5.85076778800411
17.5 -0.0148278543937828
20.0 -4.29843593504765
22.5 -7.33212319791292
25.0 -9.44795638694497
27.5 -10.9780022460993
30.0 -12.2543275193312
32.5 -13.6089989505962
35.0 -15.3740832838496
37.5 -17.881647263047
40.0 -21.4637576321437
42.5 -26.4524811350951
45.0 -33.1798845158567
47.5 -41.9780345183838
50.0 -53.1789978866318
52.5 -67.1148413645564
55.0 -84.1176316961125
57.5 -104.519435625256
60.0 -128.652319895942
2.5 36.4356356795537
5.0 28.3510148267118
7.5 21.0739848560326
10.0 14.5533232367948
12.5 8.73780743827693
15.0 3.57621492975775
17.5 -0.982676819484124
20.0 -4.99009034017004
22.5 -8.49724816302138
25.0 -11.5553728187594
27.5 -14.2156868381056
30.0 -16.5294127517813
32.5 -18.5477730905077
35.0 -20.3219903850063
37.5 -21.9032871659984
40.0 -23.3428859642054
42.5 -24.6920093103486
45.0 -26.0018797351494
47.5 -27.323719769329
50.0 -28.708751943609
52.5 -30.2081987887106
55.0 -31.8732828353552
57.5 -33.755226614264
60.0 -35.9052526561586
2.5 35.2834722981628
5.0 27.3588856049133
7.5 20.2262563575536
10.0 13.8351726742372
12.5 8.13522267311753
15.0 3.07599447234804
17.5 -1.39292380991779
20.0 -5.32194405552647
22.5 -8.76147814632458
25.0 -11.7619379641586
27.5 -14.3737353908751
30.0 -16.6472823083206
32.5 -18.6329905983416
35.0 -20.3812721427847
37.5 -21.9425388234964
40.0 -23.3672025223233
42.5 -24.7056751211117
45.0 -26.0083685017085
47.5 -27.3256945459599
50.0 -28.7080651357126
52.5 -30.2058921528131
55.0 -31.8695874791079
57.5 -33.7495629964436
60.0 -35.8962305866667
2.5 35.1102599142152
5.0 27.2352820877077
7.5 20.1456174153246
10.0 13.791358567612
12.5 8.12259821511563
15.0 3.08942902838157
17.5 -1.35805632204428
20.0 -5.26976516561601
22.5 -8.69560483178764
25.0 -11.6854826500133
27.5 -14.2893059497469
30.0 -16.5569820604427
32.5 -18.5384183115547
35.0 -20.2835220325369
37.5 -21.8422005528434
40.0 -23.2643612019283
42.5 -24.5999113092456
45.0 -25.8987582042494
47.5 -27.2108092163937
50.0 -28.5859716751327
52.5 -30.0741529099204
55.0 -31.7252602502108
57.5 -33.589201025458
60.0 -35.7158825651161
2.5 35.0094550453729
5.0 27.1628661636455
7.5 20.0978105020065
10.0 13.7646664872084
12.5 8.1138125460038
15.0 3.09562710514544
17.5 -1.33951140861408
20.0 -5.24122456852212
22.5 -8.65913394782606
25.0 -11.6428611197732
27.5 -14.242027657611
30.0 -16.5062551345867
32.5 -18.4851651239478
35.0 -20.2283791989416
37.5 -21.7855189328154
40.0 -23.2062058988166
42.5 -24.5400616701926
45.0 -25.8367078201908
47.5 -27.1457659220584
50.0 -28.5168575490429
52.5 -29.9996042743915
55.0 -31.6436276713518
57.5 -33.498549313171
60.0 -35.6139907730965
2.5 34.9000724847295
5.0 27.0844547147018
7.5 20.0462477388723
10.0 13.7361416815829
12.5 8.10482666717579
15.0 3.10299281999288
17.5 -1.3186697356238
20.0 -5.20947087533226
22.5 -8.61872047479049
25.0 -11.5957284096565
27.5 -14.1898045555882
30.0 -16.4502587882436
32.5 -18.4264009832808
35.0 -20.1675410163577
37.5 -21.7229887631324
40.0 -23.1420540992627
42.5 -24.4740469004068
45.0 -25.7682770422225
47.5 -27.0740544003679
50.0 -28.440688850501
52.5 -29.9174902682797
55.0 -31.5537685293622
57.5 -33.3988335094062
60.0 -35.50199508407
2.5 34.8350887799706
5.0 27.037750617972
7.5 20.0153958439146
10.0 13.7188978150421
12.5 8.09912988859777
15.0 3.10696542182516
17.5 -1.30672222803231
20.0 -5.19105970373114
22.5 -8.59517364802791
25.0 -11.5681907036791
27.5 -14.1592375134413
30.0 -16.4174407200711
32.5 -18.3919269663249
35.0 -20.1318228949594
37.5 -21.6862551487309
40.0 -23.1043503703962
42.5 -24.4352352027117
45.0 -25.728036288434
47.5 -27.0318802703196
50.0 -28.3958937911251
52.5 -29.8692034936069
55.0 -31.5009360205216
57.5 -33.3402180146258
60.0 -35.4361761186761
2.5 34.7633677593308
5.0 26.9863560131076
7.5 19.9816281534024
10.0 13.7002613874807
12.5 8.09333292260829
15.0 3.1119199660508
17.5 -1.29290027492608
20.0 -5.17005059305667
22.5 -8.56845378107532
25.0 -11.5370326317163
27.5 -14.124709937714
30.0 -16.3804084918027
32.5 -18.3530510867167
35.0 -20.0915605151904
37.5 -21.6448595699581
40.0 -23.0618710437541
42.5 -24.3915177293127
45.0 -25.6827224193683
47.5 -26.9844079066551
50.0 -28.3454969839075
52.5 -29.8149124438599
55.0 -31.4415770792465
57.5 -33.2744136828016
60.0 -35.3623450472597
2.5 34.6863231911764
5.0 26.9310530860103
7.5 19.9451847987771
10.0 13.680012892545
12.5 8.08683193038239
15.0 3.11693647535746
17.5 -1.27837890946149
20.0 -5.1478196610062
22.5 -8.54009121620839
25.0 -11.5038990119998
27.5 -14.0879484853121
30.0 -16.3409450730771
32.5 -18.3115942122266
35.0 -20.0486013396921
37.5 -21.6006718924055
40.0 -23.0165113072985
42.5 -24.3448250213028
45.0 -25.6343184713501
47.5 -26.9336970943722
50.0 -28.2916663273008
52.5 -29.7569316070677
55.0 -31.3781983706045
57.5 -33.204172054843
60.0 -35.2835580967149
2.5 34.5992460214018
5.0 26.8685839752487
7.5 19.9040650578949
10.0 13.6572294609776
12.5 8.07961737613389
15.0 3.12276899500078
17.5 -1.26177549078459
20.0 -5.12247588958514
22.5 -8.50779200976377
25.0 -11.4661836596834
27.5 -14.0461106477069
30.0 -16.2960327821973
32.5 -18.2644098715173
35.0 -19.9997017240299
37.5 -21.5503681480981
40.0 -22.9648689520847
42.5 -24.2916639443527
45.0 -25.5792129332649
47.5 -26.8759757271843
50.0 -28.2304121344738
52.5 -29.6909819634962
55.0 -31.3061450226144
57.5 -33.1243611201916
60.0 -35.1940900645903
2.5 34.4979835094913
5.0 26.7959410646814
7.5 19.8562575108804
10.0 13.6307580310889
12.5 8.07126780830752
15.0 3.12961202553696
17.5 -1.24238413422217
20.0 -5.09289548796919
22.5 -8.47009685270345
25.0 -11.4221630454243
27.5 -13.9972688831312
30.0 -16.2435891828233
32.5 -18.2092987615001
35.0 -19.9425724361609
37.5 -21.4915850238051
40.0 -22.904511341432
42.5 -24.2295262060409
45.0 -25.5148044346312
47.5 -26.8085208442024
50.0 -28.1588502517536
52.5 -29.6139674742843
55.0 -31.2220473287938
57.5 -33.0312646322815
60.0 -35.0897942017467
2.5 34.4222934068866
5.0 26.7416078248382
7.5 19.8204617400567
10.0 13.6108924534207
12.5 8.06493726580931
15.0 3.1346334781012
17.5 -1.22798160882471
20.0 -5.07087069408959
22.5 -8.4419964768146
25.0 -11.3893216561209
27.5 -13.9608089311296
30.0 -16.2044210009619
32.5 -18.1681205647389
35.0 -19.8998703215818
37.5 -21.4476329706118
40.0 -22.8593712109499
42.5 -24.1830477417174
45.0 -25.4666252620353
47.5 -26.7580664710249
50.0 -28.1053340678073
52.5 -29.5563907515037
55.0 -31.1591992212352
57.5 -32.9617221761229
60.0 -35.011922315288
2.5 34.3263312171214
5.0 26.6727258404237
7.5 19.7750903403962
10.0 13.5857303360297
12.5 8.05695144631466
15.0 3.1410592902418
17.5 -1.20964051319831
20.0 -5.04284234501505
22.5 -8.40624058621781
25.0 -11.347529617816
27.5 -13.914403820819
30.0 -16.1545575762362
32.5 -18.115685265077
35.0 -19.8454812683507
37.5 -21.3916399670668
40.0 -22.8018557422348
42.5 -24.1238229748638
45.0 -25.4052360459634
47.5 -26.6937893365429
50.0 -28.0371772276117
52.5 -29.4830941001793
55.0 -31.079234335255
57.5 -32.8732923138481
60.0 -34.9129624169681
2.5 34.2351956539884
5.0 26.6073341983768
7.5 19.7320534369929
10.0 13.5619135729716
12.5 8.04947480944776
15.0 3.14729734955621
17.5 -1.19205860356826
20.0 -5.01603284679081
22.5 -8.37206517697661
25.0 -11.3075953909908
27.5 -13.8700632856987
30.0 -16.1069086579654
32.5 -18.065571304656
35.0 -19.7934910226358
37.5 -21.3381076087699
40.0 -22.7468608599235
42.5 -24.0671905729617
45.0 -25.3465365447499
47.5 -26.632338572153
50.0 -27.9720364520364
52.5 -29.4130699812652
55.0 -31.0028789567045
57.5 -32.7889031752195
60.0 -34.8185824336755
2.5 34.1555420583637
5.0 26.5501394732417
7.5 19.6943657224101
10.0 13.5410025147637
12.5 8.04283155919726
15.0 3.15263456460573
17.5 -1.1768067601161
20.0 -4.99271070607336
22.5 -8.34229556437122
25.0 -11.2727796261148
27.5 -13.8313811824093
30.0 -16.0653185243598
32.5 -18.0218099430716
35.0 -19.7480737296497
37.5 -21.2913281751993
40.0 -22.6987915708256
42.5 -24.0176822076337
45.0 -25.2952183767289
47.5 -26.5786183692161
50.0 -27.9151004762006
52.5 -29.3518829887875
55.0 -30.936184198082
57.5 -32.7152223951893
60.0 -34.7362158712145
