0 0
1 0.758081044676686
1 0.788675211328232
1 0.835977040790576
1 0.899894174983296
1 0.980334255825974
1 1.07720492523819
1 1.19041382513952
1 1.31986859744955
1 1.46547688408785
1 1.62714632697401
1 1.8047845680276
1 1.99829924916821
1 2.20759801231541
1 2.43258849938879
1 2.67317835230792
1 2.92927521299239
1 3.20078672336177
1 3.48762052533564
1 3.78968426083358
1 4.10688557177518
1 4.43913210008001
1 4.78633148766765
1 5.14839137645769
1 5.52521940836969
2 0.758081044676686
2 0.788675211328232
2 0.835977040790576
2 0.899894174983296
2 0.980334255825974
2 1.07720492523819
2 1.19041382513952
2 1.31986859744955
2 1.46547688408785
2 1.62714632697401
2 1.8047845680276
2 1.99829924916821
2 2.20759801231541
2 2.43258849938879
2 2.67317835230792
2 2.92927521299239
2 3.20078672336177
2 3.48762052533564
2 3.78968426083358
2 4.10688557177518
2 4.43913210008001
2 4.78633148766765
2 5.14839137645769
2 5.52521940836969
3 0.756979942455558
3 0.786925028527165
3 0.833577257737181
3 0.896844204954821
3 0.976633445049301
3 1.07285255288984
3 1.18540910334564
3 1.31421067128593
3 1.45916483157993
3 1.62017915909684
3 1.79716122870588
3 1.99001861527626
3 2.19865889367721
3 2.42298963877794
3 2.66291842544766
3 2.91835282855559
3 3.18920042297094
3 3.47536878356293
3 3.77676548520078
3 4.09329810275369
3 4.42487421109089
3 4.77140138508159
3 5.13278719959501
3 5.50893922950035
4 0.743808718864108
4 0.76520869510113
4 0.803310250110009
4 0.858020091030411
4 0.929244925002007
4 1.01689145916446
4 1.12086640065745
4 1.24107645662063
4 1.37742833419367
4 1.52982874051625
4 1.69818438272802
4 1.88240196796867
4 2.08238820337785
4 2.29804979609523
4 2.52929345326048
4 2.77602588201328
4 3.03815378949328
4 3.31558388284015
4 3.60822286919357
4 3.91597745569321
4 4.23875434947871
4 4.57646025768977
4 4.92900188746604
4 5.2962859459472
5 0.720867243311001
5 0.728699354577093
5 0.753224561842903
5 0.794348177290975
5 0.85197551310385
5 0.926011881464071
5 1.01636259455418
5 1.12293296455672
5 1.24562830365423
5 1.38435392402926
5 1.53901513786435
5 1.70951725734204
5 1.89576559464487
5 2.09766546195539
5 2.31512217145613
5 2.54804103532964
5 2.79632736575847
5 3.05988647492515
5 3.33862367501223
5 3.63244427820225
5 3.94125359667776
5 4.26495694262128
5 4.60345962821538
5 4.95666696564258
6 0.688142902322924
6 0.677169301613189
6 0.682879471745444
6 0.705176783704905
6 0.74396460847679
6 0.799146317046314
6 0.870625280398695
6 0.958304869519149
6 1.06208845539289
6 1.18187940900514
6 1.31758110134112
6 1.46909690338603
6 1.6363301861251
6 1.81918432054355
6 2.01756267762659
6 2.23136862835943
6 2.4605055437273
6 2.7048767947154
6 2.96438575230897
6 3.23893578749321
6 3.52843027125334
6 3.83277257457457
6 4.15186606844213
6 4.48561412384124
7 0.621546180051115
7 0.573818567694757
7 0.542764729529281
7 0.528284212577466
7 0.530276563862093
7 0.548641330405943
7 0.583278059231798
7 0.634086297362437
7 0.700965591820642
7 0.783815489629194
7 0.882535537810874
7 0.997025283388462
7 1.12718427338474
7 1.27291205482249
7 1.43410817472449
7 1.61067218011352
7 1.80250361801236
7 2.0095020354438
7 2.23156697943061
7 2.46859799699558
7 2.72049463516148
7 2.9871564409511
7 3.26848296138722
7 3.56437374349262
8 0.531762600327258
8 0.437561214981905
8 0.360036291998503
8 0.299082466877092
8 0.254594375117709
8 0.226466652220394
8 0.214593933685185
8 0.218870855012122
8 0.239192051701244
8 0.27545215925259
8 0.327545813166198
8 0.395367648942107
8 0.478812302080357
8 0.577774408080987
8 0.692148602444034
8 0.821829520669538
8 0.966711798257539
8 1.12669007070807
8 1.30165897352118
8 1.49151314219691
8 1.69614721223528
8 1.91545581913635
8 2.14933359840014
8 2.39767518552671
9 0.381571488049151
9 0.215627863394921
9 0.0663986895122962
9 -0.0662291933940915
9 -0.182368945119609
9 -0.282133725459625
9 -0.365636694209506
9 -0.43299101116462
9 -0.484309836120333
9 -0.519706328872015
9 -0.539293649215032
9 -0.543184956944751
9 -0.53149341185654
9 -0.504332173745766
9 -0.461814402407798
9 -0.404053257638003
9 -0.331161899231748
9 -0.243253486984399
9 -0.140441180691326
9 -0.0228381401478952
9 0.109442474850525
9 0.256287504508568
9 0.417583789030867
9 0.593218168622054
10 0.108504971417163
10 -0.172609499320779
10 -0.436863472967954
10 -0.684383374585667
10 -0.915295629235225
10 -1.12972666197793
10 -1.32780289787509
10 -1.50965076198801
10 -1.67539667937799
10 -1.82516707510634
10 -1.95908837423436
10 -2.07728700182337
10 -2.17988938293465
10 -2.26702194262953
10 -2.3388111059693
10 -2.39538329801527
10 -2.43686494382875
10 -2.46338246847103
10 -2.47506229700343
10 -2.47203085448725
10 -2.45441456598379
10 -2.42233985655437
10 -2.37593315126027
10 -2.31532087516282
11 -0.0897374605360444
11 -0.401863013995804
11 -0.697102741190035
11 -0.975587525001567
11 -1.23744824831323
11 -1.48281579400786
11 -1.71182104496827
11 -1.92459488407731
11 -2.1212681942178
11 -2.30197185827258
11 -2.46683675912446
11 -2.61599377965629
11 -2.7495738027509
11 -2.86770771129111
11 -2.97052638815975
11 -3.05816071623965
11 -3.13074157841366
11 -3.18839985756458
11 -3.23126643657526
11 -3.25947219832853
11 -3.27314802570721
11 -3.27242480159414
11 -3.25743340887215
11 -3.22830473042406
12 -0.185570680228657
12 -0.448207472990835
12 -0.696178355895829
12 -0.929493626963327
12 -1.14816358421302
12 -1.35219852566458
12 -1.54160874933771
12 -1.7164045532521
12 -1.87659623542742
12 -2.02219409388337
12 -2.15320842663963
12 -2.26964953171589
12 -2.37152770713184
12 -2.45885325090717
12 -2.53163646106156
12 -2.5898876356147
12 -2.63361707258628
12 -2.66283506999598
12 -2.67755192586349
12 -2.67777793820849
12 -2.66352340505069
12 -2.63479862440976
12 -2.59161389430538
12 -2.53397951275726
13 -0.201619937369936
13 -0.395316004567847
13 -0.574443762479978
13 -0.739007319835045
13 -0.889010785361766
13 -1.02445826778886
13 -1.14535387584504
13 -1.25170171825903
13 -1.34350590375954
13 -1.4207705410753
13 -1.48349973893501
13 -1.53169760606741
13 -1.5653682512012
13 -1.5845157830651
13 -1.58914431038783
13 -1.57925794189811
13 -1.55486078632465
13 -1.51595695239618
13 -1.46255054884141
13 -1.39464568438906
13 -1.31224646776784
13 -1.21535700770648
13 -1.10398141293369
13 -0.978123792178193
14 -0.189187013458431
14 -0.323261320027925
14 -0.442826369504714
14 -0.54788085943748
14 -0.638423487374908
14 -0.714452950865678
14 -0.775967947458475
14 -0.822967174701982
14 -0.855449330144881
14 -0.873413111335856
14 -0.87685721582359
14 -0.865780341156764
14 -0.840181184884063
14 -0.800058444554171
14 -0.745410817715768
14 -0.676237001917539
14 -0.592535694708167
14 -0.494305593636334
14 -0.381545396250724
14 -0.254253800100019
14 -0.112429502732903
14 0.0439287983019411
14 0.214822405455831
14 0.400252621180084
15 -0.171265686383241
15 -0.248252516131186
15 -0.310762820750186
15 -0.358790220778146
15 -0.392328336752972
15 -0.41137078921257
15 -0.415911198694847
15 -0.405943185737707
15 -0.381460370879057
15 -0.342456374656802
15 -0.288924817608848
15 -0.220859320273102
15 -0.138253503187468
15 -0.0411009868898538
15 0.0706046080818361
15 0.196869661189696
15 0.337700551895818
15 0.493103659662299
15 0.663085363951232
15 0.847652044224711
15 1.04681007994483
15 1.26056585057368
15 1.48892573557337
15 1.73189611440597
16 -0.150906568665531
16 -0.186682598195995
16 -0.207990696111831
16 -0.21482093864771
16 -0.207163402038302
16 -0.185008162518277
16 -0.148345296322307
16 -0.0971648796850622
16 -0.0314569888412125
16 0.0487882999745714
16 0.143580910527619
16 0.252930766583259
16 0.376847791906822
16 0.515341910263637
16 0.668423045419034
16 0.836101121138341
16 1.01838606118689
16 1.21528778933001
16 1.42681622933302
16 1.65298130496127
16 1.89379293998007
16 2.14926105815477
16 2.41939558325067
16 2.70420643903313
17 -0.123032195080135
17 -0.119557823621852
17 -0.101610504915296
17 -0.0691772212776434
17 -0.0222449550260669
17 0.0391993115222587
17 0.115168596050159
17 0.205675916240461
17 0.310734289775988
17 0.430356734339568
17 0.564556267614027
17 0.713345907282188
17 0.87673867102688
17 1.05474757653093
17 1.24738564147715
17 1.45466588354839
17 1.67660132042746
17 1.91320496979718
17 2.16448984934039
17 2.43046897673991
17 2.71115536967856
17 3.00656204583918
17 3.31670202290458
17 3.6415883185576
18 -0.0975710497177437
18 -0.0713444705612179
18 -0.0306353669149022
18 0.0245708206960497
18 0.0942886517464839
18 0.178532685711247
18 0.277317482065185
18 0.390657600283144
18 0.518567599839971
18 0.661062040210512
18 0.818155480869613
18 0.989862481292121
18 1.17619760095288
18 1.37717539932674
18 1.59281043588854
18 1.82311727011314
18 2.06811046147537
18 2.32780456945009
18 2.60221415351214
18 2.89135377313637
18 3.19523798779762
18 3.51388135697073
18 3.84729844013057
18 4.19550379675196
19 -0.073413944229153
19 -0.032640269255541
19 0.0226273280142351
19 0.0924038868281128
19 0.17670444643403
19 0.275544046079924
19 0.388937725013733
19 0.516900522483394
19 0.659447477736846
19 0.816593630022026
19 0.988354018586871
19 1.17474368267932
19 1.37577766154731
19 1.59147099443878
19 1.82183872060166
19 2.0668958792839
19 2.32665750973343
19 2.60113865119819
19 2.89035434292612
19 3.19431962416515
19 3.51304953416323
19 3.84655911216828
19 4.19486339742825
19 4.55797742919108
20 -0.0527502152559233
20 -0.00443940888759454
20 0.0583743508620528
20 0.135705911357884
20 0.227570119964763
20 0.333981824047556
20 0.454955870971127
20 0.590507108100341
20 0.740650382800064
20 0.90540054243516
20 1.08477243437049
20 1.27878090597093
20 1.48744080460134
20 1.71076697762658
20 1.94877427241151
20 2.20147753632101
20 2.46889161671994
20 2.75103136097316
20 3.04791161644554
20 3.35954723050195
20 3.68595305050724
20 4.02714392382628
20 4.38313469782394
20 4.75394021986509
21 -0.0331219846730302
21 0.01884507884604
21 0.0853226273560479
21 0.166324850696904
21 0.261865938708519
21 0.371960081230804
21 0.496621468103669
21 0.635864289167025
21 0.789702734260783
21 0.958150993224854
21 1.14122325589915
21 1.33893371212357
21 1.55129655173804
21 1.77832596458247
21 2.02003614049676
21 2.27644126932083
21 2.54755554089459
21 2.83339314505794
21 3.1339682716508
21 3.44929511051308
21 3.77938785148469
21 4.12426068440554
21 4.48392779911555
21 4.85840338545461
22 -0.0102742370325069
22 0.0423182762784425
22 0.10942868990437
22 0.191069844978662
22 0.2872545826347
22 0.397995744005871
22 0.523306170225559
22 0.663198702427149
22 0.817686181744024
22 0.98678144930957
22 1.17049734625717
22 1.36884671372021
22 1.58184239283208
22 1.80949722472615
22 2.05182405053582
22 2.30883571139446
22 2.58054504843547
22 2.86696490279223
22 3.16810811559811
22 3.48398752798652
22 3.81461598109082
22 4.16000631604441
22 4.52017137398067
22 4.89512399603298
23 0.00752432285304219
23 0.058235027875546
23 0.123468359217528
23 0.203235641075408
23 0.297548197645601
23 0.406417353124528
23 0.529854431708605
23 0.66787075759425
23 0.820477654977883
23 0.98768644805592
23 1.16950846102478
23 1.36595501808088
23 1.57703744342064
23 1.80276706124047
23 2.0431551957368
23 2.29821317110605
23 2.56795231154462
23 2.85238394124894
23 3.15151938441543
23 3.4653699652405
23 3.79394700792058
23 4.13726183665207
23 4.49532577563141
23 4.868150149055
24 0.0222932020010316
24 0.0696076000335332
24 0.131447775663367
24 0.207823324963354
24 0.298743844006315
24 0.404218928865071
24 0.524258175612445
24 0.658871180321257
24 0.808067539064327
24 0.971856847914479
24 1.15024870294453
24 1.34325270022731
24 1.55087843583563
24 1.77313550584231
24 2.01003350632018
24 2.26158203334206
24 2.52779068298077
24 2.80866905130913
24 3.10422673439996
24 3.41447332832608
24 3.73941842916031
24 4.07907163297548
24 4.43344253584441
24 4.80254073383991
25 0.0475133738539915
25 0.107025603748407
25 0.177177151258637
25 0.258267406119512
25 0.350595758065865
25 0.454461596832528
25 0.570164312154333
25 0.698003293766113
25 0.8382779314027
25 0.991287614798926
25 1.15733173368962
25 1.33670967780963
25 1.52972083689376
25 1.73666460067687
25 1.95784035889377
25 2.19354750127931
25 2.44408541756831
25 2.70975349749561
25 2.99085113079604
25 3.28767770720444
25 3.60053261645562
25 3.92971524828443
25 4.2755249924257
25 4.63826123861426
26 0.0716785339233909
26 0.12287256154694
26 0.185008348470325
26 0.258381790893923
26 0.343288785018113
26 0.440025227043273
26 0.548887013169782
26 0.670170039598016
26 0.804170202528355
26 0.951183398161177
26 1.11150552269686
26 1.28543247233578
26 1.47326014327832
26 1.67528443172486
26 1.89180123387576
26 2.12310644593142
26 2.36949596409221
26 2.63126568455851
26 2.9087115035307
26 3.20212931720914
26 3.51181502179424
26 3.83806451348635
26 4.18117368848586
26 4.54143844299315
27 0.0889760948878756
27 0.130175969715129
27 0.182666030823438
27 0.246738083153486
27 0.322683931645957
27 0.410795381241534
27 0.511364236880901
27 0.624682303504741
27 0.751041386053738
27 0.890733289468576
27 1.04404981868994
27 1.21128277865851
27 1.39272397431497
27 1.5886652106
27 1.7993982924543
27 2.02521502481853
27 2.26640721263339
27 2.52326666083956
27 2.79608517437772
27 3.08515455818856
27 3.39076661721276
27 3.713213156391
27 4.05278598066397
27 4.40977689497235
28 0.0958123540580275
28 0.128418059955237
28 0.172629960016622
28 0.22873624109358
28 0.297025090037509
28 0.377784693699807
28 0.471303238931871
28 0.577868912585098
28 0.697769901510886
28 0.831294392560634
28 0.978730572585737
28 1.14036662843759
28 1.3164907469676
28 1.50739111502716
28 1.71335591946767
28 1.93467334714052
28 2.17163158489711
28 2.42451881958884
28 2.6936232380671
28 2.9792330271833
28 3.28163637378884
28 3.6011214647351
28 3.93797648687349
28 4.2924896270554
29 0.0958716737523574
29 0.121001638629138
29 0.158059115506559
29 0.207328833388237
29 0.26909552127779
29 0.343643908178833
29 0.431258723094984
29 0.532224695029858
29 0.646826552987074
29 0.775349025970247
29 0.918076842982993
29 1.07529473302893
29 1.24728742511168
29 1.43433964823485
29 1.63673613140205
29 1.85476160361692
29 2.08870079388306
29 2.3388384312041
29 2.60545924458363
29 2.8888479630253
29 3.1892893155327
29 3.50706803110946
29 3.8424688387592
29 4.19577646748552
30 0.0914589075027767
30 0.111283191731558
30 0.143320298363782
30 0.187852105498593
30 0.245160491235136
30 0.315527333672557
30 0.39923451091
30 0.496563901046611
30 0.607797382181535
30 0.733216832413917
30 0.873104129842901
30 1.02774115256763
30 1.19740977868726
30 1.38239188630092
30 1.58296935350777
30 1.79942405840694
30 2.03203787909759
30 2.28109269367886
30 2.54687038024989
30 2.82965281690983
30 3.12972188175782
30 3.44735945289301
30 3.78284740841455
30 4.13646762642157
31 0.0810484640726486
31 0.0958461292022737
31 0.123229050231993
31 0.163475677799022
31 0.216864462540579
31 0.283673855093882
31 0.364182306096145
31 0.458668266184588
31 0.567410185996426
31 0.690686516168877
31 0.828775707339158
31 0.981956210144486
31 1.15050647522208
31 1.33470495320915
31 1.53483009474292
31 1.7511603504606
31 1.98397417099942
31 2.23355000699659
31 2.50016630908932
31 2.78410152791483
31 3.08563411411035
31 3.40504251831308
31 3.74260519116024
31 4.09860058328906
32 0.0691678245712831
32 0.0813472048043237
32 0.106448132728261
32 0.144746244694266
32 0.196517177053507
32 0.262036566157154
32 0.341580048356378
32 0.435423260002346
32 0.54384183744623
32 0.667111417039199
32 0.805507635132422
32 0.95930612807707
32 1.12878253222431
32 1.31421248392532
32 1.51587161953125
32 1.7340355753933
32 1.96897998786261
32 2.22098049329037
32 2.49031272802774
32 2.77725232842589
32 3.08207493083599
32 3.40505617160921
32 3.74647168709672
32 4.1065971136497
33 0.0164668114240508
33 0.0336611047165295
33 0.0643096354542881
33 0.108620606722324
33 0.166802221605634
33 0.239062683189217
33 0.325610194558069
33 0.426652958797187
33 0.542399178991569
33 0.673057058226213
33 0.818834799586115
33 0.979940606156273
33 1.15658268102168
33 1.34896922726735
33 1.55730844797826
33 1.78180854623941
33 2.02267772513581
33 2.28012418775245
33 2.55435613717432
33 2.84558177648643
33 3.15400930877378
33 3.47984693712135
33 3.82330286461414
33 4.18458529433717
34 0.0120989026019365
34 0.0295118213967404
34 0.0606177499669292
34 0.105622200808109
34 0.164730686415887
34 0.23814871928587
34 0.326081811913664
34 0.428735476794875
34 0.54631522642511
34 0.679026573299975
34 0.827075029915078
34 0.990666108766024
34 1.17000532234842
34 1.36529818315787
34 1.57675020368999
34 1.80456689644037
34 2.04895377390464
34 2.31011634857838
34 2.58826013295721
34 2.88359063953674
34 3.19631338081257
34 3.52663386928031
34 3.87475761743557
34 4.24089013777395
35 0.00834051982920562
35 0.0267703152888943
35 0.0591668170291718
35 0.10573251569575
35 0.166669901934339
35 0.242181466390652
35 0.332469699710399
35 0.437737092539292
35 0.558186135523043
35 0.694019319307362
35 0.845439134537962
35 1.01264807186055
35 1.19584862192085
35 1.39524327536456
35 1.61103452283739
35 1.84342485498507
35 2.09261676245329
35 2.35881273588777
35 2.64221526593422
35 2.94302684323836
35 3.26144995844589
35 3.59768710220253
35 3.95194076515398
35 4.32441343794596
36 0.00636660426449401
36 0.0263226192828085
36 0.0605197565314029
36 0.109157484748451
36 0.172435272672125
36 0.250552589040599
36 0.343708902592047
36 0.452103682064641
36 0.575936396196556
36 0.715406513725964
36 0.870713503391039
36 1.04205683392995
36 1.22963597408088
36 1.433650392582
36 1.65429955817148
36 1.89178293958749
36 2.1463000055682
36 2.4180502248518
36 2.70723306617645
36 3.01404799828033
36 3.33869448990161
36 3.68137200977846
36 4.04228002664907
36 4.42161800925159
37 0.00672873892971659
37 0.0285893931456484
37 0.0649660003483104
37 0.116054984813767
37 0.182052770818081
37 0.263155782637316
37 0.359560444547538
37 0.471463180824808
37 0.599060415745192
37 0.742548573584752
37 0.902124078619553
37 1.07798335512566
37 1.27032282737913
37 1.47933891965604
37 1.70522805623244
37 1.9481866613844
37 2.20841115938798
37 2.48609797451926
37 2.78144353105428
37 3.09464425326911
37 3.42589656543983
37 3.77539689184249
37 4.14334165675315
37 4.52992728444789
38 0.00921761204721955
38 0.0328987359984951
38 0.0713363553382731
38 0.124724186689883
38 0.193255946676654
38 0.277125351921917
38 0.376526119049
38 0.491651964681233
38 0.622696605441945
38 0.769853757954467
38 0.933317138842127
38 1.11328046472826
38 1.30993745223618
38 1.52348181798923
38 1.75410727861074
38 2.00200755072404
38 2.26737635095245
38 2.55040739591931
38 2.85129440224794
38 3.17023108656167
38 3.50741116548384
38 3.86302835563778
38 4.2372763736468
38 4.63034893613425
39 0.0254590124551132
39 0.0500362515603268
39 0.0895974769994501
39 0.144352967554303
39 0.214513002006705
39 0.300287859138476
39 0.401887817731436
39 0.519523156567405
39 0.653404154428203
39 0.803741090095649
39 0.970744242351564
39 1.15462388997777
39 1.35559031175608
39 1.57385378646832
39 1.8096245928963
39 2.06311300982186
39 2.3345293160268
39 2.62408379029295
39 2.93198671140212
39 3.25844835813614
39 3.60367900927683
39 3.96788894360601
39 4.35128843990549
39 4.7540877769571
40 0.031412352217359
40 0.0576459915911644
40 0.0991799252835824
40 0.156220010074984
40 0.22897210274574
40 0.31764206007622
40 0.422435738846796
40 0.543558995837839
40 0.681217687829719
40 0.835617671602807
40 1.00696480393747
40 1.19546494161409
40 1.40132394141303
40 1.62474766011465
40 1.86594195449934
40 2.12511268134746
40 2.40246569743939
40 2.69820685955549
40 3.01254202447613
40 3.34567704898169
40 3.69781778985254
40 4.06917010386904
40 4.45993984781157
40 4.8703328784605
41 0.0394484962615049
41 0.0672430092240938
41 0.110650480575217
41 0.169872223373494
41 0.245109550677544
41 0.336563775545985
41 0.444436211037436
41 0.568928170210516
41 0.710240966123845
41 0.86857591183604
41 1.04413432040572
41 1.23711750489151
41 1.44772677835202
41 1.67616345384587
41 1.92262884443168
41 2.18732426316807
41 2.47045102311367
41 2.77221043732708
41 3.09280381886692
41 3.43243248079183
41 3.7912977361604
41 4.16960089803128
41 4.56754327946306
41 4.98532619351437
42 0.0493291687240324
42 0.0784688555696704
42 0.123529937213
42 0.184709046733798
42 0.262202817211843
42 0.356207881726911
42 0.466920873358779
42 0.594538425187225
42 0.739257170292026
42 0.901273741752958
42 1.0807847726498
42 1.27798689606233
42 1.49307674507032
42 1.72625095275355
42 1.9777061521918
42 2.24763897646485
42 2.53624605865247
42 2.84372403183444
42 3.17026952909053
42 3.51607918350053
42 3.88134962814421
42 4.26627749610135
42 4.67105942045172
42 5.09589203427511
43 0.0610214223459142
43 0.0913510116019011
43 0.137905645371791
43 0.200877163961119
43 0.28045740767542
43 0.376838216820231
43 0.490211431701086
43 0.620768892623522
43 0.768702439893073
43 0.934203913815276
43 1.11746515469566
43 1.31867800283978
43 1.53803429855314
43 1.77572588214131
43 2.0319445939098
43 2.30688227416415
43 2.60073076320991
43 2.91368190135259
43 3.24592752889775
43 3.59765948615092
43 3.96906961341763
43 4.36034975100341
43 4.77169173921381
43 5.20328741835435
44 0.0742843301624778
44 0.105564472630898
44 0.153368047119937
44 0.217881982273737
44 0.29929320673644
44 0.397788649152188
44 0.513555238165123
44 0.646779902419387
44 0.797649570559122
44 0.96635117122847
44 1.15307163307157
44 1.35799788473258
44 1.58131685485562
44 1.82321547208484
44 2.08388066506438
44 2.3634993624384
44 2.66225849285102
44 2.98034498494638
44 3.31794576736865
44 3.67524776876194
44 4.05243791777041
44 4.4497031430382
44 4.86723037320945
44 5.3052065369283
45 0.15197675380592
45 0.194817219043578
45 0.250121930516541
45 0.318474295867147
45 0.40045772273773
45 0.496655618770626
45 0.607651391608172
45 0.734028448892703
45 0.876370198266555
45 1.03526004737206
45 1.21128140385157
45 1.4050176753474
45 1.61705226950189
45 1.84796859395739
45 2.09835005635622
45 2.36878006434072
45 2.65984202555323
45 2.97211934763609
45 3.30619543823162
45 3.66265370498217
45 4.04207755553008
45 4.44505039751767
45 4.87215563858728
45 5.32397668638125
46 0.182590254841766
46 0.218732991400837
46 0.26832889422205
46 0.331951809078148
46 0.410175581741871
46 0.503574057985961
46 0.612721083583159
46 0.738190504306205
46 0.880556165927841
46 1.04039191422081
46 1.21827159495785
46 1.4147690539117
46 1.63045813685511
46 1.86591268956081
46 2.12170655780155
46 2.39841358735007
46 2.69660762397911
46 3.01686251346141
46 3.35975210156971
46 3.72585023407675
46 4.11573075675527
46 4.52996751537802
46 4.96913435571774
46 5.43380512354716
47 0.205258376333314
47 0.234119676486925
47 0.277655960945715
47 0.33642908146037
47 0.411000889781579
47 0.501933237660028
47 0.609787976846403
47 0.735126959091392
47 0.878512036145682
47 1.04050505975996
47 1.22166788168491
47 1.42256235367122
47 1.64375032746959
47 1.88579365483068
47 2.1492541875052
47 2.43469377724383
47 2.74267427579725
47 3.07375753491616
47 3.42850540635124
47 3.80747974185317
47 4.21124239317265
47 4.64035521206036
47 5.09538005026698
47 5.57687875954321
48 0.213515479355864
48 0.237234260942542
48 0.276713346997425
48 0.332503917957703
48 0.40515715426057
48 0.495224236343218
48 0.60325634464284
48 0.729804659596628
48 0.875420361641774
48 1.04065463121547
48 1.22605864875491
48 1.43218359469729
48 1.65958064947979
48 1.90880099353961
48 2.18039580731395
48 2.47491627123999
48 2.79291356575493
48 3.13493887129596
48 3.50154336830028
48 3.89327823720506
48 4.31069465844752
48 4.75434381246483
48 5.2247768796942
48 5.72254504057281
49 0.213863862719638
49 0.234639905675235
49 0.272011084364137
49 0.326520418674424
49 0.398710928494179
49 0.489125633711482
49 0.598307554214415
49 0.72679970989106
49 0.875145120629498
49 1.04388680631781
49 1.23356778684408
49 1.44473108209639
49 1.67791971196281
49 1.93367669633144
49 2.21254505509034
49 2.51506780812762
49 2.84178797533133
49 3.19324857658957
49 3.56999263179043
49 3.97256316082197
49 4.40150318357228
49 4.85735571992944
49 5.34066378978154
49 5.85197041301665
50 0.191476814819499
50 0.253895268425614
50 0.324976208362478
50 0.405909682794624
50 0.497885739886584
50 0.602094427802889
50 0.719725794708073
50 0.851969888766668
50 1.00001675814321
50 1.16505645100222
50 1.34827901550824
50 1.5508744998258
50 1.77403295211943
50 2.01894442055366
50 2.28679895329303
50 2.57878659850207
50 2.89609740434531
50 3.23992141898728
50 3.61144869059252
50 4.01186926732556
50 4.44237319735092
50 4.90415052883315
50 5.39839130993677
50 5.92628558882632
51 0.248952384880686
51 0.296699962323952
51 0.355041135635607
51 0.425148707531541
51 0.508195480727643
51 0.605354257939803
51 0.71779784188391
51 0.846699035275854
51 0.993230640831523
51 1.15856546126681
51 1.3438762992976
51 1.55033595763978
51 1.77911723900924
51 2.03139294612188
51 2.30833588169358
51 2.61111884844023
51 2.94091464907773
51 3.29889608632195
51 3.68623596288879
51 4.10410708149414
51 4.55368224485389
51 5.03613425568393
51 5.55263591670014
51 6.10436003061842
52 0.289879417932425
52 0.321973966224729
52 0.367108001351813
52 0.426432414466798
52 0.501098096722803
52 0.592255939272949
52 0.701056833270355
52 0.82865166986814
52 0.976191340219424
52 1.14482673547733
52 1.33570874679497
52 1.54998826532547
52 1.78881618222195
52 2.05334338863753
52 2.34472077572533
52 2.66409923463846
52 3.01262965653005
52 3.39146293255322
52 3.80174995386108
52 4.24464161160677
52 4.72128879694339
52 5.23284240102406
52 5.78045331500191
52 6.36527243003006
53 0.299828343844337
53 0.322115135118195
53 0.35931517975283
53 0.412562546958408
53 0.482991305945096
53 0.57173552592306
53 0.679929276102466
53 0.808706625693481
53 0.959201643906271
53 1.132548399951
53 1.32988096303784
53 1.55233340237695
53 1.8010397871785
53 2.07713418665266
53 2.38175067000959
53 2.71602330645946
53 3.08108616521244
53 3.47807331547869
53 3.90811882646837
53 4.37235676739166
53 4.87192120745872
53 5.40794621587971
53 5.98156586186481
53 6.59391421462418
54 0.302563097877148
54 0.303675815863048
54 0.324262951103049
54 0.365262278540654
54 0.427611573119364
54 0.51224860978268
54 0.620111163474106
54 0.752137009137142
54 0.90926392171529
54 1.09242967615205
54 1.30257204739093
54 1.54062881037543
54 1.80753774004904
54 2.10423661135528
54 2.43166319923764
54 2.79075527863963
54 3.18245062450475
54 3.60768701177649
54 4.06740221539837
54 4.56253401031387
54 5.09402017146652
54 5.6627984737998
54 6.26980669225721
54 6.91598260178227
55 0.264643542560724
55 0.265032144544163
55 0.286534634515508
55 0.33006173055511
55 0.396524150743321
55 0.486832613160496
55 0.601897835886987
55 0.742630537003145
55 0.909941434589325
55 1.10474124672588
55 1.32794069149316
55 1.58045048697152
55 1.86318135124131
55 2.17704400238289
55 2.5229491584766
55 2.90180753760281
55 3.31452985784185
55 3.7620268372741
55 4.24520919397989
55 4.76498764603958
55 5.32227291153353
55 5.91797570854209
55 6.5530067551456
55 7.22827676942443
56 0.2105072435803
56 0.214156010470305
56 0.241155030343216
56 0.292377374109699
56 0.368696112680418
56 0.470984316966036
56 0.60011505787722
56 0.756961406324633
56 0.94239643321894
56 1.1572932094708
56 1.40252480599089
56 1.67896429368987
56 1.98748474347839
56 2.32895922626714
56 2.70426081296676
56 3.11426257448793
56 3.55983758174131
56 4.04185890563757
56 4.56119961708736
56 5.11873278700136
56 5.71533148629022
56 6.35186878586462
56 7.02921775663522
56 7.74825146951268
57 0.17426984092158
57 0.183626759673654
57 0.218036834466146
57 0.278343612671554
57 0.365390641662375
57 0.480021468811103
57 0.623079641490237
57 0.795408707072272
57 0.997852212929705
57 1.23125370643503
57 1.49645673496075
57 1.79430484587936
57 2.12564158656335
57 2.49131050438522
57 2.89215514671747
57 3.32901906093259
57 3.80274579440308
57 4.31417889450144
57 4.86416190860016
57 5.45353838407174
57 6.08315186828868
57 6.75384590862347
57 7.46646405244861
57 8.22184984713659
58 0.160479163183936
58 0.176952158205971
58 0.219743582664553
58 0.289721186395672
58 0.387752719235321
58 0.514705931019491
58 0.671448571584172
58 0.858848390765358
58 1.07777313839904
58 1.3290905643212
58 1.61366841836785
58 1.93237445037496
58 2.28607641017854
58 2.67564204761456
58 3.10193911251903
58 3.56583535472794
58 4.06819852407727
58 4.60989637040302
58 5.19179664354118
58 5.81476709332774
58 6.47967546959869
58 7.18738952219002
58 7.93877700093773
58 8.73470565567781
59 0.1454785663729
59 0.169728964298777
59 0.22207891235213
59 0.303353146141842
59 0.414376401276794
59 0.555973413365869
59 0.728968918017947
59 0.93418765084191
59 1.17245434744664
59 1.44459374344102
59 1.75143057443393
59 2.09378957603425
59 2.47249548385086
59 2.88837303349265
59 3.34224696056849
59 3.83494200068728
59 4.36728288945788
59 4.94009436248918
59 5.55420115539007
59 6.21042800376942
59 6.90959964323612
59 7.65254080939905
59 8.44007623786708
59 9.27303066424911
60 0.144245527842453
60 0.177534422523851
60 0.240579418785591
60 0.334161882108757
60 0.459063177974431
60 0.616064671863694
60 0.805947729257629
60 1.02949371563732
60 1.28748399648384
60 1.58069993727828
60 1.90992290350173
60 2.27593426063525
60 2.67951537415994
60 3.12144760955688
60 3.60251233230715
60 4.12349090789182
60 4.68516470179199
60 5.28831507948874
60 5.93372340646314
60 6.62217104819628
60 7.35443937016925
60 8.13130973786312
60 8.95356351675897
60 9.82198207233789
61 0.156486018724048
61 0.198106629942433
61 0.270830701046193
61 0.37540119339703
61 0.512561068356646
61 0.683053287286745
61 0.887620811549027
61 1.1270066025052
61 1.40195362151695
61 1.713204829946
61 2.06150318915404
61 2.44759166050278
61 2.87221320535391
61 3.33611078506915
61 3.84002736101018
61 4.38470589453872
61 4.97088934701647
61 5.59932067980512
61 6.27074285426639
61 6.98589883176197
61 7.74553157365356
61 8.55038404130288
61 9.40119919607161
61 10.2987199993215
62 0.186371764567271
62 0.237387031112923
62 0.320929405044453
62 0.437697358363287
62 0.58838936307085
62 0.773703891168567
62 0.994339414657863
62 1.25099440554017
62 1.5443673358169
62 1.87515667748949
62 2.24406090255936
62 2.65177848302794
62 3.09900789089665
62 3.58644759816692
62 4.11479607684018
62 4.68475179891785
62 5.29701323640134
62 5.95227886129211
62 6.65124714559155
62 7.39461656130111
62 8.18308558042221
62 9.01735267495627
62 9.89811631690472
62 10.826074978269
63 0.296885713293782
63 0.386138138563919
63 0.494019665691804
63 0.62305740473007
63 0.775778465731349
63 0.954709958748277
63 1.16237899383349
63 1.40131268103961
63 1.67403813041928
63 1.98308245202514
63 2.33097275590981
63 2.72023615212593
63 3.15339975072613
63 3.63299066176305
63 4.16153599528932
63 4.74156286135758
63 5.37559837002045
63 6.06616963133057
63 6.81580375534058
63 7.62702785210311
63 8.50236903167078
63 9.44435440409625
63 10.4555110794321
63 11.5383661677311
64 0.400119715563735
64 0.467890274504867
64 0.55976224799688
64 0.678140697532231
64 0.825430684603378
64 1.00403727070277
64 1.21636551732288
64 1.46482048595615
64 1.75180723809503
64 2.079730835232
64 2.45099633885949
64 2.86800881046998
64 3.33317331155591
64 3.84889490360974
64 4.41757864812393
64 5.04162960659094
64 5.72345284050322
64 6.46545341135322
64 7.27003638063341
64 8.13960680983623
64 9.07656976045416
64 10.0833302939796
64 11.1622934719051
64 12.3158643557231
65 0.460262785674597
65 0.514018365591047
65 0.596944745710747
65 0.711327812539175
65 0.859453452581815
65 1.04360755234415
65 1.26607599833165
65 1.52914467704981
65 1.8350994750041
65 2.1862262787
65 2.58481097464301
65 3.03313944933859
65 3.53349758929223
65 4.08817128100941
65 4.6994464109956
65 5.3696088657563
65 6.10094453179698
65 6.89573929562313
65 7.75627904374022
65 8.68484966265373
65 9.68373703886915
65 10.755227058892
65 11.9016056092276
65 13.1251585763817
66 0.591400702996969
66 0.672150444645773
66 0.770090788196514
66 0.889493111574191
66 1.03462879270381
66 1.20976920951036
66 1.41918573991886
66 1.66714976185429
66 1.95793265324167
66 2.295805792006
66 2.68504055607227
66 3.12990832336548
66 3.63468047181065
66 4.20362837933276
66 4.84102342385682
66 5.55113698330784
66 6.33824043561081
66 7.20660515869073
66 8.1605025304726
66 9.20420392888143
66 10.3419807318422
66 11.57810431728
66 12.9168460631197
66 14.3624773472863
67 0.66169724112458
67 0.704902443615744
67 0.775788773345025
67 0.87836390236577
67 1.01663550273133
67 1.19461124649504
67 1.41629880571026
67 1.68570585243033
67 2.0068400587086
67 2.38370909659842
67 2.82032063815313
67 3.32068235542608
67 3.88880192047061
67 4.52868700534008
67 5.24434528208783
67 6.0397844227672
67 6.91901209943155
67 7.88603598413422
67 8.94486374892855
67 10.0995030658679
67 11.3539616070056
67 12.712247044395
67 14.1783670500895
67 15.7563292961424
68 0.683494894648372
68 0.774147946380813
68 0.883108215484301
68 1.0158918273588
68 1.17801490740427
68 1.37499358102067
68 1.61234397360796
68 1.89558221056611
68 2.23022441729507
68 2.62178671919481
68 3.07578524166529
68 3.59773611010648
68 4.19315544991832
68 4.86755938650079
68 5.62646404525384
68 6.47538555157744
68 7.41984003087154
68 8.46534360853612
68 9.61741240997113
68 10.8815625605765
68 12.2633101857523
68 13.7681714108983
68 15.4016623614147
68 17.1692991627013
69 0.740212423324133
69 0.787955047985403
69 0.867685386843603
69 0.984379798249045
69 1.14301464055204
69 1.34856627210291
69 1.60601105125196
69 1.9203253363495
69 2.29648548574585
69 2.73946785779132
69 3.25424881083623
69 3.84580470323088
69 4.51911189332559
69 5.27914673947068
69 6.13088560001645
69 7.07930483331322
69 8.1293807977113
69 9.28608985156101
69 10.5544083532127
69 11.9393126610166
69 13.445779133323
69 15.0787841284824
69 16.8433040048449
69 18.7443151207609
70 0.717965078954915
70 0.750196060771492
70 0.824150990301752
70 0.944385394067259
70 1.11545479858958
70 1.34191473039028
70 1.62832071599092
70 1.97922828191308
70 2.39919295467831
70 2.89277026080818
70 3.46451572682426
70 4.11898487924811
70 4.8607332446013
70 5.69431634940539
70 6.62428972018196
70 7.65520888345256
70 8.79162936573876
70 10.0381066935621
70 11.3991963934442
70 12.8794539919066
70 14.4834350154709
70 16.2156949906586
70 18.0807894439913
70 20.0832739019905
71 0.671028540268653
71 0.701717075141635
71 0.782043595684191
71 0.916192333870593
71 1.10834752167511
71 1.36269339107201
71 1.68341417403558
71 2.07469410254007
71 2.54071740855976
71 3.08566832406892
71 3.71373108104182
71 4.42908991145274
71 5.23592904727594
71 6.13843272048569
71 7.14078516305627
71 8.24717060696195
71 9.46177328417699
71 10.7887774266757
71 12.2323672664323
71 13.796727035421
71 15.4860409656162
71 17.3044932889922
71 19.2562682375231
71 21.3455500431833
72 0.624240780853131
72 0.66060066438563
72 0.752546267930381
72 0.903957031546841
72 1.11871239529447
72 1.40069179923271
72 1.75377468342103
72 2.18184048791889
72 2.68876865278573
72 3.27843861808103
72 3.95472982386422
72 4.72152171019477
72 5.58269371713213
72 6.54212528473577
72 7.60369585306513
72 8.77128486217967
72 10.0487717521389
72 11.4400359630021
72 12.948956934829
72 14.5794141076788
72 16.3352869216111
72 18.2204548166853
72 20.2387972329609
72 22.3941936104973
73 0.640083790827506
73 0.711932476669463
73 0.826488529376259
73 0.990588095270128
73 1.21106732067331
73 1.49476235190802
73 1.84850933529652
73 2.27914441716103
73 2.79350374382378
73 3.39842346160701
73 4.10073971683296
73 4.90728865582385
73 5.82490642490193
73 6.86042917038942
73 8.02069303860856
73 9.31253417588159
73 10.7427887285307
73 12.3182928428783
73 14.0458826652463
73 15.9323943419573
73 17.9846640193332
73 20.2095278436965
73 22.6138219613693
73 25.2043825186739
74 0.621009453801878
74 0.673623447873097
74 0.782003961936923
74 0.952169718760942
74 1.19013944111274
74 1.50193185175991
74 1.89356567347003
74 2.37105962901069
74 2.94043244114948
74 3.60770283265398
74 4.37888952629179
74 5.26001124483048
74 6.25708671103765
74 7.37613464768088
74 8.62317377752776
74 10.0042228233459
74 11.5253005079028
74 13.1924255539662
74 15.0116166843035
74 16.9888926216824
74 19.1302720888705
74 21.4417738086354
74 23.9294165037446
74 26.5992188969657
75 0.568191066991912
75 0.619581706532726
75 0.737223171673993
75 0.926387921144739
75 1.19234841367399
75 1.54037710799077
75 1.9757464628241
75 2.50372893690302
75 3.12959698895653
75 3.85862307771368
75 4.69607966190348
75 5.64723920025496
75 6.71737415149715
75 7.91175697435907
75 9.23566012756974
75 10.6943560698582
75 12.2931172599534
75 14.0372161565845
75 15.9319252184805
75 17.9825169043703
75 20.194263672983
75 22.5724379830477
75 25.1223122932933
75 27.8491590624489
76 0.541741876136134
76 0.660473806682344
76 0.831014630520904
76 1.06109738549174
76 1.35845510943478
76 1.73082084018995
76 2.18592761559717
76 2.73150847349638
76 3.37529645172749
76 4.12502458813043
76 4.98842592054514
76 5.97323348681153
76 7.08718032476953
76 8.33799947225906
76 9.73342396712006
76 11.2811868471924
76 12.9890211503161
76 14.8646599143311
76 16.9158361770772
76 19.1502829763944
76 21.5757333501226
76 24.1999203361018
76 27.0305769721718
76 30.0754362961727
77 0.573985337489816
77 0.674965646476362
77 0.842036594046842
77 1.08177132280802
77 1.40074297536668
77 1.80552469432957
77 2.30268962230347
77 2.89881090189514
77 3.60046167571135
77 4.41421508635888
77 5.34664427644448
77 6.40432238857493
77 7.593822565357
77 8.92171794939745
77 10.394581683303
77 12.0189869096806
77 13.8015067711368
77 15.7487144102784
77 17.8671829697123
77 20.1634855920452
77 22.6441954198838
77 25.315885595835
77 28.1851292625054
77 31.2584995625019
78 0.57397119310402
78 0.6753730294648
78 0.852063318029528
78 1.10975567158631
78 1.45416370292327
78 1.8910010248285
78 2.42598125009012
78 3.06481799149624
78 3.81322486183497
78 4.67691547389442
78 5.66160344046269
78 6.77300237432791
78 8.01682588827817
78 9.39878759510159
78 10.9246011075863
78 12.5999800385204
78 14.4306380006919
78 16.4222886068891
78 18.5806454698999
78 20.9114222025126
78 23.4203324175153
78 26.1130897276959
78 28.9954077458427
78 32.0730000847438
79 0.617121023851644
79 0.799621852837473
79 1.03195907215765
79 1.32439278618755
79 1.68718309930256
79 2.13059011587807
79 2.66487394028945
79 3.30029467691209
79 4.04711243012138
79 4.91558730429269
79 5.9159794038014
79 7.05854883302291
79 8.3535556963326
79 9.81126009810583
79 11.441922142718
79 13.2558019345445
79 15.2631595779607
79 17.474255177342
79 19.8993488370638
79 22.5487006615014
79 25.4325707550302
79 28.5612192220257
79 31.9449061668632
79 35.593891693918
80 0.688362322550103
80 0.824077217211432
80 1.03050220876869
80 1.31576101251783
80 1.68797734375483
80 2.15527491777562
80 2.72577744987619
80 3.40760865535248
80 4.20889224950046
80 5.13775194761608
80 6.20231146499531
80 7.4106945169341
80 8.77102481872842
80 10.2914260856742
80 11.9800220330675
80 13.8449363762041
80 15.8942928303801
80 18.1362151108915
80 20.5788269330341
80 23.230252012104
80 26.098614063397
80 29.1920368022093
80 32.5186439438366
80 36.086559203575
81 0.764204647302009
81 0.901906494326427
81 1.1093242806042
81 1.39541714828918
81 1.76914423953521
81 2.23946469649614
81 2.81533766132582
81 3.50572227617809
81 4.3195776832068
81 5.26586302456581
81 6.35353744240895
81 7.59156007889007
81 8.98889007616302
81 10.5544865763817
81 12.2973087216998
81 14.2263156542713
81 16.3504665162501
81 18.6787204497899
81 21.2200365970447
81 23.9833741001682
81 26.9776921013143
81 30.2119497426368
81 33.6951061662897
81 37.4361205144268
82 0.739143856573948
82 0.851137079547826
82 1.04941772989591
82 1.34075869595217
82 1.73193286605062
82 2.22971312852522
82 2.84087237170997
82 3.57218348393885
82 4.43041935354586
82 5.42235286886496
82 6.55475691823017
82 7.83440438997544
82 9.26806817243479
82 10.8625211539422
82 12.6245362228316
82 14.5608862674371
82 16.6783441760925
82 18.983682837132
82 21.4836751388894
82 24.1850939696989
82 27.0947122178942
82 30.2193027718095
82 33.5656385197788
82 37.1404923501359
83 0.689163402526463
83 0.800702682324613
83 1.00858570090715
83 1.31790883010086
83 1.73376844173251
83 2.26126090762886
83 2.9054825996167
83 3.6715298895228
83 4.56449914917392
83 5.58948675039685
83 6.75158906501835
83 8.05590246486519
83 9.50752332176416
83 11.111548007542
83 12.8730728940255
83 14.7971943530415
83 16.8890087564167
83 19.1536124759778
83 21.5961018835517
83 24.2215733509652
83 27.0351232500449
83 30.0418479526177
83 33.2468438305104
83 36.6552072555497
84 0.649299942482904
84 0.771865862957479
84 0.996547942886454
84 1.32715947251603
84 1.76751374209242
84 2.32142404186182
84 2.99270366207042
84 3.78516589296445
84 4.70262402479009
84 5.74889134779355
84 6.92778115222104
84 8.24310672831875
84 9.69868136633289
84 11.2983183565097
84 13.0458309890953
84 14.9450325543359
84 16.9997363424778
84 19.2137556437671
84 21.5909037484501
84 24.1349939467729
84 26.8498395289818
84 29.739253785323
84 32.8070500060425
84 36.0570414813868
85 0.627710531198458
85 0.763608890387316
85 1.00448654956196
85 1.35325368460199
85 1.81282047138698
85 2.38609708579653
85 3.07599370371022
85 3.88542050100764
85 4.81728765356837
85 5.87450533727202
85 7.05998372799815
85 8.37663300162638
85 9.82736333403626
85 11.4150849011074
85 13.1427078787194
85 15.0131424427518
85 17.0292987690843
85 19.1940870335963
85 21.5104174121676
85 23.9812000806776
85 26.6093452150061
85 29.3977629910324
85 32.3493635846364
85 35.4670571716974
86 0.580169621887109
86 0.768690133301372
86 1.05425697234892
86 1.43970181629781
86 1.92785634241609
86 2.52155222797183
86 3.22362115023307
86 4.03689478646787
86 4.96420481394429
86 6.00838290993038
86 7.1722607516942
86 8.4586700165038
86 9.87044238162724
86 11.4104095243326
86 13.0814031218879
86 14.8862548515611
86 16.8277963906205
86 18.908859416334
86 21.1322756059696
86 23.5008766367954
86 26.0174941860796
86 28.68495993109
86 31.5061055490949
86 34.4837627173622
87 0.619031523566422
87 0.80471212472713
87 1.09001629824583
87 1.47671690361951
87 1.96658680034513
87 2.56139884791966
87 3.26292590584009
87 4.07294083360339
87 4.99321649070652
87 6.02552573664647
87 7.17164143092021
87 8.43333643302471
87 9.81238360245695
87 11.3105557987139
87 12.9296258812925
87 14.6713667096898
87 16.5375511434028
87 18.5299520419283
87 20.6503422647634
87 22.9004946714051
87 25.2821821213503
87 27.797177474096
87 30.4472535891392
87 33.2341833259768
88 0.651496790440916
88 0.834098710980697
88 1.11689878464342
88 1.50077245968418
88 1.98659518435808
88 2.5752424069202
88 3.26758957562566
88 4.06451213872953
88 4.96688554448692
88 5.97558524115293
88 7.09148667698265
88 8.31546530023117
88 9.64839655915359
88 11.091155902005
88 12.6446187770405
88 14.3096606325152
88 16.0871569166842
88 17.9779830778026
88 19.9830145641255
88 22.1031268239079
88 24.339195305405
88 26.6920954568719
88 29.1627027265636
88 31.7518925627353
89 0.722289158884217
89 0.84835759296392
89 1.08706419564974
89 1.43718943242048
89 1.89751376875496
89 2.46681767013199
89 3.14388160203039
89 3.92748602992896
89 4.81641141930652
89 5.80943823564188
89 6.90534694441386
89 8.10291801110127
89 9.40093190118291
89 10.7981690801376
89 12.2934100134442
89 13.8854351665814
89 15.5730250050281
89 17.3549599942632
89 19.2300205997653
89 21.1969872870134
89 23.2546405214862
89 25.4017607686626
89 27.6371284940213
89 29.9595241630413
90 0.687641963135705
90 0.827876263338701
90 1.07627363148412
90 1.43109964395654
90 1.89061987714052
90 2.45309990742065
90 3.11680531118148
90 3.88000166480759
90 4.74095454468355
90 5.69792952719393
90 6.74919218872331
90 7.89300810565625
90 9.12764285437732
90 10.4513620112711
90 11.8624311527222
90 13.3591158551151
90 14.9396816948344
90 16.6023942482647
90 18.3455190917906
90 20.1673218017966
90 22.0660679546673
90 24.0400231267873
90 26.0874528945411
90 28.2066228343134
91 0.657883262016504
91 0.84522955428587
91 1.12440419324248
91 1.49424812680049
91 1.95360230287404
91 2.50130766937729
91 3.1362051742244
91 3.8571357653295
91 4.66294039060677
91 5.55245999797034
91 6.52453553533437
91 7.57800795061301
91 8.71171819172041
91 9.92450720657072
91 11.2152159430781
91 12.5826853491567
91 14.0257563727207
91 15.5432699616842
91 17.1340670639613
91 18.7969886274663
91 20.5308756001133
91 22.3345689298164
91 24.2069095644898
91 26.1467384520476
92 0.745620689200748
92 0.920556434528847
92 1.18196501169224
92 1.52834478068848
92 1.9581941015151
92 2.47001133416964
92 3.06229483864964
92 3.73354297495264
92 4.48225410307618
92 5.30692658301781
92 6.20605877477505
92 7.17814903834546
92 8.22169573372658
92 9.33519722091593
92 10.5171518599111
92 11.7660580107095
92 13.0804140333089
92 14.4587182877066
92 15.8994691339003
92 17.4011649318874
92 18.9623040416656
92 20.5813848232324
92 22.2569056365853
92 23.9873648417218
93 0.810155257652886
93 0.970589643946143
93 1.21320982668346
93 1.53629484132807
93 1.93812372334321
93 2.41697550819213
93 2.97112923133806
93 3.59886392824425
93 4.29845863437393
93 5.06819238519035
93 5.90634421615673
93 6.81119316273634
93 7.78101826039239
93 8.81409854458814
93 9.90871305078682
93 11.0631408144517
93 12.2756608710459
93 13.5445522560329
93 14.8680940048757
93 16.2445651530376
93 17.6722447359819
93 19.1494117891718
93 20.6743453480706
93 22.2453244481415
94 0.868486524814959
94 1.00968372036834
94 1.22837372184371
94 1.52262020106834
94 1.89048682986951
94 2.33003728007449
94 2.83933522351056
94 3.41644433200501
94 4.05942827738509
94 4.76635073147811
94 5.53527536611131
94 6.364265853112
94 7.25138586430744
94 8.19469907152491
94 9.19226914659168
94 10.242159761335
94 11.3424345875822
94 12.4911572971606
94 13.6863915618974
94 14.9262010536198
94 16.2086494441552
94 17.5318004053309
94 18.8937176089741
94 20.2924647269121
95 0.907799894513244
95 1.04566655629812
95 1.24940237083773
95 1.51764081077999
95 1.84901534877283
95 2.24215945746418
95 2.69570660950198
95 3.20829027753415
95 3.77854393420861
95 4.4051010521733
95 5.08659510407614
95 5.82165956256507
95 6.60892790028801
95 7.44703358989289
95 8.33461010402763
95 9.27029091534017
95 10.2527094964784
95 11.2804993200904
95 12.3522938588239
95 13.4667265853269
95 14.6224309722473
95 15.8180404922332
95 17.0521886179323
95 18.3235088219926
96 0.95625089857033
96 1.06615188059715
96 1.23807922167206
96 1.47058427447783
96 1.76221839169724
96 2.11153292601307
96 2.5170792301081
96 2.97740865666509
96 3.49107255836683
96 4.05662228789609
96 4.67260919793565
96 5.33758464116829
96 6.05009997027678
96 6.80870653794389
96 7.61195569685241
96 8.45839879968511
96 9.34658719912476
96 10.2750722478541
96 11.242405298556
96 12.2471377039132
96 13.2878208166085
96 14.3630059893245
96 15.4712445747442
96 16.6110879255503
97 0.970913427423349
97 1.05751142893599
97 1.20296459090577
97 1.40575310446125
97 1.66435716073099
97 1.97725695084354
97 2.34293266592747
97 2.75986449711133
97 3.22653263552368
97 3.74141727229309
97 4.30299859854811
97 4.9097568054173
97 5.56017208402921
97 6.25272462551242
97 6.98589462099547
97 7.75816226160692
97 8.56800773847534
97 9.41391124272928
97 10.2943529654973
97 11.207813097908
97 12.1527718310898
97 13.1277093561715
97 14.1311058642814
97 15.1614415465482
98 0.970542535643197
98 1.0297636262802
98 1.14475412244684
98 1.31393583399932
98 1.53573057079385
98 1.80856014268664
98 2.13084635953389
98 2.50101103119179
98 2.91747596751657
98 3.37866297836442
98 3.88299387359155
98 4.42889046305417
98 5.01477455660847
98 5.63906796411066
98 6.30019249541696
98 6.99656996038356
98 7.72662216886666
98 8.48877093072248
98 9.28143805580722
98 10.1030453539771
98 10.9520146350883
98 11.826767708997
98 12.7257263855595
98 13.6473124746319
99 0.940529227009166
99 0.987123497004703
99 1.0863159105774
99 1.23653873970974
99 1.43622425638418
99 1.6838047325832
99 1.97771244028926
99 2.31637965148485
99 2.69823863815242
99 3.12172167227446
99 3.58526102583344
99 4.08728897081182
99 4.62623777919207
99 5.20053972295668
99 5.8086270740881
99 6.44893210456882
99 7.1198870863813
99 7.81992429150801
99 8.54747599193142
99 9.30097445963401
99 10.0788519665983
99 10.8795407848066
99 11.7014731862416
99 12.5430814428856
100 0.880533761158061
100 0.973165893091521
100 1.10169254980225
100 1.26556105151323
100 1.46421871844744
100 1.69711287082787
100 1.96369082887748
100 2.26339991281926
100 2.59568744287619
100 2.96000073927125
100 3.35578712222742
100 3.78249391196768
100 4.23956842871501
100 4.72645799269238
100 5.24260992412279
100 5.7874715432292
100 6.3604901702346
100 6.96111312536197
100 7.58878772883429
100 8.24296130087453
100 8.92308116170568
100 9.62859463155072
100 10.3589490306326
100 11.1135916791744
101 0.922262356290684
101 0.983167209401789
101 1.07857772238352
101 1.20793020818177
101 1.3706609797424
101 1.5662063500113
101 1.79400263193434
101 2.05348613845741
101 2.34409318252639
101 2.66526007708714
101 3.01642313508555
101 3.39701866946751
101 3.80648299317888
101 4.24425241916555
101 4.70976326037339
101 5.20245182974829
101 5.72175444023613
101 6.26710740478277
101 6.83794703633411
101 7.43370964783602
101 8.05383155223437
101 8.69774906247506
101 9.36489849150395
101 10.0547161522669
102 0.921245627337882
102 0.95492473630772
102 1.02182368956591
102 1.12136705042432
102 1.2529793821948
102 1.41608524818921
102 1.61010921171941
102 1.83447583609724
102 2.08860968463459
102 2.37193532064329
102 2.6838773074352
102 3.0238602083222
102 3.39130858661612
102 3.78564700562884
102 4.2063000286722
102 4.65269221905807
102 5.1242481400983
102 5.62039235510474
102 6.14054942738927
102 6.68414392026374
102 7.25060039703999
102 7.8393434210299
102 8.44979755554531
102 9.0813873638981
103 0.891171794777862
103 0.905668671611801
103 0.952319621683556
103 1.03053846943226
103 1.13973903929703
103 1.279335155717
103 1.4487406431313
103 1.64736932597905
103 1.87463502869939
103 2.12995157573144
103 2.41273279151432
103 2.72239250048718
103 3.05834452708912
103 3.42000269575929
103 3.80678083093681
103 4.21809275706081
103 4.65335229857042
103 5.11197327990475
103 5.59336952550295
103 6.09695485980414
103 6.62214310724744
103 7.16834809227199
103 7.73498363931691
103 8.32146357282134
104 0.839883211130872
104 0.839569654100056
104 0.870377663795824
104 0.931710015530143
104 1.02296948461498
104 1.1435588463623
104 1.29288087608408
104 1.47033834909227
104 1.67533404069885
104 1.90727072621579
104 2.16555118095504
104 2.44957818022858
104 2.75875449934837
104 3.09248291362638
104 3.45016619837458
104 3.83120712890493
104 4.23500848052941
104 4.66097302855997
104 5.10850354830858
104 5.57700281508722
104 6.06587360420785
104 6.57451869098243
104 7.10234085072293
104 7.64874285874132
105 0.745909334677698
105 0.766389248284773
105 0.811656712577968
105 0.881429077130081
105 0.975423691513911
105 1.09335790530225
105 1.23494906806791
105 1.39991452938367
105 1.58797163882235
105 1.79883774595672
105 2.0322302003596
105 2.28786635160378
105 2.56546354926206
105 2.86473914290723
105 3.1854104821121
105 3.52719491644946
105 3.88980979549211
105 4.27297246881284
105 4.67640028598446
105 5.09981059657977
105 5.54292075017155
105 6.00544809633261
105 6.48710998463575
105 6.98762376465376
106 0.715447122677131
106 0.72034833121426
106 0.749343606417309
106 0.802142292600296
106 0.878453734077241
106 0.977987275162165
106 1.10045226016909
106 1.24555803341203
106 1.413013939205
106 1.60252932186204
106 1.81381352569715
106 2.04657589502436
106 2.30052577415768
106 2.57537250741114
106 2.87082543909876
106 3.18659391353456
106 3.52238727503255
106 3.87791486790675
106 4.25288603647119
106 4.64701012503989
106 5.05999647792686
106 5.49155443944613
106 5.94139335391171
106 6.40922256563762
107 0.631145940136455
107 0.599206270473723
107 0.596883414430174
107 0.623473833390984
107 0.678273988741335
107 0.760580341866403
107 0.869689354151368
107 1.00489748698141
107 1.1655012017417
107 1.35079695981743
107 1.56008122259377
107 1.7926504514559
107 2.047801107789
107 2.32482965297825
107 2.62303254840883
107 2.94170625546591
107 3.28014723553467
107 3.6376519500003
107 4.01351686024797
107 4.40703842766286
107 4.81751311363016
107 5.24423737953503
107 5.68650768676265
107 6.14362049669822
108 0.513414865576868
108 0.486875121424475
108 0.488257670093071
108 0.51686173387403
108 0.571986535058726
108 0.652931295938531
108 0.758995238804821
108 0.889477585948967
108 1.04367755966234
108 1.22089438223632
108 1.42042727596228
108 1.64157546313159
108 1.88363816603562
108 2.14591460696575
108 2.42770400821335
108 2.7283055920698
108 3.04701858082646
108 3.38314219677471
108 3.73597566220593
108 4.10481819941149
108 4.48896903068275
108 4.88772737831111
108 5.30039246458792
108 5.72626351180456
109 0.405108311970236
109 0.386404544839472
109 0.393787521057717
109 0.426557754075796
109 0.484015757344536
109 0.565462044314763
109 0.6701971284373
109 0.797521523162975
109 0.946735741942613
109 1.11714029822704
109 1.30803570546708
109 1.51872247711356
109 1.74850112661731
109 1.99667216742914
109 2.2625361129999
109 2.54539347678039
109 2.84454477222146
109 3.15929051277391
109 3.48893121188859
109 3.83276738301631
109 4.19009953960791
109 4.5602281951142
109 4.94245386298601
109 5.33607705667416
110 0.33808970868135
110 0.327124882721581
110 0.340798073901011
110 0.378409777769769
110 0.439260489877988
110 0.522650705775799
110 0.627880921013333
110 0.754251631140721
110 0.901063331708094
110 1.06761651826558
110 1.25321168636332
110 1.45714933155144
110 1.67872994938007
110 1.91725403539934
110 2.17202208515939
110 2.44233459421034
110 2.72749205810232
110 3.02679497238548
110 3.33954383260993
110 3.66503913432581
110 4.00258137308325
110 4.35147104443239
110 4.71100864392335
110 5.08049466710626
111 0.437671198999663
111 0.397718714446426
111 0.384309933914832
111 0.396630562700572
111 0.433866306099335
111 0.495202869406811
111 0.579825957918687
111 0.686921276930655
111 0.815674531738403
111 0.965271427637619
111 1.13489766992399
111 1.32373896389322
111 1.53098101484098
111 1.75580952806296
111 1.99741020885487
111 2.25496876251237
111 2.52767089433118
111 2.81470230960696
111 3.11524871363542
111 3.42849581171224
111 3.75362930913311
111 4.08983491119372
111 4.43629832318976
111 4.79220525041692
112 0.316060542752205
112 0.294760104653685
112 0.297805539264664
112 0.324387547597811
112 0.373696830665795
112 0.444924089481286
112 0.537260025056953
112 0.649895338405466
112 0.782020730539492
112 0.932826902471702
112 1.10150455521476
112 1.28724438978135
112 1.48923710718413
112 1.70667340843576
112 1.93874399454893
112 2.18463956653629
112 2.44355082541052
112 2.71466847218429
112 2.99718320787027
112 3.29028573348112
112 3.59316675002952
112 3.90501695852813
112 4.22502705998962
112 4.55238775542667
113 0.235174613962021
113 0.233725662860076
113 0.254019255197815
113 0.295250221304441
113 0.356613391509152
113 0.437303596141149
113 0.536515665529634
113 0.653444430003805
113 0.787284719892862
113 0.937231365526008
113 1.10247919723244
113 1.28222304534136
113 1.47565774018197
113 1.68197811208347
113 1.90037899137505
113 2.13005520838593
113 2.3702015934453
113 2.62001297688235
113 2.87868418902629
113 3.14541006020633
113 3.41938542075166
113 3.69980510099147
113 3.98586393125498
113 4.27675674187138
114 0.217099411422824
114 0.225467967796126
114 0.254068533155738
114 0.302097584381599
114 0.368751598353648
114 0.453227051951824
114 0.554720422056068
114 0.672428185546318
114 0.805546819302514
114 0.953272800204595
114 1.1148026051325
114 1.28933271096617
114 1.47605959458554
114 1.67417973287056
114 1.88288960270116
114 2.10138568095727
114 2.32886444451885
114 2.56452237026583
114 2.80755593507815
114 3.05716161583575
114 3.31253588941857
114 3.57287523270655
114 3.83737612257962
114 4.10523503591773
115 0.21854478961309
115 0.236200783032284
115 0.272364051705241
115 0.326232368320885
115 0.39700350556814
115 0.483875236135931
115 0.586045332713182
115 0.702711567988818
115 0.833071714651762
115 0.976323545390939
115 1.13166483289527
115 1.29829334985369
115 1.47540686895511
115 1.66220316288847
115 1.85788000434267
115 2.06163516600666
115 2.27266642056935
115 2.49017154071967
115 2.71334829914654
115 2.94139446853889
115 3.17350782158564
115 3.40888613097571
115 3.64672716939804
115 3.88622870954154
116 0.239541741687472
116 0.264166092078829
116 0.305570584345642
116 0.362953726688408
116 0.435514027307626
116 0.522449994403792
116 0.622960136177406
116 0.736242960828966
116 0.861496976558968
116 0.997920691567911
116 1.14471261405629
116 1.30107125222461
116 1.46619511427337
116 1.63928270840305
116 1.81953254281417
116 2.00614312570722
116 2.19831296528269
116 2.39524056974109
116 2.59612444728291
116 2.80016310610865
116 3.00655505441881
116 3.21449880041388
116 3.42319285229437
116 3.63183571826077
117 0.315873463175375
117 0.399418616149679
117 0.486980374792457
117 0.578499055136569
117 0.673914973214877
117 0.77316844506024
117 0.87619978670552
117 0.982949314183576
117 1.09335734352727
117 1.20736419076946
117 1.32491017194301
117 1.44593560308077
117 1.57038080021562
117 1.6981860793804
117 1.82929175660798
117 1.96363814793122
117 2.10116556938299
117 2.24181433699613
117 2.38552476680351
117 2.532237174838
117 2.68189187713245
117 2.83442918971972
117 2.98978942863267
117 3.14791290990417
118 0.464735589931647
118 0.527747332948306
118 0.594639850265619
118 0.665353508455804
118 0.739828674091082
118 0.818005713743671
118 0.899824993985791
118 0.985226881389661
118 1.0741517425275
118 1.16653994397153
118 1.26233185229397
118 1.36146783406704
118 1.46388825586295
118 1.56953348425394
118 1.67834388581221
118 1.79025982710998
118 1.90522167471949
118 2.02316979521293
118 2.14404455516255
118 2.26778632114054
118 2.39433545971914
118 2.52363233747057
118 2.65561732096704
118 2.79023077678076
119 0.570436414952752
119 0.613203887893344
119 0.659717060349415
119 0.709916317042005
119 0.763742042692153
119 0.8211346220209
119 0.882034439749285
119 0.946381880598347
119 1.01411732928913
119 1.08518117054266
119 1.15951378907999
119 1.23705556962216
119 1.31774689689021
119 1.40152815560517
119 1.48833973048808
119 1.57812200625999
119 1.67081536764193
119 1.76636019935495
119 1.86469688612007
119 1.96576581265836
119 2.06950736369083
119 2.17586192393854
119 2.28476987812251
119 2.3961716109638
120 0.658873880288227
120 0.741770718279671
120 0.816655468658249
120 0.884188345408625
120 0.94502956251546
120 0.999839333963418
120 1.04927787373716
120 1.09400539582135
120 1.13468211420065
120 1.17196824285973
120 1.20652399578324
120 1.23900958695585
120 1.27008523036222
120 1.30041113998701
120 1.33064752981489
120 1.36145461383052
120 1.39349260601857
120 1.42742172036368
120 1.46390217085053
120 1.50359417146379
120 1.5471579361881
120 1.59525367900814
120 1.64854161390857
120 1.70768195487405
121 0.810878559600336
121 0.845681561155925
121 0.874151395447344
121 0.896946773641123
121 0.914726406903795
121 0.928149006401889
121 0.937873283301938
121 0.944557948770472
121 0.948861713974022
121 0.95144329007912
121 0.952961388252296
121 0.954074719660083
121 0.955441995469009
121 0.957721926845608
121 0.961573224956409
121 0.967654600967945
121 0.976624766046746
121 0.989142431359343
121 1.00586630807227
121 1.02745510735205
121 1.05456754036522
121 1.08786231827832
121 1.12799815225786
121 1.17563375347039
122 0.850621720781277
122 0.848040681150926
122 0.840623273975775
122 0.829027242774971
122 0.813910331067662
122 0.795930282372998
122 0.775744840210127
122 0.754011748098198
122 0.73138874955636
122 0.708533588103761
122 0.686104007259549
122 0.664757750542874
122 0.645152561472884
122 0.627946183568728
122 0.613796360349555
122 0.603360835334512
122 0.597297352042749
122 0.596263653993415
122 0.600917484705658
122 0.611916587698626
122 0.629918706491469
122 0.655581584603334
122 0.689562965553372
122 0.73252059286073
123 0.82177258795304
123 0.791565679284542
123 0.757837153597735
123 0.721244170885174
123 0.682443891139415
123 0.642093474353014
123 0.600850080518525
123 0.559370869628504
123 0.518313001675507
123 0.47833363665209
123 0.440089934550807
123 0.404239055364214
123 0.371438159084867
123 0.342344405705322
123 0.317614955218133
123 0.297906967615856
123 0.283877602891048
123 0.276184021036262
123 0.275483382044055
123 0.282432845906982
123 0.2976895726176
123 0.321910722168462
123 0.355753454552125
123 0.399874929761145
124 0.713780620725055
124 0.655931876042671
124 0.596260976568762
124 0.535424621079076
124 0.474079508349363
124 0.412882337155371
124 0.352489806272848
124 0.293558614477543
124 0.236745460545204
124 0.18270704325158
124 0.132100061372421
124 0.085581213683473
124 0.0438071989604861
124 0.00743471597920853
124 -0.022879536484611
124 -0.0464788596552241
124 -0.0627065547568821
124 -0.0709059230138364
124 -0.0704202656503384
124 -0.0605928838906398
124 -0.0407670789589916
124 -0.0102861520796458
124 0.0315065955231468
124 0.0852678626251346
125 0.479079633410762
125 0.402790033282512
125 0.320264883843981
125 0.232954242647222
125 0.14230816724429
125 0.0497767151872382
125 -0.0431900559718793
125 -0.135142088681009
125 -0.224629325388096
125 -0.310201708541087
125 -0.390409180587928
125 -0.463801683976565
125 -0.528929161154944
125 -0.584341554571011
125 -0.628588806672712
125 -0.660220859907994
125 -0.677787656724802
125 -0.679839139571082
125 -0.66492525089478
125 -0.631595933143844
125 -0.578401128766218
125 -0.503890780209848
125 -0.406614829922681
125 -0.285123220352662
126 0.14867012205715
126 0.142155701322481
126 0.118423633690155
126 0.079842612972725
126 0.0287813329827466
126 -0.0323915124672259
126 -0.101307229564638
126 -0.175597124496936
126 -0.252892503451564
126 -0.330824672615968
126 -0.407024938177594
126 -0.479124606323887
126 -0.544754983242292
126 -0.601547375120256
126 -0.647133088145223
126 -0.679143428504639
126 -0.69520970238595
126 -0.6929632159766
126 -0.670035275464037
126 -0.624057187035704
126 -0.552660256879048
126 -0.453475791181514
126 -0.324135096130547
126 -0.162269477913592
127 0.0961053479325063
127 0.0442339888579242
127 -0.0185082870358134
127 -0.0897549832778612
127 -0.167139603397374
127 -0.248295650923507
127 -0.330856629385414
127 -0.41245604231225
127 -0.490727393233171
127 -0.563304185677331
127 -0.627819923173884
127 -0.681908109251986
127 -0.723202247440791
127 -0.749335841269455
127 -0.757942394267131
127 -0.746655409962975
127 -0.713108391886142
127 -0.654934843565785
127 -0.569768268531061
127 -0.455242170311124
127 -0.308990052435128
127 -0.128645418432228
127 0.0881582281684192
127 0.343787383837662
128 -0.0226839711461947
128 -0.0974494649209939
128 -0.178126905951495
128 -0.262351141653653
128 -0.347757019443425
128 -0.431979386736765
128 -0.512653090949629
128 -0.587412979497973
128 -0.653893899797753
128 -0.709730699264924
128 -0.752558225315441
128 -0.780011325365262
128 -0.78972484683034
128 -0.779333637126632
128 -0.746472543670094
128 -0.688776413876681
128 -0.603880095162348
128 -0.489418434943052
128 -0.343026280634748
128 -0.162338479653392
128 0.0550101205850617
128 0.311384672664655
128 0.609150329169435
128 0.950672242683445
129 -0.238565187102283
129 -0.327486785129266
129 -0.415911224670216
129 -0.501475047910246
129 -0.581814797034469
129 -0.654567014227998
129 -0.717368241675945
129 -0.767855021563424
129 -0.803663896075547
129 -0.822431407397427
129 -0.821794097714178
129 -0.79938850921091
129 -0.752851184072739
129 -0.679818664484776
129 -0.577927492632134
129 -0.444814210699926
129 -0.278115360873266
129 -0.0754674853372652
129 0.165492873722963
129 0.447129174122305
129 0.77180487367565
129 1.14188343019788
129 1.55972830150389
129 2.02770294540856
130 -0.456722408332884
130 -0.544404291117531
130 -0.62586053057405
130 -0.698729542111695
130 -0.760649741139719
130 -0.809259543067375
130 -0.842197363303917
130 -0.857101617258596
130 -0.851610720340667
130 -0.823363087959382
130 -0.769997135523994
130 -0.689151278443757
130 -0.578463932127923
130 -0.435573511985746
130 -0.258118433426479
130 -0.0437371118593739
130 0.209932037306315
130 0.505250598661334
130 0.844580156796433
130 1.23028229630235
130 1.66471860176985
130 2.15025065778966
130 2.68924004895254
130 3.28404835984923
131 -0.282998275225271
131 -0.306890033735054
131 -0.346382803836555
131 -0.39597105564676
131 -0.450149259282653
131 -0.503411884861217
131 -0.550253402499436
131 -0.585168282314296
131 -0.60265099442278
131 -0.597196008941872
131 -0.563297795988556
131 -0.495450825679818
131 -0.38814956813264
131 -0.235888493464006
131 -0.0331620717909029
131 0.225535226769687
131 0.54570893210078
131 0.932864574085392
131 1.39250768260654
131 1.93014378754723
131 2.55127841879049
131 3.26141710621933
131 4.06606537971677
131 4.97072876916583
132 -0.372698677922047
132 -0.432732931255328
132 -0.496432415920121
132 -0.55831736847147
132 -0.612908025464419
132 -0.654724623454012
132 -0.678287398995293
132 -0.678116588643305
132 -0.648732428953093
132 -0.5846551564797
132 -0.48040500777817
132 -0.330502219403547
132 -0.129467027910874
132 0.128180330144804
132 0.447919618208443
132 0.835230599725001
132 1.29559303813943
132 1.83448669689669
132 2.45739133944174
132 3.16978672921953
132 3.97715262967502
132 4.88496880425316
132 5.89871501639892
132 7.02387102955724
133 -0.595908178092342
133 -0.673328038254158
133 -0.739085916658317
133 -0.78775870992538
133 -0.813923314675909
133 -0.812156627530465
133 -0.777035545109609
133 -0.703136964033903
133 -0.585037780923907
133 -0.417314892400183
133 -0.194545195083292
133 0.0886944144062047
133 0.437827039447746
133 0.85827578342077
133 1.35546374970472
133 1.93481404167902
133 2.60174976272313
133 3.36169401621648
133 4.2200699055385
133 5.18230053406864
133 6.25380900518633
133 7.44001842227102
133 8.74635188870213
133 10.1782325078591
134 -0.80928759881081
134 -0.871184780983566
134 -0.908003729427859
134 -0.914382970758562
134 -0.884961031590549
134 -0.814376438538695
134 -0.697267718217873
134 -0.528273397242958
134 -0.302032002228823
134 -0.0131820597903427
134 0.34363790345761
134 0.773789360900159
134 1.28263378592243
134 1.87553265190956
134 2.55784743224666
134 3.33493960031886
134 4.21217062951128
134 5.19490199320907
134 6.28849516479733
134 7.4983116176612
134 8.82971282518579
134 10.2880602607563
134 11.8787153977577
134 13.6070397095752
135 -0.744735761735446
135 -0.606678813009013
135 -0.503501811297227
135 -0.420322121477437
135 -0.342257108426992
135 -0.254424137023245
135 -0.141940572143543
135 0.0100762213347616
135 0.216508878534319
135 0.49224003457778
135 0.852152324587793
135 1.31112838368701
135 1.88405084699808
135 2.58580234964365
135 3.43126552674637
135 4.4353230134289
135 5.61285744481387
135 6.97875145602395
135 8.54788768218178
135 10.33514875841
135 12.3554173198313
135 14.6235760015683
135 17.1545074387436
135 19.9630942664799
136 -0.577845476352175
136 -0.543547288332186
136 -0.509415102069315
136 -0.461040066145159
136 -0.384013329141315
136 -0.263926039639383
136 -0.0863693462209595
136 0.163065602532358
136 0.498787658038971
136 0.935205671717283
136 1.4867284949857
136 2.16776497926261
136 2.99272397596643
136 3.97601433651556
136 5.13204491232839
136 6.47522455482334
136 8.01996211541881
136 9.78066644553319
136 11.7717463965849
136 14.0076108199923
136 16.5026685671738
136 19.2713284895479
136 22.3279994385329
136 25.6870902655472
137 -0.630641533657792
137 -0.637262854787379
137 -0.609339219535689
137 -0.533091798228869
137 -0.394741761193062
137 -0.180510278754413
137 0.123381478760933
137 0.530712341026832
137 1.05526113771714
137 1.71080669850571
137 2.5111278530664
137 3.47000343107306
137 4.60121226219955
137 5.91853317611973
137 7.43574500250745
137 9.16662657103656
137 11.1249567113809
137 13.3245142532144
137 15.7790780262108
137 18.5024268600441
137 21.508339584388
137 24.8105950289165
137 28.4229720233033
137 32.3592493972224
138 0.143804427110856
138 0.498436143832
138 0.680516308510163
138 0.746343755028908
138 0.752217317271794
138 0.754435829122382
138 0.809298124464235
138 0.973103037180914
138 1.30214940115598
138 1.85273605027299
138 2.68116181841551
138 3.84372553946709
138 5.39672604731131
138 7.39646217583172
138 9.89923275891189
138 12.9613366304354
138 16.6390726242857
138 20.9887395743465
138 26.0666363145013
138 31.9290616786336
138 38.6323145006271
138 46.2326936143652
138 54.7864978537316
138 64.3500260526098
139 0.367523705978995
139 0.316561219479066
139 0.239936816621027
139 0.187109669317354
139 0.207538949480524
139 0.350683829023011
139 0.66600347985729
139 1.20295707389584
139 2.01100378305113
139 3.13960277923564
139 4.63821323436184
139 6.55629432034222
139 8.94330520908923
139 11.8487050725154
139 15.3219530825331
139 19.4125084110549
139 24.1698302299933
139 29.6433777112606
139 35.8826100267695
139 42.9369863484324
139 50.8559658481616
139 59.6890076978699
139 69.4855710694695
139 80.295115134873
140 0.00189584569470103
140 -0.131246917254635
140 -0.200636682104389
140 -0.16225466861143
140 0.0279179034673769
140 0.413899814375163
140 1.03970984435506
140 1.94936677365021
140 3.18688938250373
140 4.79629645115877
140 6.82160675985845
140 9.3068390888459
140 12.2960122183643
140 15.8331449286567
140 19.9622559999663
140 24.7273642125362
140 30.1724883466095
140 36.3416471824294
140 43.278859500239
140 51.0281440802815
140 59.6335197027999
140 69.1390051480375
140 79.5886191962372
140 91.0263806276424
141 -0.410380722796262
141 -0.497393913772618
141 -0.453612536250267
141 -0.24016598095712
141 0.181816361378913
141 0.851205100029922
141 1.80687084426799
141 3.08768420336522
141 4.73251578659368
141 6.78023620322548
141 9.2697160625327
141 12.2398259737874
141 15.7294365462618
141 19.7774183892278
141 24.4226421119575
141 29.7039783237232
141 35.6602976337968
141 42.3304706514504
141 49.7533679859562
141 57.9678602465862
141 67.0128180426125
141 76.9271119833072
141 87.7496126779425
141 99.5191907357902
142 -0.22024650765366
142 -0.15686681218407
142 -0.0348639486584241
142 0.224463200090795
142 0.699815751231105
142 1.46989482193002
142 2.61340152935506
142 4.20903699067375
142 6.33550232305359
142 9.07149864366211
142 12.4957270696668
142 16.6868887182352
142 21.7236847065349
142 27.6848161517333
142 34.6489841709979
142 42.6948898814964
142 51.9012344003961
142 62.3467188448646
142 74.1100443320695
142 87.2699119791782
142 101.905022903358
142 118.094078221777
142 135.915779051603
142 155.448826510002
143 -0.417344296016883
143 -0.334874118634332
143 -0.0752164419534655
143 0.422175261656212
143 1.2178475198252
143 2.37234686018399
143 3.94621981036308
143 6.00001289799297
143 8.59427265070415
143 11.7895455961271
143 15.6463782618924
143 20.2253171756304
143 25.5869088649717
143 31.7916998575468
143 38.9002366809862
143 46.9730658629203
143 56.0707339309797
143 66.2537874127948
143 77.5827728359963
143 90.1182367282144
143 103.92072561708
143 119.050786030223
143 135.568964495274
143 153.535807539865
144 0.0255491960673897
144 0.214395172582176
144 0.523462557256067
144 1.05008467645359
144 1.89159485653926
144 3.14532642387761
144 4.90861270483316
144 7.27878702577043
144 10.3531827130539
144 14.2291330930482
144 19.0039714921178
144 24.7750312366272
144 31.639645652941
144 39.6951480674236
144 49.0388718064396
144 59.7681501963535
144 71.9803165635298
144 85.7727042343331
144 101.242646535128
144 118.487476792279
144 137.60452833215
144 158.691134481106
144 181.844628565512
144 207.162343911732
145 -0.188407262984196
145 0.123697279488502
145 0.689140533357957
145 1.56250690921636
145 2.7983808176559
145 4.45134666926877
145 6.57598887464715
145 9.22689184438324
145 12.4586399890692
145 16.3258177192973
145 20.8830094456597
145 26.1847995787485
145 32.285772529156
145 39.2405127074743
145 47.1036045242956
145 55.9296323902122
145 65.7731807158162
145 76.6888339116998
145 88.7311763884553
145 101.954792556675
145 116.41426682695
145 132.164183609874
145 149.259127316039
145 167.753682356036
146 0.120172159851309
146 0.68100744114896
146 1.37326001047935
146 2.28366377353683
146 3.49895263601572
146 5.10586050361036
146 7.19112128201508
146 9.84146887692422
146 13.1436371940321
146 17.1843601390331
146 22.0503716176215
146 27.8284055354916
146 34.6051957983379
146 42.4674763118546
146 51.501980981736
146 61.7954437136765
146 73.4345984133705
146 86.5061789865122
146 101.096919338796
146 117.293553375916
146 135.182815003567
146 154.851438127443
146 176.386156653239
146 199.873704486648
147 0.300954251279556
147 0.83621900842231
147 1.60294707819136
147 2.64551495456004
147 4.00829913150168
147 5.73567610298961
147 7.87202236299716
147 10.4617144054976
147 13.5491287244644
147 17.1786418138708
147 21.3946301676901
147 26.2414702798957
147 31.7635386444609
147 38.005211755359
147 45.0108661065634
147 52.8248781920474
147 61.4916245057843
147 71.0554815417474
147 81.5608257939101
147 93.0520337562457
147 105.573481922728
147 119.169546787329
147 133.884604844023
147 149.763032586784
148 0.431217907064732
148 0.998859784836174
148 1.81682849641729
148 2.90885534967574
148 4.29867165247915
148 6.01000871269519
148 8.06659783819149
148 10.4921703368357
148 13.3104575164955
148 16.5451906850384
148 20.2201011503323
148 24.3589202202446
148 28.985379202643
148 34.1232094053953
148 39.796142136369
148 46.0279087034317
148 52.8422404144513
148 60.2628685772951
148 68.313524499831
148 77.0179394899266
148 86.3998448554495
148 96.4829719042674
148 107.291051944248
148 118.847816283259
149 0.431876352313682
149 1.07115188151451
149 1.96138822816077
149 3.1081041933996
149 4.51681857837814
149 6.19305018424352
149 8.14231781214287
149 10.3701402632233
149 12.8820363386321
149 15.6835248395162
149 18.7801245670228
149 22.1773543222991
149 25.8807329064922
149 29.8957791207492
149 34.2280117662172
149 38.8829496440435
149 43.8661115553751
149 49.1830163013592
149 54.8391826831429
149 60.8401295018734
149 67.1913755586977
149 73.898439654763
149 80.9668405912165
149 88.4020971692053
150 0.581399093332847
150 1.19950526656826
150 2.05206827927337
150 3.1372899559241
150 4.45337212099634
150 5.99851659896599
150 7.77092521430894
150 9.76879979150108
150 11.9903421550183
150 14.4337541293366
150 17.0972375389317
150 19.9789942082797
150 23.0772259618563
150 26.3901346241375
150 29.9159220195992
150 33.6527899727173
150 37.5989403079677
150 41.7525748498263
150 46.1118954227689
150 50.6751038512715
150 55.44040195981
150 60.4059915728603
150 65.5700745148983
150 70.9308526103998
151 0.732884959539775
151 1.29523264044917
151 2.0669776568625
151 3.04197294647069
151 4.21407144696465
151 5.5771260960353
151 7.12498983137355
151 8.85151559067032
151 10.7505563116165
151 12.8159649319031
151 15.0415943892209
151 17.4212976212609
151 19.948927565714
151 22.6183371602712
151 25.4233793426232
151 28.3579070504611
151 31.4157732214758
151 34.5908307933582
151 37.8769327037991
151 41.2679318904896
151 44.7576812911205
151 48.3400338433827
151 52.0088424849672
151 55.7579601535649
152 0.844004059845324
152 1.3270743885471
152 1.99589581568834
152 2.84202745807837
152 3.85702843252653
152 5.03245785584217
152 6.35987484483463
152 7.83083851631324
152 9.43690798708735
152 11.1696423739663
152 13.0206007937594
152 14.9813423632761
152 17.0434261993256
152 19.1984114187173
152 21.4378571382605
152 23.7533224747646
152 26.136366545039
152 28.5785484658929
152 31.0714273541357
152 33.6065623265767
152 36.1755125000253
152 38.7698369912909
152 41.3810949171827
152 44.0008453945101
153 0.953146771821309
153 1.3408481065438
153 1.89295669159463
153 2.60161273955404
153 3.45895646300225
153 4.45712807451949
153 5.588267786686
153 6.84451581208201
153 8.21801236328775
153 9.70089765288346
153 11.2853118934493
153 12.9633952975657
153 14.7272880778126
153 16.5691304467705
153 18.4810626170195
153 20.4552248011398
153 22.4837572117117
153 24.5588000613154
153 26.6724935625312
153 28.8169779279392
153 30.9843933701198
153 33.1668801016531
153 35.3565783351193
153 37.5456282830988
154 0.978328543624136
154 1.30709394644984
154 1.78176507962706
154 2.39495770015181
154 3.13928756502009
154 4.00737043122792
154 4.99182205577132
154 6.08525819564628
154 7.28029460784883
154 8.56954704937497
154 9.94563127722072
154 11.4011630483821
154 12.9287581198551
154 14.5210322486357
154 16.17060119172
154 17.8700807061039
154 19.6120865487835
154 21.3892344767548
154 23.1941402470138
154 25.0194196165565
154 26.8576883423789
154 28.701562181477
154 30.5436568908469
154 32.3765882274845
155 0.993301100455688
155 1.2547883930438
155 1.64619572074458
155 2.16049218799699
155 2.79064689924
155 3.52962895891256
155 4.37040747145364
155 5.30595154130221
155 6.32923027289721
155 7.43321277067762
155 8.6108681390824
155 9.8551654825505
155 11.1590739055209
155 12.5155625124325
155 13.9176004077244
155 15.3581566958354
155 16.8302004812046
155 18.3267008682709
155 19.8406269614732
155 21.3649478652505
155 22.8926326840419
155 24.4166505222862
155 25.9299704844223
155 27.4255616748894
156 0.976776505908149
156 1.25521252661121
156 1.62676358925718
156 2.08714901018331
156 2.63208810572682
156 3.25730019222495
156 3.95850458601493
156 4.73142060343399
156 5.57176756081937
156 6.4752647745083
156 7.43763156083801
156 8.45458723614574
156 9.52185111676871
156 10.6351425190442
156 11.7901807593093
156 12.9826851539015
156 14.2083750191578
156 15.4629696714155
156 16.7421884270119
156 18.0417506022841
156 19.3573755135695
156 20.6847824772052
156 22.0196908095284
156 23.3578198268766
157 1.02322842830876
157 1.23356615074977
157 1.52682723468308
157 1.8990740127685
157 2.34636881766586
157 2.86477398203498
157 3.45035183853568
157 4.09916471982779
157 4.80727495857113
157 5.57074488742552
157 6.38563683905078
157 7.24801314610675
157 8.15393614125323
157 9.09946815715006
157 10.0806715264571
157 11.093608581834
157 12.1343416559409
157 13.1989330814373
157 14.2834451909832
157 15.3839403172384
157 16.4964807928627
157 17.6171289505159
157 18.7419471228578
157 19.8669976425484
158 1.02167743579347
158 1.16122853565352
158 1.37490364277432
158 1.65901040350667
158 2.00985646420136
158 2.42374947120918
158 2.89699707088091
158 3.42590690956735
158 4.00678663361929
158 4.63594388938752
158 5.30968632322283
158 6.02432158147601
158 6.77615731049785
158 7.56150115663913
158 8.37666076625066
158 9.21794378568322
158 10.0816578612876
158 10.9641106394146
158 11.861609766415
158 12.7704628886396
158 13.6869776524392
158 14.6074617041645
158 15.5282226901664
158 16.4455682567957
159 0.982704837345518
159 1.07495647190868
159 1.23576510647938
159 1.46155707085391
159 1.74875869482854
159 2.09379630819956
159 2.49309624076324
159 2.94308482231587
159 3.44018838265374
159 3.98083325157312
159 4.56144575887029
159 5.17845223434153
159 5.82827900778314
159 6.50735240899138
159 7.21209876776254
159 7.93894441389291
159 8.68431567717876
159 9.44463888741638
159 10.216340374402
159 10.995846467932
159 11.7795834978026
159 12.5639777938101
159 13.3454556857508
159 14.1204435034209
160 0.797322079121147
160 0.887077319775215
160 1.03639300054028
160 1.24181201319647
160 1.49987724952394
160 1.80713160130284
160 2.1601179603133
160 2.55537921833547
160 2.98945826714949
160 3.45889799853551
160 3.96024130427366
160 4.49003107614409
160 5.04481020592695
160 5.62112158540238
160 6.21550810635052
160 6.82451266055152
160 7.44467813978551
160 8.07254743583264
160 8.70466344047306
160 9.3375690454869
160 9.96780714265431
160 10.5919206237554
160 11.2064523805704
160 11.8079453048794
161 0.757013579139272
161 0.819283580116277
161 0.936354405023226
161 1.10484249935099
161 1.32136430859042
161 1.58253627823241
161 1.88497485376781
161 2.22529648068749
161 2.60011760448232
161 3.00605467064316
161 3.43972412466089
161 3.89774241202637
161 4.37672597823047
161 4.87329126876405
161 5.38405472911799
161 5.90563280478315
161 6.43464194125039
161 6.96769858401059
161 7.50141917855462
161 8.03242017037334
161 8.55731800495761
161 9.07272912779831
161 9.5752699843863
161 10.0615570202125
162 0.697433467499418
162 0.736012431855095
162 0.824358742853291
162 0.95914161982844
162 1.13703028211497
162 1.35469394904732
162 1.60880183995991
162 1.89602317418717
162 2.21302717106355
162 2.55648304992346
162 2.92306003010135
162 3.30942733093163
162 3.71225417174875
162 4.12820977188714
162 4.55396335068122
162 4.98618412746542
162 5.42154132157419
162 5.85670415234194
162 6.28834183910311
162 6.71312360119214
162 7.12771865794345
162 7.52879622869147
162 7.91302553277064
162 8.27707578951538
163 0.691379875312692
163 0.562730780470843
163 0.510892924795763
163 0.530229896950372
163 0.615105285597591
163 0.759882679400341
163 0.958925667021544
163 1.20659783712412
163 1.49726277837099
163 1.82528407942508
163 2.1850253289493
163 2.57085011560658
163 2.97712202805984
163 3.398204654972
163 3.82846158500598
163 4.2622564068247
163 4.69395270909109
163 5.11791408046806
163 5.52850410961854
163 5.92008638520544
163 6.28702449589169
163 6.62368203034021
163 6.92442257721391
163 7.18360972517574
164 0.413794810613742
164 0.317195138270202
164 0.289322815783285
164 0.324568459142622
164 0.417322684337843
164 0.56197610735858
164 0.752919344194463
164 0.984543010835123
164 1.25123772327019
164 1.5473940974893
164 1.86740274948207
164 2.20565429523814
164 2.55653935074715
164 2.91444853199871
164 3.27377245498247
164 3.62890173568805
164 3.97422699010508
164 4.3041388342232
164 4.61302788403203
164 4.89528475552121
164 5.14530006468037
164 5.35746442749913
164 5.52616845996712
164 5.64580277807399
165 0.180401800706421
165 0.125071100845416
165 0.129383852156079
165 0.187738256991294
165 0.294532517703941
165 0.444164836646902
165 0.63103341617306
165 0.849536458635297
165 1.09407216638649
165 1.35903874177953
165 1.63883438716729
165 1.92785730490266
165 2.22050569733852
165 2.51117776682774
165 2.79427171572322
165 3.06418574637783
165 3.31531806114446
165 3.54206686237598
165 3.73883035242528
165 3.90000673364524
165 4.01999420838875
165 4.09319097900868
165 4.11399524785791
165 4.07680521728934
166 0.0682937008139149
166 -0.095175016254925
166 -0.177372141196408
166 -0.186069183722622
166 -0.129037653545654
166 -0.0140490603775904
166 0.151125086069481
166 0.358713276083474
166 0.6009439999523
166 0.870045747963873
166 1.1582470104061
166 1.45777627756691
166 1.7608620397342
166 2.05973278719589
166 2.34661701023988
166 2.61374319915411
166 2.85333984422647
166 3.05763543574487
166 3.21885846399725
166 3.32923741927149
166 3.38100079185553
166 3.36637707203726
166 3.27759475010461
166 3.10688231634549
167 -0.214386660002327
167 -0.300993512582612
167 -0.317525868981672
167 -0.27180440619377
167 -0.171649801213167
167 -0.0248827310341226
167 0.1606761273491
167 0.377206096942241
167 0.616886500751039
167 0.871896661781232
167 1.13441590303856
167 1.39662354752876
167 1.65069891825758
167 1.88882133823074
167 2.103170130454
167 2.28592461793308
167 2.42926412367374
167 2.52536797068169
167 2.5664154819627
167 2.54458598052249
167 2.4520587893668
167 2.28101323150137
167 2.02362862993195
167 1.67208430766426
168 -0.381538266091507
168 -0.387892294011878
168 -0.337314248608992
168 -0.237674678945618
168 -0.0968441340845222
168 0.0773068369115269
168 0.276907684979762
168 0.494087861057415
168 0.72097681608172
168 0.949704000989906
168 1.17239886671921
168 1.38119086420686
168 1.56820944439009
168 1.72558405820613
168 1.84544415659222
168 1.91991919048559
168 1.94113861082346
168 1.90123186854308
168 1.79232841458168
168 1.60655769987648
168 1.33604917536472
168 0.972932291983627
168 0.50933650067044
168 -0.0626087476376078
169 -0.40124813348173
169 -0.345069909472784
169 -0.244103802273198
169 -0.106257024736705
169 0.0605632102829648
169 0.248449689932077
169 0.4494952013569
169 0.6557925317037
169 0.859434468118746
169 1.05251379774831
169 1.22712330773864
169 1.37535578523603
169 1.48930401738673
169 1.56106079133702
169 1.58271889423315
169 1.54637111322141
169 1.44411023544805
169 1.26802904805934
169 1.01022033820155
169 0.662776893020951
169 0.217791499663804
169 -0.332643054723619
169 -0.99643398299505
169 -1.78148849800423
170 -0.319398413435809
170 -0.214889296516005
170 -0.0781061844345281
170 0.0830101579776834
170 0.260518965889691
170 0.446479474470557
170 0.632950918889344
170 0.811992534315113
170 0.975663555916926
170 1.11602321886384
170 1.22513075832493
170 1.29504540946925
170 1.31782640746586
170 1.28553298748382
170 1.1902243846922
170 1.02395983426005
170 0.778798571356446
170 0.446799831150441
170 0.0200228488111005
170 -0.509473140492515
170 -1.14962890159135
170 -1.90838519931632
170 -2.79368279849839
170 -3.81346246396849
171 -0.157192056232443
171 -0.0206997535644776
171 0.135202463107332
171 0.302543330087348
171 0.473351583679931
171 0.639655960189443
171 0.793485195920244
171 0.926868027176696
171 1.03183319026316
171 1.100409421484
171 1.12462545714357
171 1.09651003354624
171 1.00809188699637
171 0.851399753798315
171 0.61846237025644
171 0.301308472675107
171 -0.108033202641323
171 -0.61753391938849
171 -1.23516494126203
171 -1.96889753195759
171 -2.82670295517079
171 -3.81655247459729
171 -4.94641735393272
171 -6.22426885687272
172 0.121599397507035
172 0.273288479561022
172 0.427840365811379
172 0.577252018780051
172 0.71352040098898
172 0.828642474960109
172 0.914615203215382
172 0.96343554827674
172 0.967100472666128
172 0.917606938905487
172 0.806951909516762
172 0.627132347021895
172 0.370145213942829
172 0.0279874728015073
172 -0.407343913880127
172 -0.943851983580132
172 -1.58953977377656
172 -2.35241032194748
172 -3.24046666557094
172 -4.26171184212499
172 -5.4241488890877
172 -6.73578084393712
172 -8.20461074415132
172 -9.83864162720833
173 0.371803608113365
173 0.515152705273156
173 0.647786191437762
173 0.761683720519871
173 0.848824946432176
173 0.901189523087366
173 0.910757104398131
173 0.869507344277161
173 0.769419896637146
173 0.602474415390777
173 0.360650554450743
173 0.0359279677297351
173 -0.379713690859558
173 -0.894294767404444
173 -1.51583560799224
173 -2.25235655871024
173 -3.11187796564577
173 -4.10242017488613
173 -5.23200353251864
173 -6.5086483846306
173 -7.94037507730932
173 -9.53520395664212
173 -11.3011553687163
173 -13.2462496596192
174 0.0430360899611656
174 -0.0683536472140223
174 -0.101262174946083
174 -0.0790175316440928
174 -0.024947755717128
174 0.0376191144257347
174 0.0853550403754191
174 0.0949319837228486
174 0.0430219060589478
174 -0.0937032310253616
174 -0.338571465939154
174 -0.714910837091507
174 -1.2460493828915
174 -1.9553151417482
174 -2.86603615207069
174 -4.00154045226805
174 -5.38515608074935
174 -7.04021107592366
174 -8.99003347620008
174 -11.2579513199877
174 -13.8672926456955
174 -16.8413854917327
174 -20.2035578965082
174 -23.9771378984312
175 -0.0525442698798704
175 -0.00903906859919127
175 0.0609453994638591
175 0.134320279648657
175 0.187996717294579
175 0.198885857741001
175 0.1438988463273
175 -5.31716071483501e-05
175 -0.256059050722968
175 -0.647207645680782
175 -1.19658781114121
175 -1.92728840176489
175 -2.86239827221243
175 -4.02500627714446
175 -5.4382012712216
175 -7.12507210910447
175 -9.10870764545371
175 -11.4121967349299
175 -14.0586282321938
175 -17.0710909919058
175 -20.4726738687267
175 -24.2864657173171
175 -28.5355553923376
175 -33.2430317484489
176 0.132898934807068
176 0.234888215897883
176 0.321274187598819
176 0.369494968139019
176 0.356988675747623
176 0.261193428653773
176 0.059547345086612
176 -0.27051145672472
176 -0.751544858551079
176 -1.40611474216333
176 -2.25678298933232
176 -3.32611148182891
176 -4.63666210142396
176 -6.21099672988834
176 -8.07167724899289
176 -10.2412655405085
176 -12.742323486206
176 -15.5974129678562
176 -18.82909586723
176 -22.4599340660984
176 -26.512489446232
176 -31.0093238894018
176 -35.9729992773787
176 -41.4260774919335
177 0.59314321004758
177 0.672408308131975
177 0.675992402321952
177 0.582651729053218
177 0.371142524761482
177 0.020221025882448
177 -0.491356531148175
177 -1.18483390989468
177 -2.08145487392136
177 -3.2024631867925
177 -4.56910261207241
177 -6.20261691332537
177 -8.12424985411567
177 -10.3552451980076
177 -12.9168467085655
177 -15.8302981493536
177 -19.1168432839362
177 -22.7977258758776
177 -26.8941896887421
177 -31.4274784860941
177 -36.4188360314977
177 -41.8895060885173
177 -47.8607324207171
177 -54.3537587916615
178 0.854035100422763
178 0.841003269857756
178 0.713479687106414
178 0.45140424374863
178 0.0347168313642973
178 -0.556642658466689
178 -1.34273433416443
178 -2.34361830414905
178 -3.57935467684063
178 -5.07000356065929
178 -6.83562506402514
178 -8.89627929535827
178 -11.2720263630788
178 -13.9829263756068
178 -17.0490394413625
178 -20.4904256687658
178 -24.327145166237
178 -28.5792580421961
178 -33.2668244050632
178 -38.4099043632585
178 -44.028558025202
178 -50.1428454993139
178 -56.7728268940142
178 -63.9385623177231
179 0.487349984924578
179 0.337745820642919
179 0.20848052458001
179 0.0121039549952395
179 -0.338834029852005
179 -0.931783571702336
179 -1.85419481229636
179 -3.19351789337471
179 -5.03720295667797
179 -7.47270014394677
179 -10.5874595969217
179 -14.4689314573434
179 -19.2045658669525
179 -24.8818129674896
179 -31.5881229006952
179 -39.4109458083101
179 -48.4377318320748
179 -58.7559311137299
179 -70.4529937950161
179 -83.6163700176739
179 -98.333509923444
179 -114.691863654067
179 -132.778881351283
179 -152.682013156834
180 0.539563626837887
180 0.467058363416618
180 0.253168580547691
180 -0.175526108075073
180 -0.892446088757856
180 -1.97101174780684
180 -3.48464347152819
180 -5.50676164622811
180 -8.11078665821275
180 -11.3701388937883
180 -15.358238739261
180 -20.1485065809369
180 -25.8143628051223
180 -32.4292277981233
180 -40.0665219462462
180 -48.799665635797
180 -58.702079253082
180 -69.8471831844074
180 -82.3083978160793
180 -96.1591435344039
180 -111.472840725687
180 -128.322909776236
180 -146.782771072356
180 -166.925845000353
181 0.192794735504278
181 0.00589080665056979
181 -0.256636658907297
181 -0.75687299799471
181 -1.65690354743706
181 -3.11881364405973
181 -5.30468862468811
181 -8.37661382614759
181 -12.4966745852636
181 -17.8269562388614
181 -24.5295441237665
181 -32.7665235768043
181 -42.6999799348
181 -54.4919985345793
181 -68.3046647129673
181 -84.3000638067895
181 -102.640281152871
181 -123.487402088038
181 -147.003511949115
181 -173.350696072928
181 -202.691039796302
181 -235.186628456063
181 -270.999547389035
181 -310.291881932045
182 0.218184290027365
182 -0.0199791438484599
182 -0.469652656378231
182 -1.26785345072879
182 -2.55159873006698
182 -4.45790569755964
182 -7.12379155637362
182 -10.6862735096758
182 -15.2823687606329
182 -21.0490945124119
182 -28.1234679681795
182 -36.6425063311027
182 -46.7432268043482
182 -58.562646591083
182 -72.2377828944738
182 -87.9056529176875
182 -105.703273863891
182 -125.767662936251
182 -148.235837337934
182 -173.244814272108
182 -200.931610941939
182 -231.433244550594
182 -264.886732301239
182 -301.429091397042
183 0.374756622730441
183 -0.0878644862655657
183 -0.922978705075863
183 -2.18882520544981
183 -3.94364315913675
183 -6.24567173788604
183 -9.15315011344705
183 -12.7243174575691
183 -17.0174129420016
183 -22.0906757384938
183 -28.0023450187952
183 -34.8106599546551
183 -42.5738597178227
183 -51.3501834800476
183 -61.197870413079
183 -72.1751596886663
183 -84.3402904785588
183 -97.751501954506
183 -112.467033288257
183 -128.545123651561
183 -146.044012216169
183 -165.021938153828
183 -185.537140636288
183 -207.647858835299
184 0.227452315766019
184 -0.419599901020064
184 -1.44701548703981
184 -2.88310137134875
184 -4.75616448300241
184 -7.0945117510563
184 -9.92645010456595
184 -13.2802864725869
184 -17.1843277841746
184 -21.6668809683847
184 -26.7562529542727
184 -32.480750670894
184 -38.8686810473042
184 -45.9483510125589
184 -53.7480674957135
184 -62.2961374258236
184 -71.6208677319447
184 -81.7505653431323
184 -92.713537188442
184 -104.538090196929
184 -117.25253129765
184 -130.885167419659
184 -145.464305492012
184 -161.018252443765
185 -0.0701399404211253
185 -0.86657134722721
185 -2.01841755195982
185 -3.52596261002849
185 -5.38949057684275
185 -7.60928550781214
185 -10.1856314583462
185 -13.1188124838544
185 -16.4091126397464
185 -20.0568159814317
185 -24.0622065643197
185 -28.4255684438201
185 -33.1471856753423
185 -38.227342314296
185 -43.6663224160905
185 -49.4644100361356
185 -55.6218892298406
185 -62.1390440526152
185 -69.0161585598689
185 -76.2535168070111
185 -83.8514028494515
185 -91.8101007425996
185 -100.129894541865
185 -108.811068302657
