0 0
2.5 0.758081044676686
2.5 0.758081044676686
2.5 0.756979942455558
2.5 0.743808718864108
2.5 0.720867243311001
2.5 0.688142902322924
2.5 0.621546180051115
2.5 0.531762600327258
2.5 0.381571488049151
2.5 0.108504971417163
2.5 -0.0897374605360444
2.5 -0.185570680228657
2.5 -0.201619937369936
2.5 -0.189187013458431
2.5 -0.171265686383241
2.5 -0.150906568665531
2.5 -0.123032195080135
2.5 -0.0975710497177437
2.5 -0.073413944229153
2.5 -0.0527502152559233
2.5 -0.0331219846730302
2.5 -0.0102742370325069
2.5 0.00752432285304219
2.5 0.0222932020010316
2.5 0.0475133738539915
2.5 0.0716785339233909
2.5 0.0889760948878756
2.5 0.0958123540580275
2.5 0.0958716737523574
2.5 0.0914589075027767
2.5 0.0810484640726486
2.5 0.0691678245712831
2.5 0.0164668114240508
2.5 0.0120989026019365
2.5 0.00834051982920562
2.5 0.00636660426449401
2.5 0.00672873892971659
2.5 0.00921761204721955
2.5 0.0254590124551132
2.5 0.031412352217359
2.5 0.0394484962615049
2.5 0.0493291687240324
2.5 0.0610214223459142
2.5 0.0742843301624778
2.5 0.15197675380592
2.5 0.182590254841766
2.5 0.205258376333314
2.5 0.213515479355864
2.5 0.213863862719638
2.5 0.191476814819499
2.5 0.248952384880686
2.5 0.289879417932425
2.5 0.299828343844337
2.5 0.302563097877148
2.5 0.264643542560724
2.5 0.2105072435803
2.5 0.17426984092158
2.5 0.160479163183936
2.5 0.1454785663729
2.5 0.144245527842453
2.5 0.156486018724048
2.5 0.186371764567271
2.5 0.296885713293782
2.5 0.400119715563735
2.5 0.460262785674597
2.5 0.591400702996969
2.5 0.66169724112458
2.5 0.683494894648372
2.5 0.740212423324133
2.5 0.717965078954915
2.5 0.671028540268653
2.5 0.624240780853131
2.5 0.640083790827506
2.5 0.621009453801878
2.5 0.568191066991912
2.5 0.541741876136134
2.5 0.573985337489816
2.5 0.57397119310402
2.5 0.617121023851644
2.5 0.688362322550103
2.5 0.764204647302009
2.5 0.739143856573948
2.5 0.689163402526463
2.5 0.649299942482904
2.5 0.627710531198458
2.5 0.580169621887109
2.5 0.619031523566422
2.5 0.651496790440916
2.5 0.722289158884217
2.5 0.687641963135705
2.5 0.657883262016504
2.5 0.745620689200748
2.5 0.810155257652886
2.5 0.868486524814959
2.5 0.907799894513244
2.5 0.95625089857033
2.5 0.970913427423349
2.5 0.970542535643197
2.5 0.940529227009166
2.5 0.880533761158061
2.5 0.922262356290684
2.5 0.921245627337882
2.5 0.891171794777862
2.5 0.839883211130872
2.5 0.745909334677698
2.5 0.715447122677131
2.5 0.631145940136455
2.5 0.513414865576868
2.5 0.405108311970236
2.5 0.33808970868135
2.5 0.437671198999663
2.5 0.316060542752205
2.5 0.235174613962021
2.5 0.217099411422824
2.5 0.21854478961309
2.5 0.239541741687472
2.5 0.315873463175375
2.5 0.464735589931647
2.5 0.570436414952752
2.5 0.658873880288227
2.5 0.810878559600336
2.5 0.850621720781277
2.5 0.82177258795304
2.5 0.713780620725055
2.5 0.479079633410762
2.5 0.14867012205715
2.5 0.0961053479325063
2.5 -0.0226839711461947
2.5 -0.238565187102283
2.5 -0.456722408332884
2.5 -0.282998275225271
2.5 -0.372698677922047
2.5 -0.595908178092342
2.5 -0.80928759881081
2.5 -0.744735761735446
2.5 -0.577845476352175
2.5 -0.630641533657792
2.5 0.143804427110856
2.5 0.367523705978995
2.5 0.00189584569470103
2.5 -0.410380722796262
2.5 -0.22024650765366
2.5 -0.417344296016883
2.5 0.0255491960673897
2.5 -0.188407262984196
2.5 0.120172159851309
2.5 0.300954251279556
2.5 0.431217907064732
2.5 0.431876352313682
2.5 0.581399093332847
2.5 0.732884959539775
2.5 0.844004059845324
2.5 0.953146771821309
2.5 0.978328543624136
2.5 0.993301100455688
2.5 0.976776505908149
2.5 1.02322842830876
2.5 1.02167743579347
2.5 0.982704837345518
2.5 0.797322079121147
2.5 0.757013579139272
2.5 0.697433467499418
2.5 0.691379875312692
2.5 0.413794810613742
2.5 0.180401800706421
2.5 0.0682937008139149
2.5 -0.214386660002327
2.5 -0.381538266091507
2.5 -0.40124813348173
2.5 -0.319398413435809
2.5 -0.157192056232443
2.5 0.121599397507035
2.5 0.371803608113365
2.5 0.0430360899611656
2.5 -0.0525442698798704
2.5 0.132898934807068
2.5 0.59314321004758
2.5 0.854035100422763
2.5 0.487349984924578
2.5 0.539563626837887
2.5 0.192794735504278
2.5 0.218184290027365
2.5 0.374756622730441
2.5 0.227452315766019
2.5 -0.0701399404211253
