0 0
-32.16173 113.361
-43.49173 105.941
-61.09 92.88499
-78.29172 78.73102
-93.05002 65.34102
-107.7717 50.57938
-32.16173 113.361
-43.49173 105.941
-61.09 92.88499
-78.29172 78.73102
-93.05002 65.34102
-107.7717 50.57938
-32.16173 113.361
-43.49173 105.941
-61.09 92.88499
-78.29172 78.73102
-93.05002 65.34102
-107.7717 50.57938
-32.16173 113.361
-43.49173 105.941
-61.09 92.88499
-78.29172 78.73102
-93.05002 65.34102
-107.7717 50.57938
-32.16173 113.361
-43.49173 105.941
-61.09 92.88499
-78.29172 78.73102
-93.05002 65.34102
-107.7717 50.57938
-32.16173 113.361
-43.49173 105.941
-61.09 92.88499
-78.29172 78.73102
-93.05002 65.34102
-107.7717 50.57938
-32.16173 113.361
-43.49173 105.941
-61.09 92.88499
-78.29172 78.73102
-93.05002 65.34102
-107.7717 50.57938
-32.16173 113.361
-43.49173 105.941
-61.09 92.88499
-78.29172 78.73102
-93.05002 65.34102
-107.7717 50.57938
-32.16173 113.361
-43.49173 105.941
-61.09 92.88499
-78.29172 78.73102
-93.05002 65.34102
-107.7717 50.57938
-32.16173 113.361
-43.49173 105.941
-61.09 92.88499
-78.29172 78.73102
-93.05002 65.34102
-107.7717 50.57938
-32.16173 113.361
-43.49173 105.941
-61.09 92.88499
-78.29172 78.73102
-93.05002 65.34102
-107.7717 50.57938
-32.16173 113.361
-43.49173 105.941
-61.09 92.88499
-78.29172 78.73102
-93.05002 65.34102
-107.7717 50.57938
-43.49173 105.941
-61.09 92.88499
-78.29172 78.73102
-93.05002 65.34102
-107.7717 50.57938
-123.3917 33.37102
-43.49173 105.941
-61.09 92.88499
-78.29172 78.73102
-93.05002 65.34102
-107.7717 50.57938
-123.3917 33.37102
-43.49173 105.941
-61.09 92.88499
-78.29172 78.73102
-93.05002 65.34102
-107.7717 50.57938
-123.3917 33.37102
-43.49173 105.941
-61.09 92.88499
-78.29172 78.73102
-93.05002 65.34102
-107.7717 50.57938
-123.3917 33.37102
-43.49173 105.941
-61.09 92.88499
-78.29172 78.73102
-93.05002 65.34102
-107.7717 50.57938
-123.3917 33.37102
-43.49173 105.941
-61.09 92.88499
-78.29172 78.73102
-93.05002 65.34102
-107.7717 50.57938
-123.3917 33.37102
-43.49173 105.941
-61.09 92.88499
-78.29172 78.73102
-93.05002 65.34102
-107.7717 50.57938
-123.3917 33.37102
-43.49173 105.941
-61.09 92.88499
-78.29172 78.73102
-93.05002 65.34102
-107.7717 50.57938
-123.3917 33.37102
-43.49173 105.941
-61.09 92.88499
-78.29172 78.73102
-93.05002 65.34102
-107.7717 50.57938
-123.3917 33.37102
-43.49173 105.941
-61.09 92.88499
-78.29172 78.73102
-93.05002 65.34102
-107.7717 50.57938
-123.3917 33.37102
-43.49173 105.941
-61.09 92.88499
-78.29172 78.73102
-93.05002 65.34102
-107.7717 50.57938
-123.3917 33.37102
-43.49173 105.941
-61.09 92.88499
-78.29172 78.73102
-93.05002 65.34102
-107.7717 50.57938
-123.3917 33.37102
-43.49173 105.941
-61.09 92.88499
-78.29172 78.73102
-93.05002 65.34102
-107.7717 50.57938
-123.3917 33.37102
-61.09 92.88499
-78.29172 78.73102
-93.05002 65.34102
-107.7717 50.57938
-123.3917 33.37102
-134.97 18.404
-61.09 92.88499
-78.29172 78.73102
-93.05002 65.34102
-107.7717 50.57938
-123.3917 33.37102
-134.97 18.404
-61.09 92.88499
-78.29172 78.73102
-93.05002 65.34102
-107.7717 50.57938
-123.3917 33.37102
-134.97 18.404
-61.09 92.88499
-78.29172 78.73102
-93.05002 65.34102
-107.7717 50.57938
-123.3917 33.37102
-134.97 18.404
-61.09 92.88499
-78.29172 78.73102
-93.05002 65.34102
-107.7717 50.57938
-123.3917 33.37102
-134.97 18.404
-61.09 92.88499
-78.29172 78.73102
-93.05002 65.34102
-107.7717 50.57938
-123.3917 33.37102
-134.97 18.404
-61.09 92.88499
-78.29172 78.73102
-93.05002 65.34102
-107.7717 50.57938
-123.3917 33.37102
-134.97 18.404
-61.09 92.88499
-78.29172 78.73102
-93.05002 65.34102
-107.7717 50.57938
-123.3917 33.37102
-134.97 18.404
-61.09 92.88499
-78.29172 78.73102
-93.05002 65.34102
-107.7717 50.57938
-123.3917 33.37102
-134.97 18.404
-78.29172 78.73102
-93.05002 65.34102
-107.7717 50.57938
-123.3917 33.37102
-134.97 18.404
-145.1165 4.339378
-78.29172 78.73102
-93.05002 65.34102
-107.7717 50.57938
-123.3917 33.37102
-134.97 18.404
-145.1165 4.339378
-78.29172 78.73102
-93.05002 65.34102
-107.7717 50.57938
-123.3917 33.37102
-134.97 18.404
-145.1165 4.339378
-78.29172 78.73102
-93.05002 65.34102
-107.7717 50.57938
-123.3917 33.37102
-134.97 18.404
-145.1165 4.339378
-78.29172 78.73102
-93.05002 65.34102
-107.7717 50.57938
-123.3917 33.37102
-134.97 18.404
-145.1165 4.339378
-78.29172 78.73102
-93.05002 65.34102
-107.7717 50.57938
-123.3917 33.37102
-134.97 18.404
-145.1165 4.339378
-78.29172 78.73102
-93.05002 65.34102
-107.7717 50.57938
-123.3917 33.37102
-134.97 18.404
-145.1165 4.339378
-93.05002 65.34102
-107.7717 50.57938
-123.3917 33.37102
-134.97 18.404
-145.1165 4.339378
-158.3417 -17.42898
-93.05002 65.34102
-107.7717 50.57938
-123.3917 33.37102
-134.97 18.404
-145.1165 4.339378
-158.3417 -17.42898
-93.05002 65.34102
-107.7717 50.57938
-123.3917 33.37102
-134.97 18.404
-145.1165 4.339378
-158.3417 -17.42898
-93.05002 65.34102
-107.7717 50.57938
-123.3917 33.37102
-134.97 18.404
-145.1165 4.339378
-158.3417 -17.42898
-93.05002 65.34102
-107.7717 50.57938
-123.3917 33.37102
-134.97 18.404
-145.1165 4.339378
-158.3417 -17.42898
-107.7717 50.57938
-123.3917 33.37102
-134.97 18.404
-145.1165 4.339378
-158.3417 -17.42898
-164.3164 -30.18062
-107.7717 50.57938
-123.3917 33.37102
-134.97 18.404
-145.1165 4.339378
-158.3417 -17.42898
-164.3164 -30.18062
-107.7717 50.57938
-123.3917 33.37102
-134.97 18.404
-145.1165 4.339378
-158.3417 -17.42898
-164.3164 -30.18062
-107.7717 50.57938
-123.3917 33.37102
-134.97 18.404
-145.1165 4.339378
-158.3417 -17.42898
-164.3164 -30.18062
-107.7717 50.57938
-123.3917 33.37102
-134.97 18.404
-145.1165 4.339378
-158.3417 -17.42898
-164.3164 -30.18062
-107.7717 50.57938
-123.3917 33.37102
-134.97 18.404
-145.1165 4.339378
-158.3417 -17.42898
-164.3164 -30.18062
-123.3917 33.37102
-134.97 18.404
-145.1165 4.339378
-158.3417 -17.42898
-164.3164 -30.18062
-169.3365 -42.84062
-123.3917 33.37102
-134.97 18.404
-145.1165 4.339378
-158.3417 -17.42898
-164.3164 -30.18062
-169.3365 -42.84062
-123.3917 33.37102
-134.97 18.404
-145.1165 4.339378
-158.3417 -17.42898
-164.3164 -30.18062
-169.3365 -42.84062
-123.3917 33.37102
-134.97 18.404
-145.1165 4.339378
-158.3417 -17.42898
-164.3164 -30.18062
-169.3365 -42.84062
-123.3917 33.37102
-134.97 18.404
-145.1165 4.339378
-158.3417 -17.42898
-164.3164 -30.18062
-169.3365 -42.84062
-134.97 18.404
-145.1165 4.339378
-158.3417 -17.42898
-164.3164 -30.18062
-169.3365 -42.84062
-175.4917 -66.52898
-134.97 18.404
-145.1165 4.339378
-158.3417 -17.42898
-164.3164 -30.18062
-169.3365 -42.84062
-175.4917 -66.52898
-134.97 18.404
-145.1165 4.339378
-158.3417 -17.42898
-164.3164 -30.18062
-169.3365 -42.84062
-175.4917 -66.52898
-134.97 18.404
-145.1165 4.339378
-158.3417 -17.42898
-164.3164 -30.18062
-169.3365 -42.84062
-175.4917 -66.52898
-145.1165 4.339378
-158.3417 -17.42898
-164.3164 -30.18062
-169.3365 -42.84062
-175.4917 -66.52898
-176.9617 -76.85062
-145.1165 4.339378
-158.3417 -17.42898
-164.3164 -30.18062
-169.3365 -42.84062
-175.4917 -66.52898
-176.9617 -76.85062
-145.1165 4.339378
-158.3417 -17.42898
-164.3164 -30.18062
-169.3365 -42.84062
-175.4917 -66.52898
-176.9617 -76.85062
-145.1165 4.339378
-158.3417 -17.42898
-164.3164 -30.18062
-169.3365 -42.84062
-175.4917 -66.52898
-176.9617 -76.85062
-145.1165 4.339378
-158.3417 -17.42898
-164.3164 -30.18062
-169.3365 -42.84062
-175.4917 -66.52898
-176.9617 -76.85062
-158.3417 -17.42898
-164.3164 -30.18062
-169.3365 -42.84062
-175.4917 -66.52898
-176.9617 -76.85062
-176.8864 -90.64063
-158.3417 -17.42898
-164.3164 -30.18062
-169.3365 -42.84062
-175.4917 -66.52898
-176.9617 -76.85062
-176.8864 -90.64063
-158.3417 -17.42898
-164.3164 -30.18062
-169.3365 -42.84062
-175.4917 -66.52898
-176.9617 -76.85062
-176.8864 -90.64063
-164.3164 -30.18062
-169.3365 -42.84062
-175.4917 -66.52898
-176.9617 -76.85062
-176.8864 -90.64063
-175.0817 -100.3206
-164.3164 -30.18062
-169.3365 -42.84062
-175.4917 -66.52898
-176.9617 -76.85062
-176.8864 -90.64063
-175.0817 -100.3206
-164.3164 -30.18062
-169.3365 -42.84062
-175.4917 -66.52898
-176.9617 -76.85062
-176.8864 -90.64063
-175.0817 -100.3206
-169.3365 -42.84062
-175.4917 -66.52898
-176.9617 -76.85062
-176.8864 -90.64063
-175.0817 -100.3206
-170.3617 -115.129
-169.3365 -42.84062
-175.4917 -66.52898
-176.9617 -76.85062
-176.8864 -90.64063
-175.0817 -100.3206
-170.3617 -115.129
-169.3365 -42.84062
-175.4917 -66.52898
-176.9617 -76.85062
-176.8864 -90.64063
-175.0817 -100.3206
-170.3617 -115.129
-169.3365 -42.84062
-175.4917 -66.52898
-176.9617 -76.85062
-176.8864 -90.64063
-175.0817 -100.3206
-170.3617 -115.129
-175.4917 -66.52898
-176.9617 -76.85062
-176.8864 -90.64063
-175.0817 -100.3206
-170.3617 -115.129
-164.4217 -124.5206
-175.4917 -66.52898
-176.9617 -76.85062
-176.8864 -90.64063
-175.0817 -100.3206
-170.3617 -115.129
-164.4217 -124.5206
-176.9617 -76.85062
-176.8864 -90.64063
-175.0817 -100.3206
-170.3617 -115.129
-164.4217 -124.5206
-158.9417 -131.399
-176.9617 -76.85062
-176.8864 -90.64063
-175.0817 -100.3206
-170.3617 -115.129
-164.4217 -124.5206
-158.9417 -131.399
-176.8864 -90.64063
-175.0817 -100.3206
-170.3617 -115.129
-164.4217 -124.5206
-158.9417 -131.399
-146.6317 -141.329
-176.8864 -90.64063
-175.0817 -100.3206
-170.3617 -115.129
-164.4217 -124.5206
-158.9417 -131.399
-146.6317 -141.329
-175.0817 -100.3206
-170.3617 -115.129
-164.4217 -124.5206
-158.9417 -131.399
-146.6317 -141.329
-134.6765 -147.489
-175.0817 -100.3206
-170.3617 -115.129
-164.4217 -124.5206
-158.9417 -131.399
-146.6317 -141.329
-134.6765 -147.489
-175.0817 -100.3206
-170.3617 -115.129
-164.4217 -124.5206
-158.9417 -131.399
-146.6317 -141.329
-134.6765 -147.489
-170.3617 -115.129
-164.4217 -124.5206
-158.9417 -131.399
-146.6317 -141.329
-134.6765 -147.489
-126.4965 -150.849
-170.3617 -115.129
-164.4217 -124.5206
-158.9417 -131.399
-146.6317 -141.329
-134.6765 -147.489
-126.4965 -150.849
-164.4217 -124.5206
-158.9417 -131.399
-146.6317 -141.329
-134.6765 -147.489
-126.4965 -150.849
-108.5617 -155.499
-164.4217 -124.5206
-158.9417 -131.399
-146.6317 -141.329
-134.6765 -147.489
-126.4965 -150.849
-108.5617 -155.499
-158.9417 -131.399
-146.6317 -141.329
-134.6765 -147.489
-126.4965 -150.849
-108.5617 -155.499
-95.20645 -157.609
-158.9417 -131.399
-146.6317 -141.329
-134.6765 -147.489
-126.4965 -150.849
-108.5617 -155.499
-95.20645 -157.609
-146.6317 -141.329
-134.6765 -147.489
-126.4965 -150.849
-108.5617 -155.499
-95.20645 -157.609
-73.86172 -159.129
-146.6317 -141.329
-134.6765 -147.489
-126.4965 -150.849
-108.5617 -155.499
-95.20645 -157.609
-73.86172 -159.129
-146.6317 -141.329
-134.6765 -147.489
-126.4965 -150.849
-108.5617 -155.499
-95.20645 -157.609
-73.86172 -159.129
-134.6765 -147.489
-126.4965 -150.849
-108.5617 -155.499
-95.20645 -157.609
-73.86172 -159.129
-42.38173 -159.099
-126.4965 -150.849
-108.5617 -155.499
-95.20645 -157.609
-73.86172 -159.129
-42.38173 -159.099
-24.50172 -157.469
-126.4965 -150.849
-108.5617 -155.499
-95.20645 -157.609
-73.86172 -159.129
-42.38173 -159.099
-24.50172 -157.469
-126.4965 -150.849
-108.5617 -155.499
-95.20645 -157.609
-73.86172 -159.129
-42.38173 -159.099
-24.50172 -157.469
-126.4965 -150.849
-108.5617 -155.499
-95.20645 -157.609
-73.86172 -159.129
-42.38173 -159.099
-24.50172 -157.469
-108.5617 -155.499
-95.20645 -157.609
-73.86172 -159.129
-42.38173 -159.099
-24.50172 -157.469
2.908264 -153.909
-108.5617 -155.499
-95.20645 -157.609
-73.86172 -159.129
-42.38173 -159.099
-24.50172 -157.469
2.908264 -153.909
-95.20645 -157.609
-73.86172 -159.129
-42.38173 -159.099
-24.50172 -157.469
2.908264 -153.909
22.10828 -151.629
-95.20645 -157.609
-73.86172 -159.129
-42.38173 -159.099
-24.50172 -157.469
2.908264 -153.909
22.10828 -151.629
-95.20645 -157.609
-73.86172 -159.129
-42.38173 -159.099
-24.50172 -157.469
2.908264 -153.909
22.10828 -151.629
-95.20645 -157.609
-73.86172 -159.129
-42.38173 -159.099
-24.50172 -157.469
2.908264 -153.909
22.10828 -151.629
-73.86172 -159.129
-42.38173 -159.099
-24.50172 -157.469
2.908264 -153.909
22.10828 -151.629
47.20827 -148.129
-73.86172 -159.129
-42.38173 -159.099
-24.50172 -157.469
2.908264 -153.909
22.10828 -151.629
47.20827 -148.129
-73.86172 -159.129
-42.38173 -159.099
-24.50172 -157.469
2.908264 -153.909
22.10828 -151.629
47.20827 -148.129
-73.86172 -159.129
-42.38173 -159.099
-24.50172 -157.469
2.908264 -153.909
22.10828 -151.629
47.20827 -148.129
-73.86172 -159.129
-42.38173 -159.099
-24.50172 -157.469
2.908264 -153.909
22.10828 -151.629
47.20827 -148.129
-42.38173 -159.099
-24.50172 -157.469
2.908264 -153.909
22.10828 -151.629
47.20827 -148.129
75.06355 -143.929
-42.38173 -159.099
-24.50172 -157.469
2.908264 -153.909
22.10828 -151.629
47.20827 -148.129
75.06355 -143.929
-42.38173 -159.099
-24.50172 -157.469
2.908264 -153.909
22.10828 -151.629
47.20827 -148.129
75.06355 -143.929
-24.50172 -157.469
2.908264 -153.909
22.10828 -151.629
47.20827 -148.129
75.06355 -143.929
91.19354 -139.979
-24.50172 -157.469
2.908264 -153.909
22.10828 -151.629
47.20827 -148.129
75.06355 -143.929
91.19354 -139.979
-24.50172 -157.469
2.908264 -153.909
22.10828 -151.629
47.20827 -148.129
75.06355 -143.929
91.19354 -139.979
-24.50172 -157.469
2.908264 -153.909
22.10828 -151.629
47.20827 -148.129
75.06355 -143.929
91.19354 -139.979
2.908264 -153.909
22.10828 -151.629
47.20827 -148.129
75.06355 -143.929
91.19354 -139.979
107.3083 -134.209
2.908264 -153.909
22.10828 -151.629
47.20827 -148.129
75.06355 -143.929
91.19354 -139.979
107.3083 -134.209
2.908264 -153.909
22.10828 -151.629
47.20827 -148.129
75.06355 -143.929
91.19354 -139.979
107.3083 -134.209
22.10828 -151.629
47.20827 -148.129
75.06355 -143.929
91.19354 -139.979
107.3083 -134.209
114.2635 -130.6506
22.10828 -151.629
47.20827 -148.129
75.06355 -143.929
91.19354 -139.979
107.3083 -134.209
114.2635 -130.6506
22.10828 -151.629
47.20827 -148.129
75.06355 -143.929
91.19354 -139.979
107.3083 -134.209
114.2635 -130.6506
22.10828 -151.629
47.20827 -148.129
75.06355 -143.929
91.19354 -139.979
107.3083 -134.209
114.2635 -130.6506
47.20827 -148.129
75.06355 -143.929
91.19354 -139.979
107.3083 -134.209
114.2635 -130.6506
122.5583 -123.779
47.20827 -148.129
75.06355 -143.929
91.19354 -139.979
107.3083 -134.209
114.2635 -130.6506
122.5583 -123.779
47.20827 -148.129
75.06355 -143.929
91.19354 -139.979
107.3083 -134.209
114.2635 -130.6506
122.5583 -123.779
47.20827 -148.129
75.06355 -143.929
91.19354 -139.979
107.3083 -134.209
114.2635 -130.6506
122.5583 -123.779
75.06355 -143.929
91.19354 -139.979
107.3083 -134.209
114.2635 -130.6506
122.5583 -123.779
126.6183 -118.159
75.06355 -143.929
91.19354 -139.979
107.3083 -134.209
114.2635 -130.6506
122.5583 -123.779
126.6183 -118.159
91.19354 -139.979
107.3083 -134.209
114.2635 -130.6506
122.5583 -123.779
126.6183 -118.159
129.1083 -108.669
91.19354 -139.979
107.3083 -134.209
114.2635 -130.6506
122.5583 -123.779
126.6183 -118.159
129.1083 -108.669
107.3083 -134.209
114.2635 -130.6506
122.5583 -123.779
126.6183 -118.159
129.1083 -108.669
129.1283 -100.349
107.3083 -134.209
114.2635 -130.6506
122.5583 -123.779
126.6183 -118.159
129.1083 -108.669
129.1283 -100.349
114.2635 -130.6506
122.5583 -123.779
126.6183 -118.159
129.1083 -108.669
129.1283 -100.349
126.8983 -89.95898
114.2635 -130.6506
122.5583 -123.779
126.6183 -118.159
129.1083 -108.669
129.1283 -100.349
126.8983 -89.95898
122.5583 -123.779
126.6183 -118.159
129.1083 -108.669
129.1283 -100.349
126.8983 -89.95898
122.3383 -79.97897
126.6183 -118.159
129.1083 -108.669
129.1283 -100.349
126.8983 -89.95898
122.3383 -79.97897
117.2083 -69.827
126.6183 -118.159
129.1083 -108.669
129.1283 -100.349
126.8983 -89.95898
122.3383 -79.97897
117.2083 -69.827
126.6183 -118.159
129.1083 -108.669
129.1283 -100.349
126.8983 -89.95898
122.3383 -79.97897
117.2083 -69.827
129.1083 -108.669
129.1283 -100.349
126.8983 -89.95898
122.3383 -79.97897
117.2083 -69.827
98.34827 -42.02898
129.1083 -108.669
129.1283 -100.349
126.8983 -89.95898
122.3383 -79.97897
117.2083 -69.827
98.34827 -42.02898
129.1283 -100.349
126.8983 -89.95898
122.3383 -79.97897
117.2083 -69.827
98.34827 -42.02898
83.63827 -20.72898
129.1283 -100.349
126.8983 -89.95898
122.3383 -79.97897
117.2083 -69.827
98.34827 -42.02898
83.63827 -20.72898
129.1283 -100.349
126.8983 -89.95898
122.3383 -79.97897
117.2083 -69.827
98.34827 -42.02898
83.63827 -20.72898
126.8983 -89.95898
122.3383 -79.97897
117.2083 -69.827
98.34827 -42.02898
83.63827 -20.72898
79.68355 -12.66062
126.8983 -89.95898
122.3383 -79.97897
117.2083 -69.827
98.34827 -42.02898
83.63827 -20.72898
79.68355 -12.66062
126.8983 -89.95898
122.3383 -79.97897
117.2083 -69.827
98.34827 -42.02898
83.63827 -20.72898
79.68355 -12.66062
122.3383 -79.97897
117.2083 -69.827
98.34827 -42.02898
83.63827 -20.72898
79.68355 -12.66062
78.52827 -7.878983
122.3383 -79.97897
117.2083 -69.827
98.34827 -42.02898
83.63827 -20.72898
79.68355 -12.66062
78.52827 -7.878983
117.2083 -69.827
98.34827 -42.02898
83.63827 -20.72898
79.68355 -12.66062
78.52827 -7.878983
77.04827 -1.338982
117.2083 -69.827
98.34827 -42.02898
83.63827 -20.72898
79.68355 -12.66062
78.52827 -7.878983
77.04827 -1.338982
117.2083 -69.827
98.34827 -42.02898
83.63827 -20.72898
79.68355 -12.66062
78.52827 -7.878983
77.04827 -1.338982
117.2083 -69.827
98.34827 -42.02898
83.63827 -20.72898
79.68355 -12.66062
78.52827 -7.878983
77.04827 -1.338982
117.2083 -69.827
98.34827 -42.02898
83.63827 -20.72898
79.68355 -12.66062
78.52827 -7.878983
77.04827 -1.338982
117.2083 -69.827
98.34827 -42.02898
83.63827 -20.72898
79.68355 -12.66062
78.52827 -7.878983
77.04827 -1.338982
98.34827 -42.02898
83.63827 -20.72898
79.68355 -12.66062
78.52827 -7.878983
77.04827 -1.338982
77.87827 5.75
98.34827 -42.02898
83.63827 -20.72898
79.68355 -12.66062
78.52827 -7.878983
77.04827 -1.338982
77.87827 5.75
98.34827 -42.02898
83.63827 -20.72898
79.68355 -12.66062
78.52827 -7.878983
77.04827 -1.338982
77.87827 5.75
98.34827 -42.02898
83.63827 -20.72898
79.68355 -12.66062
78.52827 -7.878983
77.04827 -1.338982
77.87827 5.75
98.34827 -42.02898
83.63827 -20.72898
79.68355 -12.66062
78.52827 -7.878983
77.04827 -1.338982
77.87827 5.75
83.63827 -20.72898
79.68355 -12.66062
78.52827 -7.878983
77.04827 -1.338982
77.87827 5.75
81.37827 12.86102
79.68355 -12.66062
78.52827 -7.878983
77.04827 -1.338982
77.87827 5.75
81.37827 12.86102
88.33827 19.95102
78.52827 -7.878983
77.04827 -1.338982
77.87827 5.75
81.37827 12.86102
88.33827 19.95102
95.31827 25.33102
77.04827 -1.338982
77.87827 5.75
81.37827 12.86102
88.33827 19.95102
95.31827 25.33102
102.9283 29.88102
77.04827 -1.338982
77.87827 5.75
81.37827 12.86102
88.33827 19.95102
95.31827 25.33102
102.9283 29.88102
77.87827 5.75
81.37827 12.86102
88.33827 19.95102
95.31827 25.33102
102.9283 29.88102
118.5435 38.04939
77.87827 5.75
81.37827 12.86102
88.33827 19.95102
95.31827 25.33102
102.9283 29.88102
118.5435 38.04939
81.37827 12.86102
88.33827 19.95102
95.31827 25.33102
102.9283 29.88102
118.5435 38.04939
133.2435 45.58102
81.37827 12.86102
88.33827 19.95102
95.31827 25.33102
102.9283 29.88102
118.5435 38.04939
133.2435 45.58102
81.37827 12.86102
88.33827 19.95102
95.31827 25.33102
102.9283 29.88102
118.5435 38.04939
133.2435 45.58102
88.33827 19.95102
95.31827 25.33102
102.9283 29.88102
118.5435 38.04939
133.2435 45.58102
156.5083 59.27102
88.33827 19.95102
95.31827 25.33102
102.9283 29.88102
118.5435 38.04939
133.2435 45.58102
156.5083 59.27102
95.31827 25.33102
102.9283 29.88102
118.5435 38.04939
133.2435 45.58102
156.5083 59.27102
164.2383 65.83102
95.31827 25.33102
102.9283 29.88102
118.5435 38.04939
133.2435 45.58102
156.5083 59.27102
164.2383 65.83102
102.9283 29.88102
118.5435 38.04939
133.2435 45.58102
156.5083 59.27102
164.2383 65.83102
170.2883 71.59937
102.9283 29.88102
118.5435 38.04939
133.2435 45.58102
156.5083 59.27102
164.2383 65.83102
170.2883 71.59937
102.9283 29.88102
118.5435 38.04939
133.2435 45.58102
156.5083 59.27102
164.2383 65.83102
170.2883 71.59937
102.9283 29.88102
118.5435 38.04939
133.2435 45.58102
156.5083 59.27102
164.2383 65.83102
170.2883 71.59937
102.9283 29.88102
118.5435 38.04939
133.2435 45.58102
156.5083 59.27102
164.2383 65.83102
170.2883 71.59937
118.5435 38.04939
133.2435 45.58102
156.5083 59.27102
164.2383 65.83102
170.2883 71.59937
176.0983 79.57102
118.5435 38.04939
133.2435 45.58102
156.5083 59.27102
164.2383 65.83102
170.2883 71.59937
176.0983 79.57102
118.5435 38.04939
133.2435 45.58102
156.5083 59.27102
164.2383 65.83102
170.2883 71.59937
176.0983 79.57102
133.2435 45.58102
156.5083 59.27102
164.2383 65.83102
170.2883 71.59937
176.0983 79.57102
178.1583 84.19102
133.2435 45.58102
156.5083 59.27102
164.2383 65.83102
170.2883 71.59937
176.0983 79.57102
178.1583 84.19102
133.2435 45.58102
156.5083 59.27102
164.2383 65.83102
170.2883 71.59937
176.0983 79.57102
178.1583 84.19102
133.2435 45.58102
156.5083 59.27102
164.2383 65.83102
170.2883 71.59937
176.0983 79.57102
178.1583 84.19102
133.2435 45.58102
156.5083 59.27102
164.2383 65.83102
170.2883 71.59937
176.0983 79.57102
178.1583 84.19102
156.5083 59.27102
164.2383 65.83102
170.2883 71.59937
176.0983 79.57102
178.1583 84.19102
179.4383 90.79102
156.5083 59.27102
164.2383 65.83102
170.2883 71.59937
176.0983 79.57102
178.1583 84.19102
179.4383 90.79102
164.2383 65.83102
170.2883 71.59937
176.0983 79.57102
178.1583 84.19102
179.4383 90.79102
179.3083 98.67102
164.2383 65.83102
170.2883 71.59937
176.0983 79.57102
178.1583 84.19102
179.4383 90.79102
179.3083 98.67102
170.2883 71.59937
176.0983 79.57102
178.1583 84.19102
179.4383 90.79102
179.3083 98.67102
177.7183 106.031
170.2883 71.59937
176.0983 79.57102
178.1583 84.19102
179.4383 90.79102
179.3083 98.67102
177.7183 106.031
176.0983 79.57102
178.1583 84.19102
179.4383 90.79102
179.3083 98.67102
177.7183 106.031
172.4083 117.181
176.0983 79.57102
178.1583 84.19102
179.4383 90.79102
179.3083 98.67102
177.7183 106.031
172.4083 117.181
178.1583 84.19102
179.4383 90.79102
179.3083 98.67102
177.7183 106.031
172.4083 117.181
165.5735 127.2894
179.4383 90.79102
179.3083 98.67102
177.7183 106.031
172.4083 117.181
165.5735 127.2894
160.3583 132.651
179.4383 90.79102
179.3083 98.67102
177.7183 106.031
172.4083 117.181
165.5735 127.2894
160.3583 132.651
179.4383 90.79102
179.3083 98.67102
177.7183 106.031
172.4083 117.181
165.5735 127.2894
160.3583 132.651
179.3083 98.67102
177.7183 106.031
172.4083 117.181
165.5735 127.2894
160.3583 132.651
150.8283 140.601
177.7183 106.031
172.4083 117.181
165.5735 127.2894
160.3583 132.651
150.8283 140.601
144.6183 144.511
177.7183 106.031
172.4083 117.181
165.5735 127.2894
160.3583 132.651
150.8283 140.601
144.6183 144.511
177.7183 106.031
172.4083 117.181
165.5735 127.2894
160.3583 132.651
150.8283 140.601
144.6183 144.511
172.4083 117.181
165.5735 127.2894
160.3583 132.651
150.8283 140.601
144.6183 144.511
134.5383 150.031
172.4083 117.181
165.5735 127.2894
160.3583 132.651
150.8283 140.601
144.6183 144.511
134.5383 150.031
165.5735 127.2894
160.3583 132.651
150.8283 140.601
144.6183 144.511
134.5383 150.031
127.2283 152.971
165.5735 127.2894
160.3583 132.651
150.8283 140.601
144.6183 144.511
134.5383 150.031
127.2283 152.971
160.3583 132.651
150.8283 140.601
144.6183 144.511
134.5383 150.031
127.2283 152.971
114.8083 156.621
160.3583 132.651
150.8283 140.601
144.6183 144.511
134.5383 150.031
127.2283 152.971
114.8083 156.621
160.3583 132.651
150.8283 140.601
144.6183 144.511
134.5383 150.031
127.2283 152.971
114.8083 156.621
150.8283 140.601
144.6183 144.511
134.5383 150.031
127.2283 152.971
114.8083 156.621
103.8935 158.4294
144.6183 144.511
134.5383 150.031
127.2283 152.971
114.8083 156.621
103.8935 158.4294
94.21827 158.891
144.6183 144.511
134.5383 150.031
127.2283 152.971
114.8083 156.621
103.8935 158.4294
94.21827 158.891
134.5383 150.031
127.2283 152.971
114.8083 156.621
103.8935 158.4294
94.21827 158.891
85.37355 158.731
134.5383 150.031
127.2283 152.971
114.8083 156.621
103.8935 158.4294
94.21827 158.891
85.37355 158.731
127.2283 152.971
114.8083 156.621
103.8935 158.4294
94.21827 158.891
85.37355 158.731
70.40827 157.101
127.2283 152.971
114.8083 156.621
103.8935 158.4294
94.21827 158.891
85.37355 158.731
70.40827 157.101
114.8083 156.621
103.8935 158.4294
94.21827 158.891
85.37355 158.731
70.40827 157.101
61.24355 155.4194
114.8083 156.621
103.8935 158.4294
94.21827 158.891
85.37355 158.731
70.40827 157.101
61.24355 155.4194
114.8083 156.621
103.8935 158.4294
94.21827 158.891
85.37355 158.731
70.40827 157.101
61.24355 155.4194
103.8935 158.4294
94.21827 158.891
85.37355 158.731
70.40827 157.101
61.24355 155.4194
45.30827 151.201
94.21827 158.891
85.37355 158.731
70.40827 157.101
61.24355 155.4194
45.30827 151.201
36.03354 148.141
94.21827 158.891
85.37355 158.731
70.40827 157.101
61.24355 155.4194
45.30827 151.201
36.03354 148.141
85.37355 158.731
70.40827 157.101
61.24355 155.4194
45.30827 151.201
36.03354 148.141
15.90826 140.121
85.37355 158.731
70.40827 157.101
61.24355 155.4194
45.30827 151.201
36.03354 148.141
15.90826 140.121
85.37355 158.731
70.40827 157.101
61.24355 155.4194
45.30827 151.201
36.03354 148.141
15.90826 140.121
70.40827 157.101
61.24355 155.4194
45.30827 151.201
36.03354 148.141
15.90826 140.121
5.64827 135.321
61.24355 155.4194
45.30827 151.201
36.03354 148.141
15.90826 140.121
5.64827 135.321
-9.99173 127.081
61.24355 155.4194
45.30827 151.201
36.03354 148.141
15.90826 140.121
5.64827 135.321
-9.99173 127.081
61.24355 155.4194
45.30827 151.201
36.03354 148.141
15.90826 140.121
5.64827 135.321
-9.99173 127.081
45.30827 151.201
36.03354 148.141
15.90826 140.121
5.64827 135.321
-9.99173 127.081
-24.01645 119.021
36.03354 148.141
15.90826 140.121
5.64827 135.321
-9.99173 127.081
-24.01645 119.021
-32.16173 113.361
36.03354 148.141
15.90826 140.121
5.64827 135.321
-9.99173 127.081
-24.01645 119.021
-32.16173 113.361
36.03354 148.141
15.90826 140.121
5.64827 135.321
-9.99173 127.081
-24.01645 119.021
-32.16173 113.361
36.03354 148.141
15.90826 140.121
5.64827 135.321
-9.99173 127.081
-24.01645 119.021
-32.16173 113.361
15.90826 140.121
5.64827 135.321
-9.99173 127.081
-24.01645 119.021
-32.16173 113.361
-43.49173 105.941
15.90826 140.121
5.64827 135.321
-9.99173 127.081
-24.01645 119.021
-32.16173 113.361
-43.49173 105.941
5.64827 135.321
-9.99173 127.081
-24.01645 119.021
-32.16173 113.361
-43.49173 105.941
-61.09 92.88499
5.64827 135.321
-9.99173 127.081
-24.01645 119.021
-32.16173 113.361
-43.49173 105.941
-61.09 92.88499
5.64827 135.321
-9.99173 127.081
-24.01645 119.021
-32.16173 113.361
-43.49173 105.941
-61.09 92.88499
-9.99173 127.081
-24.01645 119.021
-32.16173 113.361
-43.49173 105.941
-61.09 92.88499
-78.29172 78.73102
-9.99173 127.081
-24.01645 119.021
-32.16173 113.361
-43.49173 105.941
-61.09 92.88499
-78.29172 78.73102
-24.01645 119.021
-32.16173 113.361
-43.49173 105.941
-61.09 92.88499
-78.29172 78.73102
-93.05002 65.34102
-24.01645 119.021
-32.16173 113.361
-43.49173 105.941
-61.09 92.88499
-78.29172 78.73102
-93.05002 65.34102
-32.16173 113.361
-43.49173 105.941
-61.09 92.88499
-78.29172 78.73102
-93.05002 65.34102
-107.7717 50.57938
-32.16173 113.361
-43.49173 105.941
-61.09 92.88499
-78.29172 78.73102
-93.05002 65.34102
-107.7717 50.57938
-43.49173 105.941
-61.09 92.88499
-78.29172 78.73102
-93.05002 65.34102
-107.7717 50.57938
-123.3917 33.37102
-43.49173 105.941
-61.09 92.88499
-78.29172 78.73102
-93.05002 65.34102
-107.7717 50.57938
-123.3917 33.37102
-43.49173 105.941
-61.09 92.88499
-78.29172 78.73102
-93.05002 65.34102
-107.7717 50.57938
-123.3917 33.37102
-61.09 92.88499
-78.29172 78.73102
-93.05002 65.34102
-107.7717 50.57938
-123.3917 33.37102
-134.97 18.404
-61.09 92.88499
-78.29172 78.73102
-93.05002 65.34102
-107.7717 50.57938
-123.3917 33.37102
-134.97 18.404
-61.09 92.88499
-78.29172 78.73102
-93.05002 65.34102
-107.7717 50.57938
-123.3917 33.37102
-134.97 18.404
-78.29172 78.73102
-93.05002 65.34102
-107.7717 50.57938
-123.3917 33.37102
-134.97 18.404
-145.1165 4.339378
-78.29172 78.73102
-93.05002 65.34102
-107.7717 50.57938
-123.3917 33.37102
-134.97 18.404
-145.1165 4.339378
-78.29172 78.73102
-93.05002 65.34102
-107.7717 50.57938
-123.3917 33.37102
-134.97 18.404
-145.1165 4.339378
-93.05002 65.34102
-107.7717 50.57938
-123.3917 33.37102
-134.97 18.404
-145.1165 4.339378
-158.3417 -17.42898
-93.05002 65.34102
-107.7717 50.57938
-123.3917 33.37102
-134.97 18.404
-145.1165 4.339378
-158.3417 -17.42898
-93.05002 65.34102
-107.7717 50.57938
-123.3917 33.37102
-134.97 18.404
-145.1165 4.339378
-158.3417 -17.42898
-107.7717 50.57938
-123.3917 33.37102
-134.97 18.404
-145.1165 4.339378
-158.3417 -17.42898
-164.3164 -30.18062
-107.7717 50.57938
-123.3917 33.37102
-134.97 18.404
-145.1165 4.339378
-158.3417 -17.42898
-164.3164 -30.18062
-107.7717 50.57938
-123.3917 33.37102
-134.97 18.404
-145.1165 4.339378
-158.3417 -17.42898
-164.3164 -30.18062
-107.7717 50.57938
-123.3917 33.37102
-134.97 18.404
-145.1165 4.339378
-158.3417 -17.42898
-164.3164 -30.18062
-123.3917 33.37102
-134.97 18.404
-145.1165 4.339378
-158.3417 -17.42898
-164.3164 -30.18062
-169.3365 -42.84062
-123.3917 33.37102
-134.97 18.404
-145.1165 4.339378
-158.3417 -17.42898
-164.3164 -30.18062
-169.3365 -42.84062
-134.97 18.404
-145.1165 4.339378
-158.3417 -17.42898
-164.3164 -30.18062
-169.3365 -42.84062
-175.4917 -66.52898
-134.97 18.404
-145.1165 4.339378
-158.3417 -17.42898
-164.3164 -30.18062
-169.3365 -42.84062
-175.4917 -66.52898
-134.97 18.404
-145.1165 4.339378
-158.3417 -17.42898
-164.3164 -30.18062
-169.3365 -42.84062
-175.4917 -66.52898
-145.1165 4.339378
-158.3417 -17.42898
-164.3164 -30.18062
-169.3365 -42.84062
-175.4917 -66.52898
-176.9617 -76.85062
-145.1165 4.339378
-158.3417 -17.42898
-164.3164 -30.18062
-169.3365 -42.84062
-175.4917 -66.52898
-176.9617 -76.85062
-145.1165 4.339378
-158.3417 -17.42898
-164.3164 -30.18062
-169.3365 -42.84062
-175.4917 -66.52898
-176.9617 -76.85062
-158.3417 -17.42898
-164.3164 -30.18062
-169.3365 -42.84062
-175.4917 -66.52898
-176.9617 -76.85062
-176.8864 -90.64063
-158.3417 -17.42898
-164.3164 -30.18062
-169.3365 -42.84062
-175.4917 -66.52898
-176.9617 -76.85062
-176.8864 -90.64063
-164.3164 -30.18062
-169.3365 -42.84062
-175.4917 -66.52898
-176.9617 -76.85062
-176.8864 -90.64063
-175.0817 -100.3206
-169.3365 -42.84062
-175.4917 -66.52898
-176.9617 -76.85062
-176.8864 -90.64063
-175.0817 -100.3206
-170.3617 -115.129
-169.3365 -42.84062
-175.4917 -66.52898
-176.9617 -76.85062
-176.8864 -90.64063
-175.0817 -100.3206
-170.3617 -115.129
-169.3365 -42.84062
-175.4917 -66.52898
-176.9617 -76.85062
-176.8864 -90.64063
-175.0817 -100.3206
-170.3617 -115.129
-169.3365 -42.84062
-175.4917 -66.52898
-176.9617 -76.85062
-176.8864 -90.64063
-175.0817 -100.3206
-170.3617 -115.129
-175.4917 -66.52898
-176.9617 -76.85062
-176.8864 -90.64063
-175.0817 -100.3206
-170.3617 -115.129
-164.4217 -124.5206
-175.4917 -66.52898
-176.9617 -76.85062
-176.8864 -90.64063
-175.0817 -100.3206
-170.3617 -115.129
-164.4217 -124.5206
-176.9617 -76.85062
-176.8864 -90.64063
-175.0817 -100.3206
-170.3617 -115.129
-164.4217 -124.5206
-158.9417 -131.399
-176.9617 -76.85062
-176.8864 -90.64063
-175.0817 -100.3206
-170.3617 -115.129
-164.4217 -124.5206
-158.9417 -131.399
-176.8864 -90.64063
-175.0817 -100.3206
-170.3617 -115.129
-164.4217 -124.5206
-158.9417 -131.399
-146.6317 -141.329
-176.8864 -90.64063
-175.0817 -100.3206
-170.3617 -115.129
-164.4217 -124.5206
-158.9417 -131.399
-146.6317 -141.329
-175.0817 -100.3206
-170.3617 -115.129
-164.4217 -124.5206
-158.9417 -131.399
-146.6317 -141.329
-134.6765 -147.489
-175.0817 -100.3206
-170.3617 -115.129
-164.4217 -124.5206
-158.9417 -131.399
-146.6317 -141.329
-134.6765 -147.489
-175.0817 -100.3206
-170.3617 -115.129
-164.4217 -124.5206
-158.9417 -131.399
-146.6317 -141.329
-134.6765 -147.489
-170.3617 -115.129
-164.4217 -124.5206
-158.9417 -131.399
-146.6317 -141.329
-134.6765 -147.489
-126.4965 -150.849
-170.3617 -115.129
-164.4217 -124.5206
-158.9417 -131.399
-146.6317 -141.329
-134.6765 -147.489
-126.4965 -150.849
-164.4217 -124.5206
-158.9417 -131.399
-146.6317 -141.329
-134.6765 -147.489
-126.4965 -150.849
-108.5617 -155.499
-164.4217 -124.5206
-158.9417 -131.399
-146.6317 -141.329
-134.6765 -147.489
-126.4965 -150.849
-108.5617 -155.499
-158.9417 -131.399
-146.6317 -141.329
-134.6765 -147.489
-126.4965 -150.849
-108.5617 -155.499
-95.20645 -157.609
-158.9417 -131.399
-146.6317 -141.329
-134.6765 -147.489
-126.4965 -150.849
-108.5617 -155.499
-95.20645 -157.609
-146.6317 -141.329
-134.6765 -147.489
-126.4965 -150.849
-108.5617 -155.499
-95.20645 -157.609
-73.86172 -159.129
-146.6317 -141.329
-134.6765 -147.489
-126.4965 -150.849
-108.5617 -155.499
-95.20645 -157.609
-73.86172 -159.129
-146.6317 -141.329
-134.6765 -147.489
-126.4965 -150.849
-108.5617 -155.499
-95.20645 -157.609
-73.86172 -159.129
-134.6765 -147.489
-126.4965 -150.849
-108.5617 -155.499
-95.20645 -157.609
-73.86172 -159.129
-42.38173 -159.099
-126.4965 -150.849
-108.5617 -155.499
-95.20645 -157.609
-73.86172 -159.129
-42.38173 -159.099
-24.50172 -157.469
-126.4965 -150.849
-108.5617 -155.499
-95.20645 -157.609
-73.86172 -159.129
-42.38173 -159.099
-24.50172 -157.469
-126.4965 -150.849
-108.5617 -155.499
-95.20645 -157.609
-73.86172 -159.129
-42.38173 -159.099
-24.50172 -157.469
-108.5617 -155.499
-95.20645 -157.609
-73.86172 -159.129
-42.38173 -159.099
-24.50172 -157.469
2.908264 -153.909
-108.5617 -155.499
-95.20645 -157.609
-73.86172 -159.129
-42.38173 -159.099
-24.50172 -157.469
2.908264 -153.909
-95.20645 -157.609
-73.86172 -159.129
-42.38173 -159.099
-24.50172 -157.469
2.908264 -153.909
22.10828 -151.629
-95.20645 -157.609
-73.86172 -159.129
-42.38173 -159.099
-24.50172 -157.469
2.908264 -153.909
22.10828 -151.629
-95.20645 -157.609
-73.86172 -159.129
-42.38173 -159.099
-24.50172 -157.469
2.908264 -153.909
22.10828 -151.629
-95.20645 -157.609
-73.86172 -159.129
-42.38173 -159.099
-24.50172 -157.469
2.908264 -153.909
22.10828 -151.629
-73.86172 -159.129
-42.38173 -159.099
-24.50172 -157.469
2.908264 -153.909
22.10828 -151.629
47.20827 -148.129
-73.86172 -159.129
-42.38173 -159.099
-24.50172 -157.469
2.908264 -153.909
22.10828 -151.629
47.20827 -148.129
-73.86172 -159.129
-42.38173 -159.099
-24.50172 -157.469
2.908264 -153.909
22.10828 -151.629
47.20827 -148.129
-73.86172 -159.129
-42.38173 -159.099
-24.50172 -157.469
2.908264 -153.909
22.10828 -151.629
47.20827 -148.129
-73.86172 -159.129
-42.38173 -159.099
-24.50172 -157.469
2.908264 -153.909
22.10828 -151.629
47.20827 -148.129
-42.38173 -159.099
-24.50172 -157.469
2.908264 -153.909
22.10828 -151.629
47.20827 -148.129
75.06355 -143.929
-42.38173 -159.099
-24.50172 -157.469
2.908264 -153.909
22.10828 -151.629
47.20827 -148.129
75.06355 -143.929
-42.38173 -159.099
-24.50172 -157.469
2.908264 -153.909
22.10828 -151.629
47.20827 -148.129
75.06355 -143.929
-24.50172 -157.469
2.908264 -153.909
22.10828 -151.629
47.20827 -148.129
75.06355 -143.929
91.19354 -139.979
-24.50172 -157.469
2.908264 -153.909
22.10828 -151.629
47.20827 -148.129
75.06355 -143.929
91.19354 -139.979
-24.50172 -157.469
2.908264 -153.909
22.10828 -151.629
47.20827 -148.129
75.06355 -143.929
91.19354 -139.979
2.908264 -153.909
22.10828 -151.629
47.20827 -148.129
75.06355 -143.929
91.19354 -139.979
107.3083 -134.209
2.908264 -153.909
22.10828 -151.629
47.20827 -148.129
75.06355 -143.929
91.19354 -139.979
107.3083 -134.209
2.908264 -153.909
22.10828 -151.629
47.20827 -148.129
75.06355 -143.929
91.19354 -139.979
107.3083 -134.209
22.10828 -151.629
47.20827 -148.129
75.06355 -143.929
91.19354 -139.979
107.3083 -134.209
114.2635 -130.6506
22.10828 -151.629
47.20827 -148.129
75.06355 -143.929
91.19354 -139.979
107.3083 -134.209
114.2635 -130.6506
22.10828 -151.629
47.20827 -148.129
75.06355 -143.929
91.19354 -139.979
107.3083 -134.209
114.2635 -130.6506
47.20827 -148.129
75.06355 -143.929
91.19354 -139.979
107.3083 -134.209
114.2635 -130.6506
122.5583 -123.779
47.20827 -148.129
75.06355 -143.929
91.19354 -139.979
107.3083 -134.209
114.2635 -130.6506
122.5583 -123.779
