0 0
1 3.733651
2 3.733651
3 3.733925
4 3.737468
5 3.743151
6 3.751029
7 3.766421
8 3.785882
9 3.815875
10 3.863858
11 3.879039
12 3.867822
13 3.843231
14 3.821867
15 3.802061
16 3.788426
17 3.77668
18 3.770887
19 3.769093
20 3.76981
21 3.772272
22 3.777346
23 3.78309
24 3.789679
25 3.796814
26 3.804294
27 3.81332
28 3.821555
29 3.82966
30 3.836524
31 3.845005
32 3.852165
33 3.859956
34 3.865902
35 3.872703
36 3.879637
37 3.88676
38 3.893213
39 3.901917
40 3.910116
41 3.918737
42 3.927829
43 3.937368
44 3.947387
45 3.959239
46 3.97029
47 3.984837
48 3.998485
49 4.009415
50 4.022237
51 4.033738
52 4.049222
53 4.061859
54 4.076724
55 4.090069
56 4.109666
57 4.12594
58 4.142998
59 4.161177
60 4.180573
61 4.198699
62 4.220876
63 4.241625
64 4.267047
65 4.294422
66 4.319966
67 4.354923
68 4.387093
69 4.42328
70 4.45549
71 4.487476
72 4.516709
73 4.552871
74 4.59208
75 4.633595
76 4.675439
77 4.721826
78 4.762488
79 4.817135
80 4.877729
81 4.93644
82 4.99027
83 5.042997
84 5.093006
85 5.134838
86 5.178588
87 5.231496
88 5.287116
89 5.344526
90 5.402627
91 5.475359
92 5.547931
93 5.605577
94 5.669288
95 5.737886
96 5.796435
97 5.846077
98 5.898786
99 5.937258
100 5.978376
101 6.016411
102 6.05192
103 6.080607
104 6.107093
105 6.13406
106 6.16134
107 6.181138
108 6.204686
109 6.228628
110 6.246099
111 6.262449
112 6.281613
113 0.01975373
114 0.03154954
115 0.04457506
116 0.05720004
117 0.06970757
118 0.08138847
119 0.09286496
120 0.10534
121 0.1169911
122 0.1265944
123 0.1340542
124 0.1420169
125 0.1535228
126 0.1569992
127 0.158848
128 0.1599931
129 0.1614533
130 0.1630889
131 0.1657751
132 0.1695982
133 0.1782414
134 0.1880399
135 0.2012387
136 0.2203646
137 0.2483583
138 0.274468
139 0.3186219
140 0.3610301
141 0.409544
142 0.4719235
143 0.5401476
144 0.6152026
145 0.7139251
146 0.7984704
147 0.8949171
148 0.9816357
149 1.061101
150 1.150058
151 1.257564
152 1.367559
153 1.463445
154 1.543275
155 1.628178
156 1.704306
157 1.774155
158 1.845531
159 1.895412
160 1.946159
161 1.984125
162 2.022334
163 2.05194
164 2.081425
165 2.108128
166 2.125258
167 2.141766
168 2.156082
169 2.165529
170 2.173559
171 2.180435
172 2.187232
173 2.190795
174 2.191206
175 2.18581
176 2.173491
177 2.139726
178 2.104998
179 2.066103
180 2.006767
181 1.924277
182 1.854137
183 1.7419
184 1.655911
185 1.544534
