0 0
1 -32.16173
1 -43.49173
1 -61.09
1 -78.29172
1 -93.05002
1 -107.7717
2 -32.16173
2 -43.49173
2 -61.09
2 -78.29172
2 -93.05002
2 -107.7717
3 -32.16173
3 -43.49173
3 -61.09
3 -78.29172
3 -93.05002
3 -107.7717
4 -32.16173
4 -43.49173
4 -61.09
4 -78.29172
4 -93.05002
4 -107.7717
5 -32.16173
5 -43.49173
5 -61.09
5 -78.29172
5 -93.05002
5 -107.7717
6 -32.16173
6 -43.49173
6 -61.09
6 -78.29172
6 -93.05002
6 -107.7717
7 -32.16173
7 -43.49173
7 -61.09
7 -78.29172
7 -93.05002
7 -107.7717
8 -32.16173
8 -43.49173
8 -61.09
8 -78.29172
8 -93.05002
8 -107.7717
9 -32.16173
9 -43.49173
9 -61.09
9 -78.29172
9 -93.05002
9 -107.7717
10 -32.16173
10 -43.49173
10 -61.09
10 -78.29172
10 -93.05002
10 -107.7717
11 -32.16173
11 -43.49173
11 -61.09
11 -78.29172
11 -93.05002
11 -107.7717
12 -43.49173
12 -61.09
12 -78.29172
12 -93.05002
12 -107.7717
12 -123.3917
13 -43.49173
13 -61.09
13 -78.29172
13 -93.05002
13 -107.7717
13 -123.3917
14 -43.49173
14 -61.09
14 -78.29172
14 -93.05002
14 -107.7717
14 -123.3917
15 -43.49173
15 -61.09
15 -78.29172
15 -93.05002
15 -107.7717
15 -123.3917
16 -43.49173
16 -61.09
16 -78.29172
16 -93.05002
16 -107.7717
16 -123.3917
17 -43.49173
17 -61.09
17 -78.29172
17 -93.05002
17 -107.7717
17 -123.3917
18 -43.49173
18 -61.09
18 -78.29172
18 -93.05002
18 -107.7717
18 -123.3917
19 -43.49173
19 -61.09
19 -78.29172
19 -93.05002
19 -107.7717
19 -123.3917
20 -43.49173
20 -61.09
20 -78.29172
20 -93.05002
20 -107.7717
20 -123.3917
21 -43.49173
21 -61.09
21 -78.29172
21 -93.05002
21 -107.7717
21 -123.3917
22 -43.49173
22 -61.09
22 -78.29172
22 -93.05002
22 -107.7717
22 -123.3917
23 -43.49173
23 -61.09
23 -78.29172
23 -93.05002
23 -107.7717
23 -123.3917
24 -43.49173
24 -61.09
24 -78.29172
24 -93.05002
24 -107.7717
24 -123.3917
25 -61.09
25 -78.29172
25 -93.05002
25 -107.7717
25 -123.3917
25 -134.97
26 -61.09
26 -78.29172
26 -93.05002
26 -107.7717
26 -123.3917
26 -134.97
27 -61.09
27 -78.29172
27 -93.05002
27 -107.7717
27 -123.3917
27 -134.97
28 -61.09
28 -78.29172
28 -93.05002
28 -107.7717
28 -123.3917
28 -134.97
29 -61.09
29 -78.29172
29 -93.05002
29 -107.7717
29 -123.3917
29 -134.97
30 -61.09
30 -78.29172
30 -93.05002
30 -107.7717
30 -123.3917
30 -134.97
31 -61.09
31 -78.29172
31 -93.05002
31 -107.7717
31 -123.3917
31 -134.97
32 -61.09
32 -78.29172
32 -93.05002
32 -107.7717
32 -123.3917
32 -134.97
33 -78.29172
33 -93.05002
33 -107.7717
33 -123.3917
33 -134.97
33 -145.1165
34 -78.29172
34 -93.05002
34 -107.7717
34 -123.3917
34 -134.97
34 -145.1165
35 -78.29172
35 -93.05002
35 -107.7717
35 -123.3917
35 -134.97
35 -145.1165
36 -78.29172
36 -93.05002
36 -107.7717
36 -123.3917
36 -134.97
36 -145.1165
37 -78.29172
37 -93.05002
37 -107.7717
37 -123.3917
37 -134.97
37 -145.1165
38 -78.29172
38 -93.05002
38 -107.7717
38 -123.3917
38 -134.97
38 -145.1165
39 -93.05002
39 -107.7717
39 -123.3917
39 -134.97
39 -145.1165
39 -158.3417
40 -93.05002
40 -107.7717
40 -123.3917
40 -134.97
40 -145.1165
40 -158.3417
41 -93.05002
41 -107.7717
41 -123.3917
41 -134.97
41 -145.1165
41 -158.3417
42 -93.05002
42 -107.7717
42 -123.3917
42 -134.97
42 -145.1165
42 -158.3417
43 -93.05002
43 -107.7717
43 -123.3917
43 -134.97
43 -145.1165
43 -158.3417
44 -93.05002
44 -107.7717
44 -123.3917
44 -134.97
44 -145.1165
44 -158.3417
45 -107.7717
45 -123.3917
45 -134.97
45 -145.1165
45 -158.3417
45 -164.3164
46 -107.7717
46 -123.3917
46 -134.97
46 -145.1165
46 -158.3417
46 -164.3164
47 -107.7717
47 -123.3917
47 -134.97
47 -145.1165
47 -158.3417
47 -164.3164
48 -107.7717
48 -123.3917
48 -134.97
48 -145.1165
48 -158.3417
48 -164.3164
49 -107.7717
49 -123.3917
49 -134.97
49 -145.1165
49 -158.3417
49 -164.3164
50 -123.3917
50 -134.97
50 -145.1165
50 -158.3417
50 -164.3164
50 -169.3365
51 -123.3917
51 -134.97
51 -145.1165
51 -158.3417
51 -164.3164
51 -169.3365
52 -123.3917
52 -134.97
52 -145.1165
52 -158.3417
52 -164.3164
52 -169.3365
53 -123.3917
53 -134.97
53 -145.1165
53 -158.3417
53 -164.3164
53 -169.3365
54 -134.97
54 -145.1165
54 -158.3417
54 -164.3164
54 -169.3365
54 -175.4917
55 -134.97
55 -145.1165
55 -158.3417
55 -164.3164
55 -169.3365
55 -175.4917
56 -134.97
56 -145.1165
56 -158.3417
56 -164.3164
56 -169.3365
56 -175.4917
57 -134.97
57 -145.1165
57 -158.3417
57 -164.3164
57 -169.3365
57 -175.4917
58 -145.1165
58 -158.3417
58 -164.3164
58 -169.3365
58 -175.4917
58 -176.9617
59 -145.1165
59 -158.3417
59 -164.3164
59 -169.3365
59 -175.4917
59 -176.9617
60 -145.1165
60 -158.3417
60 -164.3164
60 -169.3365
60 -175.4917
60 -176.9617
61 -145.1165
61 -158.3417
61 -164.3164
61 -169.3365
61 -175.4917
61 -176.9617
62 -145.1165
62 -158.3417
62 -164.3164
62 -169.3365
62 -175.4917
62 -176.9617
63 -158.3417
63 -164.3164
63 -169.3365
63 -175.4917
63 -176.9617
63 -176.8864
64 -158.3417
64 -164.3164
64 -169.3365
64 -175.4917
64 -176.9617
64 -176.8864
65 -158.3417
65 -164.3164
65 -169.3365
65 -175.4917
65 -176.9617
65 -176.8864
66 -164.3164
66 -169.3365
66 -175.4917
66 -176.9617
66 -176.8864
66 -175.0817
67 -164.3164
67 -169.3365
67 -175.4917
67 -176.9617
67 -176.8864
67 -175.0817
68 -169.3365
68 -175.4917
68 -176.9617
68 -176.8864
68 -175.0817
68 -170.3617
69 -169.3365
69 -175.4917
69 -176.9617
69 -176.8864
69 -175.0817
69 -170.3617
70 -169.3365
70 -175.4917
70 -176.9617
70 -176.8864
70 -175.0817
70 -170.3617
71 -169.3365
71 -175.4917
71 -176.9617
71 -176.8864
71 -175.0817
71 -170.3617
72 -169.3365
72 -175.4917
72 -176.9617
72 -176.8864
72 -175.0817
72 -170.3617
73 -175.4917
73 -176.9617
73 -176.8864
73 -175.0817
73 -170.3617
73 -164.4217
74 -175.4917
74 -176.9617
74 -176.8864
74 -175.0817
74 -170.3617
74 -164.4217
75 -175.4917
75 -176.9617
75 -176.8864
75 -175.0817
75 -170.3617
75 -164.4217
76 -176.9617
76 -176.8864
76 -175.0817
76 -170.3617
76 -164.4217
76 -158.9417
77 -176.9617
77 -176.8864
77 -175.0817
77 -170.3617
77 -164.4217
77 -158.9417
78 -176.9617
78 -176.8864
78 -175.0817
78 -170.3617
78 -164.4217
78 -158.9417
79 -176.8864
79 -175.0817
79 -170.3617
79 -164.4217
79 -158.9417
79 -146.6317
80 -176.8864
80 -175.0817
80 -170.3617
80 -164.4217
80 -158.9417
80 -146.6317
81 -175.0817
81 -170.3617
81 -164.4217
81 -158.9417
81 -146.6317
81 -134.6765
82 -175.0817
82 -170.3617
82 -164.4217
82 -158.9417
82 -146.6317
82 -134.6765
83 -175.0817
83 -170.3617
83 -164.4217
83 -158.9417
83 -146.6317
83 -134.6765
84 -175.0817
84 -170.3617
84 -164.4217
84 -158.9417
84 -146.6317
84 -134.6765
85 -175.0817
85 -170.3617
85 -164.4217
85 -158.9417
85 -146.6317
85 -134.6765
86 -170.3617
86 -164.4217
86 -158.9417
86 -146.6317
86 -134.6765
86 -126.4965
87 -170.3617
87 -164.4217
87 -158.9417
87 -146.6317
87 -134.6765
87 -126.4965
88 -170.3617
88 -164.4217
88 -158.9417
88 -146.6317
88 -134.6765
88 -126.4965
89 -164.4217
89 -158.9417
89 -146.6317
89 -134.6765
89 -126.4965
89 -108.5617
90 -164.4217
90 -158.9417
90 -146.6317
90 -134.6765
90 -126.4965
90 -108.5617
91 -158.9417
91 -146.6317
91 -134.6765
91 -126.4965
91 -108.5617
91 -95.20645
92 -158.9417
92 -146.6317
92 -134.6765
92 -126.4965
92 -108.5617
92 -95.20645
93 -158.9417
93 -146.6317
93 -134.6765
93 -126.4965
93 -108.5617
93 -95.20645
94 -158.9417
94 -146.6317
94 -134.6765
94 -126.4965
94 -108.5617
94 -95.20645
95 -146.6317
95 -134.6765
95 -126.4965
95 -108.5617
95 -95.20645
95 -73.86172
96 -146.6317
96 -134.6765
96 -126.4965
96 -108.5617
96 -95.20645
96 -73.86172
97 -146.6317
97 -134.6765
97 -126.4965
97 -108.5617
97 -95.20645
97 -73.86172
98 -134.6765
98 -126.4965
98 -108.5617
98 -95.20645
98 -73.86172
98 -42.38173
99 -134.6765
99 -126.4965
99 -108.5617
99 -95.20645
99 -73.86172
99 -42.38173
100 -126.4965
100 -108.5617
100 -95.20645
100 -73.86172
100 -42.38173
100 -24.50172
101 -126.4965
101 -108.5617
101 -95.20645
101 -73.86172
101 -42.38173
101 -24.50172
102 -126.4965
102 -108.5617
102 -95.20645
102 -73.86172
102 -42.38173
102 -24.50172
103 -126.4965
103 -108.5617
103 -95.20645
103 -73.86172
103 -42.38173
103 -24.50172
104 -126.4965
104 -108.5617
104 -95.20645
104 -73.86172
104 -42.38173
104 -24.50172
105 -108.5617
105 -95.20645
105 -73.86172
105 -42.38173
105 -24.50172
105 2.908264
106 -108.5617
106 -95.20645
106 -73.86172
106 -42.38173
106 -24.50172
106 2.908264
107 -95.20645
107 -73.86172
107 -42.38173
107 -24.50172
107 2.908264
107 22.10828
108 -95.20645
108 -73.86172
108 -42.38173
108 -24.50172
108 2.908264
108 22.10828
109 -95.20645
109 -73.86172
109 -42.38173
109 -24.50172
109 2.908264
109 22.10828
110 -95.20645
110 -73.86172
110 -42.38173
110 -24.50172
110 2.908264
110 22.10828
111 -73.86172
111 -42.38173
111 -24.50172
111 2.908264
111 22.10828
111 47.20827
112 -73.86172
112 -42.38173
112 -24.50172
112 2.908264
112 22.10828
112 47.20827
113 -73.86172
113 -42.38173
113 -24.50172
113 2.908264
113 22.10828
113 47.20827
114 -73.86172
114 -42.38173
114 -24.50172
114 2.908264
114 22.10828
114 47.20827
115 -73.86172
115 -42.38173
115 -24.50172
115 2.908264
115 22.10828
115 47.20827
116 -73.86172
116 -42.38173
116 -24.50172
116 2.908264
116 22.10828
116 47.20827
117 -42.38173
117 -24.50172
117 2.908264
117 22.10828
117 47.20827
117 75.06355
118 -42.38173
118 -24.50172
118 2.908264
118 22.10828
118 47.20827
118 75.06355
119 -42.38173
119 -24.50172
119 2.908264
119 22.10828
119 47.20827
119 75.06355
120 -24.50172
120 2.908264
120 22.10828
120 47.20827
120 75.06355
120 91.19354
121 -24.50172
121 2.908264
121 22.10828
121 47.20827
121 75.06355
121 91.19354
122 -24.50172
122 2.908264
122 22.10828
122 47.20827
122 75.06355
122 91.19354
123 -24.50172
123 2.908264
123 22.10828
123 47.20827
123 75.06355
123 91.19354
124 -24.50172
124 2.908264
124 22.10828
124 47.20827
124 75.06355
124 91.19354
125 2.908264
125 22.10828
125 47.20827
125 75.06355
125 91.19354
125 107.3083
126 22.10828
126 47.20827
126 75.06355
126 91.19354
126 107.3083
126 114.2635
127 22.10828
127 47.20827
127 75.06355
127 91.19354
127 107.3083
127 114.2635
128 22.10828
128 47.20827
128 75.06355
128 91.19354
128 107.3083
128 114.2635
129 22.10828
129 47.20827
129 75.06355
129 91.19354
129 107.3083
129 114.2635
130 22.10828
130 47.20827
130 75.06355
130 91.19354
130 107.3083
130 114.2635
131 47.20827
131 75.06355
131 91.19354
131 107.3083
131 114.2635
131 122.5583
132 47.20827
132 75.06355
132 91.19354
132 107.3083
132 114.2635
132 122.5583
133 47.20827
133 75.06355
133 91.19354
133 107.3083
133 114.2635
133 122.5583
134 47.20827
134 75.06355
134 91.19354
134 107.3083
134 114.2635
134 122.5583
135 75.06355
135 91.19354
135 107.3083
135 114.2635
135 122.5583
135 126.6183
136 75.06355
136 91.19354
136 107.3083
136 114.2635
136 122.5583
136 126.6183
137 75.06355
137 91.19354
137 107.3083
137 114.2635
137 122.5583
137 126.6183
138 91.19354
138 107.3083
138 114.2635
138 122.5583
138 126.6183
138 129.1083
139 91.19354
139 107.3083
139 114.2635
139 122.5583
139 126.6183
139 129.1083
140 91.19354
140 107.3083
140 114.2635
140 122.5583
140 126.6183
140 129.1083
141 91.19354
141 107.3083
141 114.2635
141 122.5583
141 126.6183
141 129.1083
142 107.3083
142 114.2635
142 122.5583
142 126.6183
142 129.1083
142 129.1283
143 107.3083
143 114.2635
143 122.5583
143 126.6183
143 129.1083
143 129.1283
144 114.2635
144 122.5583
144 126.6183
144 129.1083
144 129.1283
144 126.8983
145 114.2635
145 122.5583
145 126.6183
145 129.1083
145 129.1283
145 126.8983
146 122.5583
146 126.6183
146 129.1083
146 129.1283
146 126.8983
146 122.3383
147 122.5583
147 126.6183
147 129.1083
147 129.1283
147 126.8983
147 122.3383
148 122.5583
148 126.6183
148 129.1083
148 129.1283
148 126.8983
148 122.3383
149 126.6183
149 129.1083
149 129.1283
149 126.8983
149 122.3383
149 117.2083
150 126.6183
150 129.1083
150 129.1283
150 126.8983
150 122.3383
150 117.2083
151 126.6183
151 129.1083
151 129.1283
151 126.8983
151 122.3383
151 117.2083
152 126.6183
152 129.1083
152 129.1283
152 126.8983
152 122.3383
152 117.2083
153 129.1083
153 129.1283
153 126.8983
153 122.3383
153 117.2083
153 98.34827
154 129.1083
154 129.1283
154 126.8983
154 122.3383
154 117.2083
154 98.34827
155 129.1083
155 129.1283
155 126.8983
155 122.3383
155 117.2083
155 98.34827
156 129.1283
156 126.8983
156 122.3383
156 117.2083
156 98.34827
156 83.63827
157 129.1283
157 126.8983
157 122.3383
157 117.2083
157 98.34827
157 83.63827
158 129.1283
158 126.8983
158 122.3383
158 117.2083
158 98.34827
158 83.63827
159 129.1283
159 126.8983
159 122.3383
159 117.2083
159 98.34827
159 83.63827
160 126.8983
160 122.3383
160 117.2083
160 98.34827
160 83.63827
160 79.68355
161 126.8983
161 122.3383
161 117.2083
161 98.34827
161 83.63827
161 79.68355
162 126.8983
162 122.3383
162 117.2083
162 98.34827
162 83.63827
162 79.68355
163 122.3383
163 117.2083
163 98.34827
163 83.63827
163 79.68355
163 78.52827
164 122.3383
164 117.2083
164 98.34827
164 83.63827
164 79.68355
164 78.52827
165 122.3383
165 117.2083
165 98.34827
165 83.63827
165 79.68355
165 78.52827
166 117.2083
166 98.34827
166 83.63827
166 79.68355
166 78.52827
166 77.04827
167 117.2083
167 98.34827
167 83.63827
167 79.68355
167 78.52827
167 77.04827
168 117.2083
168 98.34827
168 83.63827
168 79.68355
168 78.52827
168 77.04827
169 117.2083
169 98.34827
169 83.63827
169 79.68355
169 78.52827
169 77.04827
170 117.2083
170 98.34827
170 83.63827
170 79.68355
170 78.52827
170 77.04827
171 117.2083
171 98.34827
171 83.63827
171 79.68355
171 78.52827
171 77.04827
172 117.2083
172 98.34827
172 83.63827
172 79.68355
172 78.52827
172 77.04827
173 117.2083
173 98.34827
173 83.63827
173 79.68355
173 78.52827
173 77.04827
174 98.34827
174 83.63827
174 79.68355
174 78.52827
174 77.04827
174 77.87827
175 98.34827
175 83.63827
175 79.68355
175 78.52827
175 77.04827
175 77.87827
176 98.34827
176 83.63827
176 79.68355
176 78.52827
176 77.04827
176 77.87827
177 98.34827
177 83.63827
177 79.68355
177 78.52827
177 77.04827
177 77.87827
178 98.34827
178 83.63827
178 79.68355
178 78.52827
178 77.04827
178 77.87827
179 83.63827
179 79.68355
179 78.52827
179 77.04827
179 77.87827
179 81.37827
180 83.63827
180 79.68355
180 78.52827
180 77.04827
180 77.87827
180 81.37827
181 79.68355
181 78.52827
181 77.04827
181 77.87827
181 81.37827
181 88.33827
182 78.52827
182 77.04827
182 77.87827
182 81.37827
182 88.33827
182 95.31827
183 78.52827
183 77.04827
183 77.87827
183 81.37827
183 88.33827
183 95.31827
184 77.04827
184 77.87827
184 81.37827
184 88.33827
184 95.31827
184 102.9283
185 77.04827
185 77.87827
185 81.37827
185 88.33827
185 95.31827
185 102.9283
