0 0
1 113.361
1 105.941
1 92.88499
1 78.73102
1 65.34102
1 50.57938
2 113.361
2 105.941
2 92.88499
2 78.73102
2 65.34102
2 50.57938
3 113.361
3 105.941
3 92.88499
3 78.73102
3 65.34102
3 50.57938
4 113.361
4 105.941
4 92.88499
4 78.73102
4 65.34102
4 50.57938
5 113.361
5 105.941
5 92.88499
5 78.73102
5 65.34102
5 50.57938
6 113.361
6 105.941
6 92.88499
6 78.73102
6 65.34102
6 50.57938
7 113.361
7 105.941
7 92.88499
7 78.73102
7 65.34102
7 50.57938
8 113.361
8 105.941
8 92.88499
8 78.73102
8 65.34102
8 50.57938
9 113.361
9 105.941
9 92.88499
9 78.73102
9 65.34102
9 50.57938
10 113.361
10 105.941
10 92.88499
10 78.73102
10 65.34102
10 50.57938
11 113.361
11 105.941
11 92.88499
11 78.73102
11 65.34102
11 50.57938
12 105.941
12 92.88499
12 78.73102
12 65.34102
12 50.57938
12 33.37102
13 105.941
13 92.88499
13 78.73102
13 65.34102
13 50.57938
13 33.37102
14 105.941
14 92.88499
14 78.73102
14 65.34102
14 50.57938
14 33.37102
15 105.941
15 92.88499
15 78.73102
15 65.34102
15 50.57938
15 33.37102
16 105.941
16 92.88499
16 78.73102
16 65.34102
16 50.57938
16 33.37102
17 105.941
17 92.88499
17 78.73102
17 65.34102
17 50.57938
17 33.37102
18 105.941
18 92.88499
18 78.73102
18 65.34102
18 50.57938
18 33.37102
19 105.941
19 92.88499
19 78.73102
19 65.34102
19 50.57938
19 33.37102
20 105.941
20 92.88499
20 78.73102
20 65.34102
20 50.57938
20 33.37102
21 105.941
21 92.88499
21 78.73102
21 65.34102
21 50.57938
21 33.37102
22 105.941
22 92.88499
22 78.73102
22 65.34102
22 50.57938
22 33.37102
23 105.941
23 92.88499
23 78.73102
23 65.34102
23 50.57938
23 33.37102
24 105.941
24 92.88499
24 78.73102
24 65.34102
24 50.57938
24 33.37102
25 92.88499
25 78.73102
25 65.34102
25 50.57938
25 33.37102
25 18.404
26 92.88499
26 78.73102
26 65.34102
26 50.57938
26 33.37102
26 18.404
27 92.88499
27 78.73102
27 65.34102
27 50.57938
27 33.37102
27 18.404
28 92.88499
28 78.73102
28 65.34102
28 50.57938
28 33.37102
28 18.404
29 92.88499
29 78.73102
29 65.34102
29 50.57938
29 33.37102
29 18.404
30 92.88499
30 78.73102
30 65.34102
30 50.57938
30 33.37102
30 18.404
31 92.88499
31 78.73102
31 65.34102
31 50.57938
31 33.37102
31 18.404
32 92.88499
32 78.73102
32 65.34102
32 50.57938
32 33.37102
32 18.404
33 78.73102
33 65.34102
33 50.57938
33 33.37102
33 18.404
33 4.339378
34 78.73102
34 65.34102
34 50.57938
34 33.37102
34 18.404
34 4.339378
35 78.73102
35 65.34102
35 50.57938
35 33.37102
35 18.404
35 4.339378
36 78.73102
36 65.34102
36 50.57938
36 33.37102
36 18.404
36 4.339378
37 78.73102
37 65.34102
37 50.57938
37 33.37102
37 18.404
37 4.339378
38 78.73102
38 65.34102
38 50.57938
38 33.37102
38 18.404
38 4.339378
39 65.34102
39 50.57938
39 33.37102
39 18.404
39 4.339378
39 -17.42898
40 65.34102
40 50.57938
40 33.37102
40 18.404
40 4.339378
40 -17.42898
41 65.34102
41 50.57938
41 33.37102
41 18.404
41 4.339378
41 -17.42898
42 65.34102
42 50.57938
42 33.37102
42 18.404
42 4.339378
42 -17.42898
43 65.34102
43 50.57938
43 33.37102
43 18.404
43 4.339378
43 -17.42898
44 65.34102
44 50.57938
44 33.37102
44 18.404
44 4.339378
44 -17.42898
45 50.57938
45 33.37102
45 18.404
45 4.339378
45 -17.42898
45 -30.18062
46 50.57938
46 33.37102
46 18.404
46 4.339378
46 -17.42898
46 -30.18062
47 50.57938
47 33.37102
47 18.404
47 4.339378
47 -17.42898
47 -30.18062
48 50.57938
48 33.37102
48 18.404
48 4.339378
48 -17.42898
48 -30.18062
49 50.57938
49 33.37102
49 18.404
49 4.339378
49 -17.42898
49 -30.18062
50 33.37102
50 18.404
50 4.339378
50 -17.42898
50 -30.18062
50 -42.84062
51 33.37102
51 18.404
51 4.339378
51 -17.42898
51 -30.18062
51 -42.84062
52 33.37102
52 18.404
52 4.339378
52 -17.42898
52 -30.18062
52 -42.84062
53 33.37102
53 18.404
53 4.339378
53 -17.42898
53 -30.18062
53 -42.84062
54 18.404
54 4.339378
54 -17.42898
54 -30.18062
54 -42.84062
54 -66.52898
55 18.404
55 4.339378
55 -17.42898
55 -30.18062
55 -42.84062
55 -66.52898
56 18.404
56 4.339378
56 -17.42898
56 -30.18062
56 -42.84062
56 -66.52898
57 18.404
57 4.339378
57 -17.42898
57 -30.18062
57 -42.84062
57 -66.52898
58 4.339378
58 -17.42898
58 -30.18062
58 -42.84062
58 -66.52898
58 -76.85062
59 4.339378
59 -17.42898
59 -30.18062
59 -42.84062
59 -66.52898
59 -76.85062
60 4.339378
60 -17.42898
60 -30.18062
60 -42.84062
60 -66.52898
60 -76.85062
61 4.339378
61 -17.42898
61 -30.18062
61 -42.84062
61 -66.52898
61 -76.85062
62 4.339378
62 -17.42898
62 -30.18062
62 -42.84062
62 -66.52898
62 -76.85062
63 -17.42898
63 -30.18062
63 -42.84062
63 -66.52898
63 -76.85062
63 -90.64063
64 -17.42898
64 -30.18062
64 -42.84062
64 -66.52898
64 -76.85062
64 -90.64063
65 -17.42898
65 -30.18062
65 -42.84062
65 -66.52898
65 -76.85062
65 -90.64063
66 -30.18062
66 -42.84062
66 -66.52898
66 -76.85062
66 -90.64063
66 -100.3206
67 -30.18062
67 -42.84062
67 -66.52898
67 -76.85062
67 -90.64063
67 -100.3206
68 -42.84062
68 -66.52898
68 -76.85062
68 -90.64063
68 -100.3206
68 -115.129
69 -42.84062
69 -66.52898
69 -76.85062
69 -90.64063
69 -100.3206
69 -115.129
70 -42.84062
70 -66.52898
70 -76.85062
70 -90.64063
70 -100.3206
70 -115.129
71 -42.84062
71 -66.52898
71 -76.85062
71 -90.64063
71 -100.3206
71 -115.129
72 -42.84062
72 -66.52898
72 -76.85062
72 -90.64063
72 -100.3206
72 -115.129
73 -66.52898
73 -76.85062
73 -90.64063
73 -100.3206
73 -115.129
73 -124.5206
74 -66.52898
74 -76.85062
74 -90.64063
74 -100.3206
74 -115.129
74 -124.5206
75 -66.52898
75 -76.85062
75 -90.64063
75 -100.3206
75 -115.129
75 -124.5206
76 -76.85062
76 -90.64063
76 -100.3206
76 -115.129
76 -124.5206
76 -131.399
77 -76.85062
77 -90.64063
77 -100.3206
77 -115.129
77 -124.5206
77 -131.399
78 -76.85062
78 -90.64063
78 -100.3206
78 -115.129
78 -124.5206
78 -131.399
79 -90.64063
79 -100.3206
79 -115.129
79 -124.5206
79 -131.399
79 -141.329
80 -90.64063
80 -100.3206
80 -115.129
80 -124.5206
80 -131.399
80 -141.329
81 -100.3206
81 -115.129
81 -124.5206
81 -131.399
81 -141.329
81 -147.489
82 -100.3206
82 -115.129
82 -124.5206
82 -131.399
82 -141.329
82 -147.489
83 -100.3206
83 -115.129
83 -124.5206
83 -131.399
83 -141.329
83 -147.489
84 -100.3206
84 -115.129
84 -124.5206
84 -131.399
84 -141.329
84 -147.489
85 -100.3206
85 -115.129
85 -124.5206
85 -131.399
85 -141.329
85 -147.489
86 -115.129
86 -124.5206
86 -131.399
86 -141.329
86 -147.489
86 -150.849
87 -115.129
87 -124.5206
87 -131.399
87 -141.329
87 -147.489
87 -150.849
88 -115.129
88 -124.5206
88 -131.399
88 -141.329
88 -147.489
88 -150.849
89 -124.5206
89 -131.399
89 -141.329
89 -147.489
89 -150.849
89 -155.499
90 -124.5206
90 -131.399
90 -141.329
90 -147.489
90 -150.849
90 -155.499
91 -131.399
91 -141.329
91 -147.489
91 -150.849
91 -155.499
91 -157.609
92 -131.399
92 -141.329
92 -147.489
92 -150.849
92 -155.499
92 -157.609
93 -131.399
93 -141.329
93 -147.489
93 -150.849
93 -155.499
93 -157.609
94 -131.399
94 -141.329
94 -147.489
94 -150.849
94 -155.499
94 -157.609
95 -141.329
95 -147.489
95 -150.849
95 -155.499
95 -157.609
95 -159.129
96 -141.329
96 -147.489
96 -150.849
96 -155.499
96 -157.609
96 -159.129
97 -141.329
97 -147.489
97 -150.849
97 -155.499
97 -157.609
97 -159.129
98 -147.489
98 -150.849
98 -155.499
98 -157.609
98 -159.129
98 -159.099
99 -147.489
99 -150.849
99 -155.499
99 -157.609
99 -159.129
99 -159.099
100 -150.849
100 -155.499
100 -157.609
100 -159.129
100 -159.099
100 -157.469
101 -150.849
101 -155.499
101 -157.609
101 -159.129
101 -159.099
101 -157.469
102 -150.849
102 -155.499
102 -157.609
102 -159.129
102 -159.099
102 -157.469
103 -150.849
103 -155.499
103 -157.609
103 -159.129
103 -159.099
103 -157.469
104 -150.849
104 -155.499
104 -157.609
104 -159.129
104 -159.099
104 -157.469
105 -155.499
105 -157.609
105 -159.129
105 -159.099
105 -157.469
105 -153.909
106 -155.499
106 -157.609
106 -159.129
106 -159.099
106 -157.469
106 -153.909
107 -157.609
107 -159.129
107 -159.099
107 -157.469
107 -153.909
107 -151.629
108 -157.609
108 -159.129
108 -159.099
108 -157.469
108 -153.909
108 -151.629
109 -157.609
109 -159.129
109 -159.099
109 -157.469
109 -153.909
109 -151.629
110 -157.609
110 -159.129
110 -159.099
110 -157.469
110 -153.909
110 -151.629
111 -159.129
111 -159.099
111 -157.469
111 -153.909
111 -151.629
111 -148.129
112 -159.129
112 -159.099
112 -157.469
112 -153.909
112 -151.629
112 -148.129
113 -159.129
113 -159.099
113 -157.469
113 -153.909
113 -151.629
113 -148.129
114 -159.129
114 -159.099
114 -157.469
114 -153.909
114 -151.629
114 -148.129
115 -159.129
115 -159.099
115 -157.469
115 -153.909
115 -151.629
115 -148.129
116 -159.129
116 -159.099
116 -157.469
116 -153.909
116 -151.629
116 -148.129
117 -159.099
117 -157.469
117 -153.909
117 -151.629
117 -148.129
117 -143.929
118 -159.099
118 -157.469
118 -153.909
118 -151.629
118 -148.129
118 -143.929
119 -159.099
119 -157.469
119 -153.909
119 -151.629
119 -148.129
119 -143.929
120 -157.469
120 -153.909
120 -151.629
120 -148.129
120 -143.929
120 -139.979
121 -157.469
121 -153.909
121 -151.629
121 -148.129
121 -143.929
121 -139.979
122 -157.469
122 -153.909
122 -151.629
122 -148.129
122 -143.929
122 -139.979
123 -157.469
123 -153.909
123 -151.629
123 -148.129
123 -143.929
123 -139.979
124 -157.469
124 -153.909
124 -151.629
124 -148.129
124 -143.929
124 -139.979
125 -153.909
125 -151.629
125 -148.129
125 -143.929
125 -139.979
125 -134.209
126 -151.629
126 -148.129
126 -143.929
126 -139.979
126 -134.209
126 -130.6506
127 -151.629
127 -148.129
127 -143.929
127 -139.979
127 -134.209
127 -130.6506
128 -151.629
128 -148.129
128 -143.929
128 -139.979
128 -134.209
128 -130.6506
129 -151.629
129 -148.129
129 -143.929
129 -139.979
129 -134.209
129 -130.6506
130 -151.629
130 -148.129
130 -143.929
130 -139.979
130 -134.209
130 -130.6506
131 -148.129
131 -143.929
131 -139.979
131 -134.209
131 -130.6506
131 -123.779
132 -148.129
132 -143.929
132 -139.979
132 -134.209
132 -130.6506
132 -123.779
133 -148.129
133 -143.929
133 -139.979
133 -134.209
133 -130.6506
133 -123.779
134 -148.129
134 -143.929
134 -139.979
134 -134.209
134 -130.6506
134 -123.779
135 -143.929
135 -139.979
135 -134.209
135 -130.6506
135 -123.779
135 -118.159
136 -143.929
136 -139.979
136 -134.209
136 -130.6506
136 -123.779
136 -118.159
137 -143.929
137 -139.979
137 -134.209
137 -130.6506
137 -123.779
137 -118.159
138 -139.979
138 -134.209
138 -130.6506
138 -123.779
138 -118.159
138 -108.669
139 -139.979
139 -134.209
139 -130.6506
139 -123.779
139 -118.159
139 -108.669
140 -139.979
140 -134.209
140 -130.6506
140 -123.779
140 -118.159
140 -108.669
141 -139.979
141 -134.209
141 -130.6506
141 -123.779
141 -118.159
141 -108.669
142 -134.209
142 -130.6506
142 -123.779
142 -118.159
142 -108.669
142 -100.349
143 -134.209
143 -130.6506
143 -123.779
143 -118.159
143 -108.669
143 -100.349
144 -130.6506
144 -123.779
144 -118.159
144 -108.669
144 -100.349
144 -89.95898
145 -130.6506
145 -123.779
145 -118.159
145 -108.669
145 -100.349
145 -89.95898
146 -123.779
146 -118.159
146 -108.669
146 -100.349
146 -89.95898
146 -79.97897
147 -123.779
147 -118.159
147 -108.669
147 -100.349
147 -89.95898
147 -79.97897
148 -123.779
148 -118.159
148 -108.669
148 -100.349
148 -89.95898
148 -79.97897
149 -118.159
149 -108.669
149 -100.349
149 -89.95898
149 -79.97897
149 -69.827
150 -118.159
150 -108.669
150 -100.349
150 -89.95898
150 -79.97897
150 -69.827
151 -118.159
151 -108.669
151 -100.349
151 -89.95898
151 -79.97897
151 -69.827
152 -118.159
152 -108.669
152 -100.349
152 -89.95898
152 -79.97897
152 -69.827
153 -108.669
153 -100.349
153 -89.95898
153 -79.97897
153 -69.827
153 -42.02898
154 -108.669
154 -100.349
154 -89.95898
154 -79.97897
154 -69.827
154 -42.02898
155 -108.669
155 -100.349
155 -89.95898
155 -79.97897
155 -69.827
155 -42.02898
156 -100.349
156 -89.95898
156 -79.97897
156 -69.827
156 -42.02898
156 -20.72898
157 -100.349
157 -89.95898
157 -79.97897
157 -69.827
157 -42.02898
157 -20.72898
158 -100.349
158 -89.95898
158 -79.97897
158 -69.827
158 -42.02898
158 -20.72898
159 -100.349
159 -89.95898
159 -79.97897
159 -69.827
159 -42.02898
159 -20.72898
160 -89.95898
160 -79.97897
160 -69.827
160 -42.02898
160 -20.72898
160 -12.66062
161 -89.95898
161 -79.97897
161 -69.827
161 -42.02898
161 -20.72898
161 -12.66062
162 -89.95898
162 -79.97897
162 -69.827
162 -42.02898
162 -20.72898
162 -12.66062
163 -79.97897
163 -69.827
163 -42.02898
163 -20.72898
163 -12.66062
163 -7.878983
164 -79.97897
164 -69.827
164 -42.02898
164 -20.72898
164 -12.66062
164 -7.878983
165 -79.97897
165 -69.827
165 -42.02898
165 -20.72898
165 -12.66062
165 -7.878983
166 -69.827
166 -42.02898
166 -20.72898
166 -12.66062
166 -7.878983
166 -1.338982
167 -69.827
167 -42.02898
167 -20.72898
167 -12.66062
167 -7.878983
167 -1.338982
168 -69.827
168 -42.02898
168 -20.72898
168 -12.66062
168 -7.878983
168 -1.338982
169 -69.827
169 -42.02898
169 -20.72898
169 -12.66062
169 -7.878983
169 -1.338982
170 -69.827
170 -42.02898
170 -20.72898
170 -12.66062
170 -7.878983
170 -1.338982
171 -69.827
171 -42.02898
171 -20.72898
171 -12.66062
171 -7.878983
171 -1.338982
172 -69.827
172 -42.02898
172 -20.72898
172 -12.66062
172 -7.878983
172 -1.338982
173 -69.827
173 -42.02898
173 -20.72898
173 -12.66062
173 -7.878983
173 -1.338982
174 -42.02898
174 -20.72898
174 -12.66062
174 -7.878983
174 -1.338982
174 5.75
175 -42.02898
175 -20.72898
175 -12.66062
175 -7.878983
175 -1.338982
175 5.75
176 -42.02898
176 -20.72898
176 -12.66062
176 -7.878983
176 -1.338982
176 5.75
177 -42.02898
177 -20.72898
177 -12.66062
177 -7.878983
177 -1.338982
177 5.75
178 -42.02898
178 -20.72898
178 -12.66062
178 -7.878983
178 -1.338982
178 5.75
179 -20.72898
179 -12.66062
179 -7.878983
179 -1.338982
179 5.75
179 12.86102
180 -20.72898
180 -12.66062
180 -7.878983
180 -1.338982
180 5.75
180 12.86102
181 -12.66062
181 -7.878983
181 -1.338982
181 5.75
181 12.86102
181 19.95102
182 -7.878983
182 -1.338982
182 5.75
182 12.86102
182 19.95102
182 25.33102
183 -7.878983
183 -1.338982
183 5.75
183 12.86102
183 19.95102
183 25.33102
184 -1.338982
184 5.75
184 12.86102
184 19.95102
184 25.33102
184 29.88102
185 -1.338982
185 5.75
185 12.86102
185 19.95102
185 25.33102
185 29.88102
