0 0
2 0.743834
3 0.739204
4 0.729823
5 0.715897
6 0.686048
7 0.642746
8 0.564343
9 0.406606
10 0.239405
11 0.0917423
12 0.00664855
13 -0.0406048
14 -0.0798087
15 -0.100673
16 -0.112047
17 -0.10933
18 -0.0997087
19 -0.0865729
20 -0.0705928
21 -0.0483617
22 -0.0286751
23 -0.010505
24 -0.00165893
25 0.0311304
26 0.0587746
27 0.0745247
28 0.0823845
29 0.0835656
30 0.0785576
31 0.0696344
32 0.0125186
33 0.00817348
34 0.00367494
35 0.000452243
36 -0.000812387
37 9.92669e-05
38 0.0156555
39 0.0202732
40 0.0270656
41 0.0359142
42 0.046725
43 0.0593407
44 0.121017
45 0.159327
46 0.19051
47 0.205006
48 0.20914
49 0.136531
50 0.210626
51 0.269673
52 0.291321
53 0.319987
54 0.284458
55 0.229336
56 0.189123
57 0.169457
58 0.148503
59 0.139931
60 0.145226
61 0.167185
62 0.223735
63 0.354046
64 0.433392
65 0.52357
66 0.642165
67 0.605633
68 0.719481
69 0.722903
70 0.685794
71 0.639587
72 0.604106
73 0.618143
74 0.577779
75 0.467086
76 0.532523
77 0.542144
78 0.474196
79 0.615234
80 0.68726
81 0.706665
82 0.668871
83 0.625037
84 0.593881
85 0.485864
86 0.531202
87 0.568218
88 0.710078
89 0.657305
90 0.563524
91 0.658659
92 0.733628
93 0.806718
94 0.837169
95 0.909825
96 0.94469
97 0.968669
98 0.948101
99 0.824349
100 0.896427
101 0.921362
102 0.909415
103 0.871916
104 0.7505
105 0.734931
106 0.693406
107 0.568578
108 0.450598
109 0.374392
110 0.504982
111 0.362516
112 0.259171
113 0.229766
114 0.220198
115 0.232499
116 0.236405
117 0.405664
118 0.531474
119 0.567305
120 0.769084
121 0.847709
122 0.847801
123 0.769151
124 0.547684
125 0.135598
126 0.134739
127 0.0438044
128 -0.15151
129 -0.365176
130 -0.280213
131 -0.321809
132 -0.512249
133 -0.727674
134 -0.932555
135 -0.626719
136 -0.603254
137 -0.439678
138 0.343365
139 0.154773
140 -0.231444
141 -0.303704
142 -0.383174
143 -0.140409
144 -0.301758
145 -0.39598
146 -0.0472237
147 0.0901716
148 0.0380428
149 0.199548
150 0.386082
151 0.555126
152 0.737712
153 0.802853
154 0.868765
155 0.795736
156 0.899752
157 0.959943
158 0.962584
159 0.770584
160 0.752928
161 0.711953
162 0.902477
163 0.584731
164 0.300978
165 0.320806
166 -0.0498846
167 -0.310382
168 -0.404731
169 -0.383693
170 -0.266303
171 -0.0192238
172 0.225759
173 0.256235
174 -0.0464813
175 0.0378682
176 0.459441
177 0.772635
178 0.744743
179 0.544105
180 0.46616
181 0.381855
182 0.523124
183 0.522448
184 0.371161
