0 0
1 0
2 -0.1634202
3 -0.1634202
4 -0.1634202
5 -0.1634202
6 -0.1634202
7 -0.1634202
8 -0.1634202
9 -0.1634202
10 -0.01967981
11 0.05690249
12 0.05690249
13 0.05784837
14 0.0343783
15 0.02543205
16 0.01230877
17 0.01230877
18 -0.003903712
19 -0.003903712
20 -0.007072637
21 -0.007840813
22 -0.008664888
23 -0.008944511
24 -0.008869196
25 -0.008869196
26 -0.009323924
27 -0.008469141
28 -0.007813181
29 -0.007151094
30 -0.007151094
31 -0.005992749
32 -0.005855409
33 -0.005609506
34 -0.005609506
35 -0.005797089
36 -0.00590862
37 -0.006112431
38 -0.006112431
39 -0.00662009
40 -0.00662009
41 -0.00709033
42 -0.00722798
43 -0.00747449
44 -0.007670966
45 -0.00786763
46 -0.008243242
47 -0.008172835
48 -0.008275509
49 -0.008275509
50 -0.008476986
51 -0.008476986
52 -0.009322362
53 -0.009166927
54 -0.009399977
55 -0.009399977
56 -0.009899219
57 -0.009899219
58 -0.01151105
59 -0.01195425
60 -0.01290691
61 -0.01373832
62 -0.01448809
63 -0.0154062
64 -0.01656326
65 -0.01728543
66 -0.01728543
67 -0.02013855
68 -0.02074085
69 -0.02279495
70 -0.02379149
71 -0.02516568
72 -0.02516568
73 -0.02838672
74 -0.02967065
75 -0.03115238
76 -0.03272413
77 -0.03506875
78 -0.03506875
79 -0.03896729
80 -0.04071845
81 -0.04130378
82 -0.04233988
83 -0.042851
84 -0.04420788
85 -0.04545666
86 -0.04545666
87 -0.0471043
88 -0.0471043
89 -0.0447231
90 -0.04310365
91 -0.04194016
92 -0.04024547
93 -0.03766311
94 -0.03766311
95 -0.03205802
96 -0.03014233
97 -0.02704154
98 -0.02484374
99 -0.02196727
100 -0.02041978
101 -0.01873717
102 -0.01653245
103 -0.01653245
104 -0.01258299
105 -0.01218194
106 -0.01111482
107 -0.00989065
108 -0.00989065
109 -0.007864454
110 -0.007749924
111 -0.00729326
112 -0.006576928
113 -0.006463329
114 -0.006156553
115 -0.006156553
116 -0.005785173
117 -0.005785173
118 -0.00556232
119 -0.004929167
120 -0.004235324
121 -0.0038724
122 -0.002505012
123 -0.001691464
124 -0.0009459187
125 -0.0009459187
126 0.0008858292
127 -0.0006441146
128 -0.0006441146
129 -0.001316512
130 -0.002727785
131 -0.004321805
132 -0.007732537
133 -0.009359485
134 -0.01325216
135 -0.01679276
136 -0.02185089
137 -0.02470977
138 -0.0297465
139 -0.03886528
140 -0.03886528
141 -0.05202455
142 -0.05637785
143 -0.06867278
144 -0.07569825
145 -0.08563078
146 -0.09589319
147 -0.1035968
148 -0.1109414
149 -0.1166289
150 -0.1151137
151 -0.1081394
152 -0.09781332
153 -0.08599757
154 -0.08599757
155 -0.06269323
156 -0.05854484
157 -0.05016456
158 -0.04260584
159 -0.04260584
160 -0.02655414
161 -0.0261611
162 -0.02099207
163 -0.0176708
164 -0.01103564
165 -0.01030274
166 -0.008106972
167 -0.008106972
168 -0.003164999
169 -0.004289855
170 -0.003100135
171 -0.002036416
172 5.491796e-05
173 0.003986217
174 0.007656869
175 0.01831493
176 0.02257837
177 0.02900533
178 0.0411211
179 0.04736334
180 0.06548449
181 0.07494029
182 0.09592775
183 0.1020093
184 0.1168315
185 0.1231815
