0 0
1 0.4380091
2 3.942019
3 4.893566
4 2.01056
5 1.734278
6 2.605505
7 3.984348
8 5.483175
9 7.472208
10 9.92456
11 12.27198
12 13.74653
13 15.83057
14 17.06246
15 18.74757
16 20.30981
17 22.0179
18 23.42727
19 24.9598
20 26.28628
21 27.59481
22 29.24951
23 30.69465
24 32.116
25 33.51392
26 34.88885
27 36.40849
28 37.73571
29 39.04108
30 40.16565
31 41.58765
32 42.82952
33 44.20214
34 45.25214
35 46.43355
36 47.59548
37 48.73822
38 49.72259
39 50.96735
40 52.05439
41 53.12349
42 54.17491
43 55.20889
44 56.22578
45 57.34969
46 58.33115
47 59.53508
48 60.59738
49 61.40992
50 62.32411
51 63.11158
52 64.10706
53 64.86852
54 65.72527
55 66.46318
56 67.49869
57 68.31149
58 69.11069
59 69.89617
60 70.66856
61 71.33342
62 72.0812
63 72.72485
64 73.44853
65 74.15928
66 74.77096
67 74.85911
68 70.9569
69 66.68363
70 62.97319
71 60.13708
72 60.23583
73 60.93961
74 61.28157
75 60.57239
76 56.9986
77 53.08246
78 51.17238
79 52.31099
80 53.57697
81 54.23248
82 53.48871
83 50.07719
84 46.749
85 45.64959
86 46.6619
87 47.80793
88 48.93498
89 50.04429
90 51.13504
91 52.47308
92 53.78246
93 54.81073
94 55.94742
95 57.18784
96 58.27966
97 59.23987
98 60.29552
99 61.10512
100 62.02238
101 62.91565
102 63.80324
103 64.56272
104 65.31725
105 66.16416
106 67.09908
107 67.81525
108 68.72115
109 69.7086
110 70.48431
111 71.24731
112 72.18368
113 73.28233
114 73.91078
115 74.61803
116 75.31359
117 76.02405
118 76.66249
119 77.31522
120 78.0507
121 78.76453
122 79.39019
123 79.92886
124 80.61047
125 82.00876
126 82.65234
127 83.28412
128 83.76738
129 84.37852
130 84.91225
131 85.43708
132 85.88908
133 86.46008
134 86.75741
135 81.15531
136 77.33219
137 72.84604
138 69.48032
139 64.7751
140 61.10137
141 57.50923
142 53.56128
143 49.7135
144 45.95776
145 41.50027
146 37.96015
147 34.13466
148 30.63584
149 31.36289
150 32.76099
151 34.29934
152 35.81541
153 37.1441
154 38.2907
155 39.57859
156 40.84705
157 42.09294
158 43.4736
159 44.53017
160 45.72169
161 46.74804
162 47.90203
163 48.89645
164 50.01603
165 51.25441
166 52.20148
167 53.26743
168 54.44622
169 55.47561
170 56.48807
171 57.48404
172 58.7061
173 59.66569
174 60.72628
175 61.88113
176 62.78547
177 63.77127
178 59.67643
179 56.12466
180 51.79538
181 47.15383
182 43.86425
183 39.45572
184 36.34501
185 32.54987
