0 0
-0.102486718183629 0
-0.374531566539359 -0.04471826
-0.374531566539359 -0.04471826
-0.374531566539359 -0.1634202
-0.374531566539359 -0.1634202
-0.292621813122423 -0.1634202
0.0256929679566432 -0.1276803
0.140684253558183 0.01121067
0.165284323907113 0.06138507
0.145405846863085 0.07211889
0.0694741680658047 0.06344525
0.03158990809896 0.03031382
-0.0118143909225648 0.0137837
-0.0429707136276836 0.0137837
-0.020388724646341 -0.01874951
-0.0313720194763298 -0.008896258
-0.0207484505150332 -0.01368862
-0.0200926590353494 -0.009053218
-0.0141893546844741 -0.009053218
-0.0131284998983388 -0.006191276
-0.0111417107809361 -0.005728389
-0.0107872291589641 -0.004861488
-0.0164836062084028 -0.004706817
-0.0137595769254959 -0.007192332
-0.0150446178974161 -0.00600375
-0.014581722557859 -0.00600375
-0.013349970550904 -0.006362476
-0.0133762078212575 -0.005825023
-0.0129323499228628 -0.005836472
-0.0130047600351778 -0.005642802
-0.0132049407592228 -0.005674397
-0.01406383378332 -0.005761742
-0.014753617523592 -0.006136503
-0.0157348757637025 -0.006437481
-0.01665501739242 -0.006865636
-0.0170523357167258 -0.007267124
-0.0176274528564241 -0.007440486
-0.0177756135670733 -0.007691426
-0.0179770743484818 -0.007756073
-0.0181358485267714 -0.007756073
-0.0180551277122201 -0.007913257
-0.0202365146736385 -0.007878036
-0.0180719572882575 -0.008829843
-0.0183313482195724 -0.00788538
-0.0175130067562003 -0.00788538
-0.0172965420375287 -0.007641492
-0.0210960406681941 -0.007547039
-0.0189007762276064 -0.009204883
-0.0199405138057062 -0.008247021
-0.0194526961501749 -0.008700688
-0.0197576379017546 -0.008487842
-0.0211035886051401 -0.008620896
-0.0238433493866396 -0.009208179
-0.0272044810225266 -0.009208179
-0.0297911999584873 -0.01187019
-0.0325057669524015 -0.01299886
-0.0363179064456102 -0.01418332
-0.038771119193444 -0.01584668
-0.0413016993953465 -0.01691709
-0.0422790013208825 -0.01802127
-0.0439166072701998 -0.01844769
-0.0463855960919938 -0.01916223
-0.0470431017885336 -0.02023954
-0.0521859242469201 -0.02052642
-0.0536960156569645 -0.0227704
-0.0587862953375973 -0.0234293
-0.0659209389149442 -0.02565036
-0.0717390128651137 -0.02876344
-0.0824524599455365 -0.03130205
-0.0938188647026255 -0.03130205
-0.094277745626554 -0.04093621
-0.10709649037846 -0.04113642
-0.106839057771738 -0.04672966
-0.113283378151009 -0.04672966
-0.113124977411515 -0.04942921
-0.11353014816764 -0.04936009
-0.107854891148384 -0.0495369
-0.100700896748398 -0.04706058
-0.0924558893693947 -0.04393906
-0.0784969074453902 -0.04034149
-0.0671094091391097 -0.03425074
-0.0540315161500564 -0.02928201
-0.0353024743780561 -0.0235757
-0.0250732848567607 -0.01540361
-0.0145735111994915 -0.01094028
-0.00509683431009414 -0.006358893
-0.00203296411094696 -0.002223914
0.000201017629184149 -0.0008870479
-0.000348118826051246 8.771047e-05
-0.00332848154932329 -0.0001518955
-0.0101806783968219 -0.001452324
-0.0157613403337197 -0.00444216
-0.0217250252216102 -0.006877182
-0.0246948487771782 -0.009479333
-0.0294724671552796 -0.01077516
-0.0316539637972349 -0.01285979
-0.0284371382717795 -0.01381165
-0.0259756388041418 -0.01240804
-0.0204307861179707 -0.01240804
-0.0142552486259811 -0.008914614
-0.00237902297316024 -0.008914614
0.00130284712575262 -0.001038045
0.00903384639261788 0.0005684743
0.0162714619755 0.003941759
0.015465267592983 0.007099764
0.0187295216991046 0.006747997
0.0142819424031218 0.008172294
0.00796792420978794 0.006231672
-0.00280865089168312 0.003476663
-0.0159943232541626 -0.001225505
-0.0313934485506822 -0.006978839
-0.051257484416912 -0.01369798
-0.0898245247995401 -0.02236529
-0.118871051900762 -0.03919334
-0.192333670901984 -0.0518673
-0.265565971568805 -0.0518673
-0.257901990293377 -0.115875
-0.329417864254579 -0.112531
-0.275941152908205 -0.1437357
-0.237775308172223 -0.1204021
-0.374531566539359 -0.103749
-0.233207331239762 -0.1634202
-0.374531566539359 -0.1017559
-0.374531566539359 -0.1634202
-0.374531566539359 -0.1634202
-0.374531566539359 -0.1634202
-0.374531566539359 -0.1634202
-0.374531566539359 -0.1634202
-0.325494527394293 -0.1634202
-0.374531566539359 -0.1420238
-0.374531566539359 -0.1634202
-0.374531566539359 -0.1634202
-0.374531566539359 -0.1634202
-0.374531566539359 -0.1634202
-0.374531566539359 -0.1634202
-0.374531566539359 -0.1634202
-0.374531566539359 -0.1634202
-0.374531566539359 -0.1634202
-0.374531566539359 -0.1634202
-0.374531566539359 -0.1634202
-0.374531566539359 -0.1634202
-0.374531566539359 -0.1634202
-0.374531566539359 -0.1634202
