0 0
1.0 0
1.0 1
1.0 1
1.0 1
1.0 1
1.0 1
1.0 1
1.0 1
1.0 1
1.0 1
1.0 1
1.0 1
1.0 1
1.0 1
1.0 1
1.0 1
1.0 1
1.0 1
1.0 1
1.0 1
1.0 1
1.0 1
1.0 1
1.0 1
1.0 1
1.0 1
1.0 1
1.0 1
1.0 1
1.0 1
1.0 1
1.0 1
1.0 1
1.0 1
1.0 1
1.0 1
1.0 1
1.0 1
1.0 1
1.0 1
1.0 1
1.0 1
1.0 1
1.0 1
1.0 1
1.0 1
1.0 1
1.0 1
1.0 1
1.0 1
1.0 1
1.0 1
1.0 1
1.0 1
1.0 1
1.0 1
1.0 1
1.0 1
1.0 1
1.0 1
1.0 1
1.0 1
1.0 1
1.0 1
1.0 1
1.0 1
1.0 1
1.0 1
1.0 1
1.0 1
1.0 1
1.0 1
1.0 1
1.0 1
1.0 1
1.0 1
1.0 1
1.0 1
1.0 1
1.0 1
1.0 1
1.0 1
1.0 1
1.0 1
1.0 1
1.0 1
1.0 1
1.0 1
1.0 1
1.0 1
1.0 1
1.0 1
1.0 1
1.0 1
1.0 1
1.0 1
1.0 1
1.0 1
1.0 1
1.0 1
1.0 1
1.0 1
1.0 1
1.0 1
1.0 1
1.0 1
1.0 1
1.0 1
1.0 1
1.0 1
1.0 1
1.0 1
1.0 1
-1.0 1
-1.0 0
-1.0 0
-1.0 0
-1.0 0
-1.0 0
-0.879966307662501 0
-1.0 0
-0.188461773827916 0
1.0 0
1.0 1
1.0 1
1.0 1
1.0 1
1.0 1
1.0 1
1.0 1
1.0 1
1.0 1
1.0 1
1.0 1
1.0 1
1.0 1
1.0 1
1.0 1
1.0 1
1.0 1
1.0 1
1.0 1
1.0 1
