0 0
1 4.12033
2 4.12033
3 4.120056
4 4.116514
5 4.110831
6 4.102952
7 4.087561
8 4.068099
9 4.038106
10 3.990123
11 3.974942
12 3.98616
13 4.010751
14 4.032114
15 4.051921
16 4.065555
17 4.077302
18 4.083095
19 4.084888
20 4.084171
21 4.08171
22 4.076636
23 4.070892
24 4.064302
25 4.057167
26 4.049687
27 4.040662
28 4.032427
29 4.024322
30 4.017457
31 4.008977
32 4.001817
33 3.994025
34 3.98808
35 3.981279
36 3.974345
37 3.967222
38 3.960768
39 3.952064
40 3.943866
41 3.935244
42 3.926153
43 3.916613
44 3.906595
45 3.894743
46 3.883692
47 3.869144
48 3.855496
49 3.844567
50 3.831745
51 3.820244
52 3.804759
53 3.792123
54 3.777258
55 3.763912
56 3.744316
57 3.728041
58 3.710983
59 3.692805
60 3.673408
61 3.655282
62 3.633105
63 3.612356
64 3.586935
65 3.559559
66 3.534016
67 3.499058
68 3.466889
69 3.430701
70 3.398492
71 3.366505
72 3.337272
73 3.301111
74 3.261902
75 3.220386
76 3.178542
77 3.132156
78 3.091494
79 3.036846
80 2.976252
81 2.917541
82 2.863712
83 2.810984
84 2.760976
85 2.719144
86 2.675393
87 2.622485
88 2.566865
89 2.509456
90 2.451354
91 2.378622
92 2.306051
93 2.248404
94 2.184693
95 2.116096
96 2.057547
97 2.007904
98 1.955195
99 1.916724
100 1.875606
101 1.837571
102 1.802061
103 1.773374
104 1.746889
105 1.719922
106 1.692642
107 1.672843
108 1.649296
109 1.625353
110 1.607883
111 1.591532
112 1.572368
113 1.551043
114 1.539247
115 1.526221
116 1.513596
117 1.501089
118 1.489408
119 1.477931
120 1.465456
121 1.453805
122 1.444202
123 1.436742
124 1.428779
125 1.417274
126 1.413797
127 1.411948
128 1.410803
129 1.409343
130 1.407707
131 1.405021
132 1.401198
133 1.392555
134 1.382756
135 1.369558
136 1.350432
137 1.322438
138 1.296328
139 1.252174
140 1.209766
141 1.161252
142 1.098873
143 1.030649
144 0.9555937
145 0.8568712
146 0.7723259
147 0.6758792
148 0.5891606
149 0.5096951
150 0.4207381
151 0.3132321
152 0.2032375
153 0.1073515
154 0.02752083
155 6.225804
156 6.149676
157 6.079827
158 6.008451
159 5.95857
160 5.907822
161 5.869856
162 5.831647
163 5.802042
164 5.772556
165 5.745853
166 5.728723
167 5.712215
168 5.697899
169 5.688453
170 5.680423
171 5.673546
172 5.666749
173 5.663187
174 5.662775
175 5.668172
176 5.68049
177 5.714255
178 5.748983
179 5.787879
180 5.847215
181 5.929705
182 5.999844
183 6.112082
184 6.19807
185 0.02626225
