0 0
3.733651 3.733651
3.733651 3.733651
3.734494 3.734494
3.738352 3.738352
3.744023 3.744023
3.754641 3.754641
3.767653 3.767653
3.788156 3.788156
3.808125 3.808125
3.840903 3.840903
3.869709 3.869709
3.876975 3.876975
3.853558 3.853558
3.830763 3.830763
3.798011 3.798011
3.777551 3.777551
3.765024 3.765024
3.765671 3.765671
3.769018 3.769018
3.77525 3.77525
3.780374 3.780374
3.786281 3.786281
3.792574 3.792574
3.79829 3.79829
3.802791 3.802791
3.807485 3.807485
3.811429 3.811429
3.816794 3.816794
3.822623 3.822623
3.828017 3.828017
3.834339 3.834339
3.841395 3.841395
3.847647 3.847647
3.853166 3.853166
3.858754 3.858754
3.864452 3.864452
3.870347 3.870347
3.876567 3.876567
3.883102 3.883102
3.889016 3.889016
3.897352 3.897352
3.905078 3.905078
3.914372 3.914372
3.924146 3.924146
3.93559 3.93559
3.944793 3.944793
3.955624 3.955624
3.963964 3.963964
3.975739 3.975739
3.986339 3.986339
3.998614 3.998614
4.009388 4.009388
4.02168 4.02168
4.030858 4.030858
4.042067 4.042067
4.05401 4.05401
4.069647 4.069647
4.081773 4.081773
4.095906 4.095906
4.108459 4.108459
4.121474 4.121474
4.135148 4.135148
4.1498 4.1498
4.165937 4.165937
4.186021 4.186021
4.208077 4.208077
4.232303 4.232303
4.255465 4.255465
4.284286 4.284286
4.315124 4.315124
4.34366 4.34366
4.378189 4.378189
4.409717 4.409717
4.447448 4.447448
4.487467 4.487467
4.529913 4.529913
4.587204 4.587204
4.636899 4.636899
4.691479 4.691479
4.75891 4.75891
4.824345 4.824345
4.893017 4.893017
4.963563 4.963563
5.026732 5.026732
5.121442 5.121442
5.202981 5.202981
5.288519 5.288519
5.387522 5.387522
5.518321 5.518321
5.613094 5.613094
5.715908 5.715908
5.791942 5.791942
5.858198 5.858198
5.910382 5.910382
5.961628 5.961628
6.001684 6.001684
6.03722 6.03722
6.065017 6.065017
6.090684 6.090684
6.121264 6.121264
6.143226 6.143226
6.170488 6.170488
6.190919 6.190919
6.21597 6.21597
6.239759 6.239759
6.262943 6.262943
6.283086 6.283086
0.01931857 0.01931857
0.0421412 0.0421412
0.05967958 0.05967958
0.07858749 0.07858749
0.09680364 0.09680364
0.1097274 0.1097274
0.1246606 0.1246606
0.1360016 0.1360016
0.1443624 0.1443624
0.1516641 0.1516641
0.1553286 0.1553286
0.1560924 0.1560924
0.1545796 0.1545796
0.1509389 0.1509389
0.1464635 0.1464635
0.1404943 0.1404943
0.1360251 0.1360251
0.132861 0.132861
0.1329599 0.1329599
0.1387697 0.1387697
0.1456513 0.1456513
0.164564 0.164564
0.1990614 0.1990614
0.2534466 0.2534466
0.3316032 0.3316032
0.4161297 0.4161297
0.5001252 0.5001252
0.6541022 0.6541022
0.8119737 0.8119737
0.9863998 0.9863998
1.149682 1.149682
1.347503 1.347503
1.466266 1.466266
1.596919 1.596919
1.734335 1.734335
1.839294 1.839294
1.940482 1.940482
2.006606 2.006606
2.048691 2.048691
2.071199 2.071199
2.079609 2.079609
2.080824 2.080824
2.078306 2.078306
2.076107 2.076107
2.079938 2.079938
2.087541 2.087541
2.100859 2.100859
2.130074 2.130074
2.164455 2.164455
2.199748 2.199748
2.226864 2.226864
2.233934 2.233934
2.224032 2.224032
2.191362 2.191362
2.127868 2.127868
2.016882 2.016882
1.868804 1.868804
1.662143 1.662143
1.446618 1.446618
1.160097 1.160097
0.9425267 0.9425267
0.7902446 0.7902446
0.6608118 0.6608118
0.5493522 0.5493522
0.4829286 0.4829286
0.4484465 0.4484465
0.4396053 0.4396053
0.4614451 0.4614451
0.4879522 0.4879522
0.5185401 0.5185401
0.5445005 0.5445005
0.5593773 0.5593773
0.5639704 0.5639704
0.5596713 0.5596713
0.5475342 0.5475342
0.5250155 0.5250155
0.4980294 0.4980294
0.4779888 0.4779888
0.4722846 0.4722846
0.4778883 0.4778883
0.4994918 0.4994918
0.5470687 0.5470687
0.6151322 0.6151322
0.6964021 0.6964021
0.7580453 0.7580453
0.847583 0.847583
0.9588002 0.9588002
1.111135 1.111135
1.212858 1.212858
1.32308 1.32308
1.472883 1.472883
1.610853 1.610853
1.729226 1.729226
1.850534 1.850534
1.958272 1.958272
2.051193 2.051193
2.13853 2.13853
2.197198 2.197198
2.263828 2.263828
2.310747 2.310747
2.350016 2.350016
2.389932 2.389932
2.437367 2.437367
2.482689 2.482689
2.531698 2.531698
2.597749 2.597749
2.653861 2.653861
2.719345 2.719345
2.778452 2.778452
2.84527 2.84527
2.904002 2.904002
2.953553 2.953553
3.007962 3.007962
3.053524 3.053524
3.102777 3.102777
3.155167 3.155167
3.198402 3.198402
3.248628 3.248628
3.285807 3.285807
3.320169 3.320169
3.352062 3.352062
3.384732 3.384732
3.415128 3.415128
3.443548 3.443548
3.470263 3.470263
3.492867 3.492867
3.514493 3.514493
3.53805 3.53805
3.558359 3.558359
3.578012 3.578012
3.597203 3.597203
3.61615 3.61615
3.634837 3.634837
3.65564 3.65564
3.673958 3.673958
3.691968 3.691968
3.711824 3.711824
3.729002 3.729002
3.745736 3.745736
3.76187 3.76187
3.778886 3.778886
3.793139 3.793139
3.810227 3.810227
3.82181 3.82181
3.834871 3.834871
3.848038 3.848038
3.862956 3.862956
3.874761 3.874761
3.88888 3.88888
3.903544 3.903544
3.920891 3.920891
3.937144 3.937144
3.954186 3.954186
3.972307 3.972307
3.99622 3.99622
4.016187 4.016187
4.034257 4.034257
4.052792 4.052792
4.077558 4.077558
4.103432 4.103432
4.129955 4.129955
4.15758 4.15758
4.186659 4.186659
4.221528 4.221528
4.255599 4.255599
4.293026 4.293026
4.339715 4.339715
4.374777 4.374777
4.417462 4.417462
4.472972 4.472972
4.513281 4.513281
4.57952 4.57952
4.63132 4.63132
4.6966 4.6966
4.759435 4.759435
4.81846 4.81846
4.897842 4.897842
4.981485 4.981485
5.047823 5.047823
5.134928 5.134928
5.222772 5.222772
5.321788 5.321788
5.412384 5.412384
5.492817 5.492817
5.582251 5.582251
5.669303 5.669303
5.75246 5.75246
5.822209 5.822209
5.886278 5.886278
5.951293 5.951293
6.019996 6.019996
6.063338 6.063338
6.117942 6.117942
6.148475 6.148475
6.179683 6.179683
6.197234 6.197234
6.216574 6.216574
6.2313 6.2313
6.243143 6.243143
6.25805 6.25805
6.269909 6.269909
0.002775546 0.002775546
0.01612557 0.01612557
0.03481018 0.03481018
0.05523849 0.05523849
0.07448675 0.07448675
0.09671163 0.09671163
0.1137794 0.1137794
0.1338665 0.1338665
0.1552494 0.1552494
0.1695597 0.1695597
0.1768472 0.1768472
0.1785295 0.1785295
0.1745803 0.1745803
0.1661445 0.1661445
0.1540407 0.1540407
0.1418787 0.1418787
0.1337443 0.1337443
