0 0
1 -40.62
2 -40.62
3 -40.62437
4 -40.66268
5 -40.73992
6 -40.84644
7 -41.05133
8 -41.30864
9 -41.6962
10 -42.31013
11 -43.1144
12 -43.73629
13 -44.66298
14 -45.47864
15 -46.50999
16 -47.49702
17 -48.87598
18 -50.03275
19 -51.43885
20 -52.74059
21 -54.10644
22 -55.95279
23 -57.67579
24 -59.47244
25 -61.33981
26 -63.27513
27 -65.52979
28 -67.59974
29 -69.72939
30 -71.64034
31 -74.16042
32 -76.45851
33 -79.10709
34 -81.21186
35 -83.66351
36 -86.16238
37 -88.70618
38 -90.96696
39 -93.91862
40 -96.58165
41 -99.27857
42 -102.0062
43 -104.7613
44 -107.5405
45 -110.6916
46 -113.5104
47 -117.0513
48 -120.2493
49 -122.7406
50 -125.5886
51 -128.0785
52 -131.2723
53 -133.7465
54 -136.5593
55 -139.0044
56 -142.4654
57 -145.2018
58 -147.9032
59 -150.563
60 -153.1733
61 -155.41
62 -157.9032
63 -160.0218
64 -162.3607
65 -164.5994
66 -166.4655
67 -168.7127
68 -170.4922
69 -172.2064
70 -173.4894
71 -174.5616
72 -175.3708
73 -176.1592
74 -176.7905
75 -177.2455
76 -177.5107
77 -177.5948
78 -177.4994
79 -177.151
80 -176.5174
81 -175.6824
82 -174.7327
83 -173.6361
84 -172.4421
85 -171.3258
86 -170.0775
87 -168.469
88 -166.6589
89 -164.6409
90 -162.4126
91 -159.3319
92 -155.9272
93 -152.9756
94 -149.422
95 -145.1971
96 -141.1632
97 -137.4075
98 -133.0051
99 -129.4621
100 -125.2952
101 -121.0132
102 -116.6251
103 -112.705
104 -108.7153
105 -104.0768
106 -98.76523
107 -94.56988
108 -89.0982
109 -82.92181
110 -77.91134
111 -72.84221
112 -66.42694
113 -58.61851
114 -54.01057
115 -48.69844
116 -43.33898
117 -37.93518
118 -32.48349
119 -26.99364
120 -20.7674
121 -14.4913
122 -8.871704
123 -3.923665
124 2.480138
125 16.15426
126 22.70478
127 29.30285
128 34.46753
129 41.14944
130 47.1275
131 53.14055
132 58.42912
133 65.2622
134 71.35104
135 76.48808
136 82.01745
137 87.87935
138 92.17159
139 97.8992
140 102.1347
141 106.0573
142 110.0889
143 113.7111
144 116.9188
145 120.2738
146 122.5639
147 124.6465
148 126.131
149 127.2278
150 128.1871
151 129.0686
152 129.7027
153 130.0356
154 130.141
155 130.0585
156 129.7544
157 129.2309
158 128.3907
159 127.5641
160 126.4463
161 125.3305
162 123.9104
163 122.5495
164 120.8696
165 118.8373
166 117.1629
167 115.158
168 112.7978
169 110.6182
170 108.3676
171 106.0503
172 103.0669
173 100.6171
174 97.8063
175 94.63634
176 92.09123
177 88.34001
178 85.74723
179 83.71503
180 81.55631
181 79.69981
182 78.70251
183 77.82661
184 77.52763
185 77.50549
