0 0
-40.62 108.73
-40.62001 108.73
-40.63403 108.7187
-40.68159 108.6798
-40.75933 108.6156
-40.8969 108.5002
-41.07114 108.3505
-41.34174 108.1103
-41.60044 107.8715
-42.01865 107.4657
-42.4535 107.0307
-43.05265 106.475
-43.68443 105.962
-44.50362 105.3139
-45.68516 104.4298
-46.75084 103.6604
-48.06849 102.7206
-49.33331 101.8085
-50.51104 100.9514
-51.9348 99.90267
-53.05545 99.06746
-54.41894 98.04066
-56.04967 96.79863
-57.75615 95.48437
-59.31037 94.27598
-61.15512 92.82913
-62.82796 91.50603
-64.80392 89.92738
-66.84576 88.2772
-68.68452 86.77435
-70.84342 84.98919
-73.34312 82.89492
-75.62597 80.95715
-77.66879 79.20281
-79.75246 77.39361
-81.87553 75.52946
-84.03641 73.61013
-86.23323 71.6351
-88.46412 69.60383
-90.40189 67.81745
-93.01991 65.36974
-95.34052 63.16538
-98.02377 60.57349
-100.737 57.90302
-103.8212 54.80354
-106.2406 52.32243
-109.0245 49.41066
-111.124 47.17302
-113.9351 44.11647
-116.4033 41.37271
-119.231 38.15753
-121.7094 35.27464
-124.5443 31.90052
-126.6708 29.31455
-129.1496 26.23699
-131.6228 23.09285
-134.79 18.9519
-137.2416 15.65489
-140.0275 11.80501
-142.4486 8.364644
-144.8513 4.856944
-147.2318 1.280992
-149.5856 -2.364568
-151.9061 -6.081991
-154.5087 -10.42126
-157.048 -14.8604
-159.5114 -19.40277
-161.5936 -23.46452
-163.8756 -28.20883
-166.0392 -33.06372
-167.8241 -37.40253
-169.7265 -42.46447
-171.2596 -46.98251
-172.8488 -52.24466
-174.2475 -57.60844
-175.4377 -63.06883
-176.6003 -70.02014
-177.2422 -75.67121
-177.5958 -81.37729
-177.6097 -87.80879
-177.2521 -93.47431
-176.5478 -98.9163
-175.5323 -103.979
-174.4094 -108.109
-172.3869 -113.7106
-170.3782 -118.019
-168.0034 -122.1638
-164.891 -126.5998
-160.0288 -132.0801
-155.8862 -135.8136
-150.3289 -139.9164
-145.4377 -142.8953
-140.2883 -145.5497
-135.5293 -147.6559
-130.0015 -149.7623
-124.9558 -151.4212
-119.8019 -152.8962
-115.2138 -154.0492
-110.5596 -155.0825
-104.487 -156.2454
-99.70081 -157.0285
-93.47233 -157.8855
-88.57367 -158.4379
-82.21075 -159.0062
-75.78034 -159.4201
-69.28748 -159.6828
-63.46736 -159.7906
-57.60467 -159.7821
-50.22079 -159.6141
-44.27247 -159.3576
-37.54124 -158.9443
-30.76743 -158.396
-25.47597 -157.8846
-18.63988 -157.1254
-12.5344 -156.3643
-7.169773 -155.6398
-0.2408313 -154.6446
5.949522 -153.7169
12.17106 -152.765
18.42558 -151.8046
24.71451 -150.8487
30.24655 -150.0256
37.39948 -148.9922
43.79495 -148.0964
51.83634 -146.9972
58.30468 -146.1216
65.61444 -145.1127
71.30595 -144.2955
77.84457 -143.2716
85.97758 -141.7997
94.51927 -139.8939
103.063 -137.42
109.5255 -134.9799
114.2234 -132.7422
119.8825 -129.1775
124.1184 -125.4688
127.4096 -121.4318
129.5316 -117.6454
131.0925 -113.0328
131.5577 -110.1752
131.6728 -106.8356
131.3137 -102.9997
130.567 -99.56995
129.173 -95.29199
127.5714 -91.45853
125.73 -87.62611
123.7247 -83.76889
121.8495 -80.30034
119.1796 -75.44588
116.9406 -71.38966
115.1716 -68.18008
112.0666 -62.57834
109.3904 -57.82738
107.171 -53.98627
103.9553 -48.67995
100.829 -43.86124
97.48869 -39.07019
93.95204 -34.30379
90.28349 -29.52037
87.69268 -26.12146
84.78138 -22.13435
81.69875 -17.48217
78.54678 -11.75889
76.32773 -6.160083
75.14848 -0.2852675
75.21255 4.697393
76.73208 10.13361
78.82503 13.61836
80.83071 15.86368
83.18415 17.88071
86.1534 19.90154
89.00836 21.52615
92.00698 23.06173
96.29131 25.14956
100.6977 27.33276
103.9478 29.0366
107.635 31.09025
111.3526 33.28424
114.6899 35.3342
118.5005 37.71599
121.5198 39.59854
125.0437 41.75746
129.5753 44.43511
134.7329 47.32673
139.5736 49.90602
143.0352 51.70352
147.0425 53.78975
151.5858 56.23126
156.6199 59.15526
161.5629 62.40337
165.8293 65.66914
168.4529 67.98457
171.5524 71.1526
174.4679 74.80354
177.4172 79.71249
178.8229 82.95091
179.8612 86.32656
180.6118 90.77949
180.7226 94.94268
180.3691 98.7058
179.4502 102.9458
178.0294 107.1421
176.1656 111.2606
173.6441 115.7247
171.3318 119.2069
167.7892 123.8724
164.6164 127.5896
161.606 130.8174
158.4214 133.9655
154.6294 137.3953
151.0693 140.3253
147.3268 143.1209
142.3882 146.3899
138.2299 148.7954
133.3378 151.248
128.8091 153.1817
123.5275 155.0596
118.6831 156.4511
114.3423 157.4494
109.2808 158.3424
104.7764 158.9087
99.55616 159.3155
93.60773 159.4757
88.26672 159.3641
81.53632 158.9058
76.11955 158.2966
70.68166 157.4851
65.22837 156.4829
59.08039 155.1428
52.92342 153.5918
46.76202 151.841
40.59977 149.9012
35.12424 148.0253
29.6529 146.012
23.50536 143.5881
18.05027 141.2959
12.6061 138.8777
7.174788 136.3365
1.758667 133.6741
-3.639832 130.8922
-9.689162 127.6213
-15.04228 124.5897
-20.37046 121.4428
-26.33258 117.7671
-31.60197 114.3821
-36.84159 110.8889
-42.05063 107.2904
-47.87465 103.1218
-53.02039 99.31443
-59.41168 94.42596
-63.85837 90.92113
-68.91238 86.83409
-73.93512 82.66081
-79.54583 77.86301
-83.87872 74.05621
-88.79398 69.62362
-93.66611 65.10165
-99.09028 59.90522
-103.8552 55.18623
-108.5612 50.37054
-113.2015 45.45502
-118.8988 39.16545
-123.3662 34.01522
-127.2038 29.4209
-130.9702 24.74369
-135.7006 18.60723
-140.2946 12.3306
-144.7424 5.913562
-149.0337 -0.6437536
-153.1551 -7.342385
-157.5128 -14.95001
-161.2075 -21.93791
-164.6528 -29.04353
-168.1213 -37.01242
-170.2951 -42.60765
-172.4649 -48.88725
-174.6727 -56.44058
-175.8979 -61.52358
-177.3099 -69.16048
-177.9836 -74.63723
-178.3732 -80.79284
-178.3685 -86.24413
-178.0779 -90.96906
-177.2984 -96.93806
-176.057 -102.7424
-174.7746 -107.114
-172.7275 -112.5241
-170.2423 -117.681
-166.9695 -123.1063
-163.5675 -127.6992
-160.1811 -131.5375
-155.9786 -135.5581
-151.3919 -139.2352
-146.4585 -142.5451
-141.8174 -145.1713
-136.9684 -147.5027
-131.302 -149.7871
-124.128 -152.1296
-118.7695 -153.5509
-110.5518 -155.2913
-104.9727 -156.2219
-97.90361 -157.1662
-92.89993 -157.706
-86.40635 -158.2756
-80.5814 -158.6786
-75.44614 -158.9598
-68.79343 -159.2279
-63.58161 -159.3641
-56.83458 -159.4429
-51.55264 -159.4255
-44.72 -159.2935
-37.84471 -159.028
-31.69685 -158.6662
-24.7525 -158.1168
-19.32868 -157.5822
-12.33045 -156.7632
-3.741544 -155.5769
4.10011 -154.3489
11.18793 -153.1564
19.10287 -151.7787
26.26761 -150.5295
33.47669 -149.3062
41.54253 -148.0073
49.66749 -146.785
56.20853 -145.8606
