0 0
1 108.73
2 108.73
3 108.7265
4 108.695
5 108.6314
6 108.5424
7 108.3672
8 108.1396
9 107.7798
10 107.1674
11 106.4131
12 105.8758
13 105.1188
14 104.4826
15 103.6989
16 102.9649
17 101.9542
18 101.1151
19 100.0951
20 99.14832
21 98.1496
22 96.7871
23 95.50043
24 94.14134
25 92.70885
26 91.20231
27 89.41761
28 87.75071
29 86.00809
30 84.42155
31 82.29759
32 80.33098
33 78.03089
34 76.17815
35 73.99264
36 71.73441
37 69.40324
38 67.30332
39 64.52023
40 61.96689
41 59.3378
42 56.63189
43 53.84811
44 50.98539
45 47.66902
46 44.63467
47 40.72532
48 37.09474
49 34.19674
50 30.80446
51 27.76546
52 23.7599
53 20.56682
54 16.83355
55 13.49289
56 8.59989
57 4.582594
58 0.4727046
59 -3.731453
60 -8.031721
61 -11.87484
62 -16.36085
63 -20.36968
64 -25.04844
65 -29.83259
66 -34.106
67 -39.696
68 -44.57843
69 -49.82306
70 -54.26095
71 -58.48695
72 -62.16524
73 -66.42641
74 -70.75348
75 -75.08524
76 -79.2648
77 -83.67438
78 -87.35846
79 -91.96915
80 -96.66727
81 -100.9263
82 -104.6569
83 -108.1778
84 -111.4115
85 -114.0421
86 -116.6518
87 -119.6284
88 -122.5825
89 -125.4963
90 -128.353
91 -131.8186
92 -135.1382
93 -137.6687
94 -140.3649
95 -143.1537
96 -145.4671
97 -147.362
98 -149.3093
99 -150.6893
100 -152.1254
101 -153.4149
102 -154.5625
103 -155.4545
104 -156.2471
105 -157.0407
106 -157.8011
107 -158.3011
108 -158.832
109 -159.2822
110 -159.5424
111 -159.7187
112 -159.8257
113 -159.7951
114 -159.7002
115 -159.5238
116 -159.2763
117 -158.9589
118 -158.5686
119 -158.1113
120 -157.5168
121 -156.8406
122 -156.1743
123 -155.5444
124 -154.6777
125 -152.679
126 -151.6695
127 -150.6321
128 -149.8099
129 -148.7344
130 -147.7608
131 -146.7669
132 -145.8746
133 -144.6793
134 -143.5646
135 -142.5595
136 -141.3914
137 -140.0149
138 -138.8862
139 -137.1693
140 -135.6961
141 -134.1266
142 -132.2435
143 -130.2461
144 -128.1519
145 -125.498
146 -123.2925
147 -120.8584
148 -118.7307
149 -116.8091
150 -114.7195
151 -112.1634
152 -109.4088
153 -106.8157
154 -104.4527
155 -101.6637
156 -98.79839
157 -95.87357
158 -92.52913
159 -89.89745
160 -86.86401
161 -84.18926
162 -81.11099
163 -78.39989
164 -75.28113
165 -71.74326
166 -68.96745
167 -65.76686
168 -62.12578
169 -58.84859
170 -55.53116
171 -52.17245
172 -47.9137
173 -44.45577
174 -40.50496
175 -36.02705
176 -32.36139
177 -26.69687
178 -22.48316
179 -18.89364
180 -14.60243
181 -10.13013
182 -7.048017
183 -3.069548
184 -0.3905051
185 2.669842
