0 0
1 0.141401351825394
2 1.47216229547386
3 0.580332439543652
4 0.52587261693856
5 0.660036017539226
6 0.986087963938716
7 1.49267195027956
8 1.99120607430202
9 2.47151033068034
10 3.00673400347032
11 3.70011670475222
12 4.34898669318513
13 4.82542662924457
14 5.33534174702898
15 5.83829509941456
16 6.32899007174763
17 6.92750108158927
18 7.39379358581198
19 7.90777056311978
20 8.46849279739115
21 8.85432547814804
22 9.28789286621035
23 9.76667187576283
24 10.184060289381
25 10.6457165631603
26 11.0487119133809
27 11.4450359603095
28 11.8346870184587
29 12.2178533202085
30 12.5478360501586
31 12.919105970139
32 13.238894433155
33 13.5985351091304
34 13.9083019828614
35 14.2569320778221
36 14.5572621143508
37 14.89525514319
38 15.1864630382958
39 15.5142290404716
40 15.7965839960885
41 16.1142748038144
42 16.3878644650986
43 16.6955665353177
44 16.9585066600818
45 17.2571803865422
46 17.5508439347778
47 17.8040312118635
48 18.0886781807132
49 18.3682857937667
50 18.6384065061215
51 18.8752054382361
52 19.1410917924355
53 19.3703502569975
54 19.5956678325682
55 19.8497470789553
56 20.0659122217204
57 20.307321770375
58 20.5126792635283
59 20.7424507044583
60 20.9372284650256
61 21.1816620737776
62 21.365781810906
63 21.5733325814051
64 21.7518445612084
65 21.9573310802262
66 22.1733966965814
67 22.3734076657626
68 22.5630545934643
69 22.706883566528
70 22.8563150834812
71 23.0137496028478
72 23.1312643240184
73 23.2491025644594
74 23.3375501776749
75 23.3806413865529
76 23.3219069145292
77 23.1172900601743
78 22.7238331715777
79 21.9697939273589
80 20.8152465566635
81 19.4501108737546
82 18.5587423253176
83 18.6320967652015
84 18.8820792997198
85 19.2340058271223
86 19.5769801673316
87 19.9053497375926
88 20.2360939025407
89 20.6619996009814
90 21.0539851031136
91 21.3788478643318
92 21.6839385279199
93 21.9353084470855
94 22.158793892672
95 22.3474291802913
96 22.5576055689669
97 22.7315981101309
98 22.9074423903758
99 23.159139593713
100 23.3747812727912
101 23.5401383722062
102 23.7503291124528
103 23.9403963327395
104 24.1243182234698
105 24.3286106041975
106 24.508630771311
107 24.6648267828555
108 24.81790417758
109 25.004295975772
110 25.156537485859
111 25.3301805367191
112 25.5132924850158
113 25.6714450042854
114 25.8036823083701
115 25.9516030241267
116 26.0811432290693
117 26.2248221007346
118 26.3513491310158
119 26.5024159657297
120 26.6284634908001
121 26.770276405843
122 26.9054236235211
123 27.0115417411156
124 27.1113082297818
125 27.1901430187799
126 27.2273882306966
127 27.1090238296661
128 27.0434967263752
129 26.6597564776092
130 25.1322591072195
131 23.7237211806925
132 22.0203403231583
133 20.3169950875819
134 18.5365033229854
135 17.2812284522014
136 16.0919397942573
137 15.1680628409528
138 14.2484321154909
139 13.5536571414356
140 12.9496914134154
141 12.9714722738167
142 13.5196795822606
143 14.1298990992988
144 14.5500321604495
145 15.0694585236357
146 15.4873399601399
147 15.8054342590706
148 16.138858061572
149 16.4180122990404
150 16.7266180498267
151 17.0308314640769
152 17.3284099845634
153 17.6527610023082
154 17.9748904345195
155 18.2747619765678
156 18.5362525620831
157 18.7645871948006
158 19.0362728035948
159 19.3192967837737
160 19.5655913698926
161 19.83163543047
162 20.0547744727622
163 20.1173694431173
164 19.9836161406012
165 19.6652619589534
166 18.4984500808602
167 16.6146418487647
168 14.75095645599
169 13.6014736668308
170 12.6702791585466
171 11.764712687866
172 11.3523288912678
173 11.8406446932057
174 12.6603951731525
175 13.4273564649671
176 13.9156150072418
177 14.3409855242398
178 14.6455884012767
179 14.9582784602527
180 15.271757224061
181 15.594854295007
182 15.9279121230663
183 16.1780240700792
184 16.503731195845
185 16.7782401750074
186 17.0799353573374
187 17.3357559292527
188 17.6268527849865
189 17.9155484600774
190 18.2033647464965
191 18.4840750187339
192 18.7709258231886
193 18.9997594177823
194 19.1802475398199
195 19.3366317047273
196 19.4061303651205
197 19.3810242571446
198 19.3222809455047
199 18.9574648851703
200 17.7061163778956
201 16.6552301182772
202 15.4369889657653
203 14.114534751799
204 13.5247242431823
205 13.7431040070803
206 14.3723285952673
207 14.8490302512586
208 15.3916609677767
209 15.8187292384412
210 16.281091660853
211 16.668474753527
212 17.0299573359769
213 17.3912635397142
214 17.7176432970589
215 17.9850626374286
216 18.2230798120079
217 18.4835317794775
218 18.6731730293814
219 18.8589236718179
220 19.104400418945
221 19.3524355773886
222 19.5932054507075
223 19.8357755359869
224 20.0548569787671
225 20.306181752832
226 20.536184770389
227 20.7916013658056
228 21.0141992612876
229 21.265056233306
230 21.4800464637249
231 21.7190429416317
232 21.9285275247603
233 22.1640646722502
234 22.3894703805997
235 22.583063234653
236 22.7971968882962
237 22.9804208362545
238 23.2098884315978
239 23.408910102153
240 23.603236775667
241 23.7945178283686
242 23.9816483011885
243 24.1652913559232
244 24.366432915753
245 24.544395877997
246 24.6970409513291
247 24.888424125249
248 25.0744496966901
249 25.2173897832002
250 25.378886817455
251 25.5376072958387
252 25.694410761395
253 25.8304565986988
254 25.9650041579481
255 26.1513368508853
256 26.3197955000069
257 26.4510412899723
258 26.5941997904997
259 26.7505262198106
260 26.8871548930161
261 27.0207913636126
262 27.1508132817729
263 27.2635259018288
264 27.3899276659389
265 27.5133972374415
266 27.6326635336587
267 27.7501553635375
268 27.8648972466737
269 27.9636697518318
270 28.0601890345659
271 28.1691063719182
272 28.2613363061235
273 28.3687733124551
274 28.4607222882994
275 28.5638404233168
276 28.6463551610511
277 28.7469757168383
278 28.8428900765344
279 28.9362114281345
280 29.0296544564457
281 29.0963521055177
282 29.1631316368305
283 29.223433731039
284 29.2341201530999
285 29.1758479602953
286 29.044221700159
287 28.7585808814587
288 28.2895912075837
289 27.2063300261688
290 25.7471109115853
291 24.3144069737093
292 23.2173252675778
293 22.9813687734475
294 22.8759650075398
295 22.6526980210509
296 22.3688406431485
297 21.9879153392106
298 21.5973935473451
299 21.3102023116441
300 21.0144772954764
301 20.7536037523122
302 20.6054376912365
303 20.579846395162
304 20.7041157514092
305 21.002096296178
306 21.3027249659733
307 21.5961044089713
308 21.9168231138886
309 22.1675529368955
310 22.4349560972347
311 22.7210586685612
312 22.9510416877188
313 23.1677623805796
314 23.3788724563748
315 23.63137938888
316 23.8206909465722
317 24.0093585896559
318 24.2614058537839
319 24.4365852233522
320 24.6488587919803
321 24.7977737279398
322 24.9812821350082
323 25.1217686102283
324 25.2808769356403
325 25.4595106517273
326 25.5922143485137
327 25.7881818349715
328 25.9298887564213
329 26.069692301807
330 26.2306155291746
331 26.3828310179933
332 26.5085860231404
333 26.6441581742315
334 26.7612841790405
335 26.8893230230586
336 27.0194684430629
337 27.1427876753182
338 27.2770908052107
339 27.3952955145414
340 27.5405461199345
341 27.6481430738736
342 27.7211961073033
343 27.7773956869669
344 27.6600873089119
345 27.7066875520027
346 27.3845755073754
347 26.7965550547707
348 25.2081653993444
349 23.3951431446373
350 21.7149660612755
351 19.7876420829029
352 18.2655795514779
353 16.8355504011816
354 15.8058200863852
355 14.9074334194248
356 14.2503367412323
357 13.7511177265962
358 13.3318229884108
359 13.3932435794506
360 13.9616300011226
361 14.5478064121753
362 14.9724059844042
363 15.402663461307
364 15.76877448642
365 16.092547042603
366 16.4029788306737
367 16.7100020807518
368 17.0072490069935
369 17.3116791078207
370 17.6048714799849
371 17.9582739464051
372 18.311068903343
373 18.5306580302632
374 18.7869981345199
375 19.0299128723543
376 19.3602437624959
377 19.6810393382474
378 19.9259357540868
379 20.0585908461354
380 20.0634131369058
381 19.8607295207082
382 19.486629103243
383 18.2556816520782
384 15.8010124366246
385 13.9268616266637
386 12.709313926258
387 11.9696971958622
388 11.4720357314532
389 11.9966133345696
390 12.772429953504
391 13.4358953098762
392 13.8917544344722
393 14.2253849793269
394 14.5156945022815
395 14.8110029056477
396 15.1500410131134
397 15.5100532268184
398 15.8708929753505
399 16.1732083773078
400 16.4947507662998
401 16.7546244860172
402 17.041666299247
403 17.2951871510088
404 17.6239727051942
405 17.8868442585142
406 18.1488434758398
407 18.4326473837511
408 18.6839143157738
409 18.9368369376569
410 19.0998780912671
411 19.1570518127008
412 19.1759661431718
413 19.074259794739
414 18.9395365575331
415 17.6231727354924
416 16.4508100126059
417 15.1092156849995
418 14.1931793553928
419 13.5726785130164
420 13.8479777145706
421 14.2227839616998
422 14.7490557975365
423 15.3350157630262
424 15.7728379617799
425 16.2289913067044
426 16.6269116577801
427 16.9932613560607
428 17.3679043862918
429 17.6721013501755
430 17.9477873368337
431 18.2036921656222
432 18.5258107618375
433 18.7507768728539
434 18.944749074701
435 19.1393625862743
436 19.3600881576385
437 19.5961118792786
438 19.8095326171302
439 20.0547129878085
440 20.2711834058876
441 20.5181785226987
442 20.7409624677017
443 20.9568559154224
444 21.202015422953
445 21.4446018186814
446 21.6847551031373
447 21.9184934262003
448 22.1529707825101
449 22.3537388583836
450 22.5497519374999
451 22.7678855168547
452 22.9804570876459
453 23.1877493044794
454 23.3649502076117
455 23.5619101213408
456 23.7318198460388
457 23.9218258391803
458 24.0843231798294
459 24.2664715064225
460 24.4434158480102
461 24.6197545127413
462 24.7921600423025
463 24.960172559206
464 25.1033603256647
465 25.2653184509289
466 25.4055397460018
467 25.5628521406877
468 25.699038098026
469 25.8534345693313
470 25.9872351026128
471 26.1384203246595
472 26.2665298885791
473 26.4148568447978
474 26.5627757380666
