0 0
1 0.00038510118967665
2 0.0695172420915427
3 0.0108923277393175
4 0.00895896445913217
5 0.0140623808891352
6 0.0312501334933984
7 0.0714663181517279
8 0.127235659101197
9 0.100251956871428
10 -0.0352235904604238
11 -0.208280681076088
12 -0.303814313607161
13 -0.258814535573764
14 -0.163458990779543
15 -0.044843422741893
16 0.0595902911977847
17 0.149229792349533
18 0.182274216743272
19 0.1988332040938
20 0.15750490401168
21 0.122992773741203
22 0.0890155289381676
23 0.0628714541055953
24 0.0814459341935555
25 0.0955235081502748
26 0.104149345188508
27 0.121928439332989
28 0.139463243378716
29 0.160824737065746
30 0.178738257493982
31 0.202332238808459
32 0.219658281681853
33 0.245304979223791
34 0.265388421291093
35 0.289808079048837
36 0.306116370947909
37 0.32429756939023
38 0.337922755449055
39 0.351319987732032
40 0.361840062001641
41 0.374454548637609
42 0.386393605112382
43 0.402338183314808
44 0.451315794285925
45 0.469039906714848
46 0.469958421841658
47 0.474545528051332
48 0.481503767523266
49 0.493497018745604
50 0.576932066125678
51 0.607891384690251
52 0.617353148307456
53 0.637373445310423
54 0.658632541865026
55 0.675474061563986
56 0.722034246456822
57 0.801084672455129
58 0.881992868663679
59 1.00498805000212
60 1.10480450325346
61 1.26370232243632
62 1.37238437475733
63 1.52182427194718
64 1.61765586090483
65 1.70571357715016
66 1.84224376622587
67 1.92182811167612
68 1.99992194632272
69 2.17409226156791
70 2.28592624670595
71 2.49765363602561
72 2.69157050820014
73 2.99698334136811
74 3.32535391457714
75 3.74807729112172
76 4.10141489627206
77 4.40041484166535
78 4.64578725698312
79 4.62175015240363
80 4.39559440240069
81 4.07118061588852
82 3.84613059993309
83 3.84293943636242
84 3.75877733423905
85 3.53445521681936
86 3.31240297132188
87 2.95017588814156
88 2.67885602111495
89 2.22118015253342
90 1.81775552041083
91 1.49619007791005
92 1.25230787974732
93 1.15426755236471
94 1.06720085533961
95 0.999287569476071
96 0.973046835384665
97 1.01344738449372
98 1.02278822120035
99 1.0044827955274
100 1.01984431872492
101 1.04564879602674
102 1.08589888300877
103 1.03475473805396
104 1.02107528538352
105 0.975369907052752
106 0.932869734954831
107 0.881092909401378
108 0.877126349293477
109 0.779550494619635
110 0.611050201108914
111 0.396445874666863
112 0.228896359370242
113 -0.0132295704205669
114 -0.198512435128203
115 -0.447211561887878
116 -0.481559336861452
117 -0.580323665826172
118 -0.61165799334539
119 -0.432707381401824
120 -0.304303464273977
121 -0.124651471577126
122 0.179900063592728
123 0.49021543091019
124 1.07279458806287
125 1.56431506675282
126 2.10885902222486
127 2.83955565564729
128 3.84141174150457
129 4.67841358810179
130 5.08679523278969
131 5.59280512292134
132 5.96613997105613
133 6.28633841251883
134 6.41405534119724
135 6.67573347227722
136 6.34539535650485
137 6.04422116314325
138 5.44878100740407
139 4.89445412829366
140 4.2016359757466
141 3.70837832937596
142 3.28848493414821
143 2.70505276997889
144 2.28852844367507
145 1.5568031306437
146 1.10141989055926
147 0.766065244518941
148 0.354994767061755
149 0.242302426174804
150 0.220839238532022
151 -0.0189033548411679
152 0.0686924897091195
153 0.24833672298999
154 0.341206253317949
155 0.586321688628049
156 0.843611121652207
157 0.94016067915224
158 0.919184525077159
159 0.736025419351897
160 0.372928533206512
161 -0.552535730053211
162 -1.47800773927152
163 -2.34353879073875
164 -3.65955498479371
165 -4.84857399989825
166 -6.3871503678306
167 -6.21525062559602
168 -6.69161779624273
169 -6.39174537969467
170 -5.9717752031704
171 -5.0339486320735
172 -4.33830585934257
173 -3.71643772315666
174 -3.07832240299501
175 -1.90221589039337
176 -1.18792228829666
177 -0.359233014693528
178 0.157542637993822
179 0.59397177711685
180 0.821050468084279
181 0.861603632377758
182 0.76310217251712
183 0.632981397771363
184 0.343115425657682
185 0.12819993110722
186 -0.161240405103071
187 -0.300646418699374
188 -0.381824313245583
189 -0.356037228970545
190 -0.233965975187474
191 0.029689350137972
192 0.553368186972132
193 1.04816310747965
194 1.53758219661004
195 2.29153781905446
196 2.8354906637768
197 3.66980797493062
198 4.3846612244279
199 5.04863672903497
200 5.12893916920685
201 5.09954631422811
202 4.90896756515572
203 4.51630293010478
204 4.30197562641471
205 4.25004584635014
206 3.97021773432956
207 3.58283646789661
208 3.13422596761449
209 2.68148459972814
210 2.21902195649042
211 1.81981037788074
212 1.51426897808715
213 1.3441050093954
214 1.21301783443267
215 1.3690393869434
216 1.57487657898262
217 1.8533167655123
218 2.06763243095002
219 2.24567864282082
220 2.49021456352796
221 2.62937038317295
222 2.69931922482018
223 2.71236243667217
224 2.70259828368986
225 2.6609392788101
226 2.57620753544735
227 2.47906327899788
228 2.38040518161422
229 2.26536707195366
230 2.15407473388426
231 2.04734766357108
232 1.92470083298324
233 1.80425280910183
234 1.64509275483976
235 1.56366219283349
236 1.45654870777739
237 1.38360418404301
238 1.30415718885023
239 1.24019867953937
240 1.19445072160717
241 1.1478335755716
242 1.10974913167716
243 1.08676635171685
244 1.06134275863323
245 1.03548825055365
246 1.01736955686832
247 0.991449900845878
248 1.00704203980203
249 1.01760391735236
250 1.01268384329654
251 1.01197374587944
252 1.00324981325339
253 0.983271005055367
254 0.961464226672046
255 0.945705743596501
256 0.895378131237525
257 0.806358450307481
258 0.765613460762074
259 0.764862436813098
260 0.762488120354322
261 0.77171446562012
262 0.804764438627138
263 0.821295028427162
264 0.853940117437896
265 0.88911020606519
266 0.955862373175316
267 1.01954830872913
268 1.08453669048917
269 1.14258579777166
270 1.19561781892474
271 1.26815655140097
272 1.32624977978468
273 1.37396194265728
274 1.40182461650653
275 1.44453737871424
276 1.52835209842028
277 1.57198701723243
278 1.61414711949744
279 1.67810046554691
280 1.80395157390659
281 1.94764253563354
282 2.12888865901623
283 2.37718374547694
284 2.58822734947642
285 2.82833064939564
286 3.05360156310227
287 3.25142021860781
288 3.50073936829547
289 3.50351676207045
290 3.48796007157821
291 3.4280270394757
292 3.42658421523478
293 3.62331080716726
294 3.83756119258948
295 4.00553166345008
296 4.07526705779726
297 4.19822304946292
298 4.15946714190614
299 4.10547003002057
300 4.06880713010838
301 3.99046819394807
302 3.96651902351996
303 3.9133162287649
304 3.77948232721944
305 3.59888543774381
306 3.34780018152204
307 3.07737682933759
308 2.75297500638245
309 2.44818451975299
310 2.13125024973001
311 1.82534303435301
312 1.47478472000674
313 1.33827517905915
314 1.12175833384652
315 0.937709480378205
316 0.858683481824126
317 0.799694152028587
318 0.715938825352361
319 0.742812962036709
320 0.808647957794645
321 0.820231689858012
322 0.911219081408613
323 0.970488680237614
324 1.02316304550007
325 1.04813933027818
326 1.12616774626339
327 1.05074025598044
328 0.873079635644306
329 0.79125577780676
330 0.535680709637632
331 0.209284206623073
332 -0.0634964146491336
333 -0.343353981729309
334 -0.494378335543013
335 -0.663445744334288
336 -0.770170696384334
337 -0.645034753811221
338 -0.52715444504976
339 -0.358528685773139
340 0.0293072846733988
341 0.597547808169458
342 1.00807917699501
343 1.75509861616032
344 2.35194438401001
345 3.35665345088633
346 4.23595157391587
347 5.33896131458856
348 5.91838074897641
349 6.57303777046157
350 6.94004116846677
351 7.35715035936746
352 7.5176726418189
353 7.32314493326137
354 7.0147940457929
355 6.41147073593848
356 5.75570917691732
357 5.01693423593087
358 4.26793329322249
359 3.41156109337434
360 2.86226550550439
361 2.14322288722324
362 1.56457384279343
363 0.994082882403217
364 0.323139964598355
365 0.0611702529078466
366 -0.159038417160326
367 -0.198136010723032
368 -0.345357422752924
369 -0.187479213981812
370 0.135350000931741
371 0.354249277705926
372 0.809112413351751
373 1.09528628575207
374 1.20809918228625
375 1.18193968254569
376 0.874964219160436
377 0.323451221062916
378 -0.841602466349317
379 -1.71721014411284
380 -2.71948836777444
381 -4.00056477326777
382 -5.20196412079794
383 -6.62384612258677
384 -7.16734787860005
385 -7.1097132574718
386 -6.70114256243372
387 -6.01138979234442
388 -4.6986084543482
389 -3.48209303778147
390 -2.29910645463993
391 -1.32197858468342
392 -0.255935272687815
393 0.462409537482941
394 1.02459484651846
395 1.30126873277533
396 1.31136054286629
397 1.13995053233972
398 0.768481735788245
399 0.447211182562337
400 -0.0327336219327588
401 -0.345998248746727
402 -0.641704215220369
403 -0.747479502924964
404 -0.759059445420575
405 -0.639425477540855
406 -0.41389135197107
407 0.156596715939541
408 0.651052429963276
409 1.35332395448338
410 2.21574516941134
411 2.87461005761036
412 3.46336711951536
413 4.29593556848937
414 5.02103078487803
415 5.06317800502827
416 5.04103280410579
417 4.73634248342849
418 4.54292211064746
419 4.21953824558046
420 4.23968103994486
421 4.08234647984719
422 3.79976846655492
423 3.33013441992793
424 3.00591889175422
425 2.42945188808982
426 2.15149252147987
427 1.8130148559071
428 1.58591478621716
429 1.46259142237843
430 1.50017341800304
431 1.61945404308422
432 1.89292835228263
433 2.11138283241612
434 2.2714710948886
435 2.41326482876767
436 2.55265967355779
437 2.63011787699646
438 2.64587518003417
439 2.64876075632544
440 2.6266808047733
441 2.59024821770359
442 2.51556414457523
443 2.44705916033139
444 2.36661929160726
445 2.26747600871168
446 2.15955379156303
447 2.05525636572302
448 1.92848565195111
449 1.80598016087684
450 1.69904173471457
451 1.58500172490291
452 1.47651960751404
453 1.37923713969605
454 1.30089680695629
455 1.23580677235977
456 1.1740975494866
457 1.1170363236998
458 1.0758174469977
459 1.04981198075065
460 1.02900722717664
461 1.00746258684276
462 0.992935370592979
463 0.976220007056099
464 0.996856011574358
465 1.02120300008563
466 1.02637120662456
467 1.03136761806586
468 1.03433652349515
469 1.02571747607792
470 1.00291143257864
471 0.97192709550673
472 0.965011032919069
473 0.918152748508115
474 0.821646143772304
