0 0
1 -0.374531566539359
2 -0.374531566539359
3 -0.374531566539359
4 -0.374531566539359
5 -0.374531566539359
6 -0.374531566539359
7 -0.374531566539359
8 -0.374531566539359
9 -0.0583631631693199
10 0.12261750576415
11 0.219248710121343
12 0.164575180664931
13 0.104933074144486
14 0.0397109212689856
15 -0.00252167071142525
16 -0.0286612102799126
17 -0.0424950625950563
18 -0.0471019289496633
19 -0.0302055834600281
20 -0.0226160457480275
21 -0.0153871578776388
22 -0.00974305149417613
23 -0.00628827882107723
24 -0.0114591955180342
25 -0.00878742460716101
26 -0.0109925870691701
27 -0.010945027981531
28 -0.012315708429261
29 -0.0129716904115367
30 -0.0141615382800924
31 -0.0143683421683157
32 -0.0152112792187359
33 -0.015934051218482
34 -0.0168669700944721
35 -0.016737751770457
36 -0.0172189753369471
37 -0.0172114348306974
38 -0.0172899133366796
39 -0.0171159947121708
40 -0.0170492296914453
41 -0.0169336548691807
42 -0.0169519925349268
43 -0.0170335683172737
44 -0.0195576710667248
45 -0.0177881590396006
46 -0.0180972664975034
47 -0.0175092044713966
48 -0.0171937765672179
49 -0.0172457935522512
50 -0.0212720174696472
51 -0.0191969261587031
52 -0.0203101384762591
53 -0.0197588656961796
54 -0.02009679502489
55 -0.0202369477086081
56 -0.0218531242440665
57 -0.0235978098247187
58 -0.0267383096750173
59 -0.0279840295131904
60 -0.031741910104759
61 -0.0340300817978086
62 -0.0378746591470738
63 -0.0386244262388587
64 -0.0410663647818876
65 -0.0416313544397935
66 -0.0453972602624777
67 -0.0444272615450429
68 -0.0469195580348176
69 -0.0507931043321221
70 -0.053935441557056
71 -0.0554100999848178
72 -0.0615599064790491
73 -0.065857492975381
74 -0.0733984292936153
75 -0.081941664015669
76 -0.0882805032826511
77 -0.0962619041083767
78 -0.104160220996901
79 -0.109043574451037
80 -0.116405612247887
81 -0.123104879113846
82 -0.12620646357153
83 -0.122130205983048
84 -0.115608725911326
85 -0.102450322726512
86 -0.0855829042572932
87 -0.0852852625866829
88 -0.0681553583593362
89 -0.0547208310836519
90 -0.0427991599305098
91 -0.0350322625238579
92 -0.0284499735896514
93 -0.0279770449202614
94 -0.0237289589870004
95 -0.0233759895552516
96 -0.021824985681067
97 -0.0239844510695561
98 -0.0237338266131871
99 -0.020746896820602
100 -0.0228482496458378
101 -0.0232648325807353
102 -0.0221610786392323
103 -0.0205377542219973
104 -0.0194948852847532
105 -0.0193050253720667
106 -0.0175031962965439
107 -0.0153566519228985
108 -0.0178096500995672
109 -0.0141740372012058
110 -0.0092797660591106
111 -0.00578716331324905
112 -0.00291669774066286
113 0.00259454803600762
114 0.00832282341207175
115 0.00745214937385097
116 0.00900672864080364
117 0.0106391561416404
118 0.0101802657390119
119 0.00507605304307481
120 0.00504470082304445
121 -0.000212297912531391
122 -0.00496117269149846
123 -0.0136774839029554
124 -0.0197830593436538
125 -0.0286167524978151
126 -0.0367660237031433
127 -0.0510140553190792
128 -0.0673894689598903
129 -0.0801898254111148
130 -0.0978042786189762
131 -0.118117933864375
132 -0.143462376703405
133 -0.172194233666947
134 -0.224733407788613
135 -0.219118781273418
136 -0.256389447283161
137 -0.258335317083194
138 -0.272588939097316
139 -0.267149207472191
140 -0.255769460572262
141 -0.220707599259677
142 -0.180265862274923
143 -0.132317013899736
144 -0.0815889248773315
145 -0.0783408348589964
146 -0.0354611636304908
147 -0.00445062414900384
148 -0.0247167641348062
149 -0.0151773314580596
150 -0.00491048356660874
151 0.00501046994232506
152 -0.00104167890323794
153 -0.0156267557288128
154 -0.0100606984298537
155 -0.0285850121841705
156 -0.0290711257331773
157 -0.0330889386243432
158 -0.0303605070181836
159 -0.0178531793848041
160 -0.00671222205403749
161 0.0339139449473594
162 0.0498129053311266
163 0.079962895463957
164 0.121097046844546
165 0.149106721201753
166 0.220929280369114
167 0.278520973370106
168 0.292226503479436
169 0.333782373873027
170 0.345609992173828
171 0.356364483811825
172 0.318881145233522
173 0.248166794309486
174 0.131468479625878
175 0.113735625485258
176 0.0402802724592983
177 0.00584954338540645
178 -0.0194841114286458
179 -0.0399809584229107
180 -0.0423493478318618
181 -0.0410280646493593
182 -0.031107215555739
183 -0.0190551117116734
184 -0.0116884907126831
185 0.00485934950133683
186 0.00774888197740638
187 0.0169598756254372
188 0.0126185871041828
189 0.0134022652653707
190 0.00510823179797374
191 -0.00560654098695476
192 -0.0281134456184116
193 -0.0385547808503859
194 -0.0643311763685753
195 -0.0759328822549689
196 -0.0942059981986143
197 -0.121968324076343
198 -0.135956362491256
199 -0.163785753857597
200 -0.182141887348266
201 -0.202180346705815
202 -0.224711689881407
203 -0.245036077447806
204 -0.246137933627824
205 -0.229639031049536
206 -0.189932767883541
207 -0.170023981240957
208 -0.1321711715052
209 -0.114318774431143
210 -0.0831440435768294
211 -0.0707939458208255
212 -0.0535904466094179
213 -0.0379673874901145
214 -0.0507272557217076
215 -0.0486287493287898
216 -0.0604042655405212
217 -0.0651814658938087
218 -0.0715496215425904
219 -0.079021424965551
220 -0.0785381008700478
221 -0.082618380693522
222 -0.0797196238134662
223 -0.0791551287343587
224 -0.0761717923916357
225 -0.0731959275491477
226 -0.0686922005363136
227 -0.0647212174955781
228 -0.060907858289335
229 -0.0562252415317306
230 -0.0529483053782204
231 -0.0488456197669343
232 -0.0451534039307894
233 -0.0385317115531631
234 -0.0383429722053276
235 -0.0339806686364397
236 -0.03203732419579
237 -0.0297776891991685
238 -0.027414482451443
239 -0.0259650493236284
240 -0.0246146229291882
241 -0.0232407163529464
242 -0.0222694165537271
243 -0.0208667797118798
244 -0.0211379293630705
245 -0.0195281743776153
246 -0.0184860535213029
247 -0.0190869527504413
248 -0.0191093897010891
249 -0.0186122927909033
250 -0.0184109942040291
251 -0.0181394983116589
252 -0.0176844682985467
253 -0.0170836270085873
254 -0.0161082762247995
255 -0.0163983516517749
256 -0.0145464693369911
257 -0.0128402616525004
258 -0.0126784902036527
259 -0.0125185742794842
260 -0.0123479513051359
261 -0.0125211185586817
262 -0.0131047676028704
263 -0.0133762590172634
264 -0.0134212097444911
265 -0.0141316771864814
266 -0.0151861391295291
267 -0.0158762990880044
268 -0.0168520392785952
269 -0.0174407777281911
270 -0.018613283425679
271 -0.0189263998025718
272 -0.0201992991728817
273 -0.0199679550484383
274 -0.0206175000675089
275 -0.0209451483353361
276 -0.0225743160994741
277 -0.022166932412796
278 -0.0232448754974441
279 -0.0237384570930829
280 -0.0261406997893086
281 -0.0275878514424341
282 -0.0306013149368813
283 -0.0339972836342994
284 -0.0363722989410589
285 -0.0404699670542359
286 -0.0433184036342985
287 -0.049470801886037
288 -0.0514723026224023
289 -0.0585651209982621
290 -0.0622082219934407
291 -0.0700605807684225
292 -0.0751055071698709
293 -0.0809091171242233
294 -0.0854509050793969
295 -0.0908765315770558
296 -0.0971810267619564
297 -0.0984658714024208
298 -0.101962170561004
299 -0.104364719117921
300 -0.103316599999357
301 -0.105183318845478
302 -0.106670474970971
303 -0.102367784684504
304 -0.0978396997480231
305 -0.0890095158594408
306 -0.0808967630766655
307 -0.0721046668742103
308 -0.0618982514827284
309 -0.0548267441694745
310 -0.0452792910564788
311 -0.0312897647592606
312 -0.033984416341224
313 -0.0257465210257446
314 -0.0229099790352397
315 -0.0173964045957074
316 -0.0181177078713154
317 -0.0149941248242072
318 -0.013819459578382
319 -0.0143863043514483
320 -0.0166258952540221
321 -0.0166850165236027
322 -0.0175556489753366
323 -0.0184949699417466
324 -0.019084825493711
325 -0.0189736956065179
326 -0.0211508119296695
327 -0.0166700779719994
328 -0.0142505967784089
329 -0.013303146389445
330 -0.00608479032445783
331 -0.00164419440219939
332 0.0030911951443706
333 0.00765111648481072
334 0.00849511757531859
335 0.0125378584563588
336 0.0123378478103929
337 0.00865087196015101
338 0.00812173903282435
339 0.00337148253234013
340 -0.00331745297166412
341 -0.013614856434593
342 -0.0244966647073567
343 -0.0283127629233303
344 -0.0444248967280385
345 -0.0552300051142595
346 -0.0796513464330428
347 -0.0863882079750693
348 -0.119566895267436
349 -0.135470922586306
350 -0.166699950045089
351 -0.203639678814253
352 -0.228546092914386
353 -0.256465925487339
354 -0.269474660868503
355 -0.278698396457893
356 -0.281384055774956
357 -0.257632005363473
358 -0.228444314370345
359 -0.191720035981608
360 -0.144278374411208
361 -0.095377443690811
362 -0.0705550316845394
363 -0.0146188327234218
364 -0.0158210376061494
365 0.00695497159462883
366 0.00697306390095859
367 0.00939836684858656
368 0.0175497519918814
369 -0.000232496974933525
370 -0.00881795548790493
371 -0.0160191261515909
372 -0.0375934980031879
373 -0.0373088962265711
374 -0.0422432865874299
375 -0.0353290592189218
376 -0.021555389801612
377 0.00921105975568229
378 0.0366636553159689
379 0.0596692792745122
380 0.0913035336861283
381 0.130231152993394
382 0.161226484047559
383 0.228548527887685
384 0.29409096082811
385 0.341948510001308
386 0.370409649041637
387 0.374215803185683
388 0.327077819116523
389 0.173290428220616
390 0.149487000842405
391 0.0374535272951902
392 -0.000678415559348344
393 -0.046453195860808
394 -0.0647685164885126
395 -0.0725630753683854
396 -0.0623451593843341
397 -0.0427301249731674
398 -0.030715711439663
399 -0.00325085111206137
400 0.00490550473050416
401 0.0216979302738951
402 0.029203252768352
403 0.0295163198942029
404 0.0281527321327022
405 0.0200558072716631
406 0.00482468224800308
407 -0.0130952332061082
408 -0.0285592672566314
409 -0.0558555644610694
410 -0.0812072160268211
411 -0.0961409658212235
412 -0.114388497387533
413 -0.142885894923497
414 -0.158014814994147
415 -0.185742965170665
416 -0.203953040840633
417 -0.240336440820291
418 -0.231730008756381
419 -0.246783258026649
420 -0.222939376490596
421 -0.209960082529263
422 -0.175425111940509
423 -0.144456305337873
424 -0.107287163396042
425 -0.104599258104017
426 -0.0788847270389363
427 -0.068548109934007
428 -0.0559472263916976
429 -0.0538188567477566
430 -0.0548570170545286
431 -0.0594303847606793
432 -0.0676928405590885
433 -0.0711473114307488
434 -0.074859378492309
435 -0.0770804956300247
436 -0.079662745000996
437 -0.0784185915705311
438 -0.077230304171331
439 -0.075030296753933
440 -0.0728753352382245
441 -0.0697876662493898
442 -0.0661145286660229
443 -0.063427832579778
444 -0.0593751099607501
445 -0.0557864118326466
446 -0.0517464166398101
447 -0.0484866038992023
448 -0.0439466575736738
449 -0.0409975602767836
450 -0.0376990614390257
451 -0.0344260513379796
452 -0.0315645423238081
453 -0.0290141249555816
454 -0.0272089309278808
455 -0.0253583755202177
456 -0.023856475670979
457 -0.0222674714761626
458 -0.021464808624386
459 -0.0199934883051627
460 -0.0204530280325477
461 -0.0188783537299793
462 -0.0179221123998792
463 -0.0188193241349137
464 -0.0191242286133463
465 -0.0185922285486376
466 -0.0183949750313014
467 -0.0186962654300823
468 -0.0184461333507616
469 -0.017761373518537
470 -0.017258156030149
471 -0.0163536124950081
472 -0.0165400924113439
473 -0.0147024281586109
474 -0.0129696380874915
