0 0
1 1.99829924916821
2 1.99829924916821
3 1.95685509949601
4 1.8067567451495
5 1.61770888799397
6 1.28291591460046
7 0.644224251527058
8 -0.0885464681074375
9 -0.924760586916512
10 -2.0789613726611
11 -2.71308953934616
12 -2.25136524328681
13 -1.31140447101643
14 -0.265158132912694
15 0.627204101715007
16 1.2331819936806
17 1.60106218001641
18 1.65930146854005
19 1.54770881889124
20 1.26713399444709
21 1.07348472952601
22 0.909098986843397
23 0.799404793226
24 0.792071876394267
25 0.808290439240053
26 0.835225806474763
27 0.873146135225826
28 0.915253444948186
29 0.959554816047951
30 0.997352848325259
31 1.03770934964638
32 1.09563223414056
33 1.13141694511091
34 1.15819127022657
35 1.18226923384339
36 1.19593793009635
37 1.20634434673287
38 1.21141289488345
39 1.20647771195282
40 1.20626792877066
41 1.20731857445523
42 1.21123520066914
43 1.22062781656318
44 1.25956627626504
45 1.25428986351001
46 1.23952718866257
47 1.22766855498313
48 1.22203184337749
49 1.22961399334629
50 1.34753535489563
51 1.36081756332442
52 1.36984560422817
53 1.38369503193125
54 1.40936447344737
55 1.43658445002092
56 1.51797373719779
57 1.64857037070931
58 1.79121089492165
59 1.97906115360468
60 2.15771025237579
61 2.40113783761539
62 2.58784015598101
63 2.79337338780815
64 2.8278681372781
65 2.92843410217186
66 3.02178288975491
67 3.08271743319011
68 3.18459845056263
69 3.380601439824
70 3.55544624698101
71 3.8552706506702
72 4.19907388962923
73 4.68509964778022
74 5.11599594778796
75 5.74257571853328
76 6.46497240122341
77 7.20649229611189
78 7.7730914295126
79 8.33493887804163
80 8.75704173502428
81 9.18391260788649
82 9.33166221249956
83 9.10893047465774
84 8.69324169204401
85 7.99075658811601
86 7.20814512501968
87 6.3401657594856
88 5.54437969728661
89 4.48803739735125
90 3.54211888582261
91 2.86921662497368
92 2.3465524778369
93 2.10165301517026
94 1.88116630887381
95 1.74813436019975
96 1.66352369792044
97 1.72497300060517
98 1.71748470114691
99 1.63553462828836
100 1.67040787415938
101 1.70478830533131
102 1.74105709804196
103 1.6411721739854
104 1.60614103435236
105 1.54311452709642
106 1.46654293131587
107 1.37459807602438
108 1.42984716054261
109 1.25956520285483
110 0.974223342372601
111 0.640945685012075
112 0.400465756473869
113 -0.0174094686496767
114 -0.373293703127347
115 -0.730257477264134
116 -0.828222229926694
117 -1.05051591466189
118 -1.15846095206227
119 -0.919319781474809
120 -0.844596505927981
121 -0.65559610245291
122 -0.328613354644028
123 0.079812316475095
124 0.651373714857884
125 1.18102718105106
126 1.80585118930522
127 2.81593316748701
128 3.71229688488536
129 5.01978436232266
130 6.68960459640184
131 7.7220150418321
132 11.3080609504676
133 15.2872558103764
134 20.6132879868739
135 25.3117246451397
136 26.0041034406038
137 26.1314060998294
138 23.3147773337842
139 20.2851054238203
140 17.3336815454871
141 14.5379755677026
142 11.9815941373328
143 9.26648436394556
144 7.45726882801324
145 5.08050654042668
146 3.53557573509606
147 2.46878570228945
148 1.75376906826031
149 1.38912869477792
150 1.19352210306622
151 0.847524990443302
152 1.01733468052683
153 1.39082202734671
154 1.60853825529991
155 2.07564732447018
156 2.37174071590397
157 2.42804877653638
158 2.19024791549902
159 1.58351445089306
160 0.719985414641317
161 -0.643562666998959
162 -2.82345931288406
163 -5.20780255321382
164 -8.97603476095079
165 -12.4542156085246
166 -22.7503904751614
167 -28.0679132716259
168 -43.6790738171302
169 -41.452272744402
170 -33.8526300442554
171 -24.5480532755749
172 -19.647638654766
173 -14.8162676195552
174 -10.7096055386449
175 -6.38024458041963
176 -3.85530122712827
177 -1.58016212515866
178 0.011613346027681
179 1.07398779115207
180 1.51789952544224
181 1.55282832660332
182 1.25804936510093
183 0.9170083499851
184 0.33661323164159
185 -0.147351213316934
186 -0.607841486288385
187 -0.836398299844094
188 -0.906988646607234
189 -0.723037761735233
190 -0.2867829476113
191 0.409729982750241
192 1.39945468455165
193 2.51497703172024
194 3.80069193850466
195 5.4322477222681
196 6.73864630047191
197 8.67666517792138
198 11.1258265202602
199 14.1880368257787
200 16.8527871598836
201 19.064471613772
202 20.1151417991762
203 20.9258266410969
204 19.5394940125019
205 17.6070215753912
206 14.5666527687769
207 12.4271090023732
208 10.2118022506865
209 8.43126920174611
210 6.84943994308239
211 5.53599101063986
212 4.68861732506073
213 4.15748392033232
214 4.05657510947315
215 4.22547554485047
216 4.46456860505168
217 4.91489104906387
218 5.23821962184364
219 5.54956362801281
220 5.8502471975391
221 5.93684098807527
222 5.92380880788142
223 5.83688741612756
224 5.69661507614408
225 5.47652061437858
226 5.26485384920722
227 4.96920253309478
228 4.69300356121839
229 4.38751062474711
230 4.11517329719229
231 3.76784910673254
232 3.48603909659065
233 3.18433296427698
234 2.90290872707494
235 2.6920706180937
236 2.47921676580931
237 2.32157368649656
238 2.13766742027905
239 2.00785217509629
240 1.88563164541579
241 1.78382090977146
242 1.70192314147553
243 1.64900112067849
244 1.56728305258462
245 1.48892253179788
246 1.42994491505862
247 1.37609235949159
248 1.44686483162936
249 1.45231592658148
250 1.43330908477477
251 1.42933640986886
252 1.41502193887404
253 1.35882383205209
254 1.31217277910417
255 1.29053012540009
256 1.1867292906906
257 1.02664328954395
258 0.953739178434217
259 0.935539839538508
260 0.915393203830324
261 0.915790324852922
262 0.959375660115971
263 0.968477111546935
264 0.989306896414683
265 1.0219088943028
266 1.10615946974099
267 1.17962728340002
268 1.2600660514205
269 1.32659938982101
270 1.39758935993577
271 1.47755677683973
272 1.56563958527597
273 1.59322588219221
274 1.60934145076609
275 1.62911161605094
276 1.73500913679859
277 1.72226667124125
278 1.71859653966294
279 1.71872178610365
280 1.81949196616293
281 1.9471329497072
282 2.14366548666174
283 2.43300468297412
284 2.69365625174068
285 2.89101570712363
286 3.15074996805396
287 3.36140455723625
288 3.68268983781522
289 4.00939958359129
290 4.43936052227505
291 4.95353770278879
292 5.44752096460779
293 5.78866291150505
294 6.27510837401866
295 6.63668810420169
296 7.04449581920707
297 7.32124964123011
298 7.63985717439331
299 7.7524416491657
300 7.9585452439582
301 8.06563724187779
302 8.11346229542026
303 7.99464343044982
304 7.71310691393845
305 7.14583076594243
306 6.43508202607883
307 5.78291235648321
308 5.01180028211717
309 4.38810140366432
310 3.73183899317527
311 3.04318087258241
312 2.52746011801609
313 2.16281792861798
314 1.78782516800887
315 1.42450404872182
316 1.30209987798273
317 1.15992397198134
318 1.00446181950935
319 1.04092990337061
320 1.15991259978665
321 1.17680558320485
322 1.3180146387842
323 1.42206906602676
324 1.52003612212332
325 1.58026902529688
326 1.76861814395901
327 1.63473538466281
328 1.39153664565843
329 1.31923527006546
330 0.887637096017231
331 0.385393817044389
332 -0.0668850052612361
333 -0.547112765777469
334 -0.788939338142463
335 -1.15786663295573
336 -1.40240706559624
337 -1.26147316683611
338 -1.24526905403771
339 -1.09791927163681
340 -0.697848261753559
341 -0.0799453492533666
342 0.374503648298612
343 1.101687655626
344 1.94225353808398
345 3.1832916814391
346 4.11457237667886
347 5.82961373314556
348 6.68828025466309
349 10.3702245477494
350 14.3129053916353
351 20.1103181079838
352 25.8709320001297
353 27.7553092484017
354 26.808392911615
355 25.0713466117791
356 21.5410352016668
357 18.1627629004025
358 15.2675424698357
359 11.8262269248607
360 9.37897053719628
361 6.83814175887541
362 4.7889579419946
363 2.95168012852693
364 1.51423094111299
365 0.806268150209944
366 0.358306875184449
367 0.249120909766052
368 0.143435388790225
369 0.577293354660768
370 1.18193731921751
371 1.73710001428649
372 2.55098661359845
373 2.89119975548933
374 2.94299015240387
375 2.65894619238743
376 1.79326913104098
377 0.354218555378829
378 -1.38593128695778
379 -3.58011690053216
380 -6.33417737265179
381 -10.0624658607185
382 -13.6941707543682
383 -24.4342152940855
384 -44.4740351077541
385 -46.7744471871478
386 -37.8982856272548
387 -28.3816851582676
388 -18.9953767261369
389 -11.9639648186991
390 -7.40742741682502
391 -3.87966409323005
392 -1.05651588474143
393 1.08948502766934
394 2.33249230515545
395 2.82946152142127
396 2.64001504980646
397 2.03935236718611
398 1.17373790786842
399 0.337207944449644
400 -0.575056778747601
401 -1.20235333806685
402 -1.66221633850094
403 -1.80096455185583
404 -1.60177223736211
405 -1.15496216256
406 -0.464318116564329
407 0.562420141902847
408 1.73789732855623
409 3.46102190199921
410 5.48629637948519
411 6.98966136608279
412 8.40077586488005
413 11.0172134507917
414 13.5521394120846
415 16.6266250793207
416 19.1312201276778
417 20.2548594687154
418 20.0326571459411
419 20.0526124741006
420 17.9456216059731
421 15.972100335517
422 13.6108201269997
423 11.1450969067626
424 9.29500328794133
425 7.63881543526662
426 6.35413988048157
427 5.45138575814669
428 4.79704151255255
429 4.58798314435464
430 4.55855643908203
431 4.70055260964192
432 4.97822391655915
433 5.25456071295548
434 5.49150131864771
435 5.67101208009103
436 5.75390900856246
437 5.77040961070944
438 5.70420145799423
439 5.58992247759981
440 5.44738536906292
441 5.24594346457805
442 5.06909126669547
443 4.85406394461376
444 4.6013095665965
445 4.33955336172674
446 4.06087318398261
447 3.73022568046308
448 3.43029893158503
449 3.18173390453462
450 2.9481375982924
451 2.70065906067253
452 2.47742474571467
453 2.28087119720346
454 2.11234311154776
455 1.95692907681062
456 1.83265223639904
457 1.71372330444935
458 1.63185263478126
459 1.57386194009945
460 1.50349158404266
461 1.43137070597469
462 1.37543915044345
463 1.34122650257707
464 1.42292160321294
465 1.44598185301632
466 1.44149026624947
467 1.45362300944949
468 1.45758035707147
469 1.41972092041675
470 1.38027827401265
471 1.32308446920642
472 1.31394715869892
473 1.215425754764
474 1.04265562302463
