0 0
1 3.733651
2 3.733651
3 3.735018
4 3.739955
5 3.746163
6 3.757111
7 3.777853
8 3.801404
9 3.827938
10 3.86391
11 3.882071
12 3.866537
13 3.835773
14 3.802798
15 3.776135
16 3.759911
17 3.753388
18 3.756336
19 3.765593
20 3.780821
21 3.791223
22 3.80116
23 3.809889
24 3.815683
25 3.820406
26 3.824521
27 3.828621
28 3.832963
29 3.837628
30 3.842073
31 3.847625
32 3.852978
33 3.859594
34 3.865824
35 3.873476
36 3.880673
37 3.889348
38 3.897307
39 3.906765
40 3.91531
41 3.925313
42 3.934225
43 3.944566
44 3.953764
45 3.96448
46 3.975849
47 3.986075
48 3.99794
49 4.009923
50 4.021952
51 4.032553
52 4.045499
53 4.057299
54 4.069465
55 4.083714
56 4.096405
57 4.111226
58 4.124696
59 4.140951
60 4.156342
61 4.177922
62 4.19646
63 4.219559
64 4.241821
65 4.269415
66 4.302972
67 4.334748
68 4.368731
69 4.399717
70 4.431967
71 4.470923
72 4.507161
73 4.551011
74 4.59817
75 4.649195
76 4.704849
77 4.765902
78 4.832126
79 4.893225
80 4.96535
81 5.057408
82 5.139771
83 5.237571
84 5.310473
85 5.39717
86 5.483999
87 5.568844
88 5.647061
89 5.746861
90 5.834699
91 5.90312
92 5.961902
93 6.006999
94 6.041379
95 6.0682
96 6.095562
97 6.11736
98 6.137569
99 6.16516
100 6.189412
101 6.20761
102 6.230576
103 6.251124
104 6.27158
105 0.01096237
106 0.03036616
107 0.04695632
108 0.06546316
109 0.08029271
110 0.09758981
111 0.1137858
112 0.1297299
113 0.1413353
114 0.149468
115 0.1559137
116 0.1583798
117 0.158295
118 0.1561936
119 0.1516839
120 0.1463804
121 0.1402266
122 0.1344113
123 0.1303567
124 0.127904
125 0.1294178
126 0.1347789
127 0.1440099
128 0.1634208
129 0.1906046
130 0.2279173
131 0.2691625
132 0.3339866
133 0.4118758
134 0.5038058
135 0.5977978
136 0.7097052
137 0.8318497
138 0.9792407
139 1.113587
140 1.247582
141 1.376711
142 1.491708
143 1.619192
144 1.707329
145 1.821159
146 1.900118
147 1.956286
148 2.005892
149 2.034662
150 2.058719
151 2.077483
152 2.090752
153 2.099272
154 2.104196
155 2.110616
156 2.117298
157 2.126109
158 2.139931
159 2.15707
160 2.173765
161 2.193587
162 2.20988
163 2.211931
164 2.196393
165 2.166704
166 2.099462
167 2.037106
168 1.921312
169 1.799234
170 1.641797
171 1.41358
172 1.259512
173 1.087085
174 0.9298319
175 0.7658672
176 0.6636752
177 0.5721324
178 0.5149978
179 0.4749672
180 0.4558911
181 0.4537972
182 0.4627798
183 0.4741957
184 0.4918452
185 0.5062307
186 0.5199075
187 0.5271738
188 0.530727
189 0.5293984
190 0.5251673
191 0.5192176
192 0.5129209
193 0.5101478
194 0.5140789
195 0.5278446
196 0.5480803
197 0.5875618
198 0.63568
199 0.698836
200 0.7736412
201 0.8479114
202 0.9535354
203 1.093431
204 1.213183
205 1.330648
206 1.491989
207 1.607359
208 1.733144
209 1.834565
210 1.93794
211 2.027413
212 2.102788
213 2.173419
214 2.232019
215 2.274014
216 2.312025
217 2.353191
218 2.386642
219 2.422504
220 2.472849
221 2.529127
222 2.582712
223 2.639316
224 2.690458
225 2.749817
226 2.801927
227 2.860976
228 2.911514
229 2.966867
230 3.013571
231 3.06454
232 3.107124
233 3.153321
234 3.196826
235 3.232179
236 3.269987
237 3.300832
238 3.337748
239 3.368245
240 3.396765
241 3.423618
242 3.448946
243 3.472957
244 3.498692
245 3.520386
246 3.538782
247 3.561631
248 3.583372
249 3.599862
250 3.618534
251 3.636935
252 3.655161
253 3.670984
254 3.686586
255 3.708518
256 3.727741
257 3.742388
258 3.758625
259 3.775865
260 3.790354
261 3.804328
262 3.817906
263 3.829554
264 3.84287
265 3.856323
266 3.869879
267 3.883743
268 3.898114
269 3.911176
270 3.924843
271 3.9412
272 3.956216
273 3.974209
274 3.990732
275 4.010305
276 4.028043
277 4.048944
278 4.070714
279 4.093258
280 4.119433
281 4.140484
282 4.165662
283 4.195679
284 4.220716
285 4.251474
286 4.284786
287 4.316176
288 4.359369
289 4.389629
290 4.436242
291 4.485258
292 4.530297
293 4.578857
294 4.632775
295 4.692225
296 4.755567
297 4.831535
298 4.911803
299 4.976616
300 5.052114
301 5.12967
302 5.20786
303 5.287361
304 5.368163
305 5.490352
306 5.591508
307 5.669986
308 5.753621
309 5.814959
310 5.879053
311 5.944114
312 5.995238
313 6.038856
314 6.077199
315 6.118483
316 6.147004
317 6.171586
318 6.200947
319 6.219615
320 6.240479
321 6.254038
322 6.271235
323 0.001563276
324 0.01731388
325 0.03569435
326 0.05245375
327 0.06998614
328 0.08821042
329 0.1039433
330 0.1209256
331 0.1367738
332 0.1487049
333 0.1592183
334 0.1653874
335 0.1686585
336 0.1685267
337 0.1657204
338 0.1599955
339 0.1539648
340 0.1457655
341 0.1393626
342 0.1357063
343 0.1354272
344 0.139861
345 0.1507397
346 0.1682214
347 0.197081
348 0.2326024
349 0.2903455
350 0.3559735
351 0.4459888
352 0.5409182
353 0.6671549
354 0.7941965
355 0.9507615
356 1.096516
357 1.243307
358 1.369897
359 1.521469
360 1.633814
361 1.752928
362 1.844323
363 1.929479
364 1.996628
365 2.041807
366 2.071319
367 2.088499
368 2.096909
369 2.099739
370 2.097743
371 2.094883
372 2.096021
373 2.100007
374 2.111019
375 2.125578
376 2.149724
377 2.176614
378 2.201723
379 2.215802
380 2.216808
381 2.200154
382 2.16661
383 2.102473
384 1.991412
385 1.841275
386 1.670379
387 1.473726
388 1.201169
389 0.9513878
390 0.787545
391 0.6525136
392 0.5462032
393 0.4735012
394 0.4326175
395 0.4187232
396 0.4255154
397 0.447027
398 0.4762332
399 0.5018983
400 0.5281656
401 0.5448323
402 0.5558996
403 0.5581078
404 0.5521104
405 0.5426711
406 0.5306936
407 0.5163211
408 0.5051257
409 0.500264
410 0.5068436
411 0.5211746
412 0.5470491
413 0.5974252
414 0.6576717
415 0.7311121
416 0.8141515
417 0.9306305
418 1.03117
419 1.138216
420 1.269819
421 1.380442
422 1.510047
423 1.653429
424 1.758956
425 1.867765
426 1.960314
427 2.040577
428 2.118155
429 2.17714
430 2.22785
431 2.272905
432 2.330446
433 2.371836
434 2.409924
435 2.450392
436 2.499666
437 2.552009
438 2.600084
439 2.65685
440 2.707497
441 2.765627
442 2.816348
443 2.86649
444 2.922302
445 2.976382
446 3.028698
447 3.07884
448 3.12665
449 3.166517
450 3.20425
451 3.244853
452 3.282786
453 3.318144
454 3.34709
455 3.377845
456 3.403013
457 3.430003
458 3.452153
459 3.475986
460 3.498565
461 3.519872
462 3.540396
463 3.560216
464 3.576801
465 3.595335
466 3.611479
467 3.629761
468 3.645631
469 3.663762
470 3.679585
471 3.697505
472 3.713006
473 3.730338
474 3.747354
