0 0
1 -32.16173
1 -43.49173
1 -61.09
1 -78.29172
1 -93.05002
1 -107.7717
2 -32.16173
2 -43.49173
2 -61.09
2 -78.29172
2 -93.05002
2 -107.7717
3 -32.16173
3 -43.49173
3 -61.09
3 -78.29172
3 -93.05002
3 -107.7717
4 -32.16173
4 -43.49173
4 -61.09
4 -78.29172
4 -93.05002
4 -107.7717
5 -32.16173
5 -43.49173
5 -61.09
5 -78.29172
5 -93.05002
5 -107.7717
6 -32.16173
6 -43.49173
6 -61.09
6 -78.29172
6 -93.05002
6 -107.7717
7 -32.16173
7 -43.49173
7 -61.09
7 -78.29172
7 -93.05002
7 -107.7717
8 -32.16173
8 -43.49173
8 -61.09
8 -78.29172
8 -93.05002
8 -107.7717
9 -32.16173
9 -43.49173
9 -61.09
9 -78.29172
9 -93.05002
9 -107.7717
10 -32.16173
10 -43.49173
10 -61.09
10 -78.29172
10 -93.05002
10 -107.7717
11 -32.16173
11 -43.49173
11 -61.09
11 -78.29172
11 -93.05002
11 -107.7717
12 -43.49173
12 -61.09
12 -78.29172
12 -93.05002
12 -107.7717
12 -123.3917
13 -43.49173
13 -61.09
13 -78.29172
13 -93.05002
13 -107.7717
13 -123.3917
14 -43.49173
14 -61.09
14 -78.29172
14 -93.05002
14 -107.7717
14 -123.3917
15 -43.49173
15 -61.09
15 -78.29172
15 -93.05002
15 -107.7717
15 -123.3917
16 -43.49173
16 -61.09
16 -78.29172
16 -93.05002
16 -107.7717
16 -123.3917
17 -43.49173
17 -61.09
17 -78.29172
17 -93.05002
17 -107.7717
17 -123.3917
18 -43.49173
18 -61.09
18 -78.29172
18 -93.05002
18 -107.7717
18 -123.3917
19 -43.49173
19 -61.09
19 -78.29172
19 -93.05002
19 -107.7717
19 -123.3917
20 -43.49173
20 -61.09
20 -78.29172
20 -93.05002
20 -107.7717
20 -123.3917
21 -43.49173
21 -61.09
21 -78.29172
21 -93.05002
21 -107.7717
21 -123.3917
22 -43.49173
22 -61.09
22 -78.29172
22 -93.05002
22 -107.7717
22 -123.3917
23 -43.49173
23 -61.09
23 -78.29172
23 -93.05002
23 -107.7717
23 -123.3917
24 -61.09
24 -78.29172
24 -93.05002
24 -107.7717
24 -123.3917
24 -134.97
25 -61.09
25 -78.29172
25 -93.05002
25 -107.7717
25 -123.3917
25 -134.97
26 -61.09
26 -78.29172
26 -93.05002
26 -107.7717
26 -123.3917
26 -134.97
27 -61.09
27 -78.29172
27 -93.05002
27 -107.7717
27 -123.3917
27 -134.97
28 -61.09
28 -78.29172
28 -93.05002
28 -107.7717
28 -123.3917
28 -134.97
29 -61.09
29 -78.29172
29 -93.05002
29 -107.7717
29 -123.3917
29 -134.97
30 -61.09
30 -78.29172
30 -93.05002
30 -107.7717
30 -123.3917
30 -134.97
31 -61.09
31 -78.29172
31 -93.05002
31 -107.7717
31 -123.3917
31 -134.97
32 -78.29172
32 -93.05002
32 -107.7717
32 -123.3917
32 -134.97
32 -145.1165
33 -78.29172
33 -93.05002
33 -107.7717
33 -123.3917
33 -134.97
33 -145.1165
34 -78.29172
34 -93.05002
34 -107.7717
34 -123.3917
34 -134.97
34 -145.1165
35 -78.29172
35 -93.05002
35 -107.7717
35 -123.3917
35 -134.97
35 -145.1165
36 -78.29172
36 -93.05002
36 -107.7717
36 -123.3917
36 -134.97
36 -145.1165
37 -78.29172
37 -93.05002
37 -107.7717
37 -123.3917
37 -134.97
37 -145.1165
38 -78.29172
38 -93.05002
38 -107.7717
38 -123.3917
38 -134.97
38 -145.1165
39 -93.05002
39 -107.7717
39 -123.3917
39 -134.97
39 -145.1165
39 -158.3417
40 -93.05002
40 -107.7717
40 -123.3917
40 -134.97
40 -145.1165
40 -158.3417
41 -93.05002
41 -107.7717
41 -123.3917
41 -134.97
41 -145.1165
41 -158.3417
42 -93.05002
42 -107.7717
42 -123.3917
42 -134.97
42 -145.1165
42 -158.3417
43 -93.05002
43 -107.7717
43 -123.3917
43 -134.97
43 -145.1165
43 -158.3417
44 -107.7717
44 -123.3917
44 -134.97
44 -145.1165
44 -158.3417
44 -164.3164
45 -107.7717
45 -123.3917
45 -134.97
45 -145.1165
45 -158.3417
45 -164.3164
46 -107.7717
46 -123.3917
46 -134.97
46 -145.1165
46 -158.3417
46 -164.3164
47 -107.7717
47 -123.3917
47 -134.97
47 -145.1165
47 -158.3417
47 -164.3164
48 -107.7717
48 -123.3917
48 -134.97
48 -145.1165
48 -158.3417
48 -164.3164
49 -107.7717
49 -123.3917
49 -134.97
49 -145.1165
49 -158.3417
49 -164.3164
50 -123.3917
50 -134.97
50 -145.1165
50 -158.3417
50 -164.3164
50 -169.3365
51 -123.3917
51 -134.97
51 -145.1165
51 -158.3417
51 -164.3164
51 -169.3365
52 -123.3917
52 -134.97
52 -145.1165
52 -158.3417
52 -164.3164
52 -169.3365
53 -123.3917
53 -134.97
53 -145.1165
53 -158.3417
53 -164.3164
53 -169.3365
54 -123.3917
54 -134.97
54 -145.1165
54 -158.3417
54 -164.3164
54 -169.3365
55 -134.97
55 -145.1165
55 -158.3417
55 -164.3164
55 -169.3365
55 -175.4917
56 -134.97
56 -145.1165
56 -158.3417
56 -164.3164
56 -169.3365
56 -175.4917
57 -134.97
57 -145.1165
57 -158.3417
57 -164.3164
57 -169.3365
57 -175.4917
58 -145.1165
58 -158.3417
58 -164.3164
58 -169.3365
58 -175.4917
58 -176.9617
59 -145.1165
59 -158.3417
59 -164.3164
59 -169.3365
59 -175.4917
59 -176.9617
60 -145.1165
60 -158.3417
60 -164.3164
60 -169.3365
60 -175.4917
60 -176.9617
61 -145.1165
61 -158.3417
61 -164.3164
61 -169.3365
61 -175.4917
61 -176.9617
62 -145.1165
62 -158.3417
62 -164.3164
62 -169.3365
62 -175.4917
62 -176.9617
63 -145.1165
63 -158.3417
63 -164.3164
63 -169.3365
63 -175.4917
63 -176.9617
64 -158.3417
64 -164.3164
64 -169.3365
64 -175.4917
64 -176.9617
64 -176.8864
65 -158.3417
65 -164.3164
65 -169.3365
65 -175.4917
65 -176.9617
65 -176.8864
66 -164.3164
66 -169.3365
66 -175.4917
66 -176.9617
66 -176.8864
66 -175.0817
67 -164.3164
67 -169.3365
67 -175.4917
67 -176.9617
67 -176.8864
67 -175.0817
68 -164.3164
68 -169.3365
68 -175.4917
68 -176.9617
68 -176.8864
68 -175.0817
69 -169.3365
69 -175.4917
69 -176.9617
69 -176.8864
69 -175.0817
69 -170.3617
70 -169.3365
70 -175.4917
70 -176.9617
70 -176.8864
70 -175.0817
70 -170.3617
71 -169.3365
71 -175.4917
71 -176.9617
71 -176.8864
71 -175.0817
71 -170.3617
72 -169.3365
72 -175.4917
72 -176.9617
72 -176.8864
72 -175.0817
72 -170.3617
73 -169.3365
73 -175.4917
73 -176.9617
73 -176.8864
73 -175.0817
73 -170.3617
74 -175.4917
74 -176.9617
74 -176.8864
74 -175.0817
74 -170.3617
74 -164.4217
75 -176.9617
75 -176.8864
75 -175.0817
75 -170.3617
75 -164.4217
75 -158.9417
76 -176.9617
76 -176.8864
76 -175.0817
76 -170.3617
76 -164.4217
76 -158.9417
77 -176.9617
77 -176.8864
77 -175.0817
77 -170.3617
77 -164.4217
77 -158.9417
78 -176.8864
78 -175.0817
78 -170.3617
78 -164.4217
78 -158.9417
78 -146.6317
79 -176.8864
79 -175.0817
79 -170.3617
79 -164.4217
79 -158.9417
79 -146.6317
80 -175.0817
80 -170.3617
80 -164.4217
80 -158.9417
80 -146.6317
80 -134.6765
81 -175.0817
81 -170.3617
81 -164.4217
81 -158.9417
81 -146.6317
81 -134.6765
82 -175.0817
82 -170.3617
82 -164.4217
82 -158.9417
82 -146.6317
82 -134.6765
83 -170.3617
83 -164.4217
83 -158.9417
83 -146.6317
83 -134.6765
83 -126.4965
84 -170.3617
84 -164.4217
84 -158.9417
84 -146.6317
84 -134.6765
84 -126.4965
85 -164.4217
85 -158.9417
85 -146.6317
85 -134.6765
85 -126.4965
85 -108.5617
86 -164.4217
86 -158.9417
86 -146.6317
86 -134.6765
86 -126.4965
86 -108.5617
87 -158.9417
87 -146.6317
87 -134.6765
87 -126.4965
87 -108.5617
87 -95.20645
88 -158.9417
88 -146.6317
88 -134.6765
88 -126.4965
88 -108.5617
88 -95.20645
89 -158.9417
89 -146.6317
89 -134.6765
89 -126.4965
89 -108.5617
89 -95.20645
90 -146.6317
90 -134.6765
90 -126.4965
90 -108.5617
90 -95.20645
90 -73.86172
91 -146.6317
91 -134.6765
91 -126.4965
91 -108.5617
91 -95.20645
91 -73.86172
92 -134.6765
92 -126.4965
92 -108.5617
92 -95.20645
92 -73.86172
92 -42.38173
93 -126.4965
93 -108.5617
93 -95.20645
93 -73.86172
93 -42.38173
93 -24.50172
94 -126.4965
94 -108.5617
94 -95.20645
94 -73.86172
94 -42.38173
94 -24.50172
95 -126.4965
95 -108.5617
95 -95.20645
95 -73.86172
95 -42.38173
95 -24.50172
96 -126.4965
96 -108.5617
96 -95.20645
96 -73.86172
96 -42.38173
96 -24.50172
97 -108.5617
97 -95.20645
97 -73.86172
97 -42.38173
97 -24.50172
97 2.908264
98 -108.5617
98 -95.20645
98 -73.86172
98 -42.38173
98 -24.50172
98 2.908264
99 -95.20645
99 -73.86172
99 -42.38173
99 -24.50172
99 2.908264
99 22.10828
100 -95.20645
100 -73.86172
100 -42.38173
100 -24.50172
100 2.908264
100 22.10828
101 -95.20645
101 -73.86172
101 -42.38173
101 -24.50172
101 2.908264
101 22.10828
102 -95.20645
102 -73.86172
102 -42.38173
102 -24.50172
102 2.908264
102 22.10828
103 -73.86172
103 -42.38173
103 -24.50172
103 2.908264
103 22.10828
103 47.20827
104 -73.86172
104 -42.38173
104 -24.50172
104 2.908264
104 22.10828
104 47.20827
105 -73.86172
105 -42.38173
105 -24.50172
105 2.908264
105 22.10828
105 47.20827
106 -73.86172
106 -42.38173
106 -24.50172
106 2.908264
106 22.10828
106 47.20827
107 -73.86172
107 -42.38173
107 -24.50172
107 2.908264
107 22.10828
107 47.20827
108 -42.38173
108 -24.50172
108 2.908264
108 22.10828
108 47.20827
108 75.06355
109 -42.38173
109 -24.50172
109 2.908264
109 22.10828
109 47.20827
109 75.06355
110 -42.38173
110 -24.50172
110 2.908264
110 22.10828
110 47.20827
110 75.06355
111 -42.38173
111 -24.50172
111 2.908264
111 22.10828
111 47.20827
111 75.06355
112 -24.50172
112 2.908264
112 22.10828
112 47.20827
112 75.06355
112 91.19354
113 -24.50172
113 2.908264
113 22.10828
113 47.20827
113 75.06355
113 91.19354
114 -24.50172
114 2.908264
114 22.10828
114 47.20827
114 75.06355
114 91.19354
115 -24.50172
115 2.908264
115 22.10828
115 47.20827
115 75.06355
115 91.19354
116 2.908264
116 22.10828
116 47.20827
116 75.06355
116 91.19354
116 107.3083
117 2.908264
117 22.10828
117 47.20827
117 75.06355
117 91.19354
117 107.3083
118 2.908264
118 22.10828
118 47.20827
118 75.06355
118 91.19354
118 107.3083
119 22.10828
119 47.20827
119 75.06355
119 91.19354
119 107.3083
119 114.2635
120 22.10828
120 47.20827
120 75.06355
120 91.19354
120 107.3083
120 114.2635
121 22.10828
121 47.20827
121 75.06355
121 91.19354
121 107.3083
121 114.2635
122 22.10828
122 47.20827
122 75.06355
122 91.19354
122 107.3083
122 114.2635
123 22.10828
123 47.20827
123 75.06355
123 91.19354
123 107.3083
123 114.2635
124 47.20827
124 75.06355
124 91.19354
124 107.3083
124 114.2635
124 122.5583
125 47.20827
125 75.06355
125 91.19354
125 107.3083
125 114.2635
125 122.5583
126 47.20827
126 75.06355
126 91.19354
126 107.3083
126 114.2635
126 122.5583
127 47.20827
127 75.06355
127 91.19354
127 107.3083
127 114.2635
127 122.5583
128 75.06355
128 91.19354
128 107.3083
128 114.2635
128 122.5583
128 126.6183
129 75.06355
129 91.19354
129 107.3083
129 114.2635
129 122.5583
129 126.6183
130 75.06355
130 91.19354
130 107.3083
130 114.2635
130 122.5583
130 126.6183
131 91.19354
131 107.3083
131 114.2635
131 122.5583
131 126.6183
131 129.1083
132 91.19354
132 107.3083
132 114.2635
132 122.5583
132 126.6183
132 129.1083
133 91.19354
133 107.3083
133 114.2635
133 122.5583
133 126.6183
133 129.1083
134 107.3083
134 114.2635
134 122.5583
134 126.6183
134 129.1083
134 129.1283
135 114.2635
135 122.5583
135 126.6183
135 129.1083
135 129.1283
135 126.8983
136 114.2635
136 122.5583
136 126.6183
136 129.1083
136 129.1283
136 126.8983
137 122.5583
137 126.6183
137 129.1083
137 129.1283
137 126.8983
137 122.3383
138 122.5583
138 126.6183
138 129.1083
138 129.1283
138 126.8983
138 122.3383
139 126.6183
139 129.1083
139 129.1283
139 126.8983
139 122.3383
139 117.2083
140 126.6183
140 129.1083
140 129.1283
140 126.8983
140 122.3383
140 117.2083
141 126.6183
141 129.1083
141 129.1283
141 126.8983
141 122.3383
141 117.2083
142 129.1083
142 129.1283
142 126.8983
142 122.3383
142 117.2083
142 98.34827
143 129.1083
143 129.1283
143 126.8983
143 122.3383
143 117.2083
143 98.34827
144 129.1083
144 129.1283
144 126.8983
144 122.3383
144 117.2083
144 98.34827
145 129.1283
145 126.8983
145 122.3383
145 117.2083
145 98.34827
145 83.63827
146 129.1283
146 126.8983
146 122.3383
146 117.2083
146 98.34827
146 83.63827
147 129.1283
147 126.8983
147 122.3383
147 117.2083
147 98.34827
147 83.63827
148 126.8983
148 122.3383
148 117.2083
148 98.34827
148 83.63827
148 79.68355
149 126.8983
149 122.3383
149 117.2083
149 98.34827
149 83.63827
149 79.68355
150 126.8983
150 122.3383
150 117.2083
150 98.34827
150 83.63827
150 79.68355
151 122.3383
151 117.2083
151 98.34827
151 83.63827
151 79.68355
151 78.52827
152 122.3383
152 117.2083
152 98.34827
152 83.63827
152 79.68355
152 78.52827
153 122.3383
153 117.2083
153 98.34827
153 83.63827
153 79.68355
153 78.52827
154 117.2083
154 98.34827
154 83.63827
154 79.68355
154 78.52827
154 77.04827
155 117.2083
155 98.34827
155 83.63827
155 79.68355
155 78.52827
155 77.04827
156 117.2083
156 98.34827
156 83.63827
156 79.68355
156 78.52827
156 77.04827
157 117.2083
157 98.34827
157 83.63827
157 79.68355
157 78.52827
157 77.04827
158 117.2083
158 98.34827
158 83.63827
158 79.68355
158 78.52827
158 77.04827
159 117.2083
159 98.34827
159 83.63827
159 79.68355
159 78.52827
159 77.04827
160 117.2083
160 98.34827
160 83.63827
160 79.68355
160 78.52827
160 77.04827
161 98.34827
161 83.63827
161 79.68355
161 78.52827
161 77.04827
161 77.87827
162 98.34827
162 83.63827
162 79.68355
162 78.52827
162 77.04827
162 77.87827
163 98.34827
163 83.63827
163 79.68355
163 78.52827
163 77.04827
163 77.87827
164 98.34827
164 83.63827
164 79.68355
164 78.52827
164 77.04827
164 77.87827
165 98.34827
165 83.63827
165 79.68355
165 78.52827
165 77.04827
165 77.87827
166 83.63827
166 79.68355
166 78.52827
166 77.04827
166 77.87827
166 81.37827
167 83.63827
167 79.68355
167 78.52827
167 77.04827
167 77.87827
167 81.37827
168 79.68355
168 78.52827
168 77.04827
168 77.87827
168 81.37827
168 88.33827
169 78.52827
169 77.04827
169 77.87827
169 81.37827
169 88.33827
169 95.31827
170 77.04827
170 77.87827
170 81.37827
170 88.33827
170 95.31827
170 102.9283
171 77.04827
171 77.87827
171 81.37827
171 88.33827
171 95.31827
171 102.9283
172 77.87827
172 81.37827
172 88.33827
172 95.31827
172 102.9283
172 118.5435
173 77.87827
173 81.37827
173 88.33827
173 95.31827
173 102.9283
173 118.5435
174 77.87827
174 81.37827
174 88.33827
174 95.31827
174 102.9283
174 118.5435
175 81.37827
175 88.33827
175 95.31827
175 102.9283
175 118.5435
175 133.2435
176 81.37827
176 88.33827
176 95.31827
176 102.9283
176 118.5435
176 133.2435
177 81.37827
177 88.33827
177 95.31827
177 102.9283
177 118.5435
177 133.2435
178 88.33827
178 95.31827
178 102.9283
178 118.5435
178 133.2435
178 156.5083
179 88.33827
179 95.31827
179 102.9283
179 118.5435
179 133.2435
179 156.5083
180 95.31827
180 102.9283
180 118.5435
180 133.2435
180 156.5083
180 164.2383
181 95.31827
181 102.9283
181 118.5435
181 133.2435
181 156.5083
181 164.2383
182 95.31827
182 102.9283
182 118.5435
182 133.2435
182 156.5083
182 164.2383
183 102.9283
183 118.5435
183 133.2435
183 156.5083
183 164.2383
183 170.2883
184 102.9283
184 118.5435
184 133.2435
184 156.5083
184 164.2383
184 170.2883
185 102.9283
185 118.5435
185 133.2435
185 156.5083
185 164.2383
185 170.2883
186 102.9283
186 118.5435
186 133.2435
186 156.5083
186 164.2383
186 170.2883
187 102.9283
187 118.5435
187 133.2435
187 156.5083
187 164.2383
187 170.2883
188 118.5435
188 133.2435
188 156.5083
188 164.2383
188 170.2883
188 176.0983
189 118.5435
189 133.2435
189 156.5083
189 164.2383
189 170.2883
189 176.0983
190 118.5435
190 133.2435
190 156.5083
190 164.2383
190 170.2883
190 176.0983
191 118.5435
191 133.2435
191 156.5083
191 164.2383
191 170.2883
191 176.0983
192 133.2435
192 156.5083
192 164.2383
192 170.2883
192 176.0983
192 178.1583
193 133.2435
193 156.5083
193 164.2383
193 170.2883
193 176.0983
193 178.1583
194 133.2435
194 156.5083
194 164.2383
194 170.2883
194 176.0983
194 178.1583
195 133.2435
195 156.5083
195 164.2383
195 170.2883
195 176.0983
195 178.1583
196 133.2435
196 156.5083
196 164.2383
196 170.2883
196 176.0983
196 178.1583
197 156.5083
197 164.2383
197 170.2883
197 176.0983
197 178.1583
197 179.4383
198 156.5083
198 164.2383
198 170.2883
198 176.0983
198 178.1583
198 179.4383
199 164.2383
199 170.2883
199 176.0983
199 178.1583
199 179.4383
199 179.3083
200 164.2383
200 170.2883
200 176.0983
200 178.1583
200 179.4383
200 179.3083
201 170.2883
201 176.0983
201 178.1583
201 179.4383
201 179.3083
201 177.7183
202 170.2883
202 176.0983
202 178.1583
202 179.4383
202 179.3083
202 177.7183
203 176.0983
203 178.1583
203 179.4383
203 179.3083
203 177.7183
203 172.4083
204 178.1583
204 179.4383
204 179.3083
204 177.7183
204 172.4083
204 165.5735
205 178.1583
205 179.4383
205 179.3083
205 177.7183
205 172.4083
205 165.5735
206 179.4383
206 179.3083
206 177.7183
206 172.4083
206 165.5735
206 160.3583
207 179.4383
207 179.3083
207 177.7183
207 172.4083
207 165.5735
207 160.3583
208 179.4383
208 179.3083
208 177.7183
208 172.4083
208 165.5735
208 160.3583
209 179.3083
209 177.7183
209 172.4083
209 165.5735
209 160.3583
209 150.8283
210 179.3083
210 177.7183
210 172.4083
210 165.5735
210 160.3583
210 150.8283
211 177.7183
211 172.4083
211 165.5735
211 160.3583
211 150.8283
211 144.6183
212 177.7183
212 172.4083
212 165.5735
212 160.3583
212 150.8283
212 144.6183
213 177.7183
213 172.4083
213 165.5735
213 160.3583
213 150.8283
213 144.6183
214 172.4083
214 165.5735
214 160.3583
214 150.8283
214 144.6183
214 134.5383
215 172.4083
215 165.5735
215 160.3583
215 150.8283
215 144.6183
215 134.5383
216 165.5735
216 160.3583
216 150.8283
216 144.6183
216 134.5383
216 127.2283
217 165.5735
217 160.3583
217 150.8283
217 144.6183
217 134.5383
217 127.2283
218 160.3583
218 150.8283
218 144.6183
218 134.5383
218 127.2283
218 114.8083
219 160.3583
219 150.8283
219 144.6183
219 134.5383
219 127.2283
219 114.8083
220 160.3583
220 150.8283
220 144.6183
220 134.5383
220 127.2283
220 114.8083
221 150.8283
221 144.6183
221 134.5383
221 127.2283
221 114.8083
221 103.8935
222 144.6183
222 134.5383
222 127.2283
222 114.8083
222 103.8935
222 94.21827
223 144.6183
223 134.5383
223 127.2283
223 114.8083
223 103.8935
223 94.21827
224 144.6183
224 134.5383
224 127.2283
224 114.8083
224 103.8935
224 94.21827
225 134.5383
225 127.2283
225 114.8083
225 103.8935
225 94.21827
225 85.37355
226 127.2283
226 114.8083
226 103.8935
226 94.21827
226 85.37355
226 70.40827
227 127.2283
227 114.8083
227 103.8935
227 94.21827
227 85.37355
227 70.40827
228 127.2283
228 114.8083
228 103.8935
228 94.21827
228 85.37355
228 70.40827
229 114.8083
229 103.8935
229 94.21827
229 85.37355
229 70.40827
229 61.24355
230 114.8083
230 103.8935
230 94.21827
230 85.37355
230 70.40827
230 61.24355
231 103.8935
231 94.21827
231 85.37355
231 70.40827
231 61.24355
231 45.30827
232 103.8935
232 94.21827
232 85.37355
232 70.40827
232 61.24355
232 45.30827
233 94.21827
233 85.37355
233 70.40827
233 61.24355
233 45.30827
233 36.03354
234 94.21827
234 85.37355
234 70.40827
234 61.24355
234 45.30827
234 36.03354
235 85.37355
235 70.40827
235 61.24355
235 45.30827
235 36.03354
235 15.90826
236 85.37355
236 70.40827
236 61.24355
236 45.30827
236 36.03354
236 15.90826
237 85.37355
237 70.40827
237 61.24355
237 45.30827
237 36.03354
237 15.90826
238 70.40827
238 61.24355
238 45.30827
238 36.03354
238 15.90826
238 5.64827
239 70.40827
239 61.24355
239 45.30827
239 36.03354
239 15.90826
239 5.64827
240 61.24355
240 45.30827
240 36.03354
240 15.90826
240 5.64827
240 -9.99173
241 61.24355
241 45.30827
241 36.03354
241 15.90826
241 5.64827
241 -9.99173
242 61.24355
242 45.30827
242 36.03354
242 15.90826
242 5.64827
242 -9.99173
243 45.30827
243 36.03354
243 15.90826
243 5.64827
243 -9.99173
243 -24.01645
244 36.03354
244 15.90826
244 5.64827
244 -9.99173
244 -24.01645
244 -32.16173
245 36.03354
245 15.90826
245 5.64827
245 -9.99173
245 -24.01645
245 -32.16173
246 36.03354
246 15.90826
246 5.64827
246 -9.99173
246 -24.01645
246 -32.16173
247 36.03354
247 15.90826
247 5.64827
247 -9.99173
247 -24.01645
247 -32.16173
248 15.90826
248 5.64827
248 -9.99173
248 -24.01645
248 -32.16173
248 -43.49173
249 15.90826
249 5.64827
249 -9.99173
249 -24.01645
249 -32.16173
249 -43.49173
250 5.64827
250 -9.99173
250 -24.01645
250 -32.16173
250 -43.49173
250 -61.09
251 5.64827
251 -9.99173
251 -24.01645
251 -32.16173
251 -43.49173
251 -61.09
252 5.64827
252 -9.99173
252 -24.01645
252 -32.16173
252 -43.49173
252 -61.09
253 -9.99173
253 -24.01645
253 -32.16173
253 -43.49173
253 -61.09
253 -78.29172
254 -9.99173
254 -24.01645
254 -32.16173
254 -43.49173
254 -61.09
254 -78.29172
255 -24.01645
255 -32.16173
255 -43.49173
255 -61.09
255 -78.29172
255 -93.05002
256 -24.01645
256 -32.16173
256 -43.49173
256 -61.09
256 -78.29172
256 -93.05002
257 -32.16173
257 -43.49173
257 -61.09
257 -78.29172
257 -93.05002
257 -107.7717
258 -32.16173
258 -43.49173
258 -61.09
258 -78.29172
258 -93.05002
258 -107.7717
259 -43.49173
259 -61.09
259 -78.29172
259 -93.05002
259 -107.7717
259 -123.3917
260 -43.49173
260 -61.09
260 -78.29172
260 -93.05002
260 -107.7717
260 -123.3917
261 -43.49173
261 -61.09
261 -78.29172
261 -93.05002
261 -107.7717
261 -123.3917
262 -61.09
262 -78.29172
262 -93.05002
262 -107.7717
262 -123.3917
262 -134.97
263 -61.09
263 -78.29172
263 -93.05002
263 -107.7717
263 -123.3917
263 -134.97
264 -61.09
264 -78.29172
264 -93.05002
264 -107.7717
264 -123.3917
264 -134.97
265 -61.09
265 -78.29172
265 -93.05002
265 -107.7717
265 -123.3917
265 -134.97
266 -78.29172
266 -93.05002
266 -107.7717
266 -123.3917
266 -134.97
266 -145.1165
267 -78.29172
267 -93.05002
267 -107.7717
267 -123.3917
267 -134.97
267 -145.1165
268 -78.29172
268 -93.05002
268 -107.7717
268 -123.3917
268 -134.97
268 -145.1165
269 -93.05002
269 -107.7717
269 -123.3917
269 -134.97
269 -145.1165
269 -158.3417
270 -93.05002
270 -107.7717
270 -123.3917
270 -134.97
270 -145.1165
270 -158.3417
271 -93.05002
271 -107.7717
271 -123.3917
271 -134.97
271 -145.1165
271 -158.3417
272 -107.7717
272 -123.3917
272 -134.97
272 -145.1165
272 -158.3417
272 -164.3164
273 -107.7717
273 -123.3917
273 -134.97
273 -145.1165
273 -158.3417
273 -164.3164
274 -107.7717
274 -123.3917
274 -134.97
274 -145.1165
274 -158.3417
274 -164.3164
275 -107.7717
275 -123.3917
275 -134.97
275 -145.1165
275 -158.3417
275 -164.3164
276 -123.3917
276 -134.97
276 -145.1165
276 -158.3417
276 -164.3164
276 -169.3365
277 -123.3917
277 -134.97
277 -145.1165
277 -158.3417
277 -164.3164
277 -169.3365
278 -123.3917
278 -134.97
278 -145.1165
278 -158.3417
278 -164.3164
278 -169.3365
279 -134.97
279 -145.1165
279 -158.3417
279 -164.3164
279 -169.3365
279 -175.4917
280 -134.97
280 -145.1165
280 -158.3417
280 -164.3164
280 -169.3365
280 -175.4917
281 -145.1165
281 -158.3417
281 -164.3164
281 -169.3365
281 -175.4917
281 -176.9617
282 -145.1165
282 -158.3417
282 -164.3164
282 -169.3365
282 -175.4917
282 -176.9617
283 -145.1165
283 -158.3417
283 -164.3164
283 -169.3365
283 -175.4917
283 -176.9617
284 -145.1165
284 -158.3417
284 -164.3164
284 -169.3365
284 -175.4917
284 -176.9617
285 -158.3417
285 -164.3164
285 -169.3365
285 -175.4917
285 -176.9617
285 -176.8864
286 -158.3417
286 -164.3164
286 -169.3365
286 -175.4917
286 -176.9617
286 -176.8864
287 -164.3164
287 -169.3365
287 -175.4917
287 -176.9617
287 -176.8864
287 -175.0817
288 -164.3164
288 -169.3365
288 -175.4917
288 -176.9617
288 -176.8864
288 -175.0817
289 -169.3365
289 -175.4917
289 -176.9617
289 -176.8864
289 -175.0817
289 -170.3617
290 -169.3365
290 -175.4917
290 -176.9617
290 -176.8864
290 -175.0817
290 -170.3617
291 -169.3365
291 -175.4917
291 -176.9617
291 -176.8864
291 -175.0817
291 -170.3617
292 -169.3365
292 -175.4917
292 -176.9617
292 -176.8864
292 -175.0817
292 -170.3617
293 -175.4917
293 -176.9617
293 -176.8864
293 -175.0817
293 -170.3617
293 -164.4217
294 -175.4917
294 -176.9617
294 -176.8864
294 -175.0817
294 -170.3617
294 -164.4217
295 -176.9617
295 -176.8864
295 -175.0817
295 -170.3617
295 -164.4217
295 -158.9417
296 -176.9617
296 -176.8864
296 -175.0817
296 -170.3617
296 -164.4217
296 -158.9417
297 -176.8864
297 -175.0817
297 -170.3617
297 -164.4217
297 -158.9417
297 -146.6317
298 -176.8864
298 -175.0817
298 -170.3617
298 -164.4217
298 -158.9417
298 -146.6317
299 -175.0817
299 -170.3617
299 -164.4217
299 -158.9417
299 -146.6317
299 -134.6765
300 -175.0817
300 -170.3617
300 -164.4217
300 -158.9417
300 -146.6317
300 -134.6765
301 -175.0817
301 -170.3617
301 -164.4217
301 -158.9417
301 -146.6317
301 -134.6765
302 -170.3617
302 -164.4217
302 -158.9417
302 -146.6317
302 -134.6765
302 -126.4965
303 -170.3617
303 -164.4217
303 -158.9417
303 -146.6317
303 -134.6765
303 -126.4965
304 -164.4217
304 -158.9417
304 -146.6317
304 -134.6765
304 -126.4965
304 -108.5617
305 -164.4217
305 -158.9417
305 -146.6317
305 -134.6765
305 -126.4965
305 -108.5617
306 -158.9417
306 -146.6317
306 -134.6765
306 -126.4965
306 -108.5617
306 -95.20645
307 -158.9417
307 -146.6317
307 -134.6765
307 -126.4965
307 -108.5617
307 -95.20645
308 -146.6317
308 -134.6765
308 -126.4965
308 -108.5617
308 -95.20645
308 -73.86172
309 -146.6317
309 -134.6765
309 -126.4965
309 -108.5617
309 -95.20645
309 -73.86172
310 -146.6317
310 -134.6765
310 -126.4965
310 -108.5617
310 -95.20645
310 -73.86172
311 -134.6765
311 -126.4965
311 -108.5617
311 -95.20645
311 -73.86172
311 -42.38173
312 -134.6765
312 -126.4965
312 -108.5617
312 -95.20645
312 -73.86172
312 -42.38173
313 -126.4965
313 -108.5617
313 -95.20645
313 -73.86172
313 -42.38173
313 -24.50172
314 -126.4965
314 -108.5617
314 -95.20645
314 -73.86172
314 -42.38173
314 -24.50172
315 -126.4965
315 -108.5617
315 -95.20645
315 -73.86172
315 -42.38173
315 -24.50172
316 -108.5617
316 -95.20645
316 -73.86172
316 -42.38173
316 -24.50172
316 2.908264
317 -108.5617
317 -95.20645
317 -73.86172
317 -42.38173
317 -24.50172
317 2.908264
318 -95.20645
318 -73.86172
318 -42.38173
318 -24.50172
318 2.908264
318 22.10828
319 -95.20645
319 -73.86172
319 -42.38173
319 -24.50172
319 2.908264
319 22.10828
320 -95.20645
320 -73.86172
320 -42.38173
320 -24.50172
320 2.908264
320 22.10828
321 -73.86172
321 -42.38173
321 -24.50172
321 2.908264
321 22.10828
321 47.20827
322 -73.86172
322 -42.38173
322 -24.50172
322 2.908264
322 22.10828
322 47.20827
323 -73.86172
323 -42.38173
323 -24.50172
323 2.908264
323 22.10828
323 47.20827
324 -73.86172
324 -42.38173
324 -24.50172
324 2.908264
324 22.10828
324 47.20827
325 -73.86172
325 -42.38173
325 -24.50172
325 2.908264
325 22.10828
325 47.20827
326 -42.38173
326 -24.50172
326 2.908264
326 22.10828
326 47.20827
326 75.06355
327 -42.38173
327 -24.50172
327 2.908264
327 22.10828
327 47.20827
327 75.06355
328 -42.38173
328 -24.50172
328 2.908264
328 22.10828
328 47.20827
328 75.06355
329 -24.50172
329 2.908264
329 22.10828
329 47.20827
329 75.06355
329 91.19354
330 -24.50172
330 2.908264
330 22.10828
330 47.20827
330 75.06355
330 91.19354
331 -24.50172
331 2.908264
331 22.10828
331 47.20827
331 75.06355
331 91.19354
332 -24.50172
332 2.908264
332 22.10828
332 47.20827
332 75.06355
332 91.19354
333 -24.50172
333 2.908264
333 22.10828
333 47.20827
333 75.06355
333 91.19354
334 2.908264
334 22.10828
334 47.20827
334 75.06355
334 91.19354
334 107.3083
335 2.908264
335 22.10828
335 47.20827
335 75.06355
335 91.19354
335 107.3083
336 2.908264
336 22.10828
336 47.20827
336 75.06355
336 91.19354
336 107.3083
337 22.10828
337 47.20827
337 75.06355
337 91.19354
337 107.3083
337 114.2635
338 22.10828
338 47.20827
338 75.06355
338 91.19354
338 107.3083
338 114.2635
339 22.10828
339 47.20827
339 75.06355
339 91.19354
339 107.3083
339 114.2635
340 22.10828
340 47.20827
340 75.06355
340 91.19354
340 107.3083
340 114.2635
341 47.20827
341 75.06355
341 91.19354
341 107.3083
341 114.2635
341 122.5583
342 47.20827
342 75.06355
342 91.19354
342 107.3083
342 114.2635
342 122.5583
343 47.20827
343 75.06355
343 91.19354
343 107.3083
343 114.2635
343 122.5583
344 47.20827
344 75.06355
344 91.19354
344 107.3083
344 114.2635
344 122.5583
345 47.20827
345 75.06355
345 91.19354
345 107.3083
345 114.2635
345 122.5583
346 75.06355
346 91.19354
346 107.3083
346 114.2635
346 122.5583
346 126.6183
347 75.06355
347 91.19354
347 107.3083
347 114.2635
347 122.5583
347 126.6183
348 91.19354
348 107.3083
348 114.2635
348 122.5583
348 126.6183
348 129.1083
349 91.19354
349 107.3083
349 114.2635
349 122.5583
349 126.6183
349 129.1083
350 91.19354
350 107.3083
350 114.2635
350 122.5583
350 126.6183
350 129.1083
351 107.3083
351 114.2635
351 122.5583
351 126.6183
351 129.1083
351 129.1283
352 114.2635
352 122.5583
352 126.6183
352 129.1083
352 129.1283
352 126.8983
353 114.2635
353 122.5583
353 126.6183
353 129.1083
353 129.1283
353 126.8983
354 114.2635
354 122.5583
354 126.6183
354 129.1083
354 129.1283
354 126.8983
355 122.5583
355 126.6183
355 129.1083
355 129.1283
355 126.8983
355 122.3383
356 126.6183
356 129.1083
356 129.1283
356 126.8983
356 122.3383
356 117.2083
357 126.6183
357 129.1083
357 129.1283
357 126.8983
357 122.3383
357 117.2083
358 126.6183
358 129.1083
358 129.1283
358 126.8983
358 122.3383
358 117.2083
359 129.1083
359 129.1283
359 126.8983
359 122.3383
359 117.2083
359 98.34827
360 129.1083
360 129.1283
360 126.8983
360 122.3383
360 117.2083
360 98.34827
361 129.1083
361 129.1283
361 126.8983
361 122.3383
361 117.2083
361 98.34827
362 129.1283
362 126.8983
362 122.3383
362 117.2083
362 98.34827
362 83.63827
363 129.1283
363 126.8983
363 122.3383
363 117.2083
363 98.34827
363 83.63827
364 129.1283
364 126.8983
364 122.3383
364 117.2083
364 98.34827
364 83.63827
365 126.8983
365 122.3383
365 117.2083
365 98.34827
365 83.63827
365 79.68355
366 126.8983
366 122.3383
366 117.2083
366 98.34827
366 83.63827
366 79.68355
367 126.8983
367 122.3383
367 117.2083
367 98.34827
367 83.63827
367 79.68355
368 122.3383
368 117.2083
368 98.34827
368 83.63827
368 79.68355
368 78.52827
369 122.3383
369 117.2083
369 98.34827
369 83.63827
369 79.68355
369 78.52827
370 122.3383
370 117.2083
370 98.34827
370 83.63827
370 79.68355
370 78.52827
371 117.2083
371 98.34827
371 83.63827
371 79.68355
371 78.52827
371 77.04827
372 117.2083
372 98.34827
372 83.63827
372 79.68355
372 78.52827
372 77.04827
373 117.2083
373 98.34827
373 83.63827
373 79.68355
373 78.52827
373 77.04827
374 117.2083
374 98.34827
374 83.63827
374 79.68355
374 78.52827
374 77.04827
375 117.2083
375 98.34827
375 83.63827
375 79.68355
375 78.52827
375 77.04827
376 117.2083
376 98.34827
376 83.63827
376 79.68355
376 78.52827
376 77.04827
377 117.2083
377 98.34827
377 83.63827
377 79.68355
377 78.52827
377 77.04827
378 98.34827
378 83.63827
378 79.68355
378 78.52827
378 77.04827
378 77.87827
379 98.34827
379 83.63827
379 79.68355
379 78.52827
379 77.04827
379 77.87827
380 98.34827
380 83.63827
380 79.68355
380 78.52827
380 77.04827
380 77.87827
381 98.34827
381 83.63827
381 79.68355
381 78.52827
381 77.04827
381 77.87827
382 98.34827
382 83.63827
382 79.68355
382 78.52827
382 77.04827
382 77.87827
383 83.63827
383 79.68355
383 78.52827
383 77.04827
383 77.87827
383 81.37827
384 79.68355
384 78.52827
384 77.04827
384 77.87827
384 81.37827
384 88.33827
385 78.52827
385 77.04827
385 77.87827
385 81.37827
385 88.33827
385 95.31827
386 77.04827
386 77.87827
386 81.37827
386 88.33827
386 95.31827
386 102.9283
387 77.04827
387 77.87827
387 81.37827
387 88.33827
387 95.31827
387 102.9283
388 77.87827
388 81.37827
388 88.33827
388 95.31827
388 102.9283
388 118.5435
389 77.87827
389 81.37827
389 88.33827
389 95.31827
389 102.9283
389 118.5435
390 81.37827
390 88.33827
390 95.31827
390 102.9283
390 118.5435
390 133.2435
391 81.37827
391 88.33827
391 95.31827
391 102.9283
391 118.5435
391 133.2435
392 81.37827
392 88.33827
392 95.31827
392 102.9283
392 118.5435
392 133.2435
393 88.33827
393 95.31827
393 102.9283
393 118.5435
393 133.2435
393 156.5083
394 88.33827
394 95.31827
394 102.9283
394 118.5435
394 133.2435
394 156.5083
395 88.33827
395 95.31827
395 102.9283
395 118.5435
395 133.2435
395 156.5083
396 95.31827
396 102.9283
396 118.5435
396 133.2435
396 156.5083
396 164.2383
397 95.31827
397 102.9283
397 118.5435
397 133.2435
397 156.5083
397 164.2383
398 102.9283
398 118.5435
398 133.2435
398 156.5083
398 164.2383
398 170.2883
399 102.9283
399 118.5435
399 133.2435
399 156.5083
399 164.2383
399 170.2883
400 102.9283
400 118.5435
400 133.2435
400 156.5083
400 164.2383
400 170.2883
401 102.9283
401 118.5435
401 133.2435
401 156.5083
401 164.2383
401 170.2883
402 102.9283
402 118.5435
402 133.2435
402 156.5083
402 164.2383
402 170.2883
403 118.5435
403 133.2435
403 156.5083
403 164.2383
403 170.2883
403 176.0983
404 118.5435
404 133.2435
404 156.5083
404 164.2383
404 170.2883
404 176.0983
405 118.5435
405 133.2435
405 156.5083
405 164.2383
405 170.2883
405 176.0983
406 118.5435
406 133.2435
406 156.5083
406 164.2383
406 170.2883
406 176.0983
407 133.2435
407 156.5083
407 164.2383
407 170.2883
407 176.0983
407 178.1583
408 133.2435
408 156.5083
408 164.2383
408 170.2883
408 176.0983
408 178.1583
409 133.2435
409 156.5083
409 164.2383
409 170.2883
409 176.0983
409 178.1583
410 133.2435
410 156.5083
410 164.2383
410 170.2883
410 176.0983
410 178.1583
411 133.2435
411 156.5083
411 164.2383
411 170.2883
411 176.0983
411 178.1583
412 133.2435
412 156.5083
412 164.2383
412 170.2883
412 176.0983
412 178.1583
413 156.5083
413 164.2383
413 170.2883
413 176.0983
413 178.1583
413 179.4383
414 156.5083
414 164.2383
414 170.2883
414 176.0983
414 178.1583
414 179.4383
415 164.2383
415 170.2883
415 176.0983
415 178.1583
415 179.4383
415 179.3083
416 170.2883
416 176.0983
416 178.1583
416 179.4383
416 179.3083
416 177.7183
417 170.2883
417 176.0983
417 178.1583
417 179.4383
417 179.3083
417 177.7183
418 170.2883
418 176.0983
418 178.1583
418 179.4383
418 179.3083
418 177.7183
419 176.0983
419 178.1583
419 179.4383
419 179.3083
419 177.7183
419 172.4083
420 178.1583
420 179.4383
420 179.3083
420 177.7183
420 172.4083
420 165.5735
421 178.1583
421 179.4383
421 179.3083
421 177.7183
421 172.4083
421 165.5735
422 179.4383
422 179.3083
422 177.7183
422 172.4083
422 165.5735
422 160.3583
423 179.4383
423 179.3083
423 177.7183
423 172.4083
423 165.5735
423 160.3583
424 179.3083
424 177.7183
424 172.4083
424 165.5735
424 160.3583
424 150.8283
425 179.3083
425 177.7183
425 172.4083
425 165.5735
425 160.3583
425 150.8283
426 177.7183
426 172.4083
426 165.5735
426 160.3583
426 150.8283
426 144.6183
427 177.7183
427 172.4083
427 165.5735
427 160.3583
427 150.8283
427 144.6183
428 177.7183
428 172.4083
428 165.5735
428 160.3583
428 150.8283
428 144.6183
429 172.4083
429 165.5735
429 160.3583
429 150.8283
429 144.6183
429 134.5383
430 172.4083
430 165.5735
430 160.3583
430 150.8283
430 144.6183
430 134.5383
431 172.4083
431 165.5735
431 160.3583
431 150.8283
431 144.6183
431 134.5383
432 165.5735
432 160.3583
432 150.8283
432 144.6183
432 134.5383
432 127.2283
433 160.3583
433 150.8283
433 144.6183
433 134.5383
433 127.2283
433 114.8083
434 160.3583
434 150.8283
434 144.6183
434 134.5383
434 127.2283
434 114.8083
435 160.3583
435 150.8283
435 144.6183
435 134.5383
435 127.2283
435 114.8083
436 150.8283
436 144.6183
436 134.5383
436 127.2283
436 114.8083
436 103.8935
437 150.8283
437 144.6183
437 134.5383
437 127.2283
437 114.8083
437 103.8935
438 144.6183
438 134.5383
438 127.2283
438 114.8083
438 103.8935
438 94.21827
439 144.6183
439 134.5383
439 127.2283
439 114.8083
439 103.8935
439 94.21827
440 144.6183
440 134.5383
440 127.2283
440 114.8083
440 103.8935
440 94.21827
441 134.5383
441 127.2283
441 114.8083
441 103.8935
441 94.21827
441 85.37355
442 127.2283
442 114.8083
442 103.8935
442 94.21827
442 85.37355
442 70.40827
443 127.2283
443 114.8083
443 103.8935
443 94.21827
443 85.37355
443 70.40827
444 127.2283
444 114.8083
444 103.8935
444 94.21827
444 85.37355
444 70.40827
445 114.8083
445 103.8935
445 94.21827
445 85.37355
445 70.40827
445 61.24355
446 114.8083
446 103.8935
446 94.21827
446 85.37355
446 70.40827
446 61.24355
447 103.8935
447 94.21827
447 85.37355
447 70.40827
447 61.24355
447 45.30827
448 103.8935
448 94.21827
448 85.37355
448 70.40827
448 61.24355
448 45.30827
449 94.21827
449 85.37355
449 70.40827
449 61.24355
449 45.30827
449 36.03354
450 94.21827
450 85.37355
450 70.40827
450 61.24355
450 45.30827
450 36.03354
451 85.37355
451 70.40827
451 61.24355
451 45.30827
451 36.03354
451 15.90826
452 85.37355
452 70.40827
452 61.24355
452 45.30827
452 36.03354
452 15.90826
453 85.37355
453 70.40827
453 61.24355
453 45.30827
453 36.03354
453 15.90826
454 70.40827
454 61.24355
454 45.30827
454 36.03354
454 15.90826
454 5.64827
455 61.24355
455 45.30827
455 36.03354
455 15.90826
455 5.64827
455 -9.99173
456 61.24355
456 45.30827
456 36.03354
456 15.90826
456 5.64827
456 -9.99173
457 61.24355
457 45.30827
457 36.03354
457 15.90826
457 5.64827
457 -9.99173
458 61.24355
458 45.30827
458 36.03354
458 15.90826
458 5.64827
458 -9.99173
459 45.30827
459 36.03354
459 15.90826
459 5.64827
459 -9.99173
459 -24.01645
460 36.03354
460 15.90826
460 5.64827
460 -9.99173
460 -24.01645
460 -32.16173
461 36.03354
461 15.90826
461 5.64827
461 -9.99173
461 -24.01645
461 -32.16173
462 36.03354
462 15.90826
462 5.64827
462 -9.99173
462 -24.01645
462 -32.16173
463 36.03354
463 15.90826
463 5.64827
463 -9.99173
463 -24.01645
463 -32.16173
464 15.90826
464 5.64827
464 -9.99173
464 -24.01645
464 -32.16173
464 -43.49173
465 15.90826
465 5.64827
465 -9.99173
465 -24.01645
465 -32.16173
465 -43.49173
466 5.64827
466 -9.99173
466 -24.01645
466 -32.16173
466 -43.49173
466 -61.09
467 5.64827
467 -9.99173
467 -24.01645
467 -32.16173
467 -43.49173
467 -61.09
468 5.64827
468 -9.99173
468 -24.01645
468 -32.16173
468 -43.49173
468 -61.09
469 -9.99173
469 -24.01645
469 -32.16173
469 -43.49173
469 -61.09
469 -78.29172
470 -9.99173
470 -24.01645
470 -32.16173
470 -43.49173
470 -61.09
470 -78.29172
471 -9.99173
471 -24.01645
471 -32.16173
471 -43.49173
471 -61.09
471 -78.29172
472 -24.01645
472 -32.16173
472 -43.49173
472 -61.09
472 -78.29172
472 -93.05002
473 -24.01645
473 -32.16173
473 -43.49173
473 -61.09
473 -78.29172
473 -93.05002
474 -32.16173
474 -43.49173
474 -61.09
474 -78.29172
474 -93.05002
474 -107.7717
