0 0
1 113.361
1 105.941
1 92.88499
1 78.73102
1 65.34102
1 50.57938
2 113.361
2 105.941
2 92.88499
2 78.73102
2 65.34102
2 50.57938
3 113.361
3 105.941
3 92.88499
3 78.73102
3 65.34102
3 50.57938
4 113.361
4 105.941
4 92.88499
4 78.73102
4 65.34102
4 50.57938
5 113.361
5 105.941
5 92.88499
5 78.73102
5 65.34102
5 50.57938
6 113.361
6 105.941
6 92.88499
6 78.73102
6 65.34102
6 50.57938
7 113.361
7 105.941
7 92.88499
7 78.73102
7 65.34102
7 50.57938
8 113.361
8 105.941
8 92.88499
8 78.73102
8 65.34102
8 50.57938
9 113.361
9 105.941
9 92.88499
9 78.73102
9 65.34102
9 50.57938
10 113.361
10 105.941
10 92.88499
10 78.73102
10 65.34102
10 50.57938
11 113.361
11 105.941
11 92.88499
11 78.73102
11 65.34102
11 50.57938
12 105.941
12 92.88499
12 78.73102
12 65.34102
12 50.57938
12 33.37102
13 105.941
13 92.88499
13 78.73102
13 65.34102
13 50.57938
13 33.37102
14 105.941
14 92.88499
14 78.73102
14 65.34102
14 50.57938
14 33.37102
15 105.941
15 92.88499
15 78.73102
15 65.34102
15 50.57938
15 33.37102
16 105.941
16 92.88499
16 78.73102
16 65.34102
16 50.57938
16 33.37102
17 105.941
17 92.88499
17 78.73102
17 65.34102
17 50.57938
17 33.37102
18 105.941
18 92.88499
18 78.73102
18 65.34102
18 50.57938
18 33.37102
19 105.941
19 92.88499
19 78.73102
19 65.34102
19 50.57938
19 33.37102
20 105.941
20 92.88499
20 78.73102
20 65.34102
20 50.57938
20 33.37102
21 105.941
21 92.88499
21 78.73102
21 65.34102
21 50.57938
21 33.37102
22 105.941
22 92.88499
22 78.73102
22 65.34102
22 50.57938
22 33.37102
23 105.941
23 92.88499
23 78.73102
23 65.34102
23 50.57938
23 33.37102
24 92.88499
24 78.73102
24 65.34102
24 50.57938
24 33.37102
24 18.404
25 92.88499
25 78.73102
25 65.34102
25 50.57938
25 33.37102
25 18.404
26 92.88499
26 78.73102
26 65.34102
26 50.57938
26 33.37102
26 18.404
27 92.88499
27 78.73102
27 65.34102
27 50.57938
27 33.37102
27 18.404
28 92.88499
28 78.73102
28 65.34102
28 50.57938
28 33.37102
28 18.404
29 92.88499
29 78.73102
29 65.34102
29 50.57938
29 33.37102
29 18.404
30 92.88499
30 78.73102
30 65.34102
30 50.57938
30 33.37102
30 18.404
31 92.88499
31 78.73102
31 65.34102
31 50.57938
31 33.37102
31 18.404
32 78.73102
32 65.34102
32 50.57938
32 33.37102
32 18.404
32 4.339378
33 78.73102
33 65.34102
33 50.57938
33 33.37102
33 18.404
33 4.339378
34 78.73102
34 65.34102
34 50.57938
34 33.37102
34 18.404
34 4.339378
35 78.73102
35 65.34102
35 50.57938
35 33.37102
35 18.404
35 4.339378
36 78.73102
36 65.34102
36 50.57938
36 33.37102
36 18.404
36 4.339378
37 78.73102
37 65.34102
37 50.57938
37 33.37102
37 18.404
37 4.339378
38 78.73102
38 65.34102
38 50.57938
38 33.37102
38 18.404
38 4.339378
39 65.34102
39 50.57938
39 33.37102
39 18.404
39 4.339378
39 -17.42898
40 65.34102
40 50.57938
40 33.37102
40 18.404
40 4.339378
40 -17.42898
41 65.34102
41 50.57938
41 33.37102
41 18.404
41 4.339378
41 -17.42898
42 65.34102
42 50.57938
42 33.37102
42 18.404
42 4.339378
42 -17.42898
43 65.34102
43 50.57938
43 33.37102
43 18.404
43 4.339378
43 -17.42898
44 50.57938
44 33.37102
44 18.404
44 4.339378
44 -17.42898
44 -30.18062
45 50.57938
45 33.37102
45 18.404
45 4.339378
45 -17.42898
45 -30.18062
46 50.57938
46 33.37102
46 18.404
46 4.339378
46 -17.42898
46 -30.18062
47 50.57938
47 33.37102
47 18.404
47 4.339378
47 -17.42898
47 -30.18062
48 50.57938
48 33.37102
48 18.404
48 4.339378
48 -17.42898
48 -30.18062
49 50.57938
49 33.37102
49 18.404
49 4.339378
49 -17.42898
49 -30.18062
50 33.37102
50 18.404
50 4.339378
50 -17.42898
50 -30.18062
50 -42.84062
51 33.37102
51 18.404
51 4.339378
51 -17.42898
51 -30.18062
51 -42.84062
52 33.37102
52 18.404
52 4.339378
52 -17.42898
52 -30.18062
52 -42.84062
53 33.37102
53 18.404
53 4.339378
53 -17.42898
53 -30.18062
53 -42.84062
54 33.37102
54 18.404
54 4.339378
54 -17.42898
54 -30.18062
54 -42.84062
55 18.404
55 4.339378
55 -17.42898
55 -30.18062
55 -42.84062
55 -66.52898
56 18.404
56 4.339378
56 -17.42898
56 -30.18062
56 -42.84062
56 -66.52898
57 18.404
57 4.339378
57 -17.42898
57 -30.18062
57 -42.84062
57 -66.52898
58 4.339378
58 -17.42898
58 -30.18062
58 -42.84062
58 -66.52898
58 -76.85062
59 4.339378
59 -17.42898
59 -30.18062
59 -42.84062
59 -66.52898
59 -76.85062
60 4.339378
60 -17.42898
60 -30.18062
60 -42.84062
60 -66.52898
60 -76.85062
61 4.339378
61 -17.42898
61 -30.18062
61 -42.84062
61 -66.52898
61 -76.85062
62 4.339378
62 -17.42898
62 -30.18062
62 -42.84062
62 -66.52898
62 -76.85062
63 4.339378
63 -17.42898
63 -30.18062
63 -42.84062
63 -66.52898
63 -76.85062
64 -17.42898
64 -30.18062
64 -42.84062
64 -66.52898
64 -76.85062
64 -90.64063
65 -17.42898
65 -30.18062
65 -42.84062
65 -66.52898
65 -76.85062
65 -90.64063
66 -30.18062
66 -42.84062
66 -66.52898
66 -76.85062
66 -90.64063
66 -100.3206
67 -30.18062
67 -42.84062
67 -66.52898
67 -76.85062
67 -90.64063
67 -100.3206
68 -30.18062
68 -42.84062
68 -66.52898
68 -76.85062
68 -90.64063
68 -100.3206
69 -42.84062
69 -66.52898
69 -76.85062
69 -90.64063
69 -100.3206
69 -115.129
70 -42.84062
70 -66.52898
70 -76.85062
70 -90.64063
70 -100.3206
70 -115.129
71 -42.84062
71 -66.52898
71 -76.85062
71 -90.64063
71 -100.3206
71 -115.129
72 -42.84062
72 -66.52898
72 -76.85062
72 -90.64063
72 -100.3206
72 -115.129
73 -42.84062
73 -66.52898
73 -76.85062
73 -90.64063
73 -100.3206
73 -115.129
74 -66.52898
74 -76.85062
74 -90.64063
74 -100.3206
74 -115.129
74 -124.5206
75 -76.85062
75 -90.64063
75 -100.3206
75 -115.129
75 -124.5206
75 -131.399
76 -76.85062
76 -90.64063
76 -100.3206
76 -115.129
76 -124.5206
76 -131.399
77 -76.85062
77 -90.64063
77 -100.3206
77 -115.129
77 -124.5206
77 -131.399
78 -90.64063
78 -100.3206
78 -115.129
78 -124.5206
78 -131.399
78 -141.329
79 -90.64063
79 -100.3206
79 -115.129
79 -124.5206
79 -131.399
79 -141.329
80 -100.3206
80 -115.129
80 -124.5206
80 -131.399
80 -141.329
80 -147.489
81 -100.3206
81 -115.129
81 -124.5206
81 -131.399
81 -141.329
81 -147.489
82 -100.3206
82 -115.129
82 -124.5206
82 -131.399
82 -141.329
82 -147.489
83 -115.129
83 -124.5206
83 -131.399
83 -141.329
83 -147.489
83 -150.849
84 -115.129
84 -124.5206
84 -131.399
84 -141.329
84 -147.489
84 -150.849
85 -124.5206
85 -131.399
85 -141.329
85 -147.489
85 -150.849
85 -155.499
86 -124.5206
86 -131.399
86 -141.329
86 -147.489
86 -150.849
86 -155.499
87 -131.399
87 -141.329
87 -147.489
87 -150.849
87 -155.499
87 -157.609
88 -131.399
88 -141.329
88 -147.489
88 -150.849
88 -155.499
88 -157.609
89 -131.399
89 -141.329
89 -147.489
89 -150.849
89 -155.499
89 -157.609
90 -141.329
90 -147.489
90 -150.849
90 -155.499
90 -157.609
90 -159.129
91 -141.329
91 -147.489
91 -150.849
91 -155.499
91 -157.609
91 -159.129
92 -147.489
92 -150.849
92 -155.499
92 -157.609
92 -159.129
92 -159.099
93 -150.849
93 -155.499
93 -157.609
93 -159.129
93 -159.099
93 -157.469
94 -150.849
94 -155.499
94 -157.609
94 -159.129
94 -159.099
94 -157.469
95 -150.849
95 -155.499
95 -157.609
95 -159.129
95 -159.099
95 -157.469
96 -150.849
96 -155.499
96 -157.609
96 -159.129
96 -159.099
96 -157.469
97 -155.499
97 -157.609
97 -159.129
97 -159.099
97 -157.469
97 -153.909
98 -155.499
98 -157.609
98 -159.129
98 -159.099
98 -157.469
98 -153.909
99 -157.609
99 -159.129
99 -159.099
99 -157.469
99 -153.909
99 -151.629
100 -157.609
100 -159.129
100 -159.099
100 -157.469
100 -153.909
100 -151.629
101 -157.609
101 -159.129
101 -159.099
101 -157.469
101 -153.909
101 -151.629
102 -157.609
102 -159.129
102 -159.099
102 -157.469
102 -153.909
102 -151.629
103 -159.129
103 -159.099
103 -157.469
103 -153.909
103 -151.629
103 -148.129
104 -159.129
104 -159.099
104 -157.469
104 -153.909
104 -151.629
104 -148.129
105 -159.129
105 -159.099
105 -157.469
105 -153.909
105 -151.629
105 -148.129
106 -159.129
106 -159.099
106 -157.469
106 -153.909
106 -151.629
106 -148.129
107 -159.129
107 -159.099
107 -157.469
107 -153.909
107 -151.629
107 -148.129
108 -159.099
108 -157.469
108 -153.909
108 -151.629
108 -148.129
108 -143.929
109 -159.099
109 -157.469
109 -153.909
109 -151.629
109 -148.129
109 -143.929
110 -159.099
110 -157.469
110 -153.909
110 -151.629
110 -148.129
110 -143.929
111 -159.099
111 -157.469
111 -153.909
111 -151.629
111 -148.129
111 -143.929
112 -157.469
112 -153.909
112 -151.629
112 -148.129
112 -143.929
112 -139.979
113 -157.469
113 -153.909
113 -151.629
113 -148.129
113 -143.929
113 -139.979
114 -157.469
114 -153.909
114 -151.629
114 -148.129
114 -143.929
114 -139.979
115 -157.469
115 -153.909
115 -151.629
115 -148.129
115 -143.929
115 -139.979
116 -153.909
116 -151.629
116 -148.129
116 -143.929
116 -139.979
116 -134.209
117 -153.909
117 -151.629
117 -148.129
117 -143.929
117 -139.979
117 -134.209
118 -153.909
118 -151.629
118 -148.129
118 -143.929
118 -139.979
118 -134.209
119 -151.629
119 -148.129
119 -143.929
119 -139.979
119 -134.209
119 -130.6506
120 -151.629
120 -148.129
120 -143.929
120 -139.979
120 -134.209
120 -130.6506
121 -151.629
121 -148.129
121 -143.929
121 -139.979
121 -134.209
121 -130.6506
122 -151.629
122 -148.129
122 -143.929
122 -139.979
122 -134.209
122 -130.6506
123 -151.629
123 -148.129
123 -143.929
123 -139.979
123 -134.209
123 -130.6506
124 -148.129
124 -143.929
124 -139.979
124 -134.209
124 -130.6506
124 -123.779
125 -148.129
125 -143.929
125 -139.979
125 -134.209
125 -130.6506
125 -123.779
126 -148.129
126 -143.929
126 -139.979
126 -134.209
126 -130.6506
126 -123.779
127 -148.129
127 -143.929
127 -139.979
127 -134.209
127 -130.6506
127 -123.779
128 -143.929
128 -139.979
128 -134.209
128 -130.6506
128 -123.779
128 -118.159
129 -143.929
129 -139.979
129 -134.209
129 -130.6506
129 -123.779
129 -118.159
130 -143.929
130 -139.979
130 -134.209
130 -130.6506
130 -123.779
130 -118.159
131 -139.979
131 -134.209
131 -130.6506
131 -123.779
131 -118.159
131 -108.669
132 -139.979
132 -134.209
132 -130.6506
132 -123.779
132 -118.159
132 -108.669
133 -139.979
133 -134.209
133 -130.6506
133 -123.779
133 -118.159
133 -108.669
134 -134.209
134 -130.6506
134 -123.779
134 -118.159
134 -108.669
134 -100.349
135 -130.6506
135 -123.779
135 -118.159
135 -108.669
135 -100.349
135 -89.95898
136 -130.6506
136 -123.779
136 -118.159
136 -108.669
136 -100.349
136 -89.95898
137 -123.779
137 -118.159
137 -108.669
137 -100.349
137 -89.95898
137 -79.97897
138 -123.779
138 -118.159
138 -108.669
138 -100.349
138 -89.95898
138 -79.97897
139 -118.159
139 -108.669
139 -100.349
139 -89.95898
139 -79.97897
139 -69.827
140 -118.159
140 -108.669
140 -100.349
140 -89.95898
140 -79.97897
140 -69.827
141 -118.159
141 -108.669
141 -100.349
141 -89.95898
141 -79.97897
141 -69.827
142 -108.669
142 -100.349
142 -89.95898
142 -79.97897
142 -69.827
142 -42.02898
143 -108.669
143 -100.349
143 -89.95898
143 -79.97897
143 -69.827
143 -42.02898
144 -108.669
144 -100.349
144 -89.95898
144 -79.97897
144 -69.827
144 -42.02898
145 -100.349
145 -89.95898
145 -79.97897
145 -69.827
145 -42.02898
145 -20.72898
146 -100.349
146 -89.95898
146 -79.97897
146 -69.827
146 -42.02898
146 -20.72898
147 -100.349
147 -89.95898
147 -79.97897
147 -69.827
147 -42.02898
147 -20.72898
148 -89.95898
148 -79.97897
148 -69.827
148 -42.02898
148 -20.72898
148 -12.66062
149 -89.95898
149 -79.97897
149 -69.827
149 -42.02898
149 -20.72898
149 -12.66062
150 -89.95898
150 -79.97897
150 -69.827
150 -42.02898
150 -20.72898
150 -12.66062
151 -79.97897
151 -69.827
151 -42.02898
151 -20.72898
151 -12.66062
151 -7.878983
152 -79.97897
152 -69.827
152 -42.02898
152 -20.72898
152 -12.66062
152 -7.878983
153 -79.97897
153 -69.827
153 -42.02898
153 -20.72898
153 -12.66062
153 -7.878983
154 -69.827
154 -42.02898
154 -20.72898
154 -12.66062
154 -7.878983
154 -1.338982
155 -69.827
155 -42.02898
155 -20.72898
155 -12.66062
155 -7.878983
155 -1.338982
156 -69.827
156 -42.02898
156 -20.72898
156 -12.66062
156 -7.878983
156 -1.338982
157 -69.827
157 -42.02898
157 -20.72898
157 -12.66062
157 -7.878983
157 -1.338982
158 -69.827
158 -42.02898
158 -20.72898
158 -12.66062
158 -7.878983
158 -1.338982
159 -69.827
159 -42.02898
159 -20.72898
159 -12.66062
159 -7.878983
159 -1.338982
160 -69.827
160 -42.02898
160 -20.72898
160 -12.66062
160 -7.878983
160 -1.338982
161 -42.02898
161 -20.72898
161 -12.66062
161 -7.878983
161 -1.338982
161 5.75
162 -42.02898
162 -20.72898
162 -12.66062
162 -7.878983
162 -1.338982
162 5.75
163 -42.02898
163 -20.72898
163 -12.66062
163 -7.878983
163 -1.338982
163 5.75
164 -42.02898
164 -20.72898
164 -12.66062
164 -7.878983
164 -1.338982
164 5.75
165 -42.02898
165 -20.72898
165 -12.66062
165 -7.878983
165 -1.338982
165 5.75
166 -20.72898
166 -12.66062
166 -7.878983
166 -1.338982
166 5.75
166 12.86102
167 -20.72898
167 -12.66062
167 -7.878983
167 -1.338982
167 5.75
167 12.86102
168 -12.66062
168 -7.878983
168 -1.338982
168 5.75
168 12.86102
168 19.95102
169 -7.878983
169 -1.338982
169 5.75
169 12.86102
169 19.95102
169 25.33102
170 -1.338982
170 5.75
170 12.86102
170 19.95102
170 25.33102
170 29.88102
171 -1.338982
171 5.75
171 12.86102
171 19.95102
171 25.33102
171 29.88102
172 5.75
172 12.86102
172 19.95102
172 25.33102
172 29.88102
172 38.04939
173 5.75
173 12.86102
173 19.95102
173 25.33102
173 29.88102
173 38.04939
174 5.75
174 12.86102
174 19.95102
174 25.33102
174 29.88102
174 38.04939
175 12.86102
175 19.95102
175 25.33102
175 29.88102
175 38.04939
175 45.58102
176 12.86102
176 19.95102
176 25.33102
176 29.88102
176 38.04939
176 45.58102
177 12.86102
177 19.95102
177 25.33102
177 29.88102
177 38.04939
177 45.58102
178 19.95102
178 25.33102
178 29.88102
178 38.04939
178 45.58102
178 59.27102
179 19.95102
179 25.33102
179 29.88102
179 38.04939
179 45.58102
179 59.27102
180 25.33102
180 29.88102
180 38.04939
180 45.58102
180 59.27102
180 65.83102
181 25.33102
181 29.88102
181 38.04939
181 45.58102
181 59.27102
181 65.83102
182 25.33102
182 29.88102
182 38.04939
182 45.58102
182 59.27102
182 65.83102
183 29.88102
183 38.04939
183 45.58102
183 59.27102
183 65.83102
183 71.59937
184 29.88102
184 38.04939
184 45.58102
184 59.27102
184 65.83102
184 71.59937
185 29.88102
185 38.04939
185 45.58102
185 59.27102
185 65.83102
185 71.59937
186 29.88102
186 38.04939
186 45.58102
186 59.27102
186 65.83102
186 71.59937
187 29.88102
187 38.04939
187 45.58102
187 59.27102
187 65.83102
187 71.59937
188 38.04939
188 45.58102
188 59.27102
188 65.83102
188 71.59937
188 79.57102
189 38.04939
189 45.58102
189 59.27102
189 65.83102
189 71.59937
189 79.57102
190 38.04939
190 45.58102
190 59.27102
190 65.83102
190 71.59937
190 79.57102
191 38.04939
191 45.58102
191 59.27102
191 65.83102
191 71.59937
191 79.57102
192 45.58102
192 59.27102
192 65.83102
192 71.59937
192 79.57102
192 84.19102
193 45.58102
193 59.27102
193 65.83102
193 71.59937
193 79.57102
193 84.19102
194 45.58102
194 59.27102
194 65.83102
194 71.59937
194 79.57102
194 84.19102
195 45.58102
195 59.27102
195 65.83102
195 71.59937
195 79.57102
195 84.19102
196 45.58102
196 59.27102
196 65.83102
196 71.59937
196 79.57102
196 84.19102
197 59.27102
197 65.83102
197 71.59937
197 79.57102
197 84.19102
197 90.79102
198 59.27102
198 65.83102
198 71.59937
198 79.57102
198 84.19102
198 90.79102
199 65.83102
199 71.59937
199 79.57102
199 84.19102
199 90.79102
199 98.67102
200 65.83102
200 71.59937
200 79.57102
200 84.19102
200 90.79102
200 98.67102
201 71.59937
201 79.57102
201 84.19102
201 90.79102
201 98.67102
201 106.031
202 71.59937
202 79.57102
202 84.19102
202 90.79102
202 98.67102
202 106.031
203 79.57102
203 84.19102
203 90.79102
203 98.67102
203 106.031
203 117.181
204 84.19102
204 90.79102
204 98.67102
204 106.031
204 117.181
204 127.2894
205 84.19102
205 90.79102
205 98.67102
205 106.031
205 117.181
205 127.2894
206 90.79102
206 98.67102
206 106.031
206 117.181
206 127.2894
206 132.651
207 90.79102
207 98.67102
207 106.031
207 117.181
207 127.2894
207 132.651
208 90.79102
208 98.67102
208 106.031
208 117.181
208 127.2894
208 132.651
209 98.67102
209 106.031
209 117.181
209 127.2894
209 132.651
209 140.601
210 98.67102
210 106.031
210 117.181
210 127.2894
210 132.651
210 140.601
211 106.031
211 117.181
211 127.2894
211 132.651
211 140.601
211 144.511
212 106.031
212 117.181
212 127.2894
212 132.651
212 140.601
212 144.511
213 106.031
213 117.181
213 127.2894
213 132.651
213 140.601
213 144.511
214 117.181
214 127.2894
214 132.651
214 140.601
214 144.511
214 150.031
215 117.181
215 127.2894
215 132.651
215 140.601
215 144.511
215 150.031
216 127.2894
216 132.651
216 140.601
216 144.511
216 150.031
216 152.971
217 127.2894
217 132.651
217 140.601
217 144.511
217 150.031
217 152.971
218 132.651
218 140.601
218 144.511
218 150.031
218 152.971
218 156.621
219 132.651
219 140.601
219 144.511
219 150.031
219 152.971
219 156.621
220 132.651
220 140.601
220 144.511
220 150.031
220 152.971
220 156.621
221 140.601
221 144.511
221 150.031
221 152.971
221 156.621
221 158.4294
222 144.511
222 150.031
222 152.971
222 156.621
222 158.4294
222 158.891
223 144.511
223 150.031
223 152.971
223 156.621
223 158.4294
223 158.891
224 144.511
224 150.031
224 152.971
224 156.621
224 158.4294
224 158.891
225 150.031
225 152.971
225 156.621
225 158.4294
225 158.891
225 158.731
226 152.971
226 156.621
226 158.4294
226 158.891
226 158.731
226 157.101
227 152.971
227 156.621
227 158.4294
227 158.891
227 158.731
227 157.101
228 152.971
228 156.621
228 158.4294
228 158.891
228 158.731
228 157.101
229 156.621
229 158.4294
229 158.891
229 158.731
229 157.101
229 155.4194
230 156.621
230 158.4294
230 158.891
230 158.731
230 157.101
230 155.4194
231 158.4294
231 158.891
231 158.731
231 157.101
231 155.4194
231 151.201
232 158.4294
232 158.891
232 158.731
232 157.101
232 155.4194
232 151.201
233 158.891
233 158.731
233 157.101
233 155.4194
233 151.201
233 148.141
234 158.891
234 158.731
234 157.101
234 155.4194
234 151.201
234 148.141
235 158.731
235 157.101
235 155.4194
235 151.201
235 148.141
235 140.121
236 158.731
236 157.101
236 155.4194
236 151.201
236 148.141
236 140.121
237 158.731
237 157.101
237 155.4194
237 151.201
237 148.141
237 140.121
238 157.101
238 155.4194
238 151.201
238 148.141
238 140.121
238 135.321
239 157.101
239 155.4194
239 151.201
239 148.141
239 140.121
239 135.321
240 155.4194
240 151.201
240 148.141
240 140.121
240 135.321
240 127.081
241 155.4194
241 151.201
241 148.141
241 140.121
241 135.321
241 127.081
242 155.4194
242 151.201
242 148.141
242 140.121
242 135.321
242 127.081
243 151.201
243 148.141
243 140.121
243 135.321
243 127.081
243 119.021
244 148.141
244 140.121
244 135.321
244 127.081
244 119.021
244 113.361
245 148.141
245 140.121
245 135.321
245 127.081
245 119.021
245 113.361
246 148.141
246 140.121
246 135.321
246 127.081
246 119.021
246 113.361
247 148.141
247 140.121
247 135.321
247 127.081
247 119.021
247 113.361
248 140.121
248 135.321
248 127.081
248 119.021
248 113.361
248 105.941
249 140.121
249 135.321
249 127.081
249 119.021
249 113.361
249 105.941
250 135.321
250 127.081
250 119.021
250 113.361
250 105.941
250 92.88499
251 135.321
251 127.081
251 119.021
251 113.361
251 105.941
251 92.88499
252 135.321
252 127.081
252 119.021
252 113.361
252 105.941
252 92.88499
253 127.081
253 119.021
253 113.361
253 105.941
253 92.88499
253 78.73102
254 127.081
254 119.021
254 113.361
254 105.941
254 92.88499
254 78.73102
255 119.021
255 113.361
255 105.941
255 92.88499
255 78.73102
255 65.34102
256 119.021
256 113.361
256 105.941
256 92.88499
256 78.73102
256 65.34102
257 113.361
257 105.941
257 92.88499
257 78.73102
257 65.34102
257 50.57938
258 113.361
258 105.941
258 92.88499
258 78.73102
258 65.34102
258 50.57938
259 105.941
259 92.88499
259 78.73102
259 65.34102
259 50.57938
259 33.37102
260 105.941
260 92.88499
260 78.73102
260 65.34102
260 50.57938
260 33.37102
261 105.941
261 92.88499
261 78.73102
261 65.34102
261 50.57938
261 33.37102
262 92.88499
262 78.73102
262 65.34102
262 50.57938
262 33.37102
262 18.404
263 92.88499
263 78.73102
263 65.34102
263 50.57938
263 33.37102
263 18.404
264 92.88499
264 78.73102
264 65.34102
264 50.57938
264 33.37102
264 18.404
265 92.88499
265 78.73102
265 65.34102
265 50.57938
265 33.37102
265 18.404
266 78.73102
266 65.34102
266 50.57938
266 33.37102
266 18.404
266 4.339378
267 78.73102
267 65.34102
267 50.57938
267 33.37102
267 18.404
267 4.339378
268 78.73102
268 65.34102
268 50.57938
268 33.37102
268 18.404
268 4.339378
269 65.34102
269 50.57938
269 33.37102
269 18.404
269 4.339378
269 -17.42898
270 65.34102
270 50.57938
270 33.37102
270 18.404
270 4.339378
270 -17.42898
271 65.34102
271 50.57938
271 33.37102
271 18.404
271 4.339378
271 -17.42898
272 50.57938
272 33.37102
272 18.404
272 4.339378
272 -17.42898
272 -30.18062
273 50.57938
273 33.37102
273 18.404
273 4.339378
273 -17.42898
273 -30.18062
274 50.57938
274 33.37102
274 18.404
274 4.339378
274 -17.42898
274 -30.18062
275 50.57938
275 33.37102
275 18.404
275 4.339378
275 -17.42898
275 -30.18062
276 33.37102
276 18.404
276 4.339378
276 -17.42898
276 -30.18062
276 -42.84062
277 33.37102
277 18.404
277 4.339378
277 -17.42898
277 -30.18062
277 -42.84062
278 33.37102
278 18.404
278 4.339378
278 -17.42898
278 -30.18062
278 -42.84062
279 18.404
279 4.339378
279 -17.42898
279 -30.18062
279 -42.84062
279 -66.52898
280 18.404
280 4.339378
280 -17.42898
280 -30.18062
280 -42.84062
280 -66.52898
281 4.339378
281 -17.42898
281 -30.18062
281 -42.84062
281 -66.52898
281 -76.85062
282 4.339378
282 -17.42898
282 -30.18062
282 -42.84062
282 -66.52898
282 -76.85062
283 4.339378
283 -17.42898
283 -30.18062
283 -42.84062
283 -66.52898
283 -76.85062
284 4.339378
284 -17.42898
284 -30.18062
284 -42.84062
284 -66.52898
284 -76.85062
285 -17.42898
285 -30.18062
285 -42.84062
285 -66.52898
285 -76.85062
285 -90.64063
286 -17.42898
286 -30.18062
286 -42.84062
286 -66.52898
286 -76.85062
286 -90.64063
287 -30.18062
287 -42.84062
287 -66.52898
287 -76.85062
287 -90.64063
287 -100.3206
288 -30.18062
288 -42.84062
288 -66.52898
288 -76.85062
288 -90.64063
288 -100.3206
289 -42.84062
289 -66.52898
289 -76.85062
289 -90.64063
289 -100.3206
289 -115.129
290 -42.84062
290 -66.52898
290 -76.85062
290 -90.64063
290 -100.3206
290 -115.129
291 -42.84062
291 -66.52898
291 -76.85062
291 -90.64063
291 -100.3206
291 -115.129
292 -42.84062
292 -66.52898
292 -76.85062
292 -90.64063
292 -100.3206
292 -115.129
293 -66.52898
293 -76.85062
293 -90.64063
293 -100.3206
293 -115.129
293 -124.5206
294 -66.52898
294 -76.85062
294 -90.64063
294 -100.3206
294 -115.129
294 -124.5206
295 -76.85062
295 -90.64063
295 -100.3206
295 -115.129
295 -124.5206
295 -131.399
296 -76.85062
296 -90.64063
296 -100.3206
296 -115.129
296 -124.5206
296 -131.399
297 -90.64063
297 -100.3206
297 -115.129
297 -124.5206
297 -131.399
297 -141.329
298 -90.64063
298 -100.3206
298 -115.129
298 -124.5206
298 -131.399
298 -141.329
299 -100.3206
299 -115.129
299 -124.5206
299 -131.399
299 -141.329
299 -147.489
300 -100.3206
300 -115.129
300 -124.5206
300 -131.399
300 -141.329
300 -147.489
301 -100.3206
301 -115.129
301 -124.5206
301 -131.399
301 -141.329
301 -147.489
302 -115.129
302 -124.5206
302 -131.399
302 -141.329
302 -147.489
302 -150.849
303 -115.129
303 -124.5206
303 -131.399
303 -141.329
303 -147.489
303 -150.849
304 -124.5206
304 -131.399
304 -141.329
304 -147.489
304 -150.849
304 -155.499
305 -124.5206
305 -131.399
305 -141.329
305 -147.489
305 -150.849
305 -155.499
306 -131.399
306 -141.329
306 -147.489
306 -150.849
306 -155.499
306 -157.609
307 -131.399
307 -141.329
307 -147.489
307 -150.849
307 -155.499
307 -157.609
308 -141.329
308 -147.489
308 -150.849
308 -155.499
308 -157.609
308 -159.129
309 -141.329
309 -147.489
309 -150.849
309 -155.499
309 -157.609
309 -159.129
310 -141.329
310 -147.489
310 -150.849
310 -155.499
310 -157.609
310 -159.129
311 -147.489
311 -150.849
311 -155.499
311 -157.609
311 -159.129
311 -159.099
312 -147.489
312 -150.849
312 -155.499
312 -157.609
312 -159.129
312 -159.099
313 -150.849
313 -155.499
313 -157.609
313 -159.129
313 -159.099
313 -157.469
314 -150.849
314 -155.499
314 -157.609
314 -159.129
314 -159.099
314 -157.469
315 -150.849
315 -155.499
315 -157.609
315 -159.129
315 -159.099
315 -157.469
316 -155.499
316 -157.609
316 -159.129
316 -159.099
316 -157.469
316 -153.909
317 -155.499
317 -157.609
317 -159.129
317 -159.099
317 -157.469
317 -153.909
318 -157.609
318 -159.129
318 -159.099
318 -157.469
318 -153.909
318 -151.629
319 -157.609
319 -159.129
319 -159.099
319 -157.469
319 -153.909
319 -151.629
320 -157.609
320 -159.129
320 -159.099
320 -157.469
320 -153.909
320 -151.629
321 -159.129
321 -159.099
321 -157.469
321 -153.909
321 -151.629
321 -148.129
322 -159.129
322 -159.099
322 -157.469
322 -153.909
322 -151.629
322 -148.129
323 -159.129
323 -159.099
323 -157.469
323 -153.909
323 -151.629
323 -148.129
324 -159.129
324 -159.099
324 -157.469
324 -153.909
324 -151.629
324 -148.129
325 -159.129
325 -159.099
325 -157.469
325 -153.909
325 -151.629
325 -148.129
326 -159.099
326 -157.469
326 -153.909
326 -151.629
326 -148.129
326 -143.929
327 -159.099
327 -157.469
327 -153.909
327 -151.629
327 -148.129
327 -143.929
328 -159.099
328 -157.469
328 -153.909
328 -151.629
328 -148.129
328 -143.929
329 -157.469
329 -153.909
329 -151.629
329 -148.129
329 -143.929
329 -139.979
330 -157.469
330 -153.909
330 -151.629
330 -148.129
330 -143.929
330 -139.979
331 -157.469
331 -153.909
331 -151.629
331 -148.129
331 -143.929
331 -139.979
332 -157.469
332 -153.909
332 -151.629
332 -148.129
332 -143.929
332 -139.979
333 -157.469
333 -153.909
333 -151.629
333 -148.129
333 -143.929
333 -139.979
334 -153.909
334 -151.629
334 -148.129
334 -143.929
334 -139.979
334 -134.209
335 -153.909
335 -151.629
335 -148.129
335 -143.929
335 -139.979
335 -134.209
336 -153.909
336 -151.629
336 -148.129
336 -143.929
336 -139.979
336 -134.209
337 -151.629
337 -148.129
337 -143.929
337 -139.979
337 -134.209
337 -130.6506
338 -151.629
338 -148.129
338 -143.929
338 -139.979
338 -134.209
338 -130.6506
339 -151.629
339 -148.129
339 -143.929
339 -139.979
339 -134.209
339 -130.6506
340 -151.629
340 -148.129
340 -143.929
340 -139.979
340 -134.209
340 -130.6506
341 -148.129
341 -143.929
341 -139.979
341 -134.209
341 -130.6506
341 -123.779
342 -148.129
342 -143.929
342 -139.979
342 -134.209
342 -130.6506
342 -123.779
343 -148.129
343 -143.929
343 -139.979
343 -134.209
343 -130.6506
343 -123.779
344 -148.129
344 -143.929
344 -139.979
344 -134.209
344 -130.6506
344 -123.779
345 -148.129
345 -143.929
345 -139.979
345 -134.209
345 -130.6506
345 -123.779
346 -143.929
346 -139.979
346 -134.209
346 -130.6506
346 -123.779
346 -118.159
347 -143.929
347 -139.979
347 -134.209
347 -130.6506
347 -123.779
347 -118.159
348 -139.979
348 -134.209
348 -130.6506
348 -123.779
348 -118.159
348 -108.669
349 -139.979
349 -134.209
349 -130.6506
349 -123.779
349 -118.159
349 -108.669
350 -139.979
350 -134.209
350 -130.6506
350 -123.779
350 -118.159
350 -108.669
351 -134.209
351 -130.6506
351 -123.779
351 -118.159
351 -108.669
351 -100.349
352 -130.6506
352 -123.779
352 -118.159
352 -108.669
352 -100.349
352 -89.95898
353 -130.6506
353 -123.779
353 -118.159
353 -108.669
353 -100.349
353 -89.95898
354 -130.6506
354 -123.779
354 -118.159
354 -108.669
354 -100.349
354 -89.95898
355 -123.779
355 -118.159
355 -108.669
355 -100.349
355 -89.95898
355 -79.97897
356 -118.159
356 -108.669
356 -100.349
356 -89.95898
356 -79.97897
356 -69.827
357 -118.159
357 -108.669
357 -100.349
357 -89.95898
357 -79.97897
357 -69.827
358 -118.159
358 -108.669
358 -100.349
358 -89.95898
358 -79.97897
358 -69.827
359 -108.669
359 -100.349
359 -89.95898
359 -79.97897
359 -69.827
359 -42.02898
360 -108.669
360 -100.349
360 -89.95898
360 -79.97897
360 -69.827
360 -42.02898
361 -108.669
361 -100.349
361 -89.95898
361 -79.97897
361 -69.827
361 -42.02898
362 -100.349
362 -89.95898
362 -79.97897
362 -69.827
362 -42.02898
362 -20.72898
363 -100.349
363 -89.95898
363 -79.97897
363 -69.827
363 -42.02898
363 -20.72898
364 -100.349
364 -89.95898
364 -79.97897
364 -69.827
364 -42.02898
364 -20.72898
365 -89.95898
365 -79.97897
365 -69.827
365 -42.02898
365 -20.72898
365 -12.66062
366 -89.95898
366 -79.97897
366 -69.827
366 -42.02898
366 -20.72898
366 -12.66062
367 -89.95898
367 -79.97897
367 -69.827
367 -42.02898
367 -20.72898
367 -12.66062
368 -79.97897
368 -69.827
368 -42.02898
368 -20.72898
368 -12.66062
368 -7.878983
369 -79.97897
369 -69.827
369 -42.02898
369 -20.72898
369 -12.66062
369 -7.878983
370 -79.97897
370 -69.827
370 -42.02898
370 -20.72898
370 -12.66062
370 -7.878983
371 -69.827
371 -42.02898
371 -20.72898
371 -12.66062
371 -7.878983
371 -1.338982
372 -69.827
372 -42.02898
372 -20.72898
372 -12.66062
372 -7.878983
372 -1.338982
373 -69.827
373 -42.02898
373 -20.72898
373 -12.66062
373 -7.878983
373 -1.338982
374 -69.827
374 -42.02898
374 -20.72898
374 -12.66062
374 -7.878983
374 -1.338982
375 -69.827
375 -42.02898
375 -20.72898
375 -12.66062
375 -7.878983
375 -1.338982
376 -69.827
376 -42.02898
376 -20.72898
376 -12.66062
376 -7.878983
376 -1.338982
377 -69.827
377 -42.02898
377 -20.72898
377 -12.66062
377 -7.878983
377 -1.338982
378 -42.02898
378 -20.72898
378 -12.66062
378 -7.878983
378 -1.338982
378 5.75
379 -42.02898
379 -20.72898
379 -12.66062
379 -7.878983
379 -1.338982
379 5.75
380 -42.02898
380 -20.72898
380 -12.66062
380 -7.878983
380 -1.338982
380 5.75
381 -42.02898
381 -20.72898
381 -12.66062
381 -7.878983
381 -1.338982
381 5.75
382 -42.02898
382 -20.72898
382 -12.66062
382 -7.878983
382 -1.338982
382 5.75
383 -20.72898
383 -12.66062
383 -7.878983
383 -1.338982
383 5.75
383 12.86102
384 -12.66062
384 -7.878983
384 -1.338982
384 5.75
384 12.86102
384 19.95102
385 -7.878983
385 -1.338982
385 5.75
385 12.86102
385 19.95102
385 25.33102
386 -1.338982
386 5.75
386 12.86102
386 19.95102
386 25.33102
386 29.88102
387 -1.338982
387 5.75
387 12.86102
387 19.95102
387 25.33102
387 29.88102
388 5.75
388 12.86102
388 19.95102
388 25.33102
388 29.88102
388 38.04939
389 5.75
389 12.86102
389 19.95102
389 25.33102
389 29.88102
389 38.04939
390 12.86102
390 19.95102
390 25.33102
390 29.88102
390 38.04939
390 45.58102
391 12.86102
391 19.95102
391 25.33102
391 29.88102
391 38.04939
391 45.58102
392 12.86102
392 19.95102
392 25.33102
392 29.88102
392 38.04939
392 45.58102
393 19.95102
393 25.33102
393 29.88102
393 38.04939
393 45.58102
393 59.27102
394 19.95102
394 25.33102
394 29.88102
394 38.04939
394 45.58102
394 59.27102
395 19.95102
395 25.33102
395 29.88102
395 38.04939
395 45.58102
395 59.27102
396 25.33102
396 29.88102
396 38.04939
396 45.58102
396 59.27102
396 65.83102
397 25.33102
397 29.88102
397 38.04939
397 45.58102
397 59.27102
397 65.83102
398 29.88102
398 38.04939
398 45.58102
398 59.27102
398 65.83102
398 71.59937
399 29.88102
399 38.04939
399 45.58102
399 59.27102
399 65.83102
399 71.59937
400 29.88102
400 38.04939
400 45.58102
400 59.27102
400 65.83102
400 71.59937
401 29.88102
401 38.04939
401 45.58102
401 59.27102
401 65.83102
401 71.59937
402 29.88102
402 38.04939
402 45.58102
402 59.27102
402 65.83102
402 71.59937
403 38.04939
403 45.58102
403 59.27102
403 65.83102
403 71.59937
403 79.57102
404 38.04939
404 45.58102
404 59.27102
404 65.83102
404 71.59937
404 79.57102
405 38.04939
405 45.58102
405 59.27102
405 65.83102
405 71.59937
405 79.57102
406 38.04939
406 45.58102
406 59.27102
406 65.83102
406 71.59937
406 79.57102
407 45.58102
407 59.27102
407 65.83102
407 71.59937
407 79.57102
407 84.19102
408 45.58102
408 59.27102
408 65.83102
408 71.59937
408 79.57102
408 84.19102
409 45.58102
409 59.27102
409 65.83102
409 71.59937
409 79.57102
409 84.19102
410 45.58102
410 59.27102
410 65.83102
410 71.59937
410 79.57102
410 84.19102
411 45.58102
411 59.27102
411 65.83102
411 71.59937
411 79.57102
411 84.19102
412 45.58102
412 59.27102
412 65.83102
412 71.59937
412 79.57102
412 84.19102
413 59.27102
413 65.83102
413 71.59937
413 79.57102
413 84.19102
413 90.79102
414 59.27102
414 65.83102
414 71.59937
414 79.57102
414 84.19102
414 90.79102
415 65.83102
415 71.59937
415 79.57102
415 84.19102
415 90.79102
415 98.67102
416 71.59937
416 79.57102
416 84.19102
416 90.79102
416 98.67102
416 106.031
417 71.59937
417 79.57102
417 84.19102
417 90.79102
417 98.67102
417 106.031
418 71.59937
418 79.57102
418 84.19102
418 90.79102
418 98.67102
418 106.031
419 79.57102
419 84.19102
419 90.79102
419 98.67102
419 106.031
419 117.181
420 84.19102
420 90.79102
420 98.67102
420 106.031
420 117.181
420 127.2894
421 84.19102
421 90.79102
421 98.67102
421 106.031
421 117.181
421 127.2894
422 90.79102
422 98.67102
422 106.031
422 117.181
422 127.2894
422 132.651
423 90.79102
423 98.67102
423 106.031
423 117.181
423 127.2894
423 132.651
424 98.67102
424 106.031
424 117.181
424 127.2894
424 132.651
424 140.601
425 98.67102
425 106.031
425 117.181
425 127.2894
425 132.651
425 140.601
426 106.031
426 117.181
426 127.2894
426 132.651
426 140.601
426 144.511
427 106.031
427 117.181
427 127.2894
427 132.651
427 140.601
427 144.511
428 106.031
428 117.181
428 127.2894
428 132.651
428 140.601
428 144.511
429 117.181
429 127.2894
429 132.651
429 140.601
429 144.511
429 150.031
430 117.181
430 127.2894
430 132.651
430 140.601
430 144.511
430 150.031
431 117.181
431 127.2894
431 132.651
431 140.601
431 144.511
431 150.031
432 127.2894
432 132.651
432 140.601
432 144.511
432 150.031
432 152.971
433 132.651
433 140.601
433 144.511
433 150.031
433 152.971
433 156.621
434 132.651
434 140.601
434 144.511
434 150.031
434 152.971
434 156.621
435 132.651
435 140.601
435 144.511
435 150.031
435 152.971
435 156.621
436 140.601
436 144.511
436 150.031
436 152.971
436 156.621
436 158.4294
437 140.601
437 144.511
437 150.031
437 152.971
437 156.621
437 158.4294
438 144.511
438 150.031
438 152.971
438 156.621
438 158.4294
438 158.891
439 144.511
439 150.031
439 152.971
439 156.621
439 158.4294
439 158.891
440 144.511
440 150.031
440 152.971
440 156.621
440 158.4294
440 158.891
441 150.031
441 152.971
441 156.621
441 158.4294
441 158.891
441 158.731
442 152.971
442 156.621
442 158.4294
442 158.891
442 158.731
442 157.101
443 152.971
443 156.621
443 158.4294
443 158.891
443 158.731
443 157.101
444 152.971
444 156.621
444 158.4294
444 158.891
444 158.731
444 157.101
445 156.621
445 158.4294
445 158.891
445 158.731
445 157.101
445 155.4194
446 156.621
446 158.4294
446 158.891
446 158.731
446 157.101
446 155.4194
447 158.4294
447 158.891
447 158.731
447 157.101
447 155.4194
447 151.201
448 158.4294
448 158.891
448 158.731
448 157.101
448 155.4194
448 151.201
449 158.891
449 158.731
449 157.101
449 155.4194
449 151.201
449 148.141
450 158.891
450 158.731
450 157.101
450 155.4194
450 151.201
450 148.141
451 158.731
451 157.101
451 155.4194
451 151.201
451 148.141
451 140.121
452 158.731
452 157.101
452 155.4194
452 151.201
452 148.141
452 140.121
453 158.731
453 157.101
453 155.4194
453 151.201
453 148.141
453 140.121
454 157.101
454 155.4194
454 151.201
454 148.141
454 140.121
454 135.321
455 155.4194
455 151.201
455 148.141
455 140.121
455 135.321
455 127.081
456 155.4194
456 151.201
456 148.141
456 140.121
456 135.321
456 127.081
457 155.4194
457 151.201
457 148.141
457 140.121
457 135.321
457 127.081
458 155.4194
458 151.201
458 148.141
458 140.121
458 135.321
458 127.081
459 151.201
459 148.141
459 140.121
459 135.321
459 127.081
459 119.021
460 148.141
460 140.121
460 135.321
460 127.081
460 119.021
460 113.361
461 148.141
461 140.121
461 135.321
461 127.081
461 119.021
461 113.361
462 148.141
462 140.121
462 135.321
462 127.081
462 119.021
462 113.361
463 148.141
463 140.121
463 135.321
463 127.081
463 119.021
463 113.361
464 140.121
464 135.321
464 127.081
464 119.021
464 113.361
464 105.941
465 140.121
465 135.321
465 127.081
465 119.021
465 113.361
465 105.941
466 135.321
466 127.081
466 119.021
466 113.361
466 105.941
466 92.88499
467 135.321
467 127.081
467 119.021
467 113.361
467 105.941
467 92.88499
468 135.321
468 127.081
468 119.021
468 113.361
468 105.941
468 92.88499
469 127.081
469 119.021
469 113.361
469 105.941
469 92.88499
469 78.73102
470 127.081
470 119.021
470 113.361
470 105.941
470 92.88499
470 78.73102
471 127.081
471 119.021
471 113.361
471 105.941
471 92.88499
471 78.73102
472 119.021
472 113.361
472 105.941
472 92.88499
472 78.73102
472 65.34102
473 119.021
473 113.361
473 105.941
473 92.88499
473 78.73102
473 65.34102
474 113.361
474 105.941
474 92.88499
474 78.73102
474 65.34102
474 50.57938
