0 0
1 0.744287
2 0.742632
3 0.73515
4 0.724645
5 0.70454
6 0.66129
7 0.603973
8 0.528843
9 0.406498
10 0.233849
11 0.0444735
12 -0.0168711
13 -0.0446354
14 -0.045566
15 -0.0287822
16 0.00436706
17 0.0319213
18 0.0556691
19 0.0629899
20 0.0560638
21 0.0394842
22 0.0138484
23 -0.0124906
24 -0.0161473
25 -0.0192312
26 -0.021328
27 -0.0217841
28 -0.0204238
29 -0.0177619
30 -0.0132854
31 -0.0536449
32 -0.0397619
33 -0.027143
34 -0.01277
35 -0.000914493
36 0.0112789
37 0.0204798
38 0.0392293
39 0.0430587
40 0.0452275
41 0.0456305
42 0.0451176
43 0.0583468
44 0.0927224
45 0.113034
46 0.12022
47 0.118691
48 0.10923
49 -0.00389165
50 0.0681089
51 0.121401
52 0.146257
53 0.154771
54 0.159691
55 0.125357
56 0.0900445
57 0.0769
58 0.0665569
59 0.0673732
60 0.08556
61 0.113565
62 0.15977
63 0.247127
64 0.379528
65 0.405828
66 0.57779
67 0.631478
68 0.584778
69 0.636557
70 0.599671
71 0.531924
72 0.457624
73 0.496784
74 0.311708
75 0.519008
76 0.6362
77 0.783524
78 0.999954
79 1.234
80 1.34241
81 1.39935
82 1.4253
83 1.48463
84 1.5648
85 1.4355
86 1.26342
87 1.17168
88 0.975957
89 0.720595
90 0.510405
91 0.297509
92 0.0148634
93 0.013332
94 -0.00241124
95 -0.0256629
96 -0.126366
97 -0.0631641
98 0.00152547
99 -0.00548137
100 0.0124509
101 0.0600912
102 0.276409
103 0.260211
104 0.26566
105 0.28325
106 0.30274
107 0.165697
108 0.346025
109 0.474802
110 0.525932
111 0.527426
112 0.569027
113 0.516284
114 0.375923
115 0.125556
116 0.056432
117 -0.0666275
118 -0.463575
119 -0.410494
120 -0.419204
121 -0.466077
122 -0.51061
123 -0.23294
124 -0.0377893
125 0.026165
126 0.0543761
127 0.19106
128 0.704573
129 0.879047
130 1.93383
131 2.12203
132 1.67245
133 1.76317
134 1.89815
135 1.81031
136 1.61113
137 1.90832
138 1.82222
139 1.92455
140 1.97365
141 2.0029
142 1.86479
143 1.71744
144 1.23195
145 1.01352
146 0.764693
147 0.240235
148 0.0212274
149 -0.196035
150 -0.162579
151 -0.545513
152 -0.786363
153 -0.856793
154 -0.953367
155 -0.842365
156 -0.628219
157 -0.296946
158 0.0772107
159 0.398147
160 0.428032
161 0.043162
162 0.00586276
163 0.126518
164 0.176895
165 -0.508856
166 -0.690837
167 -1.30516
168 -1.34158
169 -1.38672
170 -1.76615
171 -2.02641
172 -2.19793
173 -2.18107
174 -1.89665
175 -1.65647
176 -1.23629
177 -0.749188
178 -0.289936
179 0.282693
180 0.632226
181 0.887733
182 0.957632
183 1.01547
184 0.96591
185 0.810694
186 0.610809
187 0.348993
188 0.124603
189 -0.113367
190 -0.332451
191 -0.273834
192 -0.245739
193 -0.233076
194 -0.200377
195 -0.137514
196 0.121221
197 0.608009
198 0.736692
199 0.850354
200 0.860753
201 0.878623
202 1.00305
203 1.10057
204 1.25589
205 1.41042
206 1.44891
207 1.40367
208 1.28938
209 1.13404
210 0.857727
211 0.633071
212 0.304141
213 -0.0707105
214 -0.344134
215 -0.527218
216 -0.457897
217 -0.356237
218 -0.212911
219 -0.0124856
220 0.204729
221 0.450513
222 0.576488
223 0.653821
224 0.697975
225 0.774742
226 0.735352
227 0.701472
228 0.672154
229 0.629202
230 0.552053
231 0.569732
232 0.563714
233 0.515258
234 0.459147
235 0.407175
236 0.360835
237 0.312427
238 0.279551
239 0.249032
240 0.248369
241 0.24006
242 0.220584
243 0.241418
244 0.284783
245 0.297681
246 0.289661
247 0.229031
248 0.222572
249 0.248765
250 0.252157
251 0.265923
252 0.305911
253 0.330222
254 0.267762
255 0.355595
256 0.457388
257 0.375168
258 0.261384
259 0.231038
260 0.20318
261 0.185073
262 0.208799
263 0.223018
264 0.228687
265 0.195547
266 0.215658
267 0.23986
268 0.275412
269 0.301244
270 0.334494
271 0.388076
272 0.472814
273 0.519475
274 0.547932
275 0.487756
276 0.60568
277 0.65306
278 0.65676
279 0.583107
280 0.541263
281 0.497249
282 0.477109
283 0.492246
284 0.585026
285 0.749424
286 0.851693
287 1.05738
288 1.05532
289 1.2236
290 1.24384
291 1.22935
292 1.28694
293 1.29207
294 1.23076
295 1.29288
296 1.23121
297 1.37833
298 1.44277
299 1.38315
300 1.27984
301 1.11084
302 1.13078
303 1.25533
304 1.10358
305 1.05115
306 1.05933
307 0.972442
308 0.958613
309 0.888739
310 0.768241
311 0.614227
312 0.462238
313 0.41151
314 0.297156
315 0.13137
316 0.0951578
317 -0.033764
318 -0.120127
319 -0.16792
320 0.0144692
321 -0.0290051
322 -0.016628
323 0.0367065
324 0.131396
325 0.100029
326 0.382157
327 0.579143
328 0.529119
329 0.764715
330 0.846425
331 0.806575
332 0.657291
333 0.415563
334 0.279764
335 0.0526163
336 -0.327398
337 -0.389446
338 -0.496669
339 -0.655769
340 -0.603164
341 -0.413711
342 -0.3263
343 -0.30695
344 -0.278628
345 0.15858
346 0.537577
347 1.04809
348 2.12166
349 1.89272
350 1.84184
351 1.76483
352 2.18671
353 2.0804
354 2.37915
355 2.3622
356 2.52624
357 2.60644
358 2.62001
359 2.48097
360 2.22528
361 1.7216
362 1.40662
363 0.997494
364 0.336752
365 -0.0344048
366 -0.357297
367 -0.449704
368 -0.8542
369 -1.06459
370 -1.13111
371 -1.09566
372 -0.885034
373 -0.523432
374 -0.147701
375 0.34989
376 0.790353
377 0.386547
378 0.199422
379 0.19895
380 0.277732
381 0.257172
382 -0.53976
383 -1.11375
384 -1.54574
385 -1.71432
386 -2.20183
387 -2.79593
388 -2.92677
389 -2.62938
390 -2.31424
391 -1.79693
392 -1.06467
393 -0.445873
394 0.167683
395 0.777554
396 1.12569
397 1.26404
398 1.30106
399 1.1939
400 0.99191
401 0.672233
402 0.336391
403 -0.0166225
404 -0.288229
405 -0.529312
406 -0.609747
407 -0.549533
408 -0.482174
409 -0.378981
410 -0.257647
411 -0.086279
412 0.570727
413 0.869532
414 1.05723
415 1.05339
416 1.12945
417 1.14196
418 1.25068
419 1.2579
420 1.29697
421 1.34061
422 1.31746
423 1.12494
424 1.06289
425 0.749606
426 0.649227
427 0.418911
428 0.19211
429 -0.105421
430 -0.30235
431 -0.361786
432 -0.265805
433 -0.127166
434 0.0120615
435 0.134024
436 0.346428
437 0.523353
438 0.6094
439 0.65505
440 0.674585
441 0.716613
442 0.674702
443 0.636494
444 0.613398
445 0.580374
446 0.544812
447 0.566993
448 0.561425
449 0.529313
450 0.480113
451 0.434839
452 0.385573
453 0.351957
454 0.2834
455 0.282974
456 0.269059
457 0.250171
458 0.217874
459 0.222106
460 0.259975
461 0.269637
462 0.259792
463 0.2036
464 0.19465
465 0.226429
466 0.23233
467 0.248413
468 0.293221
469 0.329225
470 0.357068
471 0.319799
472 0.392052
473 0.461223
