0 0
1 -0.00214534
2 -0.000825933
3 0.00390349
4 0.00982691
5 0.0202755
6 0.0400673
7 0.0625358
8 0.0878474
9 0.122097
10 0.137298
11 0.1112
12 0.0778907
13 0.0420966
14 0.0123415
15 -0.00724453
16 -0.0183421
17 -0.0193461
18 -0.0148399
19 -0.00526335
20 0.000952029
21 0.00587505
22 0.00867596
23 0.000357405
24 0.000481931
25 0.000201424
26 -0.000393588
27 -0.00105551
28 -0.00171337
29 -0.00219532
30 -0.00259089
31 -0.00510653
32 -0.00519198
33 -0.00509814
34 -0.00477476
35 -0.00427004
36 -0.0035665
37 -0.00286763
38 -0.00147865
39 -0.000703596
40 5.42986e-05
41 0.000557548
42 0.000924499
43 -0.00936984
44 -0.00570995
45 -0.0022247
46 0.000416695
47 0.00282441
48 0.00450464
49 -0.0198399
50 -0.0133341
51 -0.0067212
52 -0.00191632
53 0.00189697
54 0.0108516
55 0.0107183
56 0.00928143
57 0.00632956
58 0.00408085
59 0.0017284
60 -0.00152216
61 -0.00377536
62 -0.00591422
63 -0.0276071
64 -0.0140822
65 -0.0398472
66 -0.0134621
67 0.00551795
68 -0.0166303
69 0.00465508
70 0.0180058
71 0.0223684
72 0.0209753
73 0.0111385
74 -0.039274
75 -0.0139992
76 -0.00611111
77 -0.0449557
78 -0.0216554
79 -0.0157232
80 0.000222755
81 0.0022619
82 -0.00931104
83 0.00185115
84 0.041055
85 0.0449005
86 0.0320707
87 0.042153
88 0.0539569
89 0.0485116
90 0.0530746
91 0.0516983
92 0.0131636
93 0.0169041
94 0.0178452
95 0.0165843
96 -0.00294158
97 -0.00209997
98 0.0132652
99 0.00720668
100 0.00311503
101 -0.000989821
102 0.0130365
103 0.00888081
104 0.00589403
105 0.00442224
106 0.0041386
107 -0.0325401
108 -0.0211767
109 -0.00773049
110 0.00473387
111 -0.00999794
112 0.00917814
113 0.0226669
114 0.033766
115 0.00801894
116 0.0217854
117 0.0288846
118 -0.0148586
119 -0.00306379
120 0.00481085
121 0.00699396
122 0.00485182
123 -0.0460406
124 -0.0211442
125 -0.00828062
126 -0.00557377
127 -0.117921
128 -0.0462358
129 -0.0107617
130 -0.166449
131 0.0323411
132 0.0777557
133 0.00422306
134 -0.125381
135 0.00849342
136 -0.147488
137 -0.0387011
138 -0.0320973
139 -0.0221785
140 -4.90916e-05
141 0.0277624
142 0.0577193
143 0.0840231
144 0.0571806
145 0.0818377
146 0.0955317
147 0.078623
148 0.0718959
149 0.0583498
150 0.120267
151 0.080168
152 0.0346407
153 0.0503789
154 -0.00414678
155 -0.0426923
156 -0.0661485
157 -0.0806306
158 -0.0823439
159 -0.0739668
160 0.103908
161 0.0318025
162 -0.00251091
163 -0.00974644
164 0.0119301
165 0.10799
166 0.029972
167 0.0786895
168 0.0258665
169 0.0564449
170 0.0920061
171 0.0783701
172 0.0343921
173 -0.0349266
174 -0.0599964
175 -0.112844
176 -0.153178
177 -0.135465
178 -0.14247
179 -0.116888
180 -0.0931693
181 -0.0610903
182 -0.0384534
183 -0.00267458
184 0.0244938
185 0.0491684
186 0.0628672
187 0.0516689
188 0.0580723
189 0.0559876
190 0.0463814
191 -0.00932384
192 -0.00524069
193 -0.00672966
194 -0.015181
195 -0.0243418
196 -0.162884
197 -0.0596319
198 -0.0683692
199 -0.00241289
200 -0.0253487
201 -0.00830956
202 -0.0675209
203 -0.0658397
204 -0.0438819
205 -0.0327375
206 0.00331903
207 0.0388998
208 0.0299318
209 0.0672625
210 0.0530395
211 0.0774187
212 0.0856169
213 0.0901572
214 0.061098
215 0.000970539
216 -0.0120108
217 -0.0281403
218 -0.0313204
219 -0.033582
220 -0.0425558
221 -0.0237491
222 -0.0134815
223 -0.00518934
224 -0.00331405
225 0.0206017
226 0.0210454
227 0.021764
228 0.0247394
229 0.0234005
230 0.00739429
231 0.0139612
232 0.0224306
233 0.0248191
234 0.0236532
235 0.0238458
236 0.0230776
237 0.0189815
238 0.0180368
239 0.0109447
240 0.0122419
241 0.0125865
242 0.0131748
243 -0.000760468
244 0.00482004
245 0.00848776
246 0.0115786
247 0.0110218
248 0.00841588
249 0.00865618
250 0.00651167
251 0.00504378
252 0.0023722
253 0.00428793
254 -0.00903094
255 -0.000693147
256 0.0211317
257 0.0202118
258 0.0122943
259 0.0120091
260 0.0110981
261 0.00154928
262 0.00362214
263 0.00517032
264 0.0059984
265 0.00363119
266 0.00312
267 0.0024622
268 0.00243357
269 0.0020549
270 0.0017179
271 -0.0081474
272 -0.00242461
273 0.00181148
274 0.00564734
275 -0.0148785
276 -0.0027091
277 0.00650019
278 0.018648
279 0.0195247
280 0.0178656
281 0.0156534
282 0.011112
283 0.00689267
284 -0.018034
285 -0.0050183
286 -0.0274353
287 -0.000431024
288 -0.0267206
289 0.00249626
290 0.0143737
291 0.0163661
292 0.00405009
293 0.0168967
294 -0.0109175
295 0.00865022
296 -0.0339893
297 0.00576467
298 0.0133158
299 0.0311867
300 0.0344551
301 0.0103796
302 0.014373
303 0.0463375
304 0.0330199
305 0.0157443
306 0.0236432
307 0.0179328
308 0.0289611
309 0.0388902
310 0.046913
311 0.0492534
312 0.023389
313 0.0305956
314 0.0346097
315 0.0189333
316 0.0207128
317 0.0298996
318 0.0216914
319 0.0110595
320 0.0205497
321 0.00892164
322 0.00165341
323 -0.00461051
324 -0.00879819
325 -0.04602
326 -0.032552
327 -0.0182597
328 -0.0441334
329 -0.0179325
330 0.00550773
331 0.0227334
332 0.0377426
333 0.0182039
334 0.0348599
335 0.0443335
336 0.0053558
337 0.0173296
338 0.021717
339 0.0198306
340 -0.0468245
341 -0.0243266
342 -0.00922755
343 -0.00474306
344 -0.00947855
345 -0.087253
346 -0.0348505
347 -0.340308
348 -0.0375353
349 0.056705
350 -0.0826984
351 -0.336383
352 -0.0158069
353 -0.0133436
354 -0.0571984
355 -0.0435062
356 -0.0278135
357 0.000651218
358 0.0403785
359 0.0719804
360 0.112805
361 0.0812625
362 0.113307
363 0.133094
364 0.111524
365 0.101537
366 0.0820524
367 0.130299
368 0.0809247
369 0.0315452
370 0.0316111
371 -0.0382691
372 -0.0708707
373 -0.0932252
374 -0.100415
375 -0.0937128
376 -0.0715601
377 0.0618703
378 0.0198278
379 -0.0025231
380 0.00179492
381 0.0292298
382 0.0997051
383 0.241802
384 0.0587934
385 0.100515
386 0.132406
387 0.0869057
388 -0.0261939
389 -0.0595277
390 -0.139419
391 -0.196041
392 -0.184026
393 -0.192357
394 -0.17583
395 -0.128483
396 -0.0834003
397 -0.0376537
398 0.00411598
399 0.0452256
400 0.0717584
401 0.0905864
402 0.0771141
403 0.0801896
404 0.0733543
405 0.0599726
406 -0.0145605
407 -0.0130612
408 -0.0170302
409 -0.0294876
410 -0.0413779
411 -0.0522332
412 -0.110284
413 -0.0372261
414 -0.0301835
415 -0.0592977
416 -0.00614693
417 -0.0157268
418 -0.0429141
419 -0.0319528
420 -0.0130134
421 -0.00985868
422 0.0288595
423 0.00104893
424 0.0456282
425 0.0177099
426 0.0509262
427 0.0682901
428 0.0931653
429 0.0699346
430 0.0436626
431 -0.0103343
432 -0.027121
433 -0.0275181
434 -0.0274719
435 -0.0442402
436 -0.031161
437 -0.0137425
438 -0.00427517
439 0.00284973
440 0.00337904
441 0.0234938
442 0.0221865
443 0.0208991
444 0.0222391
445 0.0201279
446 0.00711693
447 0.0138632
448 0.0205466
449 0.0225206
450 0.0221612
451 0.0229096
452 0.0226623
453 0.0200435
454 0.0112135
455 0.0135308
456 0.0149483
457 0.0151959
458 0.015483
459 0.000572783
460 0.00577508
461 0.00942338
462 0.011633
463 0.0117996
464 0.00820716
465 0.00841458
466 0.00581133
467 0.00411048
468 8.30396e-05
469 0.00215013
470 0.00445778
471 -0.00752007
472 -9.86273e-05
473 0.0205316
