0 0
1 0
2 -0.1634202
3 -0.1634202
4 -0.1634202
5 -0.1634202
6 -0.1634202
7 -0.1634202
8 -0.1634202
9 -0.1634202
10 -0.02546573
11 0.05350198
12 0.09566529
13 0.07180948
14 0.0457857
15 0.01732716
16 -0.001100286
17 -0.01250581
18 -0.01250581
19 -0.0205521
20 -0.01317967
21 -0.009868113
22 -0.006713915
23 -0.004251208
24 -0.002743779
25 -0.005000019
26 -0.003834237
27 -0.004796422
28 -0.00477567
29 -0.005373742
30 -0.005373742
31 -0.006179138
32 -0.006179138
33 -0.006637173
34 -0.006637173
35 -0.007359604
36 -0.007303221
37 -0.007513197
38 -0.007509907
39 -0.007544146
40 -0.007468264
41 -0.00743913
42 -0.007388703
43 -0.0073967
44 -0.007432297
45 -0.008533643
46 -0.007761549
47 -0.007761549
48 -0.007639835
49 -0.007502202
50 -0.007524895
51 -0.00928167
52 -0.008376241
53 -0.00886197
54 -0.00886197
55 -0.008768884
56 -0.008768884
57 -0.009535221
58 -0.009535221
59 -0.01166679
60 -0.01166679
61 -0.01385002
62 -0.01385002
63 -0.01652594
64 -0.01685308
65 -0.01791858
66 -0.01816511
67 -0.01980829
68 -0.01938505
69 -0.02047252
70 -0.02047252
71 -0.02353377
72 -0.02353377
73 -0.02686058
74 -0.02873575
75 -0.03202611
76 -0.03575379
77 -0.03851964
78 -0.04200218
79 -0.04544846
80 -0.04757924
81 -0.05079152
82 -0.05371464
83 -0.05506798
84 -0.05328935
85 -0.05044381
86 -0.05044381
87 -0.03734258
88 -0.03721271
89 -0.02973839
90 -0.02387647
91 -0.01867465
92 -0.01528571
93 -0.01241364
94 -0.01220729
95 -0.01035371
96 -0.0101997
97 -0.009522948
98 -0.009522948
99 -0.01035584
100 -0.009052542
101 -0.009052542
102 -0.0101512
103 -0.009669594
104 -0.009669594
105 -0.00850625
106 -0.008423408
107 -0.008423408
108 -0.006700602
109 -0.006700602
110 -0.006184592
111 -0.004049062
112 -0.002525127
113 -0.00127265
114 -0.00127265
115 0.003631517
116 0.003251613
117 0.003929927
118 0.004642209
119 0.004441981
120 0.002214846
121 0.002214846
122 -9.263244e-05
123 -9.263244e-05
124 -0.005967927
125 -0.008631988
126 -0.01248641
127 -0.0160422
128 -0.02225908
129 -0.0294042
130 -0.03498941
131 -0.04267517
132 -0.05153865
133 -0.06259728
134 -0.06259728
135 -0.09805844
136 -0.09560861
137 -0.111871
138 -0.11272
139 -0.1189393
140 -0.1165658
141 -0.1116005
142 -0.09630185
143 -0.07865584
144 -0.07865584
145 -0.03559988
146 -0.03418264
147 -0.03418264
148 -0.001941951
149 -0.001941951
150 -0.006622359
151 -0.002142602
152 -0.002142602
153 -0.0004545182
154 -0.006818461
155 -0.004389809
156 -0.01247256
157 -0.01268467
158 -0.01268467
159 -0.01324727
160 -0.007789919
161 -0.002928759
162 0.01479775
163 0.02173498
164 0.03489039
165 0.05283853
166 0.06506006
167 0.06506006
168 0.1215277
169 0.1275079
170 0.14564
171 0.14564
172 0.1554933
173 0.1391382
174 0.1391382
175 0.05736396
176 0.04962652
177 0.01757558
178 0.002552345
179 -0.008501546
180 -0.01744498
181 -0.01847839
182 -0.01790187
183 -0.01790187
184 -0.00831436
185 -0.00831436
186 0.002120291
187 0.002120291
188 0.007400143
189 0.005505899
190 0.005505899
191 0.002228887
192 -0.002446315
193 -0.01226681
194 -0.01226681
195 -0.02806977
196 -0.03313197
197 -0.04110512
198 -0.05321871
199 -0.05932217
200 -0.07146504
201 -0.0794744
202 -0.08821779
203 -0.09804898
204 -0.1069172
205 -0.1073979
206 -0.1001989
207 -0.08287381
208 -0.07418697
209 -0.05767057
210 -0.04988099
211 -0.03627843
212 -0.03088969
213 -0.03088969
214 -0.0165664
215 -0.02213394
216 -0.02121829
217 -0.02635634
218 -0.02844078
219 -0.02844078
220 -0.0344796
221 -0.03426871
222 -0.03604907
223 -0.03478425
224 -0.03453794
225 -0.03323621
226 -0.03193775
227 -0.02997263
228 -0.02823996
229 -0.02657607
230 -0.02453289
231 -0.02310305
232 -0.02131292
233 -0.02131292
234 -0.01681263
235 -0.01681263
236 -0.01482686
237 -0.01397892
238 -0.01299297
239 -0.01196182
240 -0.01132939
241 -0.01074015
242 -0.01014068
243 -0.01014068
244 -0.009104851
245 -0.009223162
246 -0.009223162
247 -0.008066061
248 -0.008066061
249 -0.008338044
250 -0.008121143
251 -0.00803331
252 -0.00791485
253 -0.007716306
254 -0.007716306
255 -0.007028563
256 -0.007028563
257 -0.006347095
258 -0.005602621
259 -0.005532035
260 -0.005462257
261 -0.00538781
262 -0.005463369
263 -0.005463369
264 -0.005836494
265 -0.005856107
266 -0.006166108
267 -0.006626204
268 -0.006927343
269 -0.00735309
270 -0.00735309
271 -0.008121576
272 -0.008121576
273 -0.008813608
274 -0.008712662
275 -0.008996082
276 -0.009139046
277 -0.009849905
278 -0.009672147
279 -0.01014249
280 -0.01035786
281 -0.01140603
282 -0.01203747
283 -0.01335234
284 -0.01483411
285 -0.01587041
286 -0.01765836
287 -0.01765836
288 -0.02158571
289 -0.02158571
290 -0.02555385
291 -0.02714346
292 -0.03056969
293 -0.03277096
294 -0.03530326
295 -0.03728499
296 -0.03728499
297 -0.04240322
298 -0.04296384
299 -0.04296384
300 -0.04553769
301 -0.04508037
302 -0.04508037
303 -0.04654378
304 -0.04466638
305 -0.04269062
306 -0.03883773
307 -0.03529787
308 -0.0314616
309 -0.02700821
310 -0.02392268
311 -0.02392268
312 -0.01365273
313 -0.0148285
314 -0.01123404
315 -0.009996365
316 -0.007590616
317 -0.007905342
318 -0.006542419
319 -0.006542419
320 -0.006277207
321 -0.006277207
322 -0.007280213
323 -0.007660097
324 -0.008069953
325 -0.008327328
326 -0.008278838
327 -0.009228782
328 -0.007273695
329 -0.006217998
330 -0.005804594
331 -0.002654991
332 -0.000717415
333 0.001348788
334 0.00333843
335 0.003706694
336 0.005470674
337 0.005470674
338 0.003774655
339 0.003774655
340 0.001471087
341 -0.001447512
342 -0.001447512
343 -0.01068869
344 -0.01068869
345 -0.01938402
346 -0.01938402
347 -0.03475446
348 -0.03475446
349 -0.0521709
350 -0.05911033
351 -0.07273655
352 -0.08885458
353 -0.09972205
354 -0.1119044
355 -0.1175805
356 -0.1175805
357 -0.122777
358 -0.122777
359 -0.09967762
360 -0.08365363
361 -0.06295333
362 -0.04161626
363 -0.04161626
364 -0.006378667
365 -0.006903231
366 0.003034679
367 0.003042573
368 0.004100811
369 0.007657523
370 -0.000101446
371 -0.003847559
372 -0.006989664
373 -0.01640326
374 -0.01627908
375 -0.01843211
376 -0.01541521
377 -0.01541521
378 0.004019083
379 0.01599754
380 0.02603563
381 0.03983868
382 0.05682408
383 0.07034833
384 0.09972309
385 0.1283214
386 0.1492032
387 0.1616217
388 0.1632825
389 0.1632825
390 0.0756122
391 0.06522601
392 0.01634218
393 -0.0002960147
394 -0.02026903
395 -0.0282606
396 -0.03166161
397 -0.03166161
398 -0.01864454
399 -0.01864454
400 -0.001418451
401 0.002140431
402 0.009467508
403 0.01274232
404 0.01287892
405 0.01228395
406 0.01228395
407 0.002105165
408 -0.005713872
409 -0.01246133
410 -0.02437158
411 -0.03543334
412 -0.04194941
413 -0.0499114
414 -0.06234573
415 -0.06894697
416 -0.08104567
417 -0.08104567
418 -0.1048665
419 -0.1011113
420 -0.1076795
421 -0.09727566
422 -0.09161238
423 -0.07654364
424 -0.07654364
425 -0.04681287
426 -0.04564005
427 -0.03441996
428 -0.02990976
429 -0.02441158
430 -0.02348291
431 -0.02348291
432 -0.0259314
433 -0.02953657
434 -0.03104387
435 -0.03266357
436 -0.03363271
437 -0.03475943
438 -0.03421656
439 -0.03369807
440 -0.03273814
441 -0.03179787
442 -0.03045062
443 -0.02884791
444 -0.02767562
445 -0.02590728
446 -0.02434141
447 -0.02257864
448 -0.02115627
449 -0.01917535
450 -0.01788856
451 -0.01644932
452 -0.0150212
453 -0.01377263
454 -0.0126598
455 -0.01187214
456 -0.01106468
457 -0.01040935
458 -0.009716017
459 -0.009716017
460 -0.008723806
461 -0.008924318
462 -0.008924318
463 -0.007819996
464 -0.007819996
465 -0.00834452
466 -0.00834452
467 -0.00802632
468 -0.00802632
469 -0.008048642
470 -0.00774986
471 -0.007530293
472 -0.007135609
473 -0.007216976
474 -0.006415145
