0 0
1 0.4380091
2 4.818004
3 1.835105
4 1.653403
5 2.101095
6 3.190203
7 4.886828
8 6.564156
9 8.148775
10 9.925889
11 12.27743
12 14.46279
13 16.02669
14 17.69837
15 19.36185
16 20.99926
17 23.00323
18 24.56248
19 26.27437
20 28.13745
21 29.41965
22 30.86222
23 32.4568
24 33.84931
25 35.38841
26 36.73245
27 38.05442
28 39.35454
29 40.63327
30 41.73481
31 42.97422
32 44.04191
33 45.24326
34 46.27816
35 47.4426
36 48.44567
37 49.57425
38 50.54649
39 51.64041
40 52.58273
41 53.64305
42 54.55642
43 55.58406
44 56.46935
45 57.46536
46 58.44468
47 59.28856
48 60.23792
49 61.1716
50 62.08991
51 62.88087
52 63.77044
53 64.53696
54 65.29212
55 66.14214
56 66.87405
57 67.69756
58 68.40682
59 69.20451
60 69.89122
61 70.75925
62 71.42276
63 72.16859
64 72.81034
65 73.53182
66 74.32841
67 75.02304
68 75.70502
69 76.29189
70 76.86906
71 77.51699
72 78.07331
73 78.69784
74 79.30893
75 79.90689
76 80.12952
77 79.88198
78 78.97256
79 76.50568
80 72.51149
81 67.6702
82 64.44833
83 64.62193
84 65.29653
85 66.11463
86 66.90228
87 67.7014
88 68.47585
89 69.52965
90 70.57439
91 71.4958
92 72.40941
93 73.21838
94 73.92729
95 74.53912
96 75.22919
97 75.82483
98 76.41227
99 77.23757
100 77.96652
101 78.52492
102 79.23071
103 79.84726
104 80.45389
105 81.12476
106 81.71077
107 82.2156
108 82.73241
109 83.32689
110 83.80028
111 84.35264
112 84.95027
113 85.47217
114 85.92309
115 86.43031
116 86.86783
117 87.36018
118 87.78447
119 88.26186
120 88.67306
121 89.13571
122 89.59057
123 89.98241
124 90.42317
125 90.85646
126 91.22938
127 91.33557
128 92.06126
129 91.73476
130 87.387
131 83.69386
132 79.07025
133 74.53712
134 70.10111
135 66.22281
136 62.40192
137 58.6842
138 54.57789
139 51.03444
140 47.58641
141 46.55163
142 47.50872
143 48.60933
144 49.42445
145 50.66031
146 51.7478
147 52.67794
148 53.73083
149 54.64164
150 55.66334
151 56.67022
152 57.66208
153 58.75917
154 59.83594
155 60.8923
156 61.81525
157 62.60914
158 63.50275
159 64.38126
160 65.13838
161 66.09688
162 67.14105
163 67.95947
164 68.96151
165 69.68195
166 69.81129
167 64.5068
168 59.54731
169 55.86317
170 51.81094
171 46.53
172 43.13511
173 43.03889
174 44.19344
175 45.52467
176 46.56454
177 47.72635
178 48.72988
179 49.85147
180 50.95398
181 52.0396
182 53.10748
183 53.89767
184 54.93387
185 55.83057
186 56.83868
187 57.7077
188 58.68197
189 59.64225
190 60.58632
191 61.51487
192 62.54135
193 63.43749
194 64.31765
195 65.28909
196 66.02802
197 66.95937
198 67.76521
199 67.90275
200 64.12708
201 60.87468
202 56.79393
203 51.93603
204 49.56993
205 50.02082
206 51.30539
207 52.20141
208 53.21331
209 54.09163
210 55.10895
211 56.09853
212 57.08786
213 58.17546
214 59.25162
215 60.19269
216 61.11631
217 62.13824
218 62.9187
219 63.68774
220 64.65698
221 65.60667
222 66.43537
223 67.24821
224 67.9482
225 68.7345
226 69.41181
227 70.17365
228 70.83038
229 71.57058
230 72.20761
231 72.92609
232 73.54614
233 74.24376
234 74.93201
235 75.52654
236 76.19544
237 76.77341
238 77.50509
239 78.14509
240 78.77564
241 79.39645
242 80.00758
243 80.6094
244 81.27515
245 81.85711
246 82.35858
247 82.99326
248 83.61655
249 84.09337
250 84.62997
251 85.15791
252 85.67723
253 86.12473
254 86.56577
255 87.18495
256 87.73151
257 88.14954
258 88.62022
259 89.14074
260 89.59534
261 90.0426
262 90.48257
263 90.86161
264 91.2881
265 91.70764
266 92.1202
267 92.5259
268 92.92474
269 93.26817
270 93.60649
271 93.98701
272 94.31445
273 94.68271
274 94.9996
275 95.35587
276 95.66259
277 96.00723
278 96.34557
279 96.67822
280 97.04498
281 97.3252
282 97.63958
283 97.97772
284 98.13936
285 98.12286
286 97.86442
287 97.11817
288 95.76218
289 92.24967
290 87.41008
291 82.67396
292 79.04466
293 78.47387
294 78.38143
295 77.87245
296 77.08147
297 75.958
298 74.66565
299 73.68732
300 72.63934
301 71.69518
302 71.18957
303 70.96937
304 71.19254
305 71.91783
306 72.62009
307 73.30701
308 74.06686
309 74.66602
310 75.32824
311 76.07163
312 76.72329
313 77.36787
314 78.00372
315 78.7878
316 79.40582
317 80.01609
318 80.84021
319 81.4295
320 82.15356
321 82.65207
322 83.28234
323 83.76492
324 84.30781
325 84.90794
326 85.37553
327 85.99571
328 86.42729
329 86.87746
330 87.36665
331 87.84721
332 88.26338
333 88.73143
334 89.13524
335 89.58998
336 90.03744
337 90.42307
338 90.85697
339 91.23075
340 91.70325
341 92.11582
342 92.47115
343 92.87058
344 92.85511
345 93.70302
346 93.72259
347 92.95753
348 89.13008
349 84.35613
350 80.20037
351 75.61838
352 71.61251
353 67.18458
354 63.32357
355 59.06894
356 55.38813
357 51.80314
358 48.74785
359 47.32373
360 48.27205
361 49.35405
362 50.31719
363 51.40697
364 52.4849
365 53.54359
366 54.58171
367 55.6083
368 56.61727
369 57.61067
370 58.588
371 59.78712
372 61.07758
373 61.88316
374 62.7878
375 63.5675
376 64.55284
377 65.52055
378 66.47155
379 67.30218
380 68.11815
381 69.01574
382 69.79089
383 69.65511
384 64.41267
385 59.25929
386 54.63206
387 50.10326
388 44.4223
389 42.81111
390 43.80547
391 45.0311
392 46.21763
393 47.3922
394 48.54289
395 49.65839
396 50.76466
397 51.84995
398 52.91822
399 53.84184
400 54.8833
401 55.77964
402 56.79084
403 57.65796
404 58.75388
405 59.59349
406 60.42054
407 61.3518
408 62.2678
409 63.39112
410 64.49001
411 65.24207
412 65.97829
413 66.9043
414 67.70307
415 63.81615
416 60.12632
417 55.63019
418 52.09021
419 49.59546
420 50.28579
421 51.15825
422 52.19199
423 53.3199
424 54.19336
425 55.19705
426 56.19348
427 57.16697
428 58.2532
429 59.20512
430 60.14347
431 61.06698
432 62.31236
433 63.19973
434 63.96265
435 64.71386
436 65.55843
437 66.38784
438 67.10066
439 67.90276
440 68.59297
441 69.36893
442 70.0372
443 70.69581
444 71.43752
445 72.16686
446 72.88461
447 73.5921
448 74.28858
449 74.8893
450 75.48293
451 76.15192
452 76.81041
453 77.45975
454 78.02011
455 78.65146
456 79.19621
457 79.80988
458 80.33919
459 80.93546
460 81.52238
461 82.10026
462 82.66879
463 83.22849
464 83.71094
465 84.25378
466 84.7215
467 85.24796
468 85.70158
469 86.21198
470 86.65168
471 87.14655
472 87.57294
473 88.05276
474 88.52467
