0 0
1 4.12033
2 4.12033
3 4.118963
4 4.114027
5 4.107818
6 4.096871
7 4.076129
8 4.052577
9 4.026043
10 3.990072
11 3.971911
12 3.987445
13 4.018208
14 4.051184
15 4.077847
16 4.09407
17 4.100594
18 4.097645
19 4.088388
20 4.073161
21 4.062758
22 4.052822
23 4.044093
24 4.038299
25 4.033576
26 4.029461
27 4.02536
28 4.021019
29 4.016354
30 4.011909
31 4.006356
32 4.001003
33 3.994387
34 3.988158
35 3.980505
36 3.973309
37 3.964634
38 3.956674
39 3.947217
40 3.938672
41 3.928669
42 3.919756
43 3.909416
44 3.900217
45 3.889502
46 3.878132
47 3.867906
48 3.856042
49 3.844059
50 3.83203
51 3.821429
52 3.808482
53 3.796683
54 3.784517
55 3.770267
56 3.757577
57 3.742755
58 3.729285
59 3.713031
60 3.69764
61 3.67606
62 3.657521
63 3.634422
64 3.612161
65 3.584567
66 3.551009
67 3.519233
68 3.485251
69 3.454264
70 3.422015
71 3.383058
72 3.346821
73 3.302971
74 3.255811
75 3.204786
76 3.149132
77 3.08808
78 3.021856
79 2.960757
80 2.888632
81 2.796574
82 2.714211
83 2.616411
84 2.543509
85 2.456811
86 2.369982
87 2.285137
88 2.20692
89 2.107121
90 2.019282
91 1.950862
92 1.89208
93 1.846982
94 1.812602
95 1.785782
96 1.75842
97 1.736622
98 1.716413
99 1.688822
100 1.664569
101 1.646371
102 1.623405
103 1.602857
104 1.582402
105 1.559834
106 1.54043
107 1.52384
108 1.505333
109 1.490504
110 1.473207
111 1.457011
112 1.441066
113 1.429461
114 1.421328
115 1.414883
116 1.412417
117 1.412501
118 1.414603
119 1.419112
120 1.424416
121 1.43057
122 1.436385
123 1.44044
124 1.442892
125 1.441379
126 1.436018
127 1.426786
128 1.407376
129 1.380192
130 1.342879
131 1.301634
132 1.23681
133 1.158921
134 1.06699
135 0.9729985
136 0.8610911
137 0.7389466
138 0.5915557
139 0.4572089
140 0.3232147
141 0.1940848
142 0.07908864
143 6.23479
144 6.146652
145 6.032823
146 5.953864
147 5.897696
148 5.848089
149 5.819319
150 5.795262
151 5.776499
152 5.76323
153 5.75471
154 5.749785
155 5.743366
156 5.736683
157 5.727873
158 5.714051
159 5.696912
160 5.680216
161 5.660395
162 5.644101
163 5.642051
164 5.657589
165 5.687278
166 5.75452
167 5.816876
168 5.93267
169 6.054747
170 6.212184
171 0.1572158
172 0.3112843
173 0.483711
174 0.6409644
175 0.8049291
176 0.9071211
177 0.9986639
178 1.055799
179 1.095829
180 1.114905
181 1.116999
182 1.108016
183 1.096601
184 1.078951
185 1.064566
186 1.050889
187 1.043622
188 1.040069
189 1.041398
190 1.045629
191 1.051579
192 1.057875
193 1.060649
194 1.056717
195 1.042952
196 1.022716
197 0.9832345
198 0.9351163
199 0.8719603
200 0.7971551
201 0.722885
202 0.6172609
203 0.4773656
204 0.3576129
205 0.2401487
206 0.07880726
207 6.246622
208 6.120837
209 6.019416
210 5.916042
211 5.826569
212 5.751193
213 5.680563
214 5.621963
215 5.579968
216 5.541957
217 5.500791
218 5.467339
219 5.431477
220 5.381133
221 5.324855
222 5.271269
223 5.214666
224 5.163524
225 5.104165
226 5.052054
227 4.993005
228 4.942468
229 4.887115
230 4.84041
231 4.789441
232 4.746858
233 4.70066
234 4.657156
235 4.621802
236 4.583994
237 4.55315
238 4.516234
239 4.485737
240 4.457217
241 4.430363
242 4.405035
243 4.381024
244 4.35529
245 4.333596
246 4.3152
247 4.292351
248 4.27061
249 4.25412
250 4.235447
251 4.217046
252 4.198821
253 4.182998
254 4.167396
255 4.145463
256 4.126241
257 4.111593
258 4.095357
259 4.078116
260 4.063628
261 4.049654
262 4.036076
263 4.024427
264 4.011111
265 3.997659
266 3.984102
267 3.970238
268 3.955868
269 3.942806
270 3.929139
271 3.912781
272 3.897766
273 3.879773
274 3.86325
275 3.843677
276 3.825938
277 3.805037
278 3.783267
279 3.760724
280 3.734549
281 3.713498
282 3.688319
283 3.658303
284 3.633266
285 3.602507
286 3.569196
287 3.537805
288 3.494612
289 3.464353
290 3.417739
291 3.368724
292 3.323684
293 3.275125
294 3.221206
295 3.161757
296 3.098414
297 3.022447
298 2.942179
299 2.877365
300 2.801867
301 2.724312
302 2.646122
303 2.566621
304 2.485819
305 2.36363
306 2.262474
307 2.183995
308 2.10036
309 2.039023
310 1.974929
311 1.909868
312 1.858744
313 1.815126
314 1.776783
315 1.735498
316 1.706978
317 1.682396
318 1.653034
319 1.634367
320 1.613503
321 1.599943
322 1.582747
323 1.569233
324 1.553482
325 1.535102
326 1.518343
327 1.50081
328 1.482586
329 1.466853
330 1.449871
331 1.434023
332 1.422091
333 1.411578
334 1.405409
335 1.402138
336 1.40227
337 1.405076
338 1.410801
339 1.416831
340 1.425031
341 1.431434
342 1.43509
343 1.435369
344 1.430935
345 1.420057
346 1.402575
347 1.373715
348 1.338194
349 1.280451
350 1.214823
351 1.124807
352 1.029878
353 0.9036414
354 0.7765998
355 0.6200348
356 0.47428
357 0.3274898
358 0.2008997
359 0.04932747
360 6.220168
361 6.101054
362 6.009659
363 5.924503
364 5.857354
365 5.812174
366 5.782662
367 5.765483
368 5.757072
369 5.754242
370 5.756238
371 5.759098
372 5.75796
373 5.753974
374 5.742962
375 5.728404
376 5.704257
377 5.677367
378 5.652258
379 5.638179
380 5.637174
381 5.653828
382 5.687371
383 5.751508
384 5.86257
385 6.012707
386 6.183603
387 0.09707071
388 0.3696276
389 0.6194085
390 0.7832513
391 0.9182827
392 1.024593
393 1.097295
394 1.138179
395 1.152073
396 1.145281
397 1.123769
398 1.094563
399 1.068898
400 1.042631
401 1.025964
402 1.014897
403 1.012689
404 1.018686
405 1.028125
406 1.040103
407 1.054475
408 1.065671
409 1.070532
410 1.063953
411 1.049622
412 1.023747
413 0.9733711
414 0.9131246
415 0.8396842
416 0.7566448
417 0.6401658
418 0.5396266
419 0.4325805
420 0.3009778
421 0.1903543
422 0.06074978
423 6.200552
424 6.095026
425 5.986216
426 5.893668
427 5.813404
428 5.735826
429 5.676842
430 5.626131
431 5.581077
432 5.523536
433 5.482145
434 5.444058
435 5.40359
436 5.354316
437 5.301972
438 5.253898
439 5.197131
440 5.146484
441 5.088355
442 5.037634
443 4.987492
444 4.931679
445 4.8776
446 4.825284
447 4.775142
448 4.727332
449 4.687464
450 4.649731
451 4.609128
452 4.571196
453 4.535837
454 4.506892
455 4.476137
456 4.450969
457 4.423979
458 4.401828
459 4.377996
460 4.355416
461 4.334109
462 4.313585
463 4.293766
464 4.277181
465 4.258647
466 4.242502
467 4.22422
468 4.208351
469 4.190219
470 4.174397
471 4.156476
472 4.140976
473 4.123644
474 4.106628
