0 0
1 -40.62
2 -40.62
3 -40.63435
4 -40.69624
5 -40.78059
6 -40.92747
7 -41.20306
8 -41.51056
9 -41.84899
10 -42.31008
11 -43.11087
12 -44.01998
13 -44.88179
14 -45.86025
15 -46.94881
16 -48.13953
17 -49.76037
18 -51.15512
19 -52.82038
20 -54.78026
21 -56.21828
22 -57.92813
23 -59.93594
24 -61.79548
25 -63.97175
26 -65.97934
27 -68.0539
28 -70.19351
29 -72.39591
30 -74.37258
31 -76.68589
32 -78.75533
33 -81.16956
34 -83.32276
35 -85.82733
36 -88.05461
37 -90.63807
38 -92.9295
39 -95.58076
40 -97.92679
41 -100.6352
42 -103.0268
43 -105.7825
44 -108.2112
45 -111.0044
46 -113.8127
47 -116.2794
48 -119.1068
49 -121.9402
50 -124.777
51 -127.26
52 -130.0945
53 -132.5685
54 -135.0338
55 -137.8372
56 -140.2751
57 -143.0406
58 -145.4389
59 -148.1501
60 -150.4905
61 -153.446
62 -155.6939
63 -158.1974
64 -160.3202
65 -162.6558
66 -165.1506
67 -167.2347
68 -169.1772
69 -170.7492
70 -172.1925
71 -173.6703
72 -174.7988
73 -175.8831
74 -176.727
75 -177.305
76 -177.5873
77 -177.5422
78 -177.1437
79 -176.5009
80 -175.454
81 -173.7264
82 -171.8259
83 -169.2534
84 -167.1289
85 -164.3616
86 -161.2406
87 -157.7863
88 -154.0311
89 -148.436
90 -142.416
91 -136.6419
92 -130.6329
93 -125.0573
94 -119.9876
95 -115.4744
96 -110.2372
97 -105.5913
98 -100.8906
99 -94.08689
100 -87.88036
101 -83.00207
102 -76.66845
103 -70.98376
104 -65.25071
105 -58.74708
106 -52.92146
107 -47.79197
108 -41.89595
109 -36.70824
110 -30.7489
111 -24.76239
112 -17.99288
113 -11.94635
114 -6.632759
115 -0.5331336
116 4.829205
117 10.98842
118 16.4061
119 22.63167
120 28.1097
121 34.40549
122 40.73827
123 46.30894
124 52.70742
125 59.13721
126 64.78586
127 71.24905
128 77.74651
129 84.21851
130 90.47155
131 95.65306
132 101.9041
133 107.666
134 112.9008
135 117.0742
136 120.7449
137 123.8709
138 126.7018
139 128.6003
140 129.9376
141 130.7719
142 131.1474
143 131.1859
144 130.9495
145 130.1851
146 129.1586
147 128.0378
148 126.5469
149 125.1029
150 123.3267
151 121.4349
152 119.448
153 117.1234
154 114.7231
155 112.2493
156 109.986
157 107.9499
158 105.5465
159 103.0507
160 100.7834
161 97.7547
162 94.25565
163 91.38624
164 87.78348
165 84.95281
166 81.63583
167 79.63601
168 77.42679
169 76.25023
170 75.61105
171 75.82528
172 76.5872
173 77.96673
174 79.68959
175 82.12817
176 84.32183
177 87.07555
178 89.65531
179 92.74806
180 95.95755
181 99.25386
182 102.6156
183 105.1703
184 108.6123
185 111.6549
186 115.1677
187 118.2769
188 121.8784
189 125.5382
190 129.2622
191 133.0536
192 137.4002
193 141.3313
194 145.3143
195 149.8365
196 153.3642
197 157.8763
198 161.8257
199 165.6453
200 169.1465
201 171.8482
202 174.7989
203 177.5886
204 179.2239
205 180.2548
206 180.9431
207 181.0046
208 180.6511
209 179.9605
210 178.7754
211 177.2143
212 175.3289
213 172.8778
214 170.1261
215 167.4667
216 164.6287
217 161.2336
218 158.4465
219 155.5282
220 151.5774
221 147.3936
222 143.475
223 139.3691
224 135.6259
225 131.1839
226 127.1623
227 122.425
228 118.1681
229 113.1908
230 108.7504
231 103.5925
232 99.01778
233 93.73137
234 88.39464
235 83.69204
236 78.28809
237 73.53949
238 67.41349
239 61.95421
240 56.48622
241 51.01307
242 45.53789
243 40.06323
244 33.90793
245 28.44213
246 23.66552
247 17.5347
248 11.41776
249 6.67121
250 1.26067
251 -4.132634
252 -9.506445
253 -14.19063
254 -18.85657
255 -25.48798
256 -31.41935
257 -36.00708
258 -41.2218
259 -47.05226
260 -52.20341
261 -57.32509
262 -62.41698
263 -66.84758
264 -71.8817
265 -76.88254
266 -81.84808
267 -86.77583
268 -91.66226
269 -95.90082
270 -100.1014
271 -104.8508
272 -108.9573
273 -113.5887
274 -117.582
275 -122.0721
276 -125.9318
277 -130.258
278 -134.4868
279 -138.6109
280 -143.1164
281 -146.5161
282 -150.2808
283 -154.3494
284 -157.3782
285 -160.6742
286 -163.7705
287 -166.2902
288 -169.2371
289 -170.9777
290 -173.2186
291 -175.028
292 -176.2852
293 -177.2542
294 -177.9317
295 -178.2914
296 -178.3115
297 -177.9111
298 -177.0511
299 -176.0624
300 -174.5952
301 -172.774
302 -170.6044
303 -168.0892
304 -165.2272
305 -160.2852
306 -155.6015
307 -151.5132
308 -146.5856
309 -142.5409
310 -137.722
311 -132.0871
312 -126.9191
313 -121.627
314 -116.2305
315 -109.3594
316 -103.7761
317 -98.12566
318 -90.2588
319 -84.47315
320 -77.17145
321 -72.01711
322 -65.34085
323 -60.11173
324 -54.09851
325 -47.28902
326 -41.20013
327 -35.07666
328 -28.92502
329 -23.52155
330 -17.3224
331 -11.10056
332 -5.638393
333 0.6251715
334 6.125428
335 12.4362
336 18.77607
337 24.34947
338 30.7511
339 36.38157
340 43.66092
341 50.16872
342 55.89032
343 62.45765
344 68.21906
345 74.82507
346 80.61502
347 87.1863
348 92.74107
349 99.47655
350 105.0577
351 110.8412
352 115.4986
353 120.1268
354 123.6361
355 126.841
356 129.0002
357 130.5167
358 131.3462
359 131.8157
360 131.7966
361 131.3802
362 130.6852
363 129.5721
364 128.1751
365 126.5615
366 124.7892
367 122.8995
368 120.9258
369 118.8907
370 116.8138
371 114.1711
372 111.1974
373 109.2596
374 106.983
375 104.9201
376 102.1501
377 99.23196
378 96.16382
379 93.33031
380 90.43739
381 87.17548
382 84.33845
383 81.35064
384 78.32459
385 76.24307
386 75.29483
387 75.27255
388 76.53828
389 78.8
390 80.85076
391 83.27403
392 85.98286
393 88.90585
394 91.98289
395 95.16958
396 98.43246
397 101.7463
398 105.0915
399 108.0367
400 111.421
401 114.4026
402 117.8433
403 120.894
404 124.8882
405 128.0604
406 131.2957
407 135.0731
408 138.9319
409 143.853
410 148.857
411 152.3885
412 155.919
413 160.4126
414 164.3137
415 167.9211
416 171.0975
417 174.4301
418 176.5738
419 178.2502
420 179.6721
421 180.4237
422 180.8666
423 180.8327
424 180.4013
425 179.4897
426 178.1836
427 176.5325
428 174.3134
429 172.0601
430 169.5759
431 166.8848
432 162.8738
433 159.7403
434 156.8494
435 153.8165
436 150.1738
437 146.3406
438 142.8305
439 138.6439
440 134.8327
441 130.3173
442 126.2362
443 122.0437
444 117.1294
445 112.0996
446 106.9701
447 101.7563
448 96.47242
449 91.80202
450 87.09607
451 81.68328
452 76.24232
453 70.78068
454 65.98972
455 60.50511
456 55.70099
457 50.20781
458 45.40093
459 39.90888
460 34.42039
461 28.93715
462 23.46085
463 17.99342
464 13.21776
465 7.770793
466 3.016074
467 -2.402606
468 -7.128862
469 -12.51068
470 -17.20047
471 -22.53607
472 -27.18192
473 -32.46377
474 -37.71463
