0 0
-40.62 108.73
-40.62 108.73
-40.63435 108.7183
-40.69624 108.6674
-40.78059 108.5976
-40.92747 108.4737
-41.20306 108.234
-41.51056 107.9548
-41.84899 107.6321
-42.31008 107.1673
-43.11087 106.4087
-44.01998 105.6187
-44.88179 104.9352
-45.86025 104.206
-46.94881 103.4266
-48.13953 102.5902
-49.76037 101.4547
-51.15512 100.4674
-52.82038 99.26622
-54.78026 97.8111
-56.21828 96.71698
-57.92813 95.39311
-59.93594 93.81321
-61.79548 92.3315
-63.97175 90.58126
-65.97934 88.95218
-68.0539 87.25451
-70.19351 85.48846
-72.39591 83.65378
-74.37258 81.99178
-76.68589 80.02694
-78.75533 78.24974
-81.16956 76.1515
-83.32276 74.256
-85.82733 72.02061
-88.05461 70.00313
-90.63807 67.62608
-92.9295 65.48293
-95.58076 62.96048
-97.92679 60.68869
-100.6352 58.01785
-103.0268 55.61526
-105.7825 52.79414
-108.2112 50.25946
-111.0044 47.28664
-113.8127 44.23145
-116.2794 41.48975
-119.1068 38.27795
-121.9402 34.98224
-124.777 31.60267
-127.26 28.57675
-130.0945 25.03867
-132.5685 21.87189
-135.0338 18.63836
-137.8372 14.86053
-140.2751 11.48264
-143.0406 7.539309
-145.4389 4.015824
-148.1501 -0.09580094
-150.4905 -3.769383
-153.446 -8.599749
-155.6939 -12.44281
-158.1974 -16.93031
-160.3202 -20.943
-162.6558 -25.63014
-165.1506 -31.03446
-167.2347 -35.9556
-169.1772 -40.98703
-170.7492 -45.4788
-172.1925 -50.0517
-173.6703 -55.37435
-174.7988 -60.11296
-175.8831 -65.61623
-176.727 -71.20602
-177.305 -76.87286
-177.5873 -82.59049
-177.5422 -88.31345
-177.1437 -93.97606
-176.5009 -98.78996
-175.454 -103.9953
-173.7264 -109.9941
-171.8259 -114.8985
-169.2534 -120.0593
-167.1289 -123.5272
-164.3616 -127.3285
-161.2406 -130.9215
-157.7863 -134.2776
-154.0311 -137.3822
-148.436 -141.227
-142.416 -144.5826
-136.6419 -147.2344
-130.6329 -149.541
-125.0573 -151.3518
-119.9876 -152.7737
-115.4744 -153.8875
-110.2372 -155.0242
-105.5913 -155.9092
-100.8906 -156.6985
-94.08689 -157.6675
-87.88036 -158.3826
-83.00207 -158.8382
-76.66845 -159.2963
-70.98376 -159.5817
-65.25071 -159.7512
-58.74708 -159.8032
-52.92146 -159.7276
-47.79197 -159.5687
-41.89595 -159.2826
-36.70824 -158.9447
-30.7489 -158.4558
-24.76239 -157.863
-17.99288 -157.0812
-11.94635 -156.2971
-6.632759 -155.5527
-0.5331336 -154.649
4.829205 -153.8271
10.98842 -152.8696
16.4061 -152.0278
22.63167 -151.0743
28.1097 -150.2571
34.40549 -149.3478
40.73827 -148.4658
46.30894 -147.7144
52.70742 -146.8705
59.13721 -146.0252
64.78586 -145.2643
71.24905 -144.354
77.74651 -143.3462
84.21851 -142.2036
90.47155 -140.908
95.65306 -139.6322
101.9041 -137.7563
107.666 -135.5842
112.9008 -133.0945
117.0742 -130.612
120.7449 -127.8733
123.8709 -124.9051
126.7018 -121.3645
128.6003 -118.1217
129.9376 -114.8786
130.7719 -111.6616
131.1474 -108.7398
131.1859 -105.2992
130.9495 -102.6774
130.1851 -98.7202
129.1586 -95.20032
128.0378 -92.12674
126.5469 -88.62055
125.1029 -85.5476
123.3267 -82.02016
121.4349 -78.47094
119.448 -74.89212
117.1234 -70.81981
114.7231 -66.69028
112.2493 -62.50447
109.986 -58.73979
107.9499 -55.41683
105.5465 -51.59557
103.0507 -47.75835
100.7834 -44.3947
97.7547 -40.0644
94.25565 -35.23836
91.38624 -31.34641
87.78348 -26.39241
84.95281 -22.31542
81.63583 -17.03474
79.63601 -13.35886
77.42679 -8.313697
76.25023 -4.377891
75.61105 -0.1163866
75.82528 5.118721
76.5872 8.213649
77.96673 11.34287
79.68959 13.94645
82.12817 16.61131
84.32183 18.48609
87.07555 20.4399
89.65531 22.01529
92.74806 23.71814
95.95755 25.37098
99.25386 27.02575
102.6156 28.72169
105.1703 30.03765
108.6123 31.86474
111.6549 33.53351
115.1677 35.51674
118.2769 37.30813
121.8784 39.40404
125.5382 41.53703
129.2622 43.69502
133.0536 45.86992
137.4002 48.33308
141.3313 50.54254
145.3143 52.78928
149.8365 55.39445
153.3642 57.50846
157.8763 60.39154
161.8257 63.15715
165.6453 66.15067
169.1465 69.29157
171.8482 72.09876
174.7989 75.77376
177.5886 80.30193
179.2239 83.98785
180.2548 87.39642
180.9431 91.8741
181.0046 95.11517
180.6511 98.87059
179.9605 102.1591
178.7754 105.8836
177.2143 109.5449
175.3289 113.1311
172.8778 117.0725
170.1261 120.9182
167.4667 124.2662
164.6287 127.5528
161.2336 131.1732
158.4465 133.9252
155.5282 136.6096
151.5774 139.9406
147.3936 143.1034
143.475 145.7444
139.3691 148.1996
135.6259 150.1772
131.1839 152.2246
127.1623 153.8177
122.425 155.4007
118.1681 156.5713
113.1908 157.6622
108.7504 158.4027
103.5925 159.0072
99.01778 159.3285
93.73137 159.4644
88.39464 159.3616
83.69204 159.0849
78.28809 158.5662
73.53949 157.9435
67.41349 156.9245
61.95421 155.8233
56.48622 154.5483
51.01307 153.1084
45.53789 151.5111
40.06323 149.7636
33.90793 147.6255
28.44213 145.5781
23.66552 143.6771
17.5347 141.0871
11.41776 138.3387
6.67121 136.0947
1.26067 133.418
-4.132634 130.6231
-9.506445 127.7115
-14.19063 125.069
-18.85657 122.339
-25.48798 118.2895
-31.41935 114.4975
-36.00708 111.4536
-41.2218 107.8761
-47.05226 103.7301
-52.20341 99.94178
-57.32509 96.06012
-62.41698 92.08771
-66.84758 88.53919
-71.8817 84.40182
-76.88254 80.17728
-81.84808 75.86583
-86.77583 71.46721
-91.66226 66.98015
-95.90082 62.98009
-100.1014 58.90947
-104.8508 54.16864
-108.9573 49.94083
-113.5887 45.01561
-117.582 40.62212
-122.0721 35.50308
-125.9318 30.93704
-130.258 25.61804
-134.4868 20.19042
-138.6109 14.65286
-143.1164 8.291043
-146.5161 3.24609
-150.2808 -2.624247
-154.3494 -9.363282
-157.3782 -14.7017
-160.6742 -20.89895
-163.7705 -27.18756
-166.2902 -32.74131
-169.2371 -39.91592
-170.9777 -44.62691
-173.2186 -51.4748
-175.028 -58.05026
-176.2852 -63.64769
-177.2542 -69.19224
-177.9317 -74.75997
-178.2914 -80.33387
-178.3115 -85.8715
-177.9111 -92.01105
-177.0511 -98.00234
-176.0624 -102.5329
-174.5952 -107.5495
-172.774 -112.3721
-170.6044 -116.9942
-168.0892 -121.408
-165.2272 -125.6088
-160.2852 -131.481
-155.6015 -135.9331
-151.5132 -139.1792
-146.5856 -142.4805
-142.5409 -144.7875
-137.722 -147.1485
-132.0871 -149.4686
-126.9191 -151.2506
-121.627 -152.7969
-116.2305 -154.1315
-109.3594 -155.5315
-103.7761 -156.461
-98.12566 -157.2412
-90.2588 -158.0992
-84.47315 -158.5834
-77.17145 -159.0407
-72.01711 -159.2704
-65.34085 -159.4601
-60.11173 -159.5253
-54.09851 -159.5104
-47.28902 -159.376
-41.20013 -159.148
-35.07666 -158.8139
-28.92502 -158.3668
-23.52155 -157.8829
-17.3224 -157.2266
-11.10056 -156.4648
-5.638393 -155.7189
0.6251715 -154.7905
6.125428 -153.9261
12.4362 -152.8987
18.77607 -151.8495
24.34947 -150.9293
30.7511 -149.8919
36.38157 -149.0061
43.66092 -147.9044
50.16872 -146.961
55.89032 -146.1566
62.45765 -145.2455
68.21906 -144.4349
74.82507 -143.4621
80.61502 -142.5285
87.1863 -141.3296
92.74107 -140.144
99.47655 -138.4009
105.0577 -136.5994
110.8412 -134.2408
115.4986 -131.828
120.1268 -128.7463
123.6361 -125.7007
126.841 -121.995
129.0002 -118.542
130.5167 -115.0434
131.3462 -112.0248
131.8157 -108.2482
131.7966 -105.2538
131.3802 -101.7846
130.6852 -98.74053
129.5721 -95.27287
128.1751 -91.82551
126.5615 -88.38899
124.7892 -84.94704
122.8995 -81.48365
120.9258 -77.98367
118.8907 -74.43626
116.8138 -70.83173
114.1711 -66.24059
111.1974 -61.08764
109.2596 -57.75919
106.983 -53.92082
104.9201 -50.54347
102.1501 -46.19098
99.23196 -41.8416
96.16382 -37.50187
93.33031 -33.64237
90.43739 -29.75361
87.17548 -25.29865
84.33845 -21.22094
81.35064 -16.47187
78.32459 -10.64541
76.24307 -4.962073
75.29483 0.01165912
75.27255 4.666506
76.53828 9.961919
78.8 13.98002
80.85076 16.29523
83.27403 18.35611
85.98286 20.18309
88.90585 21.82513
91.98289 23.3541
95.16958 24.84223
98.43246 26.35493
101.7463 27.94311
105.0915 29.6416
108.0367 31.22729
111.421 33.1513
114.4026 34.92056
117.8433 37.01964
120.894 38.9034
124.8882 41.35892
128.0604 43.2774
131.2957 45.19194
135.0731 47.36776
138.9319 49.53386
143.853 52.25361
148.857 55.02844
152.3885 57.03767
155.919 59.14095
160.4126 62.04461
164.3137 64.87044
167.9211 67.8542
171.0975 70.9199
174.4301 74.84641
176.5738 78.02582
178.2502 81.20544
179.6721 84.96342
180.4237 88.04958
180.8666 91.72131
180.8327 95.96873
180.4013 99.30785
179.4897 103.1149
178.1836 106.8819
176.5325 110.5881
174.3134 114.6717
172.0601 118.2213
169.5759 121.6969
166.8848 125.1002
162.8738 129.6588
159.7403 132.878
156.8494 135.6172
153.8165 138.2707
150.1738 141.1806
146.3406 143.9384
142.8305 146.2083
138.6439 148.6192
134.8327 150.5536
130.3173 152.5496
126.2362 154.0982
122.0437 155.4547
117.1294 156.7646
112.0996 157.8158
106.9701 158.6075
101.7563 159.1418
96.47242 159.4237
91.80202 159.468
87.09607 159.3296
81.68328 158.9566
76.24232 158.3646
70.78068 157.5649
65.98972 156.7035
60.50511 155.5446
55.70099 154.386
50.20781 152.9055
45.40093 151.48
39.90888 149.7098
34.42039 147.7961
28.93715 145.7453
23.46085 143.5629
17.99342 141.2527
13.21776 139.13
7.770793 136.5918
3.016074 134.2735
-2.402606 131.5138
-7.128862 129.0036
-12.51068 126.0264
-17.20047 123.3267
-22.53607 120.1342
-27.18192 117.248
-32.46377 113.8453
-37.71463 110.3334
