0 0
1 108.73
2 108.73
3 108.7183
4 108.6674
5 108.5976
6 108.4737
7 108.234
8 107.9548
9 107.6321
10 107.1673
11 106.4087
12 105.6187
13 104.9352
14 104.206
15 103.4266
16 102.5902
17 101.4547
18 100.4674
19 99.26622
20 97.8111
21 96.71698
22 95.39311
23 93.81321
24 92.3315
25 90.58126
26 88.95218
27 87.25451
28 85.48846
29 83.65378
30 81.99178
31 80.02694
32 78.24974
33 76.1515
34 74.256
35 72.02061
36 70.00313
37 67.62608
38 65.48293
39 62.96048
40 60.68869
41 58.01785
42 55.61526
43 52.79414
44 50.25946
45 47.28664
46 44.23145
47 41.48975
48 38.27795
49 34.98224
50 31.60267
51 28.57675
52 25.03867
53 21.87189
54 18.63836
55 14.86053
56 11.48264
57 7.539309
58 4.015824
59 -0.09580094
60 -3.769383
61 -8.599749
62 -12.44281
63 -16.93031
64 -20.943
65 -25.63014
66 -31.03446
67 -35.9556
68 -40.98703
69 -45.4788
70 -50.0517
71 -55.37435
72 -60.11296
73 -65.61623
74 -71.20602
75 -76.87286
76 -82.59049
77 -88.31345
78 -93.97606
79 -98.78996
80 -103.9953
81 -109.9941
82 -114.8985
83 -120.0593
84 -123.5272
85 -127.3285
86 -130.9215
87 -134.2776
88 -137.3822
89 -141.227
90 -144.5826
91 -147.2344
92 -149.541
93 -151.3518
94 -152.7737
95 -153.8875
96 -155.0242
97 -155.9092
98 -156.6985
99 -157.6675
100 -158.3826
101 -158.8382
102 -159.2963
103 -159.5817
104 -159.7512
105 -159.8032
106 -159.7276
107 -159.5687
108 -159.2826
109 -158.9447
110 -158.4558
111 -157.863
112 -157.0812
113 -156.2971
114 -155.5527
115 -154.649
116 -153.8271
117 -152.8696
118 -152.0278
119 -151.0743
120 -150.2571
121 -149.3478
122 -148.4658
123 -147.7144
124 -146.8705
125 -146.0252
126 -145.2643
127 -144.354
128 -143.3462
129 -142.2036
130 -140.908
131 -139.6322
132 -137.7563
133 -135.5842
134 -133.0945
135 -130.612
136 -127.8733
137 -124.9051
138 -121.3645
139 -118.1217
140 -114.8786
141 -111.6616
142 -108.7398
143 -105.2992
144 -102.6774
145 -98.7202
146 -95.20032
147 -92.12674
148 -88.62055
149 -85.5476
150 -82.02016
151 -78.47094
152 -74.89212
153 -70.81981
154 -66.69028
155 -62.50447
156 -58.73979
157 -55.41683
158 -51.59557
159 -47.75835
160 -44.3947
161 -40.0644
162 -35.23836
163 -31.34641
164 -26.39241
165 -22.31542
166 -17.03474
167 -13.35886
168 -8.313697
169 -4.377891
170 -0.1163866
171 5.118721
172 8.213649
173 11.34287
174 13.94645
175 16.61131
176 18.48609
177 20.4399
178 22.01529
179 23.71814
180 25.37098
181 27.02575
182 28.72169
183 30.03765
184 31.86474
185 33.53351
186 35.51674
187 37.30813
188 39.40404
189 41.53703
190 43.69502
191 45.86992
192 48.33308
193 50.54254
194 52.78928
195 55.39445
196 57.50846
197 60.39154
198 63.15715
199 66.15067
200 69.29157
201 72.09876
202 75.77376
203 80.30193
204 83.98785
205 87.39642
206 91.8741
207 95.11517
208 98.87059
209 102.1591
210 105.8836
211 109.5449
212 113.1311
213 117.0725
214 120.9182
215 124.2662
216 127.5528
217 131.1732
218 133.9252
219 136.6096
220 139.9406
221 143.1034
222 145.7444
223 148.1996
224 150.1772
225 152.2246
226 153.8177
227 155.4007
228 156.5713
229 157.6622
230 158.4027
231 159.0072
232 159.3285
233 159.4644
234 159.3616
235 159.0849
236 158.5662
237 157.9435
238 156.9245
239 155.8233
240 154.5483
241 153.1084
242 151.5111
243 149.7636
244 147.6255
245 145.5781
246 143.6771
247 141.0871
248 138.3387
249 136.0947
250 133.418
251 130.6231
252 127.7115
253 125.069
254 122.339
255 118.2895
256 114.4975
257 111.4536
258 107.8761
259 103.7301
260 99.94178
261 96.06012
262 92.08771
263 88.53919
264 84.40182
265 80.17728
266 75.86583
267 71.46721
268 66.98015
269 62.98009
270 58.90947
271 54.16864
272 49.94083
273 45.01561
274 40.62212
275 35.50308
276 30.93704
277 25.61804
278 20.19042
279 14.65286
280 8.291043
281 3.24609
282 -2.624247
283 -9.363282
284 -14.7017
285 -20.89895
286 -27.18756
287 -32.74131
288 -39.91592
289 -44.62691
290 -51.4748
291 -58.05026
292 -63.64769
293 -69.19224
294 -74.75997
295 -80.33387
296 -85.8715
297 -92.01105
298 -98.00234
299 -102.5329
300 -107.5495
301 -112.3721
302 -116.9942
303 -121.408
304 -125.6088
305 -131.481
306 -135.9331
307 -139.1792
308 -142.4805
309 -144.7875
310 -147.1485
311 -149.4686
312 -151.2506
313 -152.7969
314 -154.1315
315 -155.5315
316 -156.461
317 -157.2412
318 -158.0992
319 -158.5834
320 -159.0407
321 -159.2704
322 -159.4601
323 -159.5253
324 -159.5104
325 -159.376
326 -159.148
327 -158.8139
328 -158.3668
329 -157.8829
330 -157.2266
331 -156.4648
332 -155.7189
333 -154.7905
334 -153.9261
335 -152.8987
336 -151.8495
337 -150.9293
338 -149.8919
339 -149.0061
340 -147.9044
341 -146.961
342 -146.1566
343 -145.2455
344 -144.4349
345 -143.4621
346 -142.5285
347 -141.3296
348 -140.144
349 -138.4009
350 -136.5994
351 -134.2408
352 -131.828
353 -128.7463
354 -125.7007
355 -121.995
356 -118.542
357 -115.0434
358 -112.0248
359 -108.2482
360 -105.2538
361 -101.7846
362 -98.74053
363 -95.27287
364 -91.82551
365 -88.38899
366 -84.94704
367 -81.48365
368 -77.98367
369 -74.43626
370 -70.83173
371 -66.24059
372 -61.08764
373 -57.75919
374 -53.92082
375 -50.54347
376 -46.19098
377 -41.8416
378 -37.50187
379 -33.64237
380 -29.75361
381 -25.29865
382 -21.22094
383 -16.47187
384 -10.64541
385 -4.962073
386 0.01165912
387 4.666506
388 9.961919
389 13.98002
390 16.29523
391 18.35611
392 20.18309
393 21.82513
394 23.3541
395 24.84223
396 26.35493
397 27.94311
398 29.6416
399 31.22729
400 33.1513
401 34.92056
402 37.01964
403 38.9034
404 41.35892
405 43.2774
406 45.19194
407 47.36776
408 49.53386
409 52.25361
410 55.02844
411 57.03767
412 59.14095
413 62.04461
414 64.87044
415 67.8542
416 70.9199
417 74.84641
418 78.02582
419 81.20544
420 84.96342
421 88.04958
422 91.72131
423 95.96873
424 99.30785
425 103.1149
426 106.8819
427 110.5881
428 114.6717
429 118.2213
430 121.6969
431 125.1002
432 129.6588
433 132.878
434 135.6172
435 138.2707
436 141.1806
437 143.9384
438 146.2083
439 148.6192
440 150.5536
441 152.5496
442 154.0982
443 155.4547
444 156.7646
445 157.8158
446 158.6075
447 159.1418
448 159.4237
449 159.468
450 159.3296
451 158.9566
452 158.3646
453 157.5649
454 156.7035
455 155.5446
456 154.386
457 152.9055
458 151.48
459 149.7098
460 147.7961
461 145.7453
462 143.5629
463 141.2527
464 139.13
465 136.5918
466 134.2735
467 131.5138
468 129.0036
469 126.0264
470 123.3267
471 120.1342
472 117.248
473 113.8453
474 110.3334
