0 0
1 0.197698556271378
2 1.79779169555116
3 1.35378926805065
4 0.855336596132609
5 0.798340894865445
6 1.20999482011601
7 1.77843476631817
8 2.39802743873605
9 3.03715715885793
10 3.75656217131088
11 4.54120537966978
12 5.35160639227349
13 6.17681372099921
14 7.01233548840093
15 7.67137133849236
16 8.40250943873131
17 8.95689257492857
18 9.58132208346752
19 10.1183963385333
20 10.7221272763581
21 11.3160665718101
22 11.9002240643438
23 12.4749833809318
24 12.970206616417
25 13.5951026881937
26 14.1424058008472
27 14.6810702299538
28 15.4075769799449
29 15.9256758619447
30 16.4981586066282
31 16.9978801981068
32 17.4891378439854
33 17.9715825645896
34 18.3871543094208
35 18.8543940543234
36 19.3137290637721
37 19.765123096851
38 20.2087321721231
39 20.5909672326701
40 21.0737673630379
41 21.4429735978421
42 21.8065519876607
43 22.2661665738915
44 22.6156270435118
45 23.0119337077517
46 23.3531847589332
47 23.7371107306751
48 24.0675181858933
49 24.4387841962159
50 24.751712263936
51 25.0667283347871
52 25.4212539826877
53 25.7256625103934
54 26.1087355391467
55 26.4021591226244
56 26.7266692483587
57 27.0038113627949
58 27.3116399126073
59 27.5740408471881
60 27.8646788881054
61 28.1118746628836
62 28.3857416882853
63 28.619054332555
64 28.8323231637937
65 29.0865526807087
66 29.2963771646353
67 29.4610706162633
68 29.6472820188304
69 28.2725805590624
70 26.4070915103365
71 24.8114780805553
72 23.4201773645585
73 23.0557568630017
74 23.3740652534008
75 23.5870346485322
76 21.9227826253448
77 20.4309355646153
78 20.1975221364177
79 20.6409066680387
80 20.9348442366913
81 21.3624604232832
82 19.9259192279536
83 18.699316143866
84 17.4661566994097
85 17.200503321053
86 17.6336279513436
87 18.1083536359225
88 18.6545547824338
89 19.092179831781
90 19.6048074478957
91 20.0378808667729
92 20.5202834234166
93 20.903667761729
94 21.3478369850657
95 21.7870684754115
96 22.1679716264468
97 22.6090908286912
98 22.9895218427743
99 23.3692104892811
100 23.7447125443244
101 24.1580021838549
102 24.5565465336132
103 25.0080665922318
104 25.4009305960976
105 25.7815674426075
106 26.1427424104984
107 26.458168833199
108 26.8081184517391
109 27.1511890547628
110 27.4804887517756
111 27.8023853592598
112 28.1559511729661
113 28.4684037718767
114 28.8071388491403
115 29.1026912519572
116 29.3569779984241
117 29.6789779782002
118 30.0309884241339
119 30.2796224926911
120 30.5524623625091
121 30.8090305805503
122 31.0464883973504
123 31.3451727017109
124 31.6064929918582
125 31.8608397695822
126 32.1087244980407
127 32.3203968950996
128 32.5587966384601
129 32.7636396622273
130 32.965589651744
131 33.192248501759
132 33.4145177426852
133 33.6032181327728
134 33.78368888504
135 33.9580993734299
136 34.1070958336334
137 34.2275870762821
138 34.2789096818017
139 34.1913122209362
140 32.0006190172615
141 30.1433643568085
142 28.4188474317635
143 26.6797145919091
144 24.6915775943596
145 23.0938339501269
146 21.348613319253
147 19.5733446269865
148 18.3316349785513
149 16.8629214372944
150 15.6602250332867
151 14.5204103960612
152 13.5785880353252
153 12.585360204556
154 11.4411272214399
155 11.7809966882018
156 12.2955921913984
157 12.8651733172471
158 13.408867439815
159 14.129465265494
160 14.6920844152536
161 15.3289464706769
162 15.929087470258
163 16.471205251116
164 17.0612946519509
165 17.6378514857249
166 18.1723581178364
167 18.6999410425914
168 19.2056092526958
169 19.6593217432859
170 20.0663980174078
171 20.5151531326519
172 20.8999893594747
173 21.3413120002467
174 21.7095389059824
175 22.1248649671535
176 22.5337352229644
177 22.9363461083556
178 23.3299170448517
179 23.6614545183694
180 24.0197272009493
181 24.2733333800421
182 24.5266247162512
183 24.7085630797586
184 24.7499159885475
185 22.4099351517888
186 20.0132196026623
187 17.6319521146102
188 15.9291128007932
189 14.6717806866188
190 13.0893181639122
191 11.6669882317144
192 10.8246058684932
193 11.128428563562
194 11.8800869199558
195 12.8074816936784
196 13.5492936261604
197 14.379456628817
198 15.1982458296435
199 15.886889235602
200 16.5993419364746
201 17.1227930242751
202 17.6716554601019
203 18.122527068105
204 18.6171433099896
205 19.0338644224582
206 19.4394255650724
207 19.8344023405625
208 20.3307867290062
209 20.7079219137566
210 21.1300738375647
211 21.487524464549
212 21.8913295081875
213 22.2349785522742
214 22.5674695796548
215 22.951592562891
216 23.3042288543751
217 23.5915562286634
218 23.8945848010104
219 24.1620738557657
220 24.3151781561449
221 24.4774004045172
222 23.1607472855856
223 21.5411842646639
224 20.0733445949131
225 18.905416314008
226 17.5907008824011
227 16.1657948413718
228 14.8486828835473
229 13.7210820885733
230 13.7381985963217
231 14.1334914600927
232 14.4966469557796
233 14.9040312005622
234 15.4153249918474
235 15.5923949211075
236 14.4966051919051
237 14.7326320802021
238 15.4785929956813
239 16.0584268493406
240 16.6586567804412
241 17.158843608731
242 17.704596382646
243 18.1698442314654
244 18.6067894846482
245 19.077525878793
246 19.4812444369437
247 19.9627956762359
248 20.3412563054702
249 20.7035592681454
250 21.06445905465
251 21.4664395593942
252 21.8491263851961
253 22.2818070602257
254 22.6108869845335
255 22.9761331080833
256 23.3768228344555
257 23.725130861432
258 24.0278695439012
259 24.4305044657298
260 24.7762168547336
261 25.1259517524172
262 25.4806266264587
263 25.8405350216916
264 26.1349603226992
265 26.5453757253519
266 26.8615377980299
267 27.2214262029203
268 27.5779757416038
269 27.9258515983951
270 28.225841461837
271 28.5620508149844
272 28.8478329605251
273 29.1237351728339
274 29.4350249313687
275 29.7397544460704
276 30.0331538569549
277 30.2856347429577
278 30.5932120251195
279 30.8304898957828
280 31.0630482542028
281 31.321018667361
282 31.5492009494953
283 31.7984438456025
284 32.0130968390276
285 32.2531435431746
286 32.4601079600728
287 32.6933406934062
288 32.9196295418487
289 33.145372656312
290 33.3400260432262
291 33.5553708418717
292 33.7784497500797
293 33.9904117291153
294 34.1971215832649
295 34.4030013343077
296 34.5802429809189
297 34.779527008764
298 34.9491885791848
299 35.1428845483494
300 35.3091957444887
301 35.4953257069844
302 35.6540700522906
303 35.8326970107853
304 36.0288110764721
305 36.2404884411319
306 36.3847884190299
307 36.5456510266712
308 36.6783048530181
309 36.8509208550165
310 36.9980483439848
311 37.1217448159386
312 37.2323636975915
313 37.3145403175605
314 37.0058700555182
315 35.5173469361176
316 33.8584702678604
317 32.4456136864208
318 31.5125921679966
319 31.7457390006856
320 31.9707402280748
321 32.1149632277816
322 32.1804820958833
323 30.5799519003539
324 29.0379096703776
325 27.692447241278
326 26.4045196648901
327 25.1828256337401
328 25.4029425983675
329 25.6692991731433
330 25.921409554053
331 24.5073681388473
332 23.2984573620908
333 22.3042789954153
334 22.5705225141188
335 22.8223935106931
336 23.0608178819327
337 21.6948019125349
338 20.3980352023904
339 20.1141550314359
340 20.4909016384512
341 20.8810534932099
342 21.1828953259015
343 20.0596315111431
344 18.9954491539087
345 17.7576641586614
346 17.4720833461179
347 17.8324896313778
348 18.2667149034623
349 18.7068122712337
350 19.1156484740135
351 19.554438974125
352 19.9425111933968
353 20.376003571692
354 20.8237735357032
355 21.3295619509445
356 21.8371272425198
357 22.3422043732906
358 22.8359340627165
359 23.2731836193218
360 23.6485496990073
361 24.0606918319107
362 24.4572437072566
363 24.8059090763454
364 25.1988461772619
365 25.5306469480167
366 25.8947620533628
367 26.2115922169449
368 26.5198210560555
369 26.86988959924
370 27.203995870184
371 27.5310845032955
372 27.8904964841854
373 28.1645422011723
374 28.5535072411778
375 28.9285844734025
376 29.2233458623849
377 29.5132961941885
378 29.7991396378749
379 30.1041971534055
380 30.410352211491
381 30.6189831588973
382 30.9017007360121
383 31.130667522813
384 31.3953927410095
385 31.6219014046108
386 31.8744776183508
387 32.0905494616339
388 32.3023060117463
389 32.5110859073628
390 32.7457162067937
391 32.9766756675903
392 33.20274089593
393 33.3966390990519
394 33.6104998807927
395 33.7883923346769
396 33.9310187693438
397 34.1125586525432
398 34.2156632194888
399 34.1658734963718
400 34.2411553110915
401 32.4884579982661
402 30.7618412662124
403 28.9938637286634
404 26.9491381813085
405 25.0375246025971
406 23.3485973530521
407 21.3431412589954
408 19.8327007339539
409 18.3377573608472
410 17.0237695339849
411 15.8648924332306
412 14.8927923847251
413 13.7587544746198
414 12.7683062994144
415 11.8654766678861
416 10.9788677668733
417 11.3778215068384
418 12.0338395173643
419 12.7339597352023
420 13.3343276994698
421 14.0007070291993
422 14.5366577295521
423 15.1561685555227
424 15.6747555062156
425 16.2464782696526
426 16.6578643355014
427 17.1785110992486
428 17.6276954119893
429 18.0660920425558
430 18.5216542169626
431 18.9931093081159
432 19.3984168346026
433 19.8509314758599
434 20.3104390764625
435 20.7998819148261
436 21.2287129073076
437 21.6527830029951
438 22.0722324625733
439 22.4853619425089
440 22.8867796988889
441 23.2669063100045
442 23.5940854722656
443 23.9156335895276
444 24.0885879313143
445 24.1666626722986
446 22.7998660958849
447 20.9462552778389
448 19.245562292455
449 17.1704236655615
450 15.5724765674961
451 14.0577908082347
452 12.5377578665754
453 11.1034403050533
454 11.1682878778751
455 11.5305494464604
456 11.9946776328805
457 12.7030707680151
458 13.5558785326159
459 14.4732844692866
460 15.3280389838195
461 16.055993579602
462 16.7319269032786
463 17.3448924382369
464 17.8496712530571
465 18.3780900992813
466 18.819765960996
467 19.2993287228914
468 19.7027918131608
469 20.1497601781173
470 20.5305150779742
471 20.9031094425335
472 21.2681963043919
473 21.6715062950634
474 22.0216038777081
475 22.4108576087678
476 22.7419104869942
477 23.1058191410759
478 23.3844221028049
479 23.6745513655183
480 23.9893406789515
481 24.232370931307
482 24.4399138339166
483 24.4055709199083
484 22.760622835609
485 21.1772737932491
486 19.9626533825544
487 18.5844460068408
488 17.2907135253963
489 15.905226845178
490 14.5875280604302
491 14.5052738432417
492 14.7525303368595
493 15.0017873376187
494 15.2791370684657
495 14.2676514779746
496 12.9914638760632
497 13.0672436710349
498 13.6156372805669
499 14.1994924189683
500 14.8660787868366
501 15.5561940535535
502 16.1327541577162
503 16.7295698498458
504 17.2834994747919
505 17.7535986634678
506 18.2712742680235
507 18.7549025899095
508 19.2205744547217
509 19.6713848079027
510 20.0897916553368
511 20.5676916277432
512 20.9228997858588
513 21.2782321150858
514 21.7249369364625
515 22.1029843421343
516 22.4846885647286
517 22.8112435382065
518 23.175019271338
519 23.48674031066
520 23.8367542072865
521 24.1843847439975
522 24.5456683928362
523 24.892890421719
524 25.1562613192043
525 25.5544922550571
526 25.8676579175225
527 26.1636318046795
528 26.5698648274451
529 26.8887902968535
530 27.2868492015799
531 27.5976001744603
532 27.9015069406825
533 28.1990756139458
534 28.5338434351306
535 28.8231224942502
536 29.137811986009
537 29.4493763938197
538 29.7180211501064
539 30.0490737117146
540 30.3746034211538
541 30.6796919530538
542 30.9829010607312
543 31.2761579952658
544 31.5611109472751
545 31.7874206127789
546 32.0634027420538
547 32.3034933113869
548 32.5394293480455
549 32.7717364155437
550 32.9968094375462
551 33.221264444622
552 33.4646809052725
553 33.7102693845083
