0 0
1 0.000946993872151573
2 0.112605913762679
3 0.0638451579617659
4 0.0255567740200276
5 0.0222795008760355
6 0.051021780827771
7 0.110189941841732
8 0.197910571143045
9 0.13706247888781
10 -0.0314772565582573
11 -0.180497408949345
12 -0.262698300442685
13 -0.275149365482977
14 -0.223715739792444
15 -0.162708538689365
16 -0.0559315513155864
17 -0.00137224687707619
18 0.0617995794054816
19 0.110896456648874
20 0.155735249453081
21 0.203104620108049
22 0.234360758412865
23 0.26252182423869
24 0.282262651535114
25 0.332750515085215
26 0.346985076817383
27 0.356095616943879
28 0.354108890084267
29 0.349872026429642
30 0.350379273566136
31 0.354743038097627
32 0.365861532136713
33 0.392343189493516
34 0.417867550264495
35 0.450118681502334
36 0.488332376262088
37 0.529537118078763
38 0.572370552419382
39 0.613501523692592
40 0.663894606919577
41 0.706687229492976
42 0.747547859092609
43 0.804423534589745
44 0.870225246805427
45 0.910656112823637
46 0.939162853612369
47 0.974095454003181
48 1.00660071838584
49 1.04862784681232
50 1.15311347756444
51 1.18767189377909
52 1.24072787356175
53 1.28162912595743
54 1.34619924701935
55 1.39968831609363
56 1.49766637593821
57 1.60789215623552
58 1.75072945336049
59 1.89342025479003
60 2.06860435510454
61 2.23785931799857
62 2.4341948019887
63 2.61561863808172
64 2.83927075545192
65 3.06851683919917
66 3.24875273469099
67 3.56753286847211
68 3.78042658596393
69 3.74676978628558
70 3.45924092488534
71 3.23397493913773
72 3.03520633627472
73 3.15079214207088
74 3.48300489081788
75 3.72220759117683
76 3.37666795332806
77 3.14632158486954
78 3.24116349041501
79 3.55026366485725
80 3.84104562664539
81 4.13652674932279
82 3.71913782635162
83 3.36767932981252
84 3.00917475160128
85 2.98592596094424
86 3.15015121043285
87 3.33894362665435
88 3.47729869074487
89 3.54895695270594
90 3.57663024027414
91 3.58945613808752
92 3.63678164318727
93 3.61810897890114
94 3.58671839071027
95 3.4878171141095
96 3.42083610727037
97 3.29718771394827
98 3.16093260169953
99 3.01769078707661
100 2.88068993049462
101 2.67488741579532
102 2.54812379365982
103 2.32408512410932
104 2.10730094156459
105 1.92807157386582
106 1.75464710035038
107 1.61968135379211
108 1.46994557753695
109 1.31875925677954
110 1.23307821115914
111 1.18071939722406
112 1.14448020280755
113 1.07147329303165
114 1.05955069346031
115 1.06825371731632
116 1.07640492467875
117 1.08509897516976
118 1.07759389216807
119 1.13265414893897
120 1.07400085248188
121 0.965090768309664
122 0.957563793439766
123 0.759760411314284
124 0.561376575895355
125 0.371862938562121
126 0.200522352539868
127 0.146304437656191
128 0.0327008222693636
129 -0.039777238056608
130 -0.0480240700816719
131 0.120523464208254
132 0.254977095128096
133 0.427621357166413
134 0.665477212363462
135 1.31192564883326
136 1.74710609865321
137 2.24763225446369
138 2.94695821082371
139 3.72078391171924
140 4.4500107343361
141 4.83744927624014
142 5.05061323716535
143 5.78659039411025
144 5.87867055514075
145 5.91594246737554
146 5.91311436979778
147 5.97320960786738
148 5.76706457569451
149 5.60535011095403
150 5.22299190924851
151 4.82762386142064
152 4.44454530847056
153 3.96842946698156
154 3.4202975216711
155 3.65854076072565
156 3.81910431635816
157 3.86922480965262
158 3.86506591958666
159 3.68143228460828
160 3.52956008831429
161 3.32517956890828
162 3.12847420246344
163 2.93163798065838
164 2.58700246722242
165 2.2995857041898
166 2.04737108237076
167 1.78099526706687
168 1.51742732297151
169 1.09475065808782
170 0.955095012156833
171 0.763267596265149
172 0.700423551280461
173 0.44405648088018
174 0.379643792395701
175 0.352793229514416
176 0.274741917801831
177 0.143186476305019
178 -0.101700843405168
179 -0.376380698711489
180 -0.849734604921668
181 -1.82880569492737
182 -2.38778488551756
183 -3.35727560359558
184 -4.21990747174415
185 -4.46189133656838
186 -5.12398334132089
187 -5.20752227698848
188 -5.29324735928485
189 -5.09343049211647
190 -4.58591044550647
191 -4.07557595928148
192 -3.71904146777766
193 -4.01046793008097
194 -4.20335639199007
195 -4.09761813754076
196 -3.83090988931824
197 -3.48755644497667
198 -3.00490161157723
199 -2.51993579459325
200 -2.01223926622396
201 -1.64802235748497
202 -1.134393408114
203 -0.874230669798332
204 -0.569485636750294
205 -0.331962132346871
206 -0.115583454604357
207 0.0511810351348154
208 0.288806843736032
209 0.435478554701125
210 0.606553163769573
211 0.809719345072071
212 0.989121848554074
213 1.15896263755132
214 1.34044248126152
215 1.8094818238667
216 2.08995951073417
217 2.35281453550285
218 2.72207836552281
219 3.16563077644589
220 3.56141147934373
221 4.05976096076695
222 4.5999146847988
223 4.53852878254228
224 4.47805894619822
225 4.40079735520282
226 4.16878117083949
227 3.92586803986567
228 3.64685042666416
229 3.35732672847396
230 3.66950330271989
231 4.09858093619656
232 4.4152475935965
233 4.62924922507751
234 4.72824458804363
235 4.50793382913504
236 3.77021704420808
237 3.60224177541771
238 3.44678103712488
239 3.29176527583814
240 3.08359532335774
241 2.88736203120433
242 2.71564772010482
243 2.55811948922487
244 2.50178482440642
245 2.42675158705407
246 2.43021999573851
247 2.51060524255729
248 2.55707929484
249 2.6250469909493
250 2.6913663996336
251 2.77224412678543
252 2.8981525518786
253 3.01073700747954
254 3.09377218653834
255 3.20718408541097
256 3.34218941904481
257 3.46366670667941
258 3.55702452743848
259 3.61816846353733
260 3.67257415365571
261 3.70724642385894
262 3.69881424117217
263 3.65215039668969
264 3.64621175250327
265 3.54589812521975
266 3.41103807522818
267 3.26373015675039
268 3.09358166548774
269 2.9100989457996
270 2.74081277062517
271 2.56412329153195
272 2.39515792625558
273 2.28079593915636
274 2.09360768387496
275 1.94834422982367
276 1.80346485509984
277 1.70135863198099
278 1.65596375104398
279 1.60544244551861
280 1.57890084619523
281 1.55791150751401
282 1.50359114692533
283 1.49844669144807
284 1.50730423872306
285 1.53057218388625
286 1.55016988578147
287 1.56954852199195
288 1.61597250411152
289 1.63829567097511
290 1.64859948158065
291 1.6957254917374
292 1.64574848805708
293 1.64159418952416
294 1.67066614587466
295 1.68087307038294
296 1.68570493477127
297 1.68528221280111
298 1.70929367176552
299 1.71237443079468
300 1.71839578565345
301 1.7287563427402
302 1.75853507176602
303 1.79205628349891
304 1.8401089079294
305 1.91025317494538
306 1.97218876182924
307 2.04954445267202
308 2.15437863059394
309 2.27236017314543
310 2.37979549744195
311 2.48397666538218
312 2.71740848547356
313 2.8721254792126
314 2.98087185167903
315 2.86730595089643
316 2.76203877552829
317 2.69661781392955
318 2.70421422826445
319 2.96149285181093
320 3.20206117014128
321 3.3708998013537
322 3.68886993956553
323 3.50109403527173
324 3.32190274807345
325 3.23439639324245
326 3.04384364909869
327 2.91026619236018
328 3.13399447713306
329 3.32665984943992
330 3.52636291117564
331 3.28998640733181
332 3.09426487734269
333 2.99190608284109
334 3.24734256092383
335 3.46497491957279
336 3.79576608374537
337 3.48810843987754
338 3.24650704397916
339 3.30091598234643
340 3.64229505623276
341 3.93284005026017
342 4.16893689490961
343 3.81978056901178
344 3.52262116936449
345 3.17350214949513
346 3.14724756201384
347 3.32255446604723
348 3.44988537539055
349 3.54430804282627
350 3.55905433285675
351 3.58058693058746
352 3.60578588883982
353 3.62644881976853
354 3.59514675174002
355 3.51740260397986
356 3.39338959751684
357 3.27755081733395
358 3.05474947316312
359 2.89227583232085
360 2.75418253894835
361 2.54659915049658
362 2.4352070200415
363 2.27211334521288
364 2.08831172405518
365 1.926475875904
366 1.81910786448554
367 1.69453411044289
368 1.58179002352532
369 1.43158980410405
370 1.34568045642001
371 1.29177906968508
372 1.24782140897941
373 1.22346650296598
374 1.1474127886845
375 1.12275211094053
376 1.11460164050801
377 1.10177586631448
378 1.0818930143672
379 1.13873345691625
380 1.06398327158417
381 0.960140769160011
382 0.836338236584613
383 0.781124699738962
384 0.610454639402996
385 0.436906476304763
386 0.264876608556562
387 0.12663451197905
388 0.0868584693159156
389 0.00253397334595961
390 -0.0546848606883355
391 -0.0385790691676035
392 0.159231919083947
393 0.305903705837031
394 0.53200059798403
395 0.825602872543938
396 1.39044859467243
397 2.02326982396378
398 2.58137303565465
399 3.44744733182158
400 4.2981604204286
401 5.04243247801631
402 5.38963508311996
403 5.61820872125643
404 6.42634651274359
405 6.67860236347843
406 6.7757221040704
407 7.00756264293023
408 6.9595052616991
409 6.79566819810058
410 6.39742427526176
411 6.10074805001196
412 5.63561390400563
413 5.05443133115835
414 4.5341783266896
415 3.99478317840821
416 3.4380166062616
417 3.41902556530481
418 3.34239680165715
419 3.15596836768564
420 2.94179793854824
421 2.69897013176171
422 2.51919879817726
423 2.28274607683687
424 2.04794012271212
425 1.81681226914728
426 1.63947913048922
427 1.51912044455829
428 1.38510959848434
429 1.26523453102391
430 0.954097012268129
431 0.815840982410725
432 0.797891583747184
433 0.777107009681001
434 0.566679981512363
435 0.548812347251413
436 0.552574014468109
437 0.525581005315908
438 0.408506825508519
439 0.213802235488102
440 -0.125301944854924
441 -0.55598377834118
442 -1.60248805173222
443 -2.35270836541498
444 -3.06261341021619
445 -3.7698832118238
446 -4.03476023010185
447 -4.21723378685078
448 -4.67479684922084
449 -4.62271363644989
450 -4.62954911858392
451 -4.32685462158721
452 -3.89640424694342
453 -3.41340799916579
454 -3.73299843469225
455 -4.0954142231439
456 -4.31765602292768
457 -4.41992385577062
458 -4.28169747237796
459 -3.94617299755687
460 -3.45726106516725
461 -2.94029710422868
462 -2.50387977875104
463 -1.88205526776181
464 -1.48929095313889
465 -1.08498042762676
466 -0.749937080997926
467 -0.422478546845937
468 -0.149981305647539
469 0.105552661423416
470 0.311513494963257
471 0.492825181901926
472 0.664838405920822
473 0.904770995192572
474 1.07098762310847
475 1.25329088161574
476 1.44136458788583
477 1.68034898969034
478 2.06349345848841
479 2.29383452676485
480 2.67158092988535
481 2.99779031459051
482 3.45976008033709
483 3.89821948094333
484 4.26579914479659
485 4.18807597616544
486 4.06867783936011
487 3.97946764721736
488 3.79589147052234
489 3.59000207107831
490 3.31419232127766
491 3.6112583688305
492 4.00039650981748
493 4.46849778471936
494 4.81239465431524
495 4.29847122477205
496 3.66168731140753
497 3.63895149817109
498 3.68269322851246
499 3.65305123872952
500 3.56042777187249
501 3.37471115313742
502 3.22233060576098
503 3.05163723873417
504 2.81364681519592
505 2.69329671653145
506 2.55622389663505
507 2.49746451388795
508 2.48331067031223
509 2.49508828601369
510 2.59775949304273
511 2.67474365120569
512 2.75219069120439
513 2.82310042518125
514 2.91885241366555
515 3.03839048830326
516 3.13285511824336
517 3.20997135318736
518 3.31350707206638
519 3.40690180081091
520 3.51362689918563
521 3.607522446814
522 3.63935253384326
523 3.68211239223891
524 3.70444008640504
525 3.69165231010002
526 3.64986369748061
527 3.66016680877741
528 3.54771519948585
529 3.44249852273406
530 3.25536856812854
531 3.11922245764793
532 2.96494951996132
533 2.80873303512026
534 2.63919440656411
535 2.47474002913408
536 2.34373250697663
537 2.15185191158677
538 2.02042838116556
539 1.85682432779037
540 1.73718429219498
541 1.65332160584994
542 1.60529680703553
543 1.56930097205316
544 1.57603873902485
545 1.50403774974609
546 1.49392019617225
547 1.5117136597988
548 1.52804845432578
549 1.54323069013148
550 1.58958480416383
551 1.61281039596219
552 1.67209901385145
553 1.68088921460311
