0 0
1 -0.374531566539359
2 -0.374531566539359
3 -0.374531566539359
4 -0.374531566539359
5 -0.374531566539359
6 -0.374531566539359
7 -0.374531566539359
8 -0.366663042255876
9 -0.0599753679426279
10 0.0654089773359817
11 0.109103089997453
12 0.0943129935195481
13 0.070029763376092
14 0.0390686966109484
15 0.0101804080419074
16 0.0078151905681576
17 -0.00359463784313041
18 -0.00914874081315422
19 -0.0130522324640638
20 -0.0174605236002917
21 -0.0170939450291049
22 -0.018392698876363
23 -0.0182667276031622
24 -0.0181828561216166
25 -0.0202103963131316
26 -0.0191478161861798
27 -0.0173262641398451
28 -0.0156264403710939
29 -0.0146501910024498
30 -0.0136382469250636
31 -0.0131755019354349
32 -0.0128913512376673
33 -0.0133349524210219
34 -0.013458365387075
35 -0.0139486188550943
36 -0.0143397323177863
37 -0.0148969037300731
38 -0.0156428550684065
39 -0.0157311778619195
40 -0.0164632563726528
41 -0.0167793647329196
42 -0.0173470799165141
43 -0.0177236546224354
44 -0.0188119741248122
45 -0.018564319777637
46 -0.0187245730323376
47 -0.0187522519644823
48 -0.0188821106101646
49 -0.0191061899710515
50 -0.0210346100525712
51 -0.0211615916094083
52 -0.0206169184807869
53 -0.0208830404080976
54 -0.02163615213825
55 -0.021792121163665
56 -0.0231387671697717
57 -0.0242070855494133
58 -0.0259503698730208
59 -0.0273715447150975
60 -0.029435687370736
61 -0.0310698479966338
62 -0.0332512768515327
63 -0.034884002198331
64 -0.0383626794721985
65 -0.039125187889641
66 -0.0415732972544651
67 -0.0450181894992079
68 -0.0479264901361339
69 -0.0508363944419845
70 -0.0537835898587562
71 -0.0569654315909409
72 -0.059844487503281
73 -0.0644644715228005
74 -0.0688758512472603
75 -0.071387449068116
76 -0.0755385972819136
77 -0.0815124269319411
78 -0.0846866407635776
79 -0.0886122635226739
80 -0.0927939553437677
81 -0.0948303595228552
82 -0.0989581305014552
83 -0.101419776306292
84 -0.105549007911364
85 -0.105742591961566
86 -0.10591331569696
87 -0.106239017178644
88 -0.102999269207669
89 -0.10064583705296
90 -0.0941935309058996
91 -0.0930101711134993
92 -0.0889870539696164
93 -0.0856266233393788
94 -0.0794868977357421
95 -0.0763290775528969
96 -0.0720488581359163
97 -0.066423124035386
98 -0.0620450472480439
99 -0.0572272759952737
100 -0.0507987887974785
101 -0.048187406784076
102 -0.0438789146110964
103 -0.0379993727687927
104 -0.0337894108251601
105 -0.0279722462286315
106 -0.0276234617949857
107 -0.0237292291481551
108 -0.0213500260875625
109 -0.0183996897282916
110 -0.0173467484580091
111 -0.0161675988992224
112 -0.01539772831969
113 -0.0138124857098547
114 -0.0138677597006512
115 -0.0135882315314621
116 -0.0135277303530651
117 -0.0132805569451472
118 -0.0128031919011983
119 -0.0136963781386306
120 -0.011877814059238
121 -0.0106137657855103
122 -0.010235576261804
123 -0.00747959509661584
124 -0.00541801598253982
125 -0.00326301100691816
126 -0.00154032569559533
127 -0.00151250808965081
128 0.000251489214132303
129 0.000477942650203534
130 0.000594120309966156
131 -0.00207701321179007
132 -0.00268257569929806
133 -0.00482733422815596
134 -0.00815083747359597
135 -0.0144243110220288
136 -0.0171826501802318
137 -0.0225023128598328
138 -0.0292532777115342
139 -0.0365054178731423
140 -0.0508921200436291
141 -0.0586435899060835
142 -0.0687448070094317
143 -0.0906539666892071
144 -0.101421425809404
145 -0.116299324995742
146 -0.134639961787566
147 -0.159906059229678
148 -0.180719865931121
149 -0.19171198784876
150 -0.208535518933328
151 -0.223325770533216
152 -0.234653166107917
153 -0.250880011105862
154 -0.257262825718924
155 -0.254558542954567
156 -0.24018983538338
157 -0.22237689536989
158 -0.197926057494155
159 -0.178310838151807
160 -0.159628152276927
161 -0.138235272141203
162 -0.122730332124078
163 -0.100576936344066
164 -0.0905692761138898
165 -0.0727637630506384
166 -0.0631149563962007
167 -0.0505527052312458
168 -0.0412700183710229
169 -0.0253786049052694
170 -0.0179534419943611
171 -0.020519824575705
172 -0.017117854389714
173 -0.00733570745075169
174 -0.00945022881903428
175 -0.00701929924952527
176 -0.00530854745744961
177 -0.0009342967575914
178 0.00350573198961802
179 0.0114011327879305
180 0.0182525521807017
181 0.041044470564226
182 0.0546840101531365
183 0.0602830827318785
184 0.0781827612795939
185 0.0988278510387274
186 0.142844632906495
187 0.174313766571013
188 0.210818235023369
189 0.22926316388816
190 0.262706967671401
191 0.291021853601087
192 0.304394665230384
193 0.301308823953652
194 0.269366709476995
195 0.226923858349708
196 0.196166528405554
197 0.158449869338593
198 0.123236338643253
199 0.0963100624190731
200 0.0688317176777168
201 0.0425712661774281
202 0.03761401210857
203 0.024468799465482
204 0.0145252832111481
205 0.00767370723719945
206 0.00115739014247689
207 -0.00593503323412324
208 -0.00841114986303633
209 -0.0123271825944678
210 -0.0159452982461209
211 -0.02054680160402
212 -0.023270659295888
213 -0.0264311545265877
214 -0.0310520496211499
215 -0.0400002563881828
216 -0.0420887927196966
217 -0.0469931914247459
218 -0.0529472425683964
219 -0.0600203207722886
220 -0.0691095248743537
221 -0.0767115155141478
222 -0.0948069387782995
223 -0.103679946145776
224 -0.122980328173504
225 -0.126582269614716
226 -0.141888283033185
227 -0.157107590127808
228 -0.172003827430414
229 -0.184186550385858
230 -0.198529727893935
231 -0.20313401417644
232 -0.205086849587366
233 -0.200546449570555
234 -0.190144391998636
235 -0.178761587241664
236 -0.180151840740173
237 -0.161824185768153
238 -0.140112522096992
239 -0.127730505413696
240 -0.109945075099851
241 -0.0994710923134101
242 -0.0875053039731773
243 -0.0795216853829204
244 -0.0714963964215935
245 -0.0707704614075002
246 -0.0666447548286457
247 -0.0673604262357471
248 -0.0651024585024539
249 -0.065296066873957
250 -0.0642407011082156
251 -0.0639334950314449
252 -0.0648499042159153
253 -0.0642153877434425
254 -0.0642713872654182
255 -0.064562893428949
256 -0.0649226814264401
257 -0.0652372994640296
258 -0.0652873925390914
259 -0.0635454325313738
260 -0.0631458454208138
261 -0.0616226574919529
262 -0.0596809783403196
263 -0.0571575136634285
264 -0.0563759921935053
265 -0.0520694102067039
266 -0.0495135073853253
267 -0.0457852061007145
268 -0.0423952958261725
269 -0.0388243226241238
270 -0.0360176141037421
271 -0.0327205246814075
272 -0.0301567227242983
273 -0.0271482420251044
274 -0.0255665968117176
275 -0.0229349930793552
276 -0.0209782761784632
277 -0.019627203247208
278 -0.018919766002309
279 -0.0179776005619583
280 -0.0171271706232063
281 -0.0172401469001209
282 -0.0159896871568696
283 -0.0160919621988277
284 -0.0159109639919742
285 -0.0159581994231676
286 -0.0159557429799988
287 -0.0158876007844322
288 -0.0162870972243535
289 -0.0160886138730793
290 -0.0160560840566656
291 -0.0164402221307542
292 -0.0152221428824773
293 -0.0154802280788593
294 -0.0156042255143497
295 -0.0152774366954279
296 -0.0151077302675423
297 -0.0150886094577328
298 -0.0151969527817446
299 -0.0149344332963181
300 -0.014801555626549
301 -0.014897772479957
302 -0.0150305368890174
303 -0.0151629553970511
304 -0.0154487841400146
305 -0.015900141812365
306 -0.0162428128077193
307 -0.0167928955277495
308 -0.0178665839616134
309 -0.0182123031663556
310 -0.0190846503822
311 -0.0201088158610593
312 -0.0216868550854419
313 -0.0225447119566021
314 -0.0239377508847762
315 -0.0247940846943649
316 -0.0269809967293966
317 -0.0279035023049644
318 -0.0304827332386816
319 -0.0321382758155961
320 -0.0343577196314343
321 -0.0364813568110987
322 -0.0389099479703843
323 -0.0406182014081687
324 -0.0428948360255817
325 -0.046163080271435
326 -0.0485502210413049
327 -0.0492935617449329
328 -0.0533878159493501
329 -0.0539343910306733
330 -0.0566890963484707
331 -0.059003351421808
332 -0.0614174499744548
333 -0.0663565473597665
334 -0.0680945583270436
335 -0.0722117789784311
336 -0.0764850097566965
337 -0.0808959316064815
338 -0.0828148711894353
339 -0.0872172531820022
340 -0.0923766397696407
341 -0.0946421521410407
342 -0.0972184314574098
343 -0.100772764269174
344 -0.103958084402422
345 -0.107355098539126
346 -0.107801478424292
347 -0.109301216197388
348 -0.107429368130958
349 -0.104307027861852
350 -0.0985235098967515
351 -0.0972409550123107
352 -0.0933914371525272
353 -0.0902803270481999
354 -0.0851842002836511
355 -0.0793271407880042
356 -0.0729695262952637
357 -0.064638297542609
358 -0.0610897274294855
359 -0.0548699064243639
360 -0.0484361670630453
361 -0.0464958694146291
362 -0.0423087771757656
363 -0.0384148782663944
364 -0.0339497692869656
365 -0.030862479130651
366 -0.0285182460644161
367 -0.0257353122155224
368 -0.0236299017927004
369 -0.0203927510483105
370 -0.0193502715979706
371 -0.0180271067740058
372 -0.0170668125137757
373 -0.0165456889034173
374 -0.0146208472561583
375 -0.0145144511931806
376 -0.0139764285141232
377 -0.0135921289476047
378 -0.0130292319200863
379 -0.0139265719342443
380 -0.0117625674687811
381 -0.0107910602298858
382 -0.00886837372964649
383 -0.00869240021912071
384 -0.00574665713356208
385 -0.00424797719205873
386 -0.00212723267172013
387 -0.00094190168868873
388 -0.000885817734433346
389 0.000402374955902251
390 0.000629750585996903
391 0.000263744469795617
392 -0.00248284755213769
393 -0.00322748507619937
394 -0.00605619219721452
395 -0.00874647428413556
396 -0.0165995671113822
397 -0.0199101909697108
398 -0.0257188248312269
399 -0.0346679477615963
400 -0.0412794350119829
401 -0.0549341865539854
402 -0.0619575826217165
403 -0.0730630140085799
404 -0.0979248438225482
405 -0.110420557670897
406 -0.12786297359304
407 -0.156409200751242
408 -0.171273596655024
409 -0.194649498079557
410 -0.218560017305169
411 -0.223683463494438
412 -0.241060626382897
413 -0.251366609522761
414 -0.265382022209199
415 -0.272003041404771
416 -0.27765957571682
417 -0.248297079468449
418 -0.219294072187532
419 -0.185344854231448
420 -0.161750326795125
421 -0.13380079489519
422 -0.120452377623621
423 -0.0973955298040301
424 -0.0843601864234595
425 -0.0683258468133805
426 -0.0609898088784571
427 -0.0526041892884727
428 -0.0457967433295426
429 -0.0399001593944831
430 -0.0223206106297678
431 -0.0256002566539618
432 -0.0216857485306264
433 -0.0212313471252124
434 -0.011763634676637
435 -0.0147663141504648
436 -0.0140781344557296
437 -0.0112197603851709
438 -0.0080532278528797
439 -0.00129498306153267
440 0.00453716702033692
441 0.0144409441773619
442 0.0393642273429345
443 0.0465354521759992
444 0.0610246002931095
445 0.0787024699130329
446 0.0911297947819768
447 0.103569930336479
448 0.139511809187556
449 0.164373298830693
450 0.197562998397611
451 0.220003789257357
452 0.249790002115939
453 0.277787687925896
454 0.28841246268272
455 0.288859925799093
456 0.276475292168743
457 0.249741903024505
458 0.213324690492357
459 0.174813165552022
460 0.138486949035689
461 0.109400537961933
462 0.0729191098342274
463 0.0640433670840914
464 0.043552167417315
465 0.0303719183229979
466 0.0192688710394356
467 0.00885482879364634
468 0.00187878687791002
469 -0.00516434166966817
470 -0.00945046140865979
471 -0.0136346200939285
472 -0.017098589454399
473 -0.0227654736194708
474 -0.024497129659414
475 -0.0282512038957186
476 -0.0310588682950849
477 -0.0354175998503555
478 -0.0431762843471849
479 -0.0481776649654528
480 -0.0504123549579403
481 -0.0575196665566475
482 -0.0633579955354378
483 -0.0717330990422428
484 -0.0926550833951076
485 -0.0988588572777401
486 -0.108817541576893
487 -0.123228095992195
488 -0.133640196841704
489 -0.150512462260673
490 -0.163020533693175
491 -0.17786059571161
492 -0.192296901556833
493 -0.195139691777354
494 -0.201322820252959
495 -0.211194267040494
496 -0.220692314695148
497 -0.206427110304111
498 -0.19355224131883
499 -0.176158229977083
500 -0.157149398856329
501 -0.136302048196441
502 -0.124165112158212
503 -0.102728074447349
504 -0.097263095866007
505 -0.0868041968399084
506 -0.0784561505969587
507 -0.074002666616356
508 -0.0703315667744997
509 -0.0678615644132206
510 -0.0688204306613684
511 -0.0665202494399469
512 -0.0670361852529053
513 -0.0661817836932148
514 -0.0654883895747749
515 -0.0662836535027395
516 -0.065474892142904
517 -0.0653852473874872
518 -0.0653643814009515
519 -0.0654093195025197
520 -0.0654298183085096
521 -0.0651070135468074
522 -0.0632879569197794
523 -0.0626432252918477
524 -0.061269173300388
525 -0.0591840511802139
526 -0.0571736879773721
527 -0.0555049367245199
528 -0.0523939409990122
529 -0.0483338970566131
530 -0.0458644307631992
531 -0.0427868053745476
532 -0.0398321974632274
533 -0.0369611647853961
534 -0.0338051286618545
535 -0.0312142935627635
536 -0.0277460626638248
537 -0.0263032435355804
538 -0.0239267364440733
539 -0.0213993543327994
540 -0.0186100637735418
541 -0.0192196276002876
542 -0.0175581049268297
543 -0.0172871634393113
544 -0.0170647521853809
545 -0.0156629153156324
546 -0.0157888199342791
547 -0.015653151349879
548 -0.0156309575305637
549 -0.0155402549595882
550 -0.0159563080662242
551 -0.0157707096156482
552 -0.0163742719020749
553 -0.0158481500371316
