0 0
1 1.99829924916821
2 1.99829924916821
3 1.9712872925814
4 1.86516885582377
5 1.68187543083682
6 1.38067079158798
7 0.864721117810224
8 0.212521071601326
9 -0.5423680983353
10 -1.58411271061392
11 -2.01417347176524
12 -1.79817724812348
13 -1.26341618260034
14 -0.595994812383057
15 -0.0661804782494078
16 0.420671344757865
17 0.684458529533573
18 0.906426531356494
19 1.04908071493213
20 1.1594171689323
21 1.2303010662457
22 1.26082383310925
23 1.26950662629466
24 1.26435006809304
25 1.27179799329165
26 1.23879421082915
27 1.19155406759082
28 1.11076586833914
29 1.05424232354321
30 1.00573344900046
31 0.97655336518801
32 0.962250443879846
33 0.993680725910318
34 1.0092145777489
35 1.0349330711396
36 1.06746956957978
37 1.10499827972645
38 1.14577349872229
39 1.17568679973641
40 1.21984188319108
41 1.25460109052194
42 1.28904372134967
43 1.33297932473646
44 1.39183320367977
45 1.40284875987943
46 1.40677252770151
47 1.40955390845842
48 1.41403421394112
49 1.42416249081485
50 1.53766483354084
51 1.53561254309026
52 1.53136286539328
53 1.52716890262111
54 1.53603915650483
55 1.53532682861527
56 1.59678912352341
57 1.6761846123632
58 1.79269083252863
59 1.91467585652427
60 2.07811832752772
61 2.23861676184242
62 2.4352824132508
63 2.61674350792211
64 2.6946689469969
65 2.84453657179381
66 2.98512024025574
67 3.10699655525347
68 3.24115349115933
69 3.52383560162602
70 3.76411190017171
71 4.04741074552874
72 4.33687724008641
73 4.73746410160155
74 4.96709682136585
75 5.29340574749321
76 5.68232762284805
77 6.03898648011823
78 6.46158549680928
79 6.88573171905605
80 7.06938504674753
81 7.48059835280327
82 7.69953038632738
83 7.96171461790565
84 8.16869758526168
85 8.33195390331675
86 8.40640557434894
87 8.40185227814056
88 8.27716962529514
89 8.10592498187791
90 7.85239727825439
91 7.61377843333754
92 7.31579337516108
93 7.05462902876685
94 6.72757647204309
95 6.37045515464687
96 6.04146259963414
97 5.64886588995292
98 5.29443223372778
99 4.94044870679814
100 4.57961864981999
101 4.19763926114865
102 3.88824805168638
103 3.44533793952185
104 3.05389559747995
105 2.68734680186951
106 2.43865487536059
107 2.17384134462161
108 1.91510955454572
109 1.62439735657464
110 1.47686359534214
111 1.37318837763519
112 1.3029947438734
113 1.17497985324696
114 1.15613301067971
115 1.1675407387411
116 1.19207414043837
117 1.23193757582934
118 1.27050187050404
119 1.45977297220025
120 1.40151797100849
121 1.30051252464478
122 1.38751649974325
123 1.13757770696098
124 0.867598334465641
125 0.575147186396959
126 0.284407114338209
127 0.178702959080081
128 -0.121506579312695
129 -0.358391231322908
130 -0.553467453193065
131 -0.502325819408538
132 -0.636930501931401
133 -0.691829107192652
134 -0.672889131941718
135 -0.428191323505057
136 -0.392482764513201
137 -0.252689405630058
138 0.0811716622586636
139 0.639052341656116
140 1.34121263385012
141 2.38261117696191
142 3.58978940572628
143 3.9556773858008
144 6.6519009140667
145 9.38577464844586
146 12.6305710378173
147 17.1244070767398
148 19.8690428626982
149 24.3892516038151
150 25.5445162796508
151 25.6195016654139
152 26.6972228376162
153 25.3266585810644
154 23.5251976935829
155 21.6927352875041
156 19.6333035329188
157 17.5036575548894
158 15.703010310938
159 13.5149962625474
160 11.9900285200473
161 10.4470707452724
162 8.98278701060306
163 7.86552330063183
164 6.68410797269811
165 5.64737948969018
166 4.87987036702176
167 4.08947153887414
168 3.40191519117422
169 2.5859026461784
170 2.21421598550599
171 1.91047951353362
172 1.75159086909595
173 1.35318178631353
174 1.31981620346959
175 1.30837552009651
176 1.26617114319298
177 1.14025638947146
178 0.885143337379856
179 0.533885819621969
180 -0.0377876799995303
181 -0.662718476521901
182 -1.50900009759738
183 -2.9004401428595
184 -4.52650361807859
185 -7.59916843706605
186 -13.6593195482636
187 -20.7980474144445
188 -32.5033377603492
189 -36.8715527904019
190 -35.6344988984013
191 -32.6994780224272
192 -30.0739622415795
193 -25.6629858538051
194 -21.0202803223595
195 -16.7869699971119
196 -14.011086797283
197 -11.176378467514
198 -8.81431531652519
199 -6.98334505541998
200 -5.10991889703102
201 -3.93089735614397
202 -2.79544456660316
203 -2.092069676481
204 -1.3895417229165
205 -0.87825612235591
206 -0.425436837726797
207 -0.0695052560568914
208 0.313594969680363
209 0.56147391481845
210 0.821797136445735
211 1.0307660890579
212 1.25239368705314
213 1.46315093614036
214 1.70184230165249
215 2.08710214200004
216 2.38021902009136
217 2.70753483710589
218 3.18567996996904
219 3.79707560592274
220 4.44912032253372
221 5.2045699796106
222 6.20269659691819
223 8.18379150174912
224 10.3581764234436
225 12.2410074740361
226 14.1718288907149
227 16.3442418228277
228 17.688322095608
229 18.3641222071391
230 19.8796370618224
231 19.6578317181945
232 18.8842713149468
233 17.8333635711343
234 16.4483553648655
235 14.7554357923762
236 13.2527701253832
237 12.0730298231171
238 10.6279929390851
239 9.38907474958685
240 8.36074561708267
241 7.57462654538881
242 6.84631550392122
243 6.40452273177723
244 6.0135771888652
245 5.68117483235949
246 5.47829355122753
247 5.22722354584688
248 5.13927532128885
249 5.05456745560753
250 5.02423269931155
251 5.01322633095762
252 4.98884598193683
253 5.0069717361967
254 5.01868560972978
255 5.07392656442437
256 5.14958972428946
257 5.22280792483163
258 5.26951621191577
259 5.34107953528761
260 5.35024607523974
261 5.32832661769788
262 5.26670558365301
263 5.15248156563601
264 4.97152896492917
265 4.73713208046649
266 4.53016017732536
267 4.27285361764778
268 3.99396930746713
269 3.70740845434372
270 3.45806964238109
271 3.16354619371047
272 2.91805540405168
273 2.68343150861249
274 2.42387945402371
275 2.18763235451203
276 1.98827395615405
277 1.83736051505267
278 1.66768498685584
279 1.54519237972801
280 1.44485399012332
281 1.3597424048605
282 1.39327707868797
283 1.38527222231939
284 1.39426386277126
285 1.39959259235938
286 1.4318928989319
287 1.47351994984471
288 1.48269509032774
289 1.50639546917257
290 1.52230028480197
291 1.57721675820592
292 1.47703230194137
293 1.46338080019381
294 1.48942620588681
295 1.48402339917991
296 1.47741737408676
297 1.4678514660087
298 1.48377262664808
299 1.44862418949005
300 1.41574900017554
301 1.38056715085218
302 1.38887746200947
303 1.3821265423131
304 1.38544994310536
305 1.4000566385136
306 1.42544755559074
307 1.46690073688257
308 1.53494771897015
309 1.56379736529487
310 1.59872748208193
311 1.64195820007373
312 1.7820449216784
313 1.81586766707831
314 1.86413880710637
315 1.90730157287064
316 2.02729548867181
317 2.15310843937198
318 2.3144127710834
319 2.51755615641647
320 2.72592656188451
321 2.89469812709573
322 2.98462184285967
323 3.11102033881798
324 3.26131199703117
325 3.33327321534415
326 3.43007895043132
327 3.56957968516874
328 3.74684170416905
329 3.88040217938604
330 4.05668738842064
331 4.28327896355986
332 4.51583304595672
333 4.66595147012781
334 5.00598425053088
335 5.32576009223689
336 5.64681264413793
337 5.99632063416785
338 6.39172988744165
339 6.76932422470168
340 7.04303007647578
341 7.47079283951742
342 7.69769776686306
343 7.96277200969445
344 8.19940161472455
345 8.4051376857205
346 8.54541238140101
347 8.58954072546696
348 8.52471925102443
349 8.37246812353539
350 8.15852638935648
351 7.91315729069827
352 7.68273178793243
353 7.37576257119584
354 7.03834070750946
355 6.62193190293994
356 6.1635829102412
357 5.6664691471771
358 5.16535688323733
359 4.74855706414667
360 4.38448665040544
361 4.00910838015535
362 3.71954617390309
363 3.39926552107222
364 3.04299236172993
365 2.74977077186086
366 2.54513067221528
367 2.31428597218352
368 2.11156461642301
369 1.81797297652526
370 1.67027730775854
371 1.56202135225758
372 1.47847919798401
373 1.43605077187507
374 1.29748329465901
375 1.27232189230898
376 1.2686185522136
377 1.27413849055878
378 1.27900088093678
379 1.46794117335462
380 1.39107348769368
381 1.29575711970799
382 1.15285957532492
383 1.18545366462573
384 0.936719997214883
385 0.693824428761079
386 0.40815063969634
387 0.165627835595943
388 0.0663036849922111
389 -0.179831233229202
390 -0.427315809163465
391 -0.617631113813334
392 -0.545034674745665
393 -0.634447881685034
394 -0.662050397414824
395 -0.603829000420684
396 -0.380590320937525
397 -0.274614022665428
398 -0.0607611971122097
399 0.487132180284236
400 1.09094919358444
401 1.59950025339929
402 2.61157286429394
403 3.93343720735298
404 4.87623538087247
405 7.91116150500938
406 11.0630501900956
407 15.71917302104
408 19.5056518522325
409 24.4118394585024
410 26.279665163947
411 26.6868533090585
412 27.8699295455524
413 25.9754973580175
414 23.7063487173894
415 21.6570469150609
416 19.6226174707429
417 17.3551564997331
418 15.14182162891
419 12.9725058752729
420 11.2599447984413
421 9.59634175356746
422 8.25276143959706
423 7.0012278168171
424 6.04488570768572
425 5.12218321933138
426 4.52930103023326
427 4.03768632636148
428 3.57165853458691
429 3.17109083179218
430 2.51628593441409
431 2.24937512468307
432 2.11427818145078
433 2.02274139468376
434 1.67339470335776
435 1.68125745652879
436 1.69831464391422
437 1.66657493050771
438 1.529235547157
439 1.25735371272089
440 0.821657096192676
441 0.212748026056744
442 -0.575199456085263
443 -1.61205362349429
444 -2.86833138657452
445 -4.28124145012051
446 -6.21224769152629
447 -8.82565235694637
448 -13.8993894319075
449 -19.8340226466304
450 -30.4564717020225
451 -35.2193481417292
452 -34.5922521153831
453 -32.4489648914065
454 -29.8757125356949
455 -26.7444710179408
456 -23.383447527463
457 -19.5628845466851
458 -16.0198779611043
459 -12.6788356155946
460 -10.053313077273
461 -8.0037733588775
462 -6.12605180094411
463 -4.58987177391179
464 -3.49235560353237
465 -2.51099161606064
466 -1.74598665137321
467 -1.03699425017369
468 -0.491732442821059
469 -0.00375654717715168
470 0.351849350012321
471 0.652499718206176
472 0.914759475255993
473 1.18243845147161
474 1.37629176098782
475 1.59793448052367
476 1.81319352601582
477 2.09888087287567
478 2.35263906126744
479 2.63020088421255
480 3.04572891839253
481 3.49713817687595
482 4.14530855359883
483 4.92982900413153
484 5.87585216235464
485 7.72443334928399
486 9.30953940059609
487 11.4992763802196
488 13.4398393540113
489 15.6487136671529
490 17.1370620138689
491 18.0431648292849
492 18.4707246190704
493 19.8108028315953
494 19.3475024212831
495 18.5693411880792
496 17.3929558575192
497 16.2745722018009
498 14.9369686544634
499 13.5178111432515
500 11.8992199479618
501 10.4707218836903
502 9.22792040443963
503 8.23507094408593
504 7.39698383809244
505 6.81825314613419
506 6.38814010791946
507 6.01158468683123
508 5.74323156971821
509 5.5515126454448
510 5.35609969744968
511 5.27573617229625
512 5.20842303758959
513 5.18598275033278
514 5.17364558078988
515 5.1350663666841
516 5.13736639489401
517 5.13811657843241
518 5.1735980779609
519 5.21191746329652
520 5.25989332747114
521 5.28950970680897
522 5.33437676007734
523 5.32570178188229
524 5.30039538232506
525 5.2271706640068
526 5.12946707867617
527 4.95658777818165
528 4.72934872445293
529 4.52892947891458
530 4.24719339278014
531 4.01636528316312
532 3.7763576375208
533 3.54119093282154
534 3.26123985395674
535 3.0209522484432
536 2.7618859723322
537 2.50228987390807
538 2.29101069696882
539 2.05732448803382
540 1.85448547017215
541 1.66725937142333
542 1.51561561398472
543 1.39963174736499
544 1.32493580928433
545 1.38276154892588
546 1.37770990188021
547 1.37142688400841
548 1.4005768080334
549 1.43675385882207
550 1.4410023775289
551 1.46428878579738
552 1.54228797196514
553 1.53013654193568
