0 0
1 3.733651
2 3.733651
3 3.734541
4 3.738035
5 3.744058
6 3.753921
7 3.770714
8 3.791759
9 3.815851
10 3.848572
11 3.861205
12 3.853109
13 3.836417
14 3.815242
15 3.799322
16 3.785945
17 3.779882
18 3.776128
19 3.774982
20 3.775835
21 3.778387
22 3.782588
23 3.787778
24 3.792929
25 3.800154
26 3.806979
27 3.814382
28 3.825216
29 3.833129
30 3.841694
31 3.849041
32 3.856137
33 3.86305
34 3.869024
35 3.875927
36 3.882993
37 3.890304
38 3.897934
39 3.904916
40 3.914436
41 3.922213
42 3.930333
43 3.941276
44 3.950205
45 3.960869
46 3.970689
47 3.982348
48 3.992862
49 4.005198
50 4.016254
51 4.027557
52 4.041035
53 4.053398
54 4.069779
55 4.082833
56 4.09815
57 4.111939
58 4.128333
59 4.143344
60 4.161462
61 4.178308
62 4.198915
63 4.218162
64 4.238702
65 4.263825
66 4.287536
67 4.316448
68 4.343421
69 4.375381
70 4.415639
71 4.451958
72 4.48409
73 4.524565
74 4.564533
75 4.598196
76 4.637264
77 4.680317
78 4.723338
79 4.776677
80 4.823227
81 4.892405
82 4.949936
83 4.999032
84 5.046395
85 5.092106
86 5.140973
87 5.199431
88 5.267441
89 5.323819
90 5.38833
91 5.446085
92 5.510181
93 5.559588
94 5.615472
95 5.670562
96 5.717358
97 5.769339
98 5.813404
99 5.855823
100 5.896292
101 5.940151
102 5.981146
103 6.024012
104 6.059733
105 6.092679
106 6.123058
107 6.147024
108 6.171693
109 6.194077
110 6.214462
111 6.23295
112 6.251817
113 6.267294
114 0.0003355583
115 0.01379238
116 0.0249927
117 0.03885792
118 0.05384099
119 0.06549592
120 0.07581074
121 0.08730521
122 0.09722269
123 0.1093968
124 0.1196513
125 0.1289721
126 0.1370006
127 0.1428564
128 0.1481152
129 0.1517166
130 0.1543862
131 0.1564565
132 0.1577601
133 0.158871
134 0.1602473
135 0.1624861
136 0.1656177
137 0.1708005
138 0.1796144
139 0.1878727
140 0.1996521
141 0.2190814
142 0.243226
143 0.2692971
144 0.31381
145 0.3570164
146 0.4136952
147 0.4772763
148 0.5310563
149 0.6071528
150 0.6811545
151 0.758278
152 0.8271194
153 0.9065016
154 0.9941409
155 1.06402
156 1.152388
157 1.24637
158 1.330199
159 1.436901
160 1.516482
161 1.602197
162 1.681877
163 1.746143
164 1.814208
165 1.875042
166 1.929447
167 1.977345
168 2.019144
169 2.051012
170 2.078567
171 2.104375
172 2.121972
173 2.138718
174 2.151356
175 2.1626
176 2.171551
177 2.178885
178 2.184876
179 2.188702
180 2.191025
181 2.190138
182 2.185399
183 2.171926
184 2.150359
185 2.107051
186 2.058465
187 1.989395
188 1.930097
189 1.866868
190 1.76556
191 1.658301
192 1.588649
193 1.467927
194 1.32649
195 1.173616
196 1.062305
197 0.9456567
198 0.8393421
199 0.7549899
200 0.6739466
201 0.620498
202 0.569812
203 0.535692
204 0.5054515
205 0.4848211
206 0.4692078
207 0.4578958
208 0.4486799
209 0.4453996
210 0.4448912
211 0.4468783
212 0.4517865
213 0.458422
214 0.4671519
215 0.4812656
216 0.4968193
217 0.5135068
218 0.5360517
219 0.5622105
220 0.5882206
221 0.6175721
222 0.6500655
223 0.6946748
224 0.7384518
225 0.7796655
226 0.8313513
227 0.8923175
228 0.9552773
229 1.012798
230 1.081109
231 1.160187
232 1.238796
233 1.324116
234 1.426182
235 1.541853
236 1.638456
237 1.724841
238 1.823411
239 1.901121
240 1.97468
241 2.035119
242 2.098547
243 2.149694
244 2.196503
245 2.245817
246 2.285691
247 2.334181
248 2.370354
249 2.405875
250 2.441002
251 2.480973
252 2.520968
253 2.566271
254 2.601987
255 2.643312
256 2.690554
257 2.733243
258 2.771208
259 2.820978
260 2.865976
261 2.911277
262 2.956887
263 3.00265
264 3.042513
265 3.093018
266 3.131662
267 3.174592
268 3.216206
269 3.255955
270 3.289063
271 3.324969
272 3.354635
273 3.382403
274 3.412177
275 3.439831
276 3.465368
277 3.486153
278 3.510453
279 3.527998
280 3.544678
281 3.562845
282 3.577978
283 3.594656
284 3.60875
285 3.624396
286 3.637773
287 3.652889
288 3.667928
289 3.682865
290 3.696005
291 3.711117
292 3.726251
293 3.741515
294 3.756685
295 3.771747
296 3.78494
297 3.800034
298 3.813195
299 3.828176
300 3.841321
301 3.856357
302 3.869447
303 3.884431
304 3.901391
305 3.920343
306 3.933786
307 3.949402
308 3.963306
309 3.981683
310 3.998652
311 4.013985
312 4.032169
313 4.051146
314 4.071047
315 4.088602
316 4.108548
317 4.126044
318 4.145976
319 4.169936
320 4.196352
321 4.218453
322 4.245411
323 4.273308
324 4.301109
325 4.325679
326 4.350364
327 4.378413
328 4.404187
329 4.436139
330 4.470702
331 4.506034
332 4.536338
333 4.570048
334 4.605102
335 4.638422
336 4.679208
337 4.715202
338 4.755834
339 4.796474
340 4.846113
341 4.906136
342 4.957878
343 5.003782
344 5.048049
345 5.09692
346 5.144365
347 5.188518
348 5.241863
349 5.297676
350 5.347981
351 5.406227
352 5.456919
353 5.514484
354 5.571476
355 5.634761
356 5.697011
357 5.7571
358 5.814692
359 5.862747
360 5.902536
361 5.945371
362 5.985014
363 6.01736
364 6.052127
365 6.080438
366 6.110133
367 6.133793
368 6.155528
369 6.178575
370 6.199895
371 6.219395
372 6.23957
373 6.25419
374 6.273791
375 0.009089901
376 0.02304646
377 0.03634536
378 0.04917127
379 0.06295393
380 0.07521273
381 0.08551863
382 0.09698766
383 0.1065492
384 0.1166618
385 0.1248706
386 0.1331774
387 0.1393715
388 0.1444301
389 0.1483663
390 0.1517897
391 0.15416
392 0.1556505
393 0.1565087
394 0.157695
395 0.1591629
396 0.1614174
397 0.1660955
398 0.172376
399 0.1830263
400 0.196019
401 0.2122207
402 0.2348278
403 0.2631792
404 0.2971566
405 0.3417435
406 0.3893308
407 0.4517531
408 0.5142761
409 0.585057
410 0.6626005
411 0.7455416
412 0.8228767
413 0.9241629
414 1.013896
415 1.101738
416 1.186828
417 1.2823
418 1.37527
419 1.469296
420 1.548685
421 1.632267
422 1.698991
423 1.766928
424 1.820516
425 1.87456
426 1.910669
427 1.95274
428 1.98512
429 2.013997
430 2.039814
431 2.066111
432 2.08495
433 2.103239
434 2.11922
435 2.135285
436 2.14696
437 2.15723
438 2.166908
439 2.175756
440 2.183442
441 2.188954
442 2.191775
443 2.189473
444 2.179011
445 2.163372
446 2.138879
447 2.099164
448 2.060704
449 1.994614
450 1.936283
451 1.861569
452 1.769096
453 1.672615
454 1.598524
455 1.510634
456 1.411953
457 1.278554
458 1.140072
459 1.00347
460 0.8876674
461 0.7943683
462 0.7130054
463 0.6433614
464 0.5936523
465 0.5473104
466 0.5148175
467 0.4863462
468 0.4674672
469 0.4521123
470 0.4433286
471 0.4384666
472 0.4369855
473 0.4388465
474 0.4431541
475 0.4512587
476 0.4607408
477 0.4741934
478 0.4881696
479 0.504304
480 0.5261233
481 0.5486141
482 0.5776858
483 0.610846
484 0.6465646
485 0.688731
486 0.7248194
487 0.7694139
488 0.8166284
489 0.8728261
490 0.9310456
491 0.9855614
492 1.040357
493 1.111062
494 1.19086
495 1.272435
496 1.368792
497 1.45286
498 1.53493
499 1.619955
500 1.715356
501 1.807998
502 1.88648
503 1.959524
504 2.027355
505 2.081677
506 2.138479
507 2.19079
508 2.239147
509 2.284478
510 2.327581
511 2.374328
512 2.41038
513 2.446273
514 2.492492
515 2.533854
516 2.575523
517 2.61241
518 2.655058
519 2.692834
520 2.736495
521 2.780753
522 2.825693
523 2.871145
524 2.905356
525 2.956774
526 2.996793
527 3.036628
528 3.087115
529 3.125735
530 3.173949
531 3.210128
532 3.245008
533 3.27824
534 3.314438
535 3.344556
536 3.376683
537 3.406918
538 3.431687
539 3.461131
540 3.488332
541 3.513032
542 3.535328
543 3.556351
544 3.576289
545 3.591129
546 3.609671
547 3.62554
548 3.640906
549 3.656
550 3.670934
551 3.68571
552 3.702403
553 3.719184
