0 0
1 -32.16173
1 -43.49173
1 -61.09
1 -78.29172
1 -93.05002
1 -107.7717
2 -32.16173
2 -43.49173
2 -61.09
2 -78.29172
2 -93.05002
2 -107.7717
3 -32.16173
3 -43.49173
3 -61.09
3 -78.29172
3 -93.05002
3 -107.7717
4 -32.16173
4 -43.49173
4 -61.09
4 -78.29172
4 -93.05002
4 -107.7717
5 -32.16173
5 -43.49173
5 -61.09
5 -78.29172
5 -93.05002
5 -107.7717
6 -32.16173
6 -43.49173
6 -61.09
6 -78.29172
6 -93.05002
6 -107.7717
7 -32.16173
7 -43.49173
7 -61.09
7 -78.29172
7 -93.05002
7 -107.7717
8 -32.16173
8 -43.49173
8 -61.09
8 -78.29172
8 -93.05002
8 -107.7717
9 -32.16173
9 -43.49173
9 -61.09
9 -78.29172
9 -93.05002
9 -107.7717
10 -32.16173
10 -43.49173
10 -61.09
10 -78.29172
10 -93.05002
10 -107.7717
11 -32.16173
11 -43.49173
11 -61.09
11 -78.29172
11 -93.05002
11 -107.7717
12 -32.16173
12 -43.49173
12 -61.09
12 -78.29172
12 -93.05002
12 -107.7717
13 -43.49173
13 -61.09
13 -78.29172
13 -93.05002
13 -107.7717
13 -123.3917
14 -43.49173
14 -61.09
14 -78.29172
14 -93.05002
14 -107.7717
14 -123.3917
15 -43.49173
15 -61.09
15 -78.29172
15 -93.05002
15 -107.7717
15 -123.3917
16 -43.49173
16 -61.09
16 -78.29172
16 -93.05002
16 -107.7717
16 -123.3917
17 -43.49173
17 -61.09
17 -78.29172
17 -93.05002
17 -107.7717
17 -123.3917
18 -43.49173
18 -61.09
18 -78.29172
18 -93.05002
18 -107.7717
18 -123.3917
19 -43.49173
19 -61.09
19 -78.29172
19 -93.05002
19 -107.7717
19 -123.3917
20 -43.49173
20 -61.09
20 -78.29172
20 -93.05002
20 -107.7717
20 -123.3917
21 -43.49173
21 -61.09
21 -78.29172
21 -93.05002
21 -107.7717
21 -123.3917
22 -43.49173
22 -61.09
22 -78.29172
22 -93.05002
22 -107.7717
22 -123.3917
23 -43.49173
23 -61.09
23 -78.29172
23 -93.05002
23 -107.7717
23 -123.3917
24 -43.49173
24 -61.09
24 -78.29172
24 -93.05002
24 -107.7717
24 -123.3917
25 -61.09
25 -78.29172
25 -93.05002
25 -107.7717
25 -123.3917
25 -134.97
26 -61.09
26 -78.29172
26 -93.05002
26 -107.7717
26 -123.3917
26 -134.97
27 -61.09
27 -78.29172
27 -93.05002
27 -107.7717
27 -123.3917
27 -134.97
28 -61.09
28 -78.29172
28 -93.05002
28 -107.7717
28 -123.3917
28 -134.97
29 -61.09
29 -78.29172
29 -93.05002
29 -107.7717
29 -123.3917
29 -134.97
30 -61.09
30 -78.29172
30 -93.05002
30 -107.7717
30 -123.3917
30 -134.97
31 -61.09
31 -78.29172
31 -93.05002
31 -107.7717
31 -123.3917
31 -134.97
32 -61.09
32 -78.29172
32 -93.05002
32 -107.7717
32 -123.3917
32 -134.97
33 -78.29172
33 -93.05002
33 -107.7717
33 -123.3917
33 -134.97
33 -145.1165
34 -78.29172
34 -93.05002
34 -107.7717
34 -123.3917
34 -134.97
34 -145.1165
35 -78.29172
35 -93.05002
35 -107.7717
35 -123.3917
35 -134.97
35 -145.1165
36 -78.29172
36 -93.05002
36 -107.7717
36 -123.3917
36 -134.97
36 -145.1165
37 -78.29172
37 -93.05002
37 -107.7717
37 -123.3917
37 -134.97
37 -145.1165
38 -78.29172
38 -93.05002
38 -107.7717
38 -123.3917
38 -134.97
38 -145.1165
39 -93.05002
39 -107.7717
39 -123.3917
39 -134.97
39 -145.1165
39 -158.3417
40 -93.05002
40 -107.7717
40 -123.3917
40 -134.97
40 -145.1165
40 -158.3417
41 -93.05002
41 -107.7717
41 -123.3917
41 -134.97
41 -145.1165
41 -158.3417
42 -93.05002
42 -107.7717
42 -123.3917
42 -134.97
42 -145.1165
42 -158.3417
43 -93.05002
43 -107.7717
43 -123.3917
43 -134.97
43 -145.1165
43 -158.3417
44 -107.7717
44 -123.3917
44 -134.97
44 -145.1165
44 -158.3417
44 -164.3164
45 -107.7717
45 -123.3917
45 -134.97
45 -145.1165
45 -158.3417
45 -164.3164
46 -107.7717
46 -123.3917
46 -134.97
46 -145.1165
46 -158.3417
46 -164.3164
47 -107.7717
47 -123.3917
47 -134.97
47 -145.1165
47 -158.3417
47 -164.3164
48 -107.7717
48 -123.3917
48 -134.97
48 -145.1165
48 -158.3417
48 -164.3164
49 -107.7717
49 -123.3917
49 -134.97
49 -145.1165
49 -158.3417
49 -164.3164
50 -123.3917
50 -134.97
50 -145.1165
50 -158.3417
50 -164.3164
50 -169.3365
51 -123.3917
51 -134.97
51 -145.1165
51 -158.3417
51 -164.3164
51 -169.3365
52 -123.3917
52 -134.97
52 -145.1165
52 -158.3417
52 -164.3164
52 -169.3365
53 -123.3917
53 -134.97
53 -145.1165
53 -158.3417
53 -164.3164
53 -169.3365
54 -123.3917
54 -134.97
54 -145.1165
54 -158.3417
54 -164.3164
54 -169.3365
55 -134.97
55 -145.1165
55 -158.3417
55 -164.3164
55 -169.3365
55 -175.4917
56 -134.97
56 -145.1165
56 -158.3417
56 -164.3164
56 -169.3365
56 -175.4917
57 -134.97
57 -145.1165
57 -158.3417
57 -164.3164
57 -169.3365
57 -175.4917
58 -145.1165
58 -158.3417
58 -164.3164
58 -169.3365
58 -175.4917
58 -176.9617
59 -145.1165
59 -158.3417
59 -164.3164
59 -169.3365
59 -175.4917
59 -176.9617
60 -145.1165
60 -158.3417
60 -164.3164
60 -169.3365
60 -175.4917
60 -176.9617
61 -145.1165
61 -158.3417
61 -164.3164
61 -169.3365
61 -175.4917
61 -176.9617
62 -145.1165
62 -158.3417
62 -164.3164
62 -169.3365
62 -175.4917
62 -176.9617
63 -145.1165
63 -158.3417
63 -164.3164
63 -169.3365
63 -175.4917
63 -176.9617
64 -158.3417
64 -164.3164
64 -169.3365
64 -175.4917
64 -176.9617
64 -176.8864
65 -158.3417
65 -164.3164
65 -169.3365
65 -175.4917
65 -176.9617
65 -176.8864
66 -158.3417
66 -164.3164
66 -169.3365
66 -175.4917
66 -176.9617
66 -176.8864
67 -164.3164
67 -169.3365
67 -175.4917
67 -176.9617
67 -176.8864
67 -175.0817
68 -164.3164
68 -169.3365
68 -175.4917
68 -176.9617
68 -176.8864
68 -175.0817
69 -169.3365
69 -175.4917
69 -176.9617
69 -176.8864
69 -175.0817
69 -170.3617
70 -169.3365
70 -175.4917
70 -176.9617
70 -176.8864
70 -175.0817
70 -170.3617
71 -169.3365
71 -175.4917
71 -176.9617
71 -176.8864
71 -175.0817
71 -170.3617
72 -169.3365
72 -175.4917
72 -176.9617
72 -176.8864
72 -175.0817
72 -170.3617
73 -169.3365
73 -175.4917
73 -176.9617
73 -176.8864
73 -175.0817
73 -170.3617
74 -175.4917
74 -176.9617
74 -176.8864
74 -175.0817
74 -170.3617
74 -164.4217
75 -175.4917
75 -176.9617
75 -176.8864
75 -175.0817
75 -170.3617
75 -164.4217
76 -175.4917
76 -176.9617
76 -176.8864
76 -175.0817
76 -170.3617
76 -164.4217
77 -176.9617
77 -176.8864
77 -175.0817
77 -170.3617
77 -164.4217
77 -158.9417
78 -176.9617
78 -176.8864
78 -175.0817
78 -170.3617
78 -164.4217
78 -158.9417
79 -176.9617
79 -176.8864
79 -175.0817
79 -170.3617
79 -164.4217
79 -158.9417
80 -176.8864
80 -175.0817
80 -170.3617
80 -164.4217
80 -158.9417
80 -146.6317
81 -176.8864
81 -175.0817
81 -170.3617
81 -164.4217
81 -158.9417
81 -146.6317
82 -175.0817
82 -170.3617
82 -164.4217
82 -158.9417
82 -146.6317
82 -134.6765
83 -175.0817
83 -170.3617
83 -164.4217
83 -158.9417
83 -146.6317
83 -134.6765
84 -175.0817
84 -170.3617
84 -164.4217
84 -158.9417
84 -146.6317
84 -134.6765
85 -175.0817
85 -170.3617
85 -164.4217
85 -158.9417
85 -146.6317
85 -134.6765
86 -175.0817
86 -170.3617
86 -164.4217
86 -158.9417
86 -146.6317
86 -134.6765
87 -170.3617
87 -164.4217
87 -158.9417
87 -146.6317
87 -134.6765
87 -126.4965
88 -170.3617
88 -164.4217
88 -158.9417
88 -146.6317
88 -134.6765
88 -126.4965
89 -170.3617
89 -164.4217
89 -158.9417
89 -146.6317
89 -134.6765
89 -126.4965
90 -164.4217
90 -158.9417
90 -146.6317
90 -134.6765
90 -126.4965
90 -108.5617
91 -164.4217
91 -158.9417
91 -146.6317
91 -134.6765
91 -126.4965
91 -108.5617
92 -158.9417
92 -146.6317
92 -134.6765
92 -126.4965
92 -108.5617
92 -95.20645
93 -158.9417
93 -146.6317
93 -134.6765
93 -126.4965
93 -108.5617
93 -95.20645
94 -158.9417
94 -146.6317
94 -134.6765
94 -126.4965
94 -108.5617
94 -95.20645
95 -158.9417
95 -146.6317
95 -134.6765
95 -126.4965
95 -108.5617
95 -95.20645
96 -146.6317
96 -134.6765
96 -126.4965
96 -108.5617
96 -95.20645
96 -73.86172
97 -146.6317
97 -134.6765
97 -126.4965
97 -108.5617
97 -95.20645
97 -73.86172
98 -146.6317
98 -134.6765
98 -126.4965
98 -108.5617
98 -95.20645
98 -73.86172
99 -146.6317
99 -134.6765
99 -126.4965
99 -108.5617
99 -95.20645
99 -73.86172
100 -134.6765
100 -126.4965
100 -108.5617
100 -95.20645
100 -73.86172
100 -42.38173
101 -134.6765
101 -126.4965
101 -108.5617
101 -95.20645
101 -73.86172
101 -42.38173
102 -126.4965
102 -108.5617
102 -95.20645
102 -73.86172
102 -42.38173
102 -24.50172
103 -126.4965
103 -108.5617
103 -95.20645
103 -73.86172
103 -42.38173
103 -24.50172
104 -126.4965
104 -108.5617
104 -95.20645
104 -73.86172
104 -42.38173
104 -24.50172
105 -126.4965
105 -108.5617
105 -95.20645
105 -73.86172
105 -42.38173
105 -24.50172
106 -108.5617
106 -95.20645
106 -73.86172
106 -42.38173
106 -24.50172
106 2.908264
107 -108.5617
107 -95.20645
107 -73.86172
107 -42.38173
107 -24.50172
107 2.908264
108 -108.5617
108 -95.20645
108 -73.86172
108 -42.38173
108 -24.50172
108 2.908264
109 -95.20645
109 -73.86172
109 -42.38173
109 -24.50172
109 2.908264
109 22.10828
110 -95.20645
110 -73.86172
110 -42.38173
110 -24.50172
110 2.908264
110 22.10828
111 -95.20645
111 -73.86172
111 -42.38173
111 -24.50172
111 2.908264
111 22.10828
112 -95.20645
112 -73.86172
112 -42.38173
112 -24.50172
112 2.908264
112 22.10828
113 -73.86172
113 -42.38173
113 -24.50172
113 2.908264
113 22.10828
113 47.20827
114 -73.86172
114 -42.38173
114 -24.50172
114 2.908264
114 22.10828
114 47.20827
115 -73.86172
115 -42.38173
115 -24.50172
115 2.908264
115 22.10828
115 47.20827
116 -73.86172
116 -42.38173
116 -24.50172
116 2.908264
116 22.10828
116 47.20827
117 -73.86172
117 -42.38173
117 -24.50172
117 2.908264
117 22.10828
117 47.20827
118 -73.86172
118 -42.38173
118 -24.50172
118 2.908264
118 22.10828
118 47.20827
119 -42.38173
119 -24.50172
119 2.908264
119 22.10828
119 47.20827
119 75.06355
120 -42.38173
120 -24.50172
120 2.908264
120 22.10828
120 47.20827
120 75.06355
121 -42.38173
121 -24.50172
121 2.908264
121 22.10828
121 47.20827
121 75.06355
122 -24.50172
122 2.908264
122 22.10828
122 47.20827
122 75.06355
122 91.19354
123 -24.50172
123 2.908264
123 22.10828
123 47.20827
123 75.06355
123 91.19354
124 -24.50172
124 2.908264
124 22.10828
124 47.20827
124 75.06355
124 91.19354
125 -24.50172
125 2.908264
125 22.10828
125 47.20827
125 75.06355
125 91.19354
126 -24.50172
126 2.908264
126 22.10828
126 47.20827
126 75.06355
126 91.19354
127 2.908264
127 22.10828
127 47.20827
127 75.06355
127 91.19354
127 107.3083
128 2.908264
128 22.10828
128 47.20827
128 75.06355
128 91.19354
128 107.3083
129 2.908264
129 22.10828
129 47.20827
129 75.06355
129 91.19354
129 107.3083
130 2.908264
130 22.10828
130 47.20827
130 75.06355
130 91.19354
130 107.3083
131 22.10828
131 47.20827
131 75.06355
131 91.19354
131 107.3083
131 114.2635
132 22.10828
132 47.20827
132 75.06355
132 91.19354
132 107.3083
132 114.2635
133 22.10828
133 47.20827
133 75.06355
133 91.19354
133 107.3083
133 114.2635
134 22.10828
134 47.20827
134 75.06355
134 91.19354
134 107.3083
134 114.2635
135 47.20827
135 75.06355
135 91.19354
135 107.3083
135 114.2635
135 122.5583
136 47.20827
136 75.06355
136 91.19354
136 107.3083
136 114.2635
136 122.5583
137 47.20827
137 75.06355
137 91.19354
137 107.3083
137 114.2635
137 122.5583
138 47.20827
138 75.06355
138 91.19354
138 107.3083
138 114.2635
138 122.5583
139 47.20827
139 75.06355
139 91.19354
139 107.3083
139 114.2635
139 122.5583
140 75.06355
140 91.19354
140 107.3083
140 114.2635
140 122.5583
140 126.6183
141 75.06355
141 91.19354
141 107.3083
141 114.2635
141 122.5583
141 126.6183
142 75.06355
142 91.19354
142 107.3083
142 114.2635
142 122.5583
142 126.6183
143 91.19354
143 107.3083
143 114.2635
143 122.5583
143 126.6183
143 129.1083
144 91.19354
144 107.3083
144 114.2635
144 122.5583
144 126.6183
144 129.1083
145 91.19354
145 107.3083
145 114.2635
145 122.5583
145 126.6183
145 129.1083
146 91.19354
146 107.3083
146 114.2635
146 122.5583
146 126.6183
146 129.1083
147 107.3083
147 114.2635
147 122.5583
147 126.6183
147 129.1083
147 129.1283
148 107.3083
148 114.2635
148 122.5583
148 126.6183
148 129.1083
148 129.1283
149 114.2635
149 122.5583
149 126.6183
149 129.1083
149 129.1283
149 126.8983
150 114.2635
150 122.5583
150 126.6183
150 129.1083
150 129.1283
150 126.8983
151 114.2635
151 122.5583
151 126.6183
151 129.1083
151 129.1283
151 126.8983
152 122.5583
152 126.6183
152 129.1083
152 129.1283
152 126.8983
152 122.3383
153 122.5583
153 126.6183
153 129.1083
153 129.1283
153 126.8983
153 122.3383
154 122.5583
154 126.6183
154 129.1083
154 129.1283
154 126.8983
154 122.3383
155 126.6183
155 129.1083
155 129.1283
155 126.8983
155 122.3383
155 117.2083
156 126.6183
156 129.1083
156 129.1283
156 126.8983
156 122.3383
156 117.2083
157 126.6183
157 129.1083
157 129.1283
157 126.8983
157 122.3383
157 117.2083
158 126.6183
158 129.1083
158 129.1283
158 126.8983
158 122.3383
158 117.2083
159 129.1083
159 129.1283
159 126.8983
159 122.3383
159 117.2083
159 98.34827
160 129.1083
160 129.1283
160 126.8983
160 122.3383
160 117.2083
160 98.34827
161 129.1083
161 129.1283
161 126.8983
161 122.3383
161 117.2083
161 98.34827
162 129.1283
162 126.8983
162 122.3383
162 117.2083
162 98.34827
162 83.63827
163 129.1283
163 126.8983
163 122.3383
163 117.2083
163 98.34827
163 83.63827
164 129.1283
164 126.8983
164 122.3383
164 117.2083
164 98.34827
164 83.63827
165 129.1283
165 126.8983
165 122.3383
165 117.2083
165 98.34827
165 83.63827
166 126.8983
166 122.3383
166 117.2083
166 98.34827
166 83.63827
166 79.68355
167 126.8983
167 122.3383
167 117.2083
167 98.34827
167 83.63827
167 79.68355
168 126.8983
168 122.3383
168 117.2083
168 98.34827
168 83.63827
168 79.68355
169 122.3383
169 117.2083
169 98.34827
169 83.63827
169 79.68355
169 78.52827
170 122.3383
170 117.2083
170 98.34827
170 83.63827
170 79.68355
170 78.52827
171 122.3383
171 117.2083
171 98.34827
171 83.63827
171 79.68355
171 78.52827
172 122.3383
172 117.2083
172 98.34827
172 83.63827
172 79.68355
172 78.52827
173 117.2083
173 98.34827
173 83.63827
173 79.68355
173 78.52827
173 77.04827
174 117.2083
174 98.34827
174 83.63827
174 79.68355
174 78.52827
174 77.04827
175 117.2083
175 98.34827
175 83.63827
175 79.68355
175 78.52827
175 77.04827
176 117.2083
176 98.34827
176 83.63827
176 79.68355
176 78.52827
176 77.04827
177 117.2083
177 98.34827
177 83.63827
177 79.68355
177 78.52827
177 77.04827
178 117.2083
178 98.34827
178 83.63827
178 79.68355
178 78.52827
178 77.04827
179 117.2083
179 98.34827
179 83.63827
179 79.68355
179 78.52827
179 77.04827
180 117.2083
180 98.34827
180 83.63827
180 79.68355
180 78.52827
180 77.04827
181 98.34827
181 83.63827
181 79.68355
181 78.52827
181 77.04827
181 77.87827
182 98.34827
182 83.63827
182 79.68355
182 78.52827
182 77.04827
182 77.87827
183 98.34827
183 83.63827
183 79.68355
183 78.52827
183 77.04827
183 77.87827
184 98.34827
184 83.63827
184 79.68355
184 78.52827
184 77.04827
184 77.87827
185 98.34827
185 83.63827
185 79.68355
185 78.52827
185 77.04827
185 77.87827
186 83.63827
186 79.68355
186 78.52827
186 77.04827
186 77.87827
186 81.37827
187 83.63827
187 79.68355
187 78.52827
187 77.04827
187 77.87827
187 81.37827
188 79.68355
188 78.52827
188 77.04827
188 77.87827
188 81.37827
188 88.33827
189 78.52827
189 77.04827
189 77.87827
189 81.37827
189 88.33827
189 95.31827
190 78.52827
190 77.04827
190 77.87827
190 81.37827
190 88.33827
190 95.31827
191 77.04827
191 77.87827
191 81.37827
191 88.33827
191 95.31827
191 102.9283
192 77.04827
192 77.87827
192 81.37827
192 88.33827
192 95.31827
192 102.9283
193 77.04827
193 77.87827
193 81.37827
193 88.33827
193 95.31827
193 102.9283
194 77.87827
194 81.37827
194 88.33827
194 95.31827
194 102.9283
194 118.5435
195 77.87827
195 81.37827
195 88.33827
195 95.31827
195 102.9283
195 118.5435
196 77.87827
196 81.37827
196 88.33827
196 95.31827
196 102.9283
196 118.5435
197 81.37827
197 88.33827
197 95.31827
197 102.9283
197 118.5435
197 133.2435
198 81.37827
198 88.33827
198 95.31827
198 102.9283
198 118.5435
198 133.2435
199 81.37827
199 88.33827
199 95.31827
199 102.9283
199 118.5435
199 133.2435
200 88.33827
200 95.31827
200 102.9283
200 118.5435
200 133.2435
200 156.5083
201 88.33827
201 95.31827
201 102.9283
201 118.5435
201 133.2435
201 156.5083
202 88.33827
202 95.31827
202 102.9283
202 118.5435
202 133.2435
202 156.5083
203 95.31827
203 102.9283
203 118.5435
203 133.2435
203 156.5083
203 164.2383
204 95.31827
204 102.9283
204 118.5435
204 133.2435
204 156.5083
204 164.2383
205 95.31827
205 102.9283
205 118.5435
205 133.2435
205 156.5083
205 164.2383
206 102.9283
206 118.5435
206 133.2435
206 156.5083
206 164.2383
206 170.2883
207 102.9283
207 118.5435
207 133.2435
207 156.5083
207 164.2383
207 170.2883
208 102.9283
208 118.5435
208 133.2435
208 156.5083
208 164.2383
208 170.2883
209 102.9283
209 118.5435
209 133.2435
209 156.5083
209 164.2383
209 170.2883
210 102.9283
210 118.5435
210 133.2435
210 156.5083
210 164.2383
210 170.2883
211 118.5435
211 133.2435
211 156.5083
211 164.2383
211 170.2883
211 176.0983
212 118.5435
212 133.2435
212 156.5083
212 164.2383
212 170.2883
212 176.0983
213 118.5435
213 133.2435
213 156.5083
213 164.2383
213 170.2883
213 176.0983
214 118.5435
214 133.2435
214 156.5083
214 164.2383
214 170.2883
214 176.0983
215 133.2435
215 156.5083
215 164.2383
215 170.2883
215 176.0983
215 178.1583
216 133.2435
216 156.5083
216 164.2383
216 170.2883
216 176.0983
216 178.1583
217 133.2435
217 156.5083
217 164.2383
217 170.2883
217 176.0983
217 178.1583
218 133.2435
218 156.5083
218 164.2383
218 170.2883
218 176.0983
218 178.1583
219 133.2435
219 156.5083
219 164.2383
219 170.2883
219 176.0983
219 178.1583
220 133.2435
220 156.5083
220 164.2383
220 170.2883
220 176.0983
220 178.1583
221 133.2435
221 156.5083
221 164.2383
221 170.2883
221 176.0983
221 178.1583
222 156.5083
222 164.2383
222 170.2883
222 176.0983
222 178.1583
222 179.4383
223 156.5083
223 164.2383
223 170.2883
223 176.0983
223 178.1583
223 179.4383
224 164.2383
224 170.2883
224 176.0983
224 178.1583
224 179.4383
224 179.3083
225 164.2383
225 170.2883
225 176.0983
225 178.1583
225 179.4383
225 179.3083
226 164.2383
226 170.2883
226 176.0983
226 178.1583
226 179.4383
226 179.3083
227 170.2883
227 176.0983
227 178.1583
227 179.4383
227 179.3083
227 177.7183
228 170.2883
228 176.0983
228 178.1583
228 179.4383
228 179.3083
228 177.7183
229 170.2883
229 176.0983
229 178.1583
229 179.4383
229 179.3083
229 177.7183
230 176.0983
230 178.1583
230 179.4383
230 179.3083
230 177.7183
230 172.4083
231 176.0983
231 178.1583
231 179.4383
231 179.3083
231 177.7183
231 172.4083
232 178.1583
232 179.4383
232 179.3083
232 177.7183
232 172.4083
232 165.5735
233 178.1583
233 179.4383
233 179.3083
233 177.7183
233 172.4083
233 165.5735
234 179.4383
234 179.3083
234 177.7183
234 172.4083
234 165.5735
234 160.3583
235 179.4383
235 179.3083
235 177.7183
235 172.4083
235 165.5735
235 160.3583
236 179.3083
236 177.7183
236 172.4083
236 165.5735
236 160.3583
236 150.8283
237 179.3083
237 177.7183
237 172.4083
237 165.5735
237 160.3583
237 150.8283
238 179.3083
238 177.7183
238 172.4083
238 165.5735
238 160.3583
238 150.8283
239 177.7183
239 172.4083
239 165.5735
239 160.3583
239 150.8283
239 144.6183
240 177.7183
240 172.4083
240 165.5735
240 160.3583
240 150.8283
240 144.6183
241 177.7183
241 172.4083
241 165.5735
241 160.3583
241 150.8283
241 144.6183
242 177.7183
242 172.4083
242 165.5735
242 160.3583
242 150.8283
242 144.6183
243 172.4083
243 165.5735
243 160.3583
243 150.8283
243 144.6183
243 134.5383
244 172.4083
244 165.5735
244 160.3583
244 150.8283
244 144.6183
244 134.5383
245 172.4083
245 165.5735
245 160.3583
245 150.8283
245 144.6183
245 134.5383
246 172.4083
246 165.5735
246 160.3583
246 150.8283
246 144.6183
246 134.5383
247 165.5735
247 160.3583
247 150.8283
247 144.6183
247 134.5383
247 127.2283
248 165.5735
248 160.3583
248 150.8283
248 144.6183
248 134.5383
248 127.2283
249 160.3583
249 150.8283
249 144.6183
249 134.5383
249 127.2283
249 114.8083
250 160.3583
250 150.8283
250 144.6183
250 134.5383
250 127.2283
250 114.8083
251 160.3583
251 150.8283
251 144.6183
251 134.5383
251 127.2283
251 114.8083
252 150.8283
252 144.6183
252 134.5383
252 127.2283
252 114.8083
252 103.8935
253 150.8283
253 144.6183
253 134.5383
253 127.2283
253 114.8083
253 103.8935
254 144.6183
254 134.5383
254 127.2283
254 114.8083
254 103.8935
254 94.21827
255 144.6183
255 134.5383
255 127.2283
255 114.8083
255 103.8935
255 94.21827
256 144.6183
256 134.5383
256 127.2283
256 114.8083
256 103.8935
256 94.21827
257 134.5383
257 127.2283
257 114.8083
257 103.8935
257 94.21827
257 85.37355
258 134.5383
258 127.2283
258 114.8083
258 103.8935
258 94.21827
258 85.37355
259 127.2283
259 114.8083
259 103.8935
259 94.21827
259 85.37355
259 70.40827
260 127.2283
260 114.8083
260 103.8935
260 94.21827
260 85.37355
260 70.40827
261 127.2283
261 114.8083
261 103.8935
261 94.21827
261 85.37355
261 70.40827
262 114.8083
262 103.8935
262 94.21827
262 85.37355
262 70.40827
262 61.24355
263 114.8083
263 103.8935
263 94.21827
263 85.37355
263 70.40827
263 61.24355
264 103.8935
264 94.21827
264 85.37355
264 70.40827
264 61.24355
264 45.30827
265 103.8935
265 94.21827
265 85.37355
265 70.40827
265 61.24355
265 45.30827
266 94.21827
266 85.37355
266 70.40827
266 61.24355
266 45.30827
266 36.03354
267 94.21827
267 85.37355
267 70.40827
267 61.24355
267 45.30827
267 36.03354
268 85.37355
268 70.40827
268 61.24355
268 45.30827
268 36.03354
268 15.90826
269 85.37355
269 70.40827
269 61.24355
269 45.30827
269 36.03354
269 15.90826
270 85.37355
270 70.40827
270 61.24355
270 45.30827
270 36.03354
270 15.90826
271 70.40827
271 61.24355
271 45.30827
271 36.03354
271 15.90826
271 5.64827
272 70.40827
272 61.24355
272 45.30827
272 36.03354
272 15.90826
272 5.64827
273 61.24355
273 45.30827
273 36.03354
273 15.90826
273 5.64827
273 -9.99173
274 61.24355
274 45.30827
274 36.03354
274 15.90826
274 5.64827
274 -9.99173
275 61.24355
275 45.30827
275 36.03354
275 15.90826
275 5.64827
275 -9.99173
276 45.30827
276 36.03354
276 15.90826
276 5.64827
276 -9.99173
276 -24.01645
277 45.30827
277 36.03354
277 15.90826
277 5.64827
277 -9.99173
277 -24.01645
278 36.03354
278 15.90826
278 5.64827
278 -9.99173
278 -24.01645
278 -32.16173
279 36.03354
279 15.90826
279 5.64827
279 -9.99173
279 -24.01645
279 -32.16173
280 36.03354
280 15.90826
280 5.64827
280 -9.99173
280 -24.01645
280 -32.16173
281 36.03354
281 15.90826
281 5.64827
281 -9.99173
281 -24.01645
281 -32.16173
282 15.90826
282 5.64827
282 -9.99173
282 -24.01645
282 -32.16173
282 -43.49173
283 15.90826
283 5.64827
283 -9.99173
283 -24.01645
283 -32.16173
283 -43.49173
284 15.90826
284 5.64827
284 -9.99173
284 -24.01645
284 -32.16173
284 -43.49173
285 5.64827
285 -9.99173
285 -24.01645
285 -32.16173
285 -43.49173
285 -61.09
286 5.64827
286 -9.99173
286 -24.01645
286 -32.16173
286 -43.49173
286 -61.09
287 5.64827
287 -9.99173
287 -24.01645
287 -32.16173
287 -43.49173
287 -61.09
288 -9.99173
288 -24.01645
288 -32.16173
288 -43.49173
288 -61.09
288 -78.29172
289 -9.99173
289 -24.01645
289 -32.16173
289 -43.49173
289 -61.09
289 -78.29172
290 -9.99173
290 -24.01645
290 -32.16173
290 -43.49173
290 -61.09
290 -78.29172
291 -24.01645
291 -32.16173
291 -43.49173
291 -61.09
291 -78.29172
291 -93.05002
292 -32.16173
292 -43.49173
292 -61.09
292 -78.29172
292 -93.05002
292 -107.7717
293 -32.16173
293 -43.49173
293 -61.09
293 -78.29172
293 -93.05002
293 -107.7717
294 -43.49173
294 -61.09
294 -78.29172
294 -93.05002
294 -107.7717
294 -123.3917
295 -43.49173
295 -61.09
295 -78.29172
295 -93.05002
295 -107.7717
295 -123.3917
296 -43.49173
296 -61.09
296 -78.29172
296 -93.05002
296 -107.7717
296 -123.3917
297 -43.49173
297 -61.09
297 -78.29172
297 -93.05002
297 -107.7717
297 -123.3917
298 -61.09
298 -78.29172
298 -93.05002
298 -107.7717
298 -123.3917
298 -134.97
299 -61.09
299 -78.29172
299 -93.05002
299 -107.7717
299 -123.3917
299 -134.97
300 -61.09
300 -78.29172
300 -93.05002
300 -107.7717
300 -123.3917
300 -134.97
301 -61.09
301 -78.29172
301 -93.05002
301 -107.7717
301 -123.3917
301 -134.97
302 -78.29172
302 -93.05002
302 -107.7717
302 -123.3917
302 -134.97
302 -145.1165
303 -78.29172
303 -93.05002
303 -107.7717
303 -123.3917
303 -134.97
303 -145.1165
304 -78.29172
304 -93.05002
304 -107.7717
304 -123.3917
304 -134.97
304 -145.1165
305 -93.05002
305 -107.7717
305 -123.3917
305 -134.97
305 -145.1165
305 -158.3417
306 -93.05002
306 -107.7717
306 -123.3917
306 -134.97
306 -145.1165
306 -158.3417
307 -93.05002
307 -107.7717
307 -123.3917
307 -134.97
307 -145.1165
307 -158.3417
308 -107.7717
308 -123.3917
308 -134.97
308 -145.1165
308 -158.3417
308 -164.3164
309 -107.7717
309 -123.3917
309 -134.97
309 -145.1165
309 -158.3417
309 -164.3164
310 -107.7717
310 -123.3917
310 -134.97
310 -145.1165
310 -158.3417
310 -164.3164
311 -107.7717
311 -123.3917
311 -134.97
311 -145.1165
311 -158.3417
311 -164.3164
312 -123.3917
312 -134.97
312 -145.1165
312 -158.3417
312 -164.3164
312 -169.3365
313 -123.3917
313 -134.97
313 -145.1165
313 -158.3417
313 -164.3164
313 -169.3365
314 -123.3917
314 -134.97
314 -145.1165
314 -158.3417
314 -164.3164
314 -169.3365
315 -134.97
315 -145.1165
315 -158.3417
315 -164.3164
315 -169.3365
315 -175.4917
316 -134.97
316 -145.1165
316 -158.3417
316 -164.3164
316 -169.3365
316 -175.4917
317 -134.97
317 -145.1165
317 -158.3417
317 -164.3164
317 -169.3365
317 -175.4917
318 -145.1165
318 -158.3417
318 -164.3164
318 -169.3365
318 -175.4917
318 -176.9617
319 -145.1165
319 -158.3417
319 -164.3164
319 -169.3365
319 -175.4917
319 -176.9617
320 -145.1165
320 -158.3417
320 -164.3164
320 -169.3365
320 -175.4917
320 -176.9617
321 -145.1165
321 -158.3417
321 -164.3164
321 -169.3365
321 -175.4917
321 -176.9617
322 -158.3417
322 -164.3164
322 -169.3365
322 -175.4917
322 -176.9617
322 -176.8864
323 -158.3417
323 -164.3164
323 -169.3365
323 -175.4917
323 -176.9617
323 -176.8864
324 -158.3417
324 -164.3164
324 -169.3365
324 -175.4917
324 -176.9617
324 -176.8864
325 -164.3164
325 -169.3365
325 -175.4917
325 -176.9617
325 -176.8864
325 -175.0817
326 -164.3164
326 -169.3365
326 -175.4917
326 -176.9617
326 -176.8864
326 -175.0817
327 -164.3164
327 -169.3365
327 -175.4917
327 -176.9617
327 -176.8864
327 -175.0817
328 -169.3365
328 -175.4917
328 -176.9617
328 -176.8864
328 -175.0817
328 -170.3617
329 -169.3365
329 -175.4917
329 -176.9617
329 -176.8864
329 -175.0817
329 -170.3617
330 -169.3365
330 -175.4917
330 -176.9617
330 -176.8864
330 -175.0817
330 -170.3617
331 -169.3365
331 -175.4917
331 -176.9617
331 -176.8864
331 -175.0817
331 -170.3617
332 -169.3365
332 -175.4917
332 -176.9617
332 -176.8864
332 -175.0817
332 -170.3617
333 -175.4917
333 -176.9617
333 -176.8864
333 -175.0817
333 -170.3617
333 -164.4217
334 -175.4917
334 -176.9617
334 -176.8864
334 -175.0817
334 -170.3617
334 -164.4217
335 -175.4917
335 -176.9617
335 -176.8864
335 -175.0817
335 -170.3617
335 -164.4217
336 -176.9617
336 -176.8864
336 -175.0817
336 -170.3617
336 -164.4217
336 -158.9417
337 -176.9617
337 -176.8864
337 -175.0817
337 -170.3617
337 -164.4217
337 -158.9417
338 -176.9617
338 -176.8864
338 -175.0817
338 -170.3617
338 -164.4217
338 -158.9417
339 -176.9617
339 -176.8864
339 -175.0817
339 -170.3617
339 -164.4217
339 -158.9417
340 -176.8864
340 -175.0817
340 -170.3617
340 -164.4217
340 -158.9417
340 -146.6317
341 -176.8864
341 -175.0817
341 -170.3617
341 -164.4217
341 -158.9417
341 -146.6317
342 -175.0817
342 -170.3617
342 -164.4217
342 -158.9417
342 -146.6317
342 -134.6765
343 -175.0817
343 -170.3617
343 -164.4217
343 -158.9417
343 -146.6317
343 -134.6765
344 -175.0817
344 -170.3617
344 -164.4217
344 -158.9417
344 -146.6317
344 -134.6765
345 -175.0817
345 -170.3617
345 -164.4217
345 -158.9417
345 -146.6317
345 -134.6765
346 -175.0817
346 -170.3617
346 -164.4217
346 -158.9417
346 -146.6317
346 -134.6765
347 -170.3617
347 -164.4217
347 -158.9417
347 -146.6317
347 -134.6765
347 -126.4965
348 -170.3617
348 -164.4217
348 -158.9417
348 -146.6317
348 -134.6765
348 -126.4965
349 -170.3617
349 -164.4217
349 -158.9417
349 -146.6317
349 -134.6765
349 -126.4965
350 -164.4217
350 -158.9417
350 -146.6317
350 -134.6765
350 -126.4965
350 -108.5617
351 -164.4217
351 -158.9417
351 -146.6317
351 -134.6765
351 -126.4965
351 -108.5617
352 -164.4217
352 -158.9417
352 -146.6317
352 -134.6765
352 -126.4965
352 -108.5617
353 -158.9417
353 -146.6317
353 -134.6765
353 -126.4965
353 -108.5617
353 -95.20645
354 -158.9417
354 -146.6317
354 -134.6765
354 -126.4965
354 -108.5617
354 -95.20645
355 -158.9417
355 -146.6317
355 -134.6765
355 -126.4965
355 -108.5617
355 -95.20645
356 -158.9417
356 -146.6317
356 -134.6765
356 -126.4965
356 -108.5617
356 -95.20645
357 -146.6317
357 -134.6765
357 -126.4965
357 -108.5617
357 -95.20645
357 -73.86172
358 -146.6317
358 -134.6765
358 -126.4965
358 -108.5617
358 -95.20645
358 -73.86172
359 -146.6317
359 -134.6765
359 -126.4965
359 -108.5617
359 -95.20645
359 -73.86172
360 -134.6765
360 -126.4965
360 -108.5617
360 -95.20645
360 -73.86172
360 -42.38173
361 -134.6765
361 -126.4965
361 -108.5617
361 -95.20645
361 -73.86172
361 -42.38173
362 -126.4965
362 -108.5617
362 -95.20645
362 -73.86172
362 -42.38173
362 -24.50172
363 -126.4965
363 -108.5617
363 -95.20645
363 -73.86172
363 -42.38173
363 -24.50172
364 -126.4965
364 -108.5617
364 -95.20645
364 -73.86172
364 -42.38173
364 -24.50172
365 -126.4965
365 -108.5617
365 -95.20645
365 -73.86172
365 -42.38173
365 -24.50172
366 -108.5617
366 -95.20645
366 -73.86172
366 -42.38173
366 -24.50172
366 2.908264
367 -108.5617
367 -95.20645
367 -73.86172
367 -42.38173
367 -24.50172
367 2.908264
368 -108.5617
368 -95.20645
368 -73.86172
368 -42.38173
368 -24.50172
368 2.908264
369 -95.20645
369 -73.86172
369 -42.38173
369 -24.50172
369 2.908264
369 22.10828
370 -95.20645
370 -73.86172
370 -42.38173
370 -24.50172
370 2.908264
370 22.10828
371 -95.20645
371 -73.86172
371 -42.38173
371 -24.50172
371 2.908264
371 22.10828
372 -95.20645
372 -73.86172
372 -42.38173
372 -24.50172
372 2.908264
372 22.10828
373 -95.20645
373 -73.86172
373 -42.38173
373 -24.50172
373 2.908264
373 22.10828
374 -73.86172
374 -42.38173
374 -24.50172
374 2.908264
374 22.10828
374 47.20827
375 -73.86172
375 -42.38173
375 -24.50172
375 2.908264
375 22.10828
375 47.20827
376 -73.86172
376 -42.38173
376 -24.50172
376 2.908264
376 22.10828
376 47.20827
377 -73.86172
377 -42.38173
377 -24.50172
377 2.908264
377 22.10828
377 47.20827
378 -73.86172
378 -42.38173
378 -24.50172
378 2.908264
378 22.10828
378 47.20827
379 -42.38173
379 -24.50172
379 2.908264
379 22.10828
379 47.20827
379 75.06355
380 -42.38173
380 -24.50172
380 2.908264
380 22.10828
380 47.20827
380 75.06355
381 -42.38173
381 -24.50172
381 2.908264
381 22.10828
381 47.20827
381 75.06355
382 -42.38173
382 -24.50172
382 2.908264
382 22.10828
382 47.20827
382 75.06355
383 -24.50172
383 2.908264
383 22.10828
383 47.20827
383 75.06355
383 91.19354
384 -24.50172
384 2.908264
384 22.10828
384 47.20827
384 75.06355
384 91.19354
385 -24.50172
385 2.908264
385 22.10828
385 47.20827
385 75.06355
385 91.19354
386 -24.50172
386 2.908264
386 22.10828
386 47.20827
386 75.06355
386 91.19354
387 -24.50172
387 2.908264
387 22.10828
387 47.20827
387 75.06355
387 91.19354
388 2.908264
388 22.10828
388 47.20827
388 75.06355
388 91.19354
388 107.3083
389 2.908264
389 22.10828
389 47.20827
389 75.06355
389 91.19354
389 107.3083
390 2.908264
390 22.10828
390 47.20827
390 75.06355
390 91.19354
390 107.3083
391 2.908264
391 22.10828
391 47.20827
391 75.06355
391 91.19354
391 107.3083
392 22.10828
392 47.20827
392 75.06355
392 91.19354
392 107.3083
392 114.2635
393 22.10828
393 47.20827
393 75.06355
393 91.19354
393 107.3083
393 114.2635
394 22.10828
394 47.20827
394 75.06355
394 91.19354
394 107.3083
394 114.2635
395 22.10828
395 47.20827
395 75.06355
395 91.19354
395 107.3083
395 114.2635
396 47.20827
396 75.06355
396 91.19354
396 107.3083
396 114.2635
396 122.5583
397 47.20827
397 75.06355
397 91.19354
397 107.3083
397 114.2635
397 122.5583
398 47.20827
398 75.06355
398 91.19354
398 107.3083
398 114.2635
398 122.5583
399 47.20827
399 75.06355
399 91.19354
399 107.3083
399 114.2635
399 122.5583
400 47.20827
400 75.06355
400 91.19354
400 107.3083
400 114.2635
400 122.5583
401 75.06355
401 91.19354
401 107.3083
401 114.2635
401 122.5583
401 126.6183
402 75.06355
402 91.19354
402 107.3083
402 114.2635
402 122.5583
402 126.6183
403 75.06355
403 91.19354
403 107.3083
403 114.2635
403 122.5583
403 126.6183
404 91.19354
404 107.3083
404 114.2635
404 122.5583
404 126.6183
404 129.1083
405 91.19354
405 107.3083
405 114.2635
405 122.5583
405 126.6183
405 129.1083
406 91.19354
406 107.3083
406 114.2635
406 122.5583
406 126.6183
406 129.1083
407 107.3083
407 114.2635
407 122.5583
407 126.6183
407 129.1083
407 129.1283
408 107.3083
408 114.2635
408 122.5583
408 126.6183
408 129.1083
408 129.1283
409 114.2635
409 122.5583
409 126.6183
409 129.1083
409 129.1283
409 126.8983
410 114.2635
410 122.5583
410 126.6183
410 129.1083
410 129.1283
410 126.8983
411 114.2635
411 122.5583
411 126.6183
411 129.1083
411 129.1283
411 126.8983
412 122.5583
412 126.6183
412 129.1083
412 129.1283
412 126.8983
412 122.3383
413 122.5583
413 126.6183
413 129.1083
413 129.1283
413 126.8983
413 122.3383
414 126.6183
414 129.1083
414 129.1283
414 126.8983
414 122.3383
414 117.2083
415 126.6183
415 129.1083
415 129.1283
415 126.8983
415 122.3383
415 117.2083
416 126.6183
416 129.1083
416 129.1283
416 126.8983
416 122.3383
416 117.2083
417 126.6183
417 129.1083
417 129.1283
417 126.8983
417 122.3383
417 117.2083
418 126.6183
418 129.1083
418 129.1283
418 126.8983
418 122.3383
418 117.2083
419 129.1083
419 129.1283
419 126.8983
419 122.3383
419 117.2083
419 98.34827
420 129.1083
420 129.1283
420 126.8983
420 122.3383
420 117.2083
420 98.34827
421 129.1083
421 129.1283
421 126.8983
421 122.3383
421 117.2083
421 98.34827
422 129.1283
422 126.8983
422 122.3383
422 117.2083
422 98.34827
422 83.63827
423 129.1283
423 126.8983
423 122.3383
423 117.2083
423 98.34827
423 83.63827
424 129.1283
424 126.8983
424 122.3383
424 117.2083
424 98.34827
424 83.63827
425 129.1283
425 126.8983
425 122.3383
425 117.2083
425 98.34827
425 83.63827
426 129.1283
426 126.8983
426 122.3383
426 117.2083
426 98.34827
426 83.63827
427 126.8983
427 122.3383
427 117.2083
427 98.34827
427 83.63827
427 79.68355
428 126.8983
428 122.3383
428 117.2083
428 98.34827
428 83.63827
428 79.68355
429 126.8983
429 122.3383
429 117.2083
429 98.34827
429 83.63827
429 79.68355
430 122.3383
430 117.2083
430 98.34827
430 83.63827
430 79.68355
430 78.52827
431 122.3383
431 117.2083
431 98.34827
431 83.63827
431 79.68355
431 78.52827
432 122.3383
432 117.2083
432 98.34827
432 83.63827
432 79.68355
432 78.52827
433 122.3383
433 117.2083
433 98.34827
433 83.63827
433 79.68355
433 78.52827
434 117.2083
434 98.34827
434 83.63827
434 79.68355
434 78.52827
434 77.04827
435 117.2083
435 98.34827
435 83.63827
435 79.68355
435 78.52827
435 77.04827
436 117.2083
436 98.34827
436 83.63827
436 79.68355
436 78.52827
436 77.04827
437 117.2083
437 98.34827
437 83.63827
437 79.68355
437 78.52827
437 77.04827
438 117.2083
438 98.34827
438 83.63827
438 79.68355
438 78.52827
438 77.04827
439 117.2083
439 98.34827
439 83.63827
439 79.68355
439 78.52827
439 77.04827
440 117.2083
440 98.34827
440 83.63827
440 79.68355
440 78.52827
440 77.04827
441 117.2083
441 98.34827
441 83.63827
441 79.68355
441 78.52827
441 77.04827
442 98.34827
442 83.63827
442 79.68355
442 78.52827
442 77.04827
442 77.87827
443 98.34827
443 83.63827
443 79.68355
443 78.52827
443 77.04827
443 77.87827
444 98.34827
444 83.63827
444 79.68355
444 78.52827
444 77.04827
444 77.87827
445 98.34827
445 83.63827
445 79.68355
445 78.52827
445 77.04827
445 77.87827
446 98.34827
446 83.63827
446 79.68355
446 78.52827
446 77.04827
446 77.87827
447 98.34827
447 83.63827
447 79.68355
447 78.52827
447 77.04827
447 77.87827
448 83.63827
448 79.68355
448 78.52827
448 77.04827
448 77.87827
448 81.37827
449 83.63827
449 79.68355
449 78.52827
449 77.04827
449 77.87827
449 81.37827
450 79.68355
450 78.52827
450 77.04827
450 77.87827
450 81.37827
450 88.33827
451 78.52827
451 77.04827
451 77.87827
451 81.37827
451 88.33827
451 95.31827
452 78.52827
452 77.04827
452 77.87827
452 81.37827
452 88.33827
452 95.31827
453 77.04827
453 77.87827
453 81.37827
453 88.33827
453 95.31827
453 102.9283
454 77.04827
454 77.87827
454 81.37827
454 88.33827
454 95.31827
454 102.9283
455 77.04827
455 77.87827
455 81.37827
455 88.33827
455 95.31827
455 102.9283
456 77.87827
456 81.37827
456 88.33827
456 95.31827
456 102.9283
456 118.5435
457 77.87827
457 81.37827
457 88.33827
457 95.31827
457 102.9283
457 118.5435
458 77.87827
458 81.37827
458 88.33827
458 95.31827
458 102.9283
458 118.5435
459 81.37827
459 88.33827
459 95.31827
459 102.9283
459 118.5435
459 133.2435
460 81.37827
460 88.33827
460 95.31827
460 102.9283
460 118.5435
460 133.2435
461 81.37827
461 88.33827
461 95.31827
461 102.9283
461 118.5435
461 133.2435
462 88.33827
462 95.31827
462 102.9283
462 118.5435
462 133.2435
462 156.5083
463 88.33827
463 95.31827
463 102.9283
463 118.5435
463 133.2435
463 156.5083
464 88.33827
464 95.31827
464 102.9283
464 118.5435
464 133.2435
464 156.5083
465 95.31827
465 102.9283
465 118.5435
465 133.2435
465 156.5083
465 164.2383
466 95.31827
466 102.9283
466 118.5435
466 133.2435
466 156.5083
466 164.2383
467 95.31827
467 102.9283
467 118.5435
467 133.2435
467 156.5083
467 164.2383
468 102.9283
468 118.5435
468 133.2435
468 156.5083
468 164.2383
468 170.2883
469 102.9283
469 118.5435
469 133.2435
469 156.5083
469 164.2383
469 170.2883
470 102.9283
470 118.5435
470 133.2435
470 156.5083
470 164.2383
470 170.2883
471 102.9283
471 118.5435
471 133.2435
471 156.5083
471 164.2383
471 170.2883
472 102.9283
472 118.5435
472 133.2435
472 156.5083
472 164.2383
472 170.2883
473 118.5435
473 133.2435
473 156.5083
473 164.2383
473 170.2883
473 176.0983
474 118.5435
474 133.2435
474 156.5083
474 164.2383
474 170.2883
474 176.0983
475 118.5435
475 133.2435
475 156.5083
475 164.2383
475 170.2883
475 176.0983
476 118.5435
476 133.2435
476 156.5083
476 164.2383
476 170.2883
476 176.0983
477 118.5435
477 133.2435
477 156.5083
477 164.2383
477 170.2883
477 176.0983
478 133.2435
478 156.5083
478 164.2383
478 170.2883
478 176.0983
478 178.1583
479 133.2435
479 156.5083
479 164.2383
479 170.2883
479 176.0983
479 178.1583
480 133.2435
480 156.5083
480 164.2383
480 170.2883
480 176.0983
480 178.1583
481 133.2435
481 156.5083
481 164.2383
481 170.2883
481 176.0983
481 178.1583
482 133.2435
482 156.5083
482 164.2383
482 170.2883
482 176.0983
482 178.1583
483 133.2435
483 156.5083
483 164.2383
483 170.2883
483 176.0983
483 178.1583
484 156.5083
484 164.2383
484 170.2883
484 176.0983
484 178.1583
484 179.4383
485 156.5083
485 164.2383
485 170.2883
485 176.0983
485 178.1583
485 179.4383
486 156.5083
486 164.2383
486 170.2883
486 176.0983
486 178.1583
486 179.4383
487 164.2383
487 170.2883
487 176.0983
487 178.1583
487 179.4383
487 179.3083
488 164.2383
488 170.2883
488 176.0983
488 178.1583
488 179.4383
488 179.3083
489 170.2883
489 176.0983
489 178.1583
489 179.4383
489 179.3083
489 177.7183
490 170.2883
490 176.0983
490 178.1583
490 179.4383
490 179.3083
490 177.7183
491 170.2883
491 176.0983
491 178.1583
491 179.4383
491 179.3083
491 177.7183
492 170.2883
492 176.0983
492 178.1583
492 179.4383
492 179.3083
492 177.7183
493 176.0983
493 178.1583
493 179.4383
493 179.3083
493 177.7183
493 172.4083
494 178.1583
494 179.4383
494 179.3083
494 177.7183
494 172.4083
494 165.5735
495 178.1583
495 179.4383
495 179.3083
495 177.7183
495 172.4083
495 165.5735
496 178.1583
496 179.4383
496 179.3083
496 177.7183
496 172.4083
496 165.5735
497 179.4383
497 179.3083
497 177.7183
497 172.4083
497 165.5735
497 160.3583
498 179.4383
498 179.3083
498 177.7183
498 172.4083
498 165.5735
498 160.3583
499 179.4383
499 179.3083
499 177.7183
499 172.4083
499 165.5735
499 160.3583
500 179.3083
500 177.7183
500 172.4083
500 165.5735
500 160.3583
500 150.8283
501 179.3083
501 177.7183
501 172.4083
501 165.5735
501 160.3583
501 150.8283
502 177.7183
502 172.4083
502 165.5735
502 160.3583
502 150.8283
502 144.6183
503 177.7183
503 172.4083
503 165.5735
503 160.3583
503 150.8283
503 144.6183
504 177.7183
504 172.4083
504 165.5735
504 160.3583
504 150.8283
504 144.6183
505 177.7183
505 172.4083
505 165.5735
505 160.3583
505 150.8283
505 144.6183
506 172.4083
506 165.5735
506 160.3583
506 150.8283
506 144.6183
506 134.5383
507 172.4083
507 165.5735
507 160.3583
507 150.8283
507 144.6183
507 134.5383
508 172.4083
508 165.5735
508 160.3583
508 150.8283
508 144.6183
508 134.5383
509 172.4083
509 165.5735
509 160.3583
509 150.8283
509 144.6183
509 134.5383
510 165.5735
510 160.3583
510 150.8283
510 144.6183
510 134.5383
510 127.2283
511 165.5735
511 160.3583
511 150.8283
511 144.6183
511 134.5383
511 127.2283
512 160.3583
512 150.8283
512 144.6183
512 134.5383
512 127.2283
512 114.8083
513 160.3583
513 150.8283
513 144.6183
513 134.5383
513 127.2283
513 114.8083
514 160.3583
514 150.8283
514 144.6183
514 134.5383
514 127.2283
514 114.8083
515 150.8283
515 144.6183
515 134.5383
515 127.2283
515 114.8083
515 103.8935
516 150.8283
516 144.6183
516 134.5383
516 127.2283
516 114.8083
516 103.8935
517 144.6183
517 134.5383
517 127.2283
517 114.8083
517 103.8935
517 94.21827
518 144.6183
518 134.5383
518 127.2283
518 114.8083
518 103.8935
518 94.21827
519 144.6183
519 134.5383
519 127.2283
519 114.8083
519 103.8935
519 94.21827
520 134.5383
520 127.2283
520 114.8083
520 103.8935
520 94.21827
520 85.37355
521 134.5383
521 127.2283
521 114.8083
521 103.8935
521 94.21827
521 85.37355
522 127.2283
522 114.8083
522 103.8935
522 94.21827
522 85.37355
522 70.40827
523 127.2283
523 114.8083
523 103.8935
523 94.21827
523 85.37355
523 70.40827
524 127.2283
524 114.8083
524 103.8935
524 94.21827
524 85.37355
524 70.40827
525 114.8083
525 103.8935
525 94.21827
525 85.37355
525 70.40827
525 61.24355
526 114.8083
526 103.8935
526 94.21827
526 85.37355
526 70.40827
526 61.24355
527 103.8935
527 94.21827
527 85.37355
527 70.40827
527 61.24355
527 45.30827
528 103.8935
528 94.21827
528 85.37355
528 70.40827
528 61.24355
528 45.30827
529 94.21827
529 85.37355
529 70.40827
529 61.24355
529 45.30827
529 36.03354
530 94.21827
530 85.37355
530 70.40827
530 61.24355
530 45.30827
530 36.03354
531 85.37355
531 70.40827
531 61.24355
531 45.30827
531 36.03354
531 15.90826
532 85.37355
532 70.40827
532 61.24355
532 45.30827
532 36.03354
532 15.90826
533 85.37355
533 70.40827
533 61.24355
533 45.30827
533 36.03354
533 15.90826
534 70.40827
534 61.24355
534 45.30827
534 36.03354
534 15.90826
534 5.64827
535 70.40827
535 61.24355
535 45.30827
535 36.03354
535 15.90826
535 5.64827
536 61.24355
536 45.30827
536 36.03354
536 15.90826
536 5.64827
536 -9.99173
537 61.24355
537 45.30827
537 36.03354
537 15.90826
537 5.64827
537 -9.99173
538 61.24355
538 45.30827
538 36.03354
538 15.90826
538 5.64827
538 -9.99173
539 45.30827
539 36.03354
539 15.90826
539 5.64827
539 -9.99173
539 -24.01645
540 45.30827
540 36.03354
540 15.90826
540 5.64827
540 -9.99173
540 -24.01645
541 36.03354
541 15.90826
541 5.64827
541 -9.99173
541 -24.01645
541 -32.16173
542 36.03354
542 15.90826
542 5.64827
542 -9.99173
542 -24.01645
542 -32.16173
543 36.03354
543 15.90826
543 5.64827
543 -9.99173
543 -24.01645
543 -32.16173
544 36.03354
544 15.90826
544 5.64827
544 -9.99173
544 -24.01645
544 -32.16173
545 15.90826
545 5.64827
545 -9.99173
545 -24.01645
545 -32.16173
545 -43.49173
546 15.90826
546 5.64827
546 -9.99173
546 -24.01645
546 -32.16173
546 -43.49173
547 5.64827
547 -9.99173
547 -24.01645
547 -32.16173
547 -43.49173
547 -61.09
548 5.64827
548 -9.99173
548 -24.01645
548 -32.16173
548 -43.49173
548 -61.09
549 5.64827
549 -9.99173
549 -24.01645
549 -32.16173
549 -43.49173
549 -61.09
550 -9.99173
550 -24.01645
550 -32.16173
550 -43.49173
550 -61.09
550 -78.29172
551 -9.99173
551 -24.01645
551 -32.16173
551 -43.49173
551 -61.09
551 -78.29172
552 -24.01645
552 -32.16173
552 -43.49173
552 -61.09
552 -78.29172
552 -93.05002
553 -24.01645
553 -32.16173
553 -43.49173
553 -61.09
553 -78.29172
553 -93.05002
