0 0
1 113.361
1 105.941
1 92.88499
1 78.73102
1 65.34102
1 50.57938
2 113.361
2 105.941
2 92.88499
2 78.73102
2 65.34102
2 50.57938
3 113.361
3 105.941
3 92.88499
3 78.73102
3 65.34102
3 50.57938
4 113.361
4 105.941
4 92.88499
4 78.73102
4 65.34102
4 50.57938
5 113.361
5 105.941
5 92.88499
5 78.73102
5 65.34102
5 50.57938
6 113.361
6 105.941
6 92.88499
6 78.73102
6 65.34102
6 50.57938
7 113.361
7 105.941
7 92.88499
7 78.73102
7 65.34102
7 50.57938
8 113.361
8 105.941
8 92.88499
8 78.73102
8 65.34102
8 50.57938
9 113.361
9 105.941
9 92.88499
9 78.73102
9 65.34102
9 50.57938
10 113.361
10 105.941
10 92.88499
10 78.73102
10 65.34102
10 50.57938
11 113.361
11 105.941
11 92.88499
11 78.73102
11 65.34102
11 50.57938
12 113.361
12 105.941
12 92.88499
12 78.73102
12 65.34102
12 50.57938
13 105.941
13 92.88499
13 78.73102
13 65.34102
13 50.57938
13 33.37102
14 105.941
14 92.88499
14 78.73102
14 65.34102
14 50.57938
14 33.37102
15 105.941
15 92.88499
15 78.73102
15 65.34102
15 50.57938
15 33.37102
16 105.941
16 92.88499
16 78.73102
16 65.34102
16 50.57938
16 33.37102
17 105.941
17 92.88499
17 78.73102
17 65.34102
17 50.57938
17 33.37102
18 105.941
18 92.88499
18 78.73102
18 65.34102
18 50.57938
18 33.37102
19 105.941
19 92.88499
19 78.73102
19 65.34102
19 50.57938
19 33.37102
20 105.941
20 92.88499
20 78.73102
20 65.34102
20 50.57938
20 33.37102
21 105.941
21 92.88499
21 78.73102
21 65.34102
21 50.57938
21 33.37102
22 105.941
22 92.88499
22 78.73102
22 65.34102
22 50.57938
22 33.37102
23 105.941
23 92.88499
23 78.73102
23 65.34102
23 50.57938
23 33.37102
24 105.941
24 92.88499
24 78.73102
24 65.34102
24 50.57938
24 33.37102
25 92.88499
25 78.73102
25 65.34102
25 50.57938
25 33.37102
25 18.404
26 92.88499
26 78.73102
26 65.34102
26 50.57938
26 33.37102
26 18.404
27 92.88499
27 78.73102
27 65.34102
27 50.57938
27 33.37102
27 18.404
28 92.88499
28 78.73102
28 65.34102
28 50.57938
28 33.37102
28 18.404
29 92.88499
29 78.73102
29 65.34102
29 50.57938
29 33.37102
29 18.404
30 92.88499
30 78.73102
30 65.34102
30 50.57938
30 33.37102
30 18.404
31 92.88499
31 78.73102
31 65.34102
31 50.57938
31 33.37102
31 18.404
32 92.88499
32 78.73102
32 65.34102
32 50.57938
32 33.37102
32 18.404
33 78.73102
33 65.34102
33 50.57938
33 33.37102
33 18.404
33 4.339378
34 78.73102
34 65.34102
34 50.57938
34 33.37102
34 18.404
34 4.339378
35 78.73102
35 65.34102
35 50.57938
35 33.37102
35 18.404
35 4.339378
36 78.73102
36 65.34102
36 50.57938
36 33.37102
36 18.404
36 4.339378
37 78.73102
37 65.34102
37 50.57938
37 33.37102
37 18.404
37 4.339378
38 78.73102
38 65.34102
38 50.57938
38 33.37102
38 18.404
38 4.339378
39 65.34102
39 50.57938
39 33.37102
39 18.404
39 4.339378
39 -17.42898
40 65.34102
40 50.57938
40 33.37102
40 18.404
40 4.339378
40 -17.42898
41 65.34102
41 50.57938
41 33.37102
41 18.404
41 4.339378
41 -17.42898
42 65.34102
42 50.57938
42 33.37102
42 18.404
42 4.339378
42 -17.42898
43 65.34102
43 50.57938
43 33.37102
43 18.404
43 4.339378
43 -17.42898
44 50.57938
44 33.37102
44 18.404
44 4.339378
44 -17.42898
44 -30.18062
45 50.57938
45 33.37102
45 18.404
45 4.339378
45 -17.42898
45 -30.18062
46 50.57938
46 33.37102
46 18.404
46 4.339378
46 -17.42898
46 -30.18062
47 50.57938
47 33.37102
47 18.404
47 4.339378
47 -17.42898
47 -30.18062
48 50.57938
48 33.37102
48 18.404
48 4.339378
48 -17.42898
48 -30.18062
49 50.57938
49 33.37102
49 18.404
49 4.339378
49 -17.42898
49 -30.18062
50 33.37102
50 18.404
50 4.339378
50 -17.42898
50 -30.18062
50 -42.84062
51 33.37102
51 18.404
51 4.339378
51 -17.42898
51 -30.18062
51 -42.84062
52 33.37102
52 18.404
52 4.339378
52 -17.42898
52 -30.18062
52 -42.84062
53 33.37102
53 18.404
53 4.339378
53 -17.42898
53 -30.18062
53 -42.84062
54 33.37102
54 18.404
54 4.339378
54 -17.42898
54 -30.18062
54 -42.84062
55 18.404
55 4.339378
55 -17.42898
55 -30.18062
55 -42.84062
55 -66.52898
56 18.404
56 4.339378
56 -17.42898
56 -30.18062
56 -42.84062
56 -66.52898
57 18.404
57 4.339378
57 -17.42898
57 -30.18062
57 -42.84062
57 -66.52898
58 4.339378
58 -17.42898
58 -30.18062
58 -42.84062
58 -66.52898
58 -76.85062
59 4.339378
59 -17.42898
59 -30.18062
59 -42.84062
59 -66.52898
59 -76.85062
60 4.339378
60 -17.42898
60 -30.18062
60 -42.84062
60 -66.52898
60 -76.85062
61 4.339378
61 -17.42898
61 -30.18062
61 -42.84062
61 -66.52898
61 -76.85062
62 4.339378
62 -17.42898
62 -30.18062
62 -42.84062
62 -66.52898
62 -76.85062
63 4.339378
63 -17.42898
63 -30.18062
63 -42.84062
63 -66.52898
63 -76.85062
64 -17.42898
64 -30.18062
64 -42.84062
64 -66.52898
64 -76.85062
64 -90.64063
65 -17.42898
65 -30.18062
65 -42.84062
65 -66.52898
65 -76.85062
65 -90.64063
66 -17.42898
66 -30.18062
66 -42.84062
66 -66.52898
66 -76.85062
66 -90.64063
67 -30.18062
67 -42.84062
67 -66.52898
67 -76.85062
67 -90.64063
67 -100.3206
68 -30.18062
68 -42.84062
68 -66.52898
68 -76.85062
68 -90.64063
68 -100.3206
69 -42.84062
69 -66.52898
69 -76.85062
69 -90.64063
69 -100.3206
69 -115.129
70 -42.84062
70 -66.52898
70 -76.85062
70 -90.64063
70 -100.3206
70 -115.129
71 -42.84062
71 -66.52898
71 -76.85062
71 -90.64063
71 -100.3206
71 -115.129
72 -42.84062
72 -66.52898
72 -76.85062
72 -90.64063
72 -100.3206
72 -115.129
73 -42.84062
73 -66.52898
73 -76.85062
73 -90.64063
73 -100.3206
73 -115.129
74 -66.52898
74 -76.85062
74 -90.64063
74 -100.3206
74 -115.129
74 -124.5206
75 -66.52898
75 -76.85062
75 -90.64063
75 -100.3206
75 -115.129
75 -124.5206
76 -66.52898
76 -76.85062
76 -90.64063
76 -100.3206
76 -115.129
76 -124.5206
77 -76.85062
77 -90.64063
77 -100.3206
77 -115.129
77 -124.5206
77 -131.399
78 -76.85062
78 -90.64063
78 -100.3206
78 -115.129
78 -124.5206
78 -131.399
79 -76.85062
79 -90.64063
79 -100.3206
79 -115.129
79 -124.5206
79 -131.399
80 -90.64063
80 -100.3206
80 -115.129
80 -124.5206
80 -131.399
80 -141.329
81 -90.64063
81 -100.3206
81 -115.129
81 -124.5206
81 -131.399
81 -141.329
82 -100.3206
82 -115.129
82 -124.5206
82 -131.399
82 -141.329
82 -147.489
83 -100.3206
83 -115.129
83 -124.5206
83 -131.399
83 -141.329
83 -147.489
84 -100.3206
84 -115.129
84 -124.5206
84 -131.399
84 -141.329
84 -147.489
85 -100.3206
85 -115.129
85 -124.5206
85 -131.399
85 -141.329
85 -147.489
86 -100.3206
86 -115.129
86 -124.5206
86 -131.399
86 -141.329
86 -147.489
87 -115.129
87 -124.5206
87 -131.399
87 -141.329
87 -147.489
87 -150.849
88 -115.129
88 -124.5206
88 -131.399
88 -141.329
88 -147.489
88 -150.849
89 -115.129
89 -124.5206
89 -131.399
89 -141.329
89 -147.489
89 -150.849
90 -124.5206
90 -131.399
90 -141.329
90 -147.489
90 -150.849
90 -155.499
91 -124.5206
91 -131.399
91 -141.329
91 -147.489
91 -150.849
91 -155.499
92 -131.399
92 -141.329
92 -147.489
92 -150.849
92 -155.499
92 -157.609
93 -131.399
93 -141.329
93 -147.489
93 -150.849
93 -155.499
93 -157.609
94 -131.399
94 -141.329
94 -147.489
94 -150.849
94 -155.499
94 -157.609
95 -131.399
95 -141.329
95 -147.489
95 -150.849
95 -155.499
95 -157.609
96 -141.329
96 -147.489
96 -150.849
96 -155.499
96 -157.609
96 -159.129
97 -141.329
97 -147.489
97 -150.849
97 -155.499
97 -157.609
97 -159.129
98 -141.329
98 -147.489
98 -150.849
98 -155.499
98 -157.609
98 -159.129
99 -141.329
99 -147.489
99 -150.849
99 -155.499
99 -157.609
99 -159.129
100 -147.489
100 -150.849
100 -155.499
100 -157.609
100 -159.129
100 -159.099
101 -147.489
101 -150.849
101 -155.499
101 -157.609
101 -159.129
101 -159.099
102 -150.849
102 -155.499
102 -157.609
102 -159.129
102 -159.099
102 -157.469
103 -150.849
103 -155.499
103 -157.609
103 -159.129
103 -159.099
103 -157.469
104 -150.849
104 -155.499
104 -157.609
104 -159.129
104 -159.099
104 -157.469
105 -150.849
105 -155.499
105 -157.609
105 -159.129
105 -159.099
105 -157.469
106 -155.499
106 -157.609
106 -159.129
106 -159.099
106 -157.469
106 -153.909
107 -155.499
107 -157.609
107 -159.129
107 -159.099
107 -157.469
107 -153.909
108 -155.499
108 -157.609
108 -159.129
108 -159.099
108 -157.469
108 -153.909
109 -157.609
109 -159.129
109 -159.099
109 -157.469
109 -153.909
109 -151.629
110 -157.609
110 -159.129
110 -159.099
110 -157.469
110 -153.909
110 -151.629
111 -157.609
111 -159.129
111 -159.099
111 -157.469
111 -153.909
111 -151.629
112 -157.609
112 -159.129
112 -159.099
112 -157.469
112 -153.909
112 -151.629
113 -159.129
113 -159.099
113 -157.469
113 -153.909
113 -151.629
113 -148.129
114 -159.129
114 -159.099
114 -157.469
114 -153.909
114 -151.629
114 -148.129
115 -159.129
115 -159.099
115 -157.469
115 -153.909
115 -151.629
115 -148.129
116 -159.129
116 -159.099
116 -157.469
116 -153.909
116 -151.629
116 -148.129
117 -159.129
117 -159.099
117 -157.469
117 -153.909
117 -151.629
117 -148.129
118 -159.129
118 -159.099
118 -157.469
118 -153.909
118 -151.629
118 -148.129
119 -159.099
119 -157.469
119 -153.909
119 -151.629
119 -148.129
119 -143.929
120 -159.099
120 -157.469
120 -153.909
120 -151.629
120 -148.129
120 -143.929
121 -159.099
121 -157.469
121 -153.909
121 -151.629
121 -148.129
121 -143.929
122 -157.469
122 -153.909
122 -151.629
122 -148.129
122 -143.929
122 -139.979
123 -157.469
123 -153.909
123 -151.629
123 -148.129
123 -143.929
123 -139.979
124 -157.469
124 -153.909
124 -151.629
124 -148.129
124 -143.929
124 -139.979
125 -157.469
125 -153.909
125 -151.629
125 -148.129
125 -143.929
125 -139.979
126 -157.469
126 -153.909
126 -151.629
126 -148.129
126 -143.929
126 -139.979
127 -153.909
127 -151.629
127 -148.129
127 -143.929
127 -139.979
127 -134.209
128 -153.909
128 -151.629
128 -148.129
128 -143.929
128 -139.979
128 -134.209
129 -153.909
129 -151.629
129 -148.129
129 -143.929
129 -139.979
129 -134.209
130 -153.909
130 -151.629
130 -148.129
130 -143.929
130 -139.979
130 -134.209
131 -151.629
131 -148.129
131 -143.929
131 -139.979
131 -134.209
131 -130.6506
132 -151.629
132 -148.129
132 -143.929
132 -139.979
132 -134.209
132 -130.6506
133 -151.629
133 -148.129
133 -143.929
133 -139.979
133 -134.209
133 -130.6506
134 -151.629
134 -148.129
134 -143.929
134 -139.979
134 -134.209
134 -130.6506
135 -148.129
135 -143.929
135 -139.979
135 -134.209
135 -130.6506
135 -123.779
136 -148.129
136 -143.929
136 -139.979
136 -134.209
136 -130.6506
136 -123.779
137 -148.129
137 -143.929
137 -139.979
137 -134.209
137 -130.6506
137 -123.779
138 -148.129
138 -143.929
138 -139.979
138 -134.209
138 -130.6506
138 -123.779
139 -148.129
139 -143.929
139 -139.979
139 -134.209
139 -130.6506
139 -123.779
140 -143.929
140 -139.979
140 -134.209
140 -130.6506
140 -123.779
140 -118.159
141 -143.929
141 -139.979
141 -134.209
141 -130.6506
141 -123.779
141 -118.159
142 -143.929
142 -139.979
142 -134.209
142 -130.6506
142 -123.779
142 -118.159
143 -139.979
143 -134.209
143 -130.6506
143 -123.779
143 -118.159
143 -108.669
144 -139.979
144 -134.209
144 -130.6506
144 -123.779
144 -118.159
144 -108.669
145 -139.979
145 -134.209
145 -130.6506
145 -123.779
145 -118.159
145 -108.669
146 -139.979
146 -134.209
146 -130.6506
146 -123.779
146 -118.159
146 -108.669
147 -134.209
147 -130.6506
147 -123.779
147 -118.159
147 -108.669
147 -100.349
148 -134.209
148 -130.6506
148 -123.779
148 -118.159
148 -108.669
148 -100.349
149 -130.6506
149 -123.779
149 -118.159
149 -108.669
149 -100.349
149 -89.95898
150 -130.6506
150 -123.779
150 -118.159
150 -108.669
150 -100.349
150 -89.95898
151 -130.6506
151 -123.779
151 -118.159
151 -108.669
151 -100.349
151 -89.95898
152 -123.779
152 -118.159
152 -108.669
152 -100.349
152 -89.95898
152 -79.97897
153 -123.779
153 -118.159
153 -108.669
153 -100.349
153 -89.95898
153 -79.97897
154 -123.779
154 -118.159
154 -108.669
154 -100.349
154 -89.95898
154 -79.97897
155 -118.159
155 -108.669
155 -100.349
155 -89.95898
155 -79.97897
155 -69.827
156 -118.159
156 -108.669
156 -100.349
156 -89.95898
156 -79.97897
156 -69.827
157 -118.159
157 -108.669
157 -100.349
157 -89.95898
157 -79.97897
157 -69.827
158 -118.159
158 -108.669
158 -100.349
158 -89.95898
158 -79.97897
158 -69.827
159 -108.669
159 -100.349
159 -89.95898
159 -79.97897
159 -69.827
159 -42.02898
160 -108.669
160 -100.349
160 -89.95898
160 -79.97897
160 -69.827
160 -42.02898
161 -108.669
161 -100.349
161 -89.95898
161 -79.97897
161 -69.827
161 -42.02898
162 -100.349
162 -89.95898
162 -79.97897
162 -69.827
162 -42.02898
162 -20.72898
163 -100.349
163 -89.95898
163 -79.97897
163 -69.827
163 -42.02898
163 -20.72898
164 -100.349
164 -89.95898
164 -79.97897
164 -69.827
164 -42.02898
164 -20.72898
165 -100.349
165 -89.95898
165 -79.97897
165 -69.827
165 -42.02898
165 -20.72898
166 -89.95898
166 -79.97897
166 -69.827
166 -42.02898
166 -20.72898
166 -12.66062
167 -89.95898
167 -79.97897
167 -69.827
167 -42.02898
167 -20.72898
167 -12.66062
168 -89.95898
168 -79.97897
168 -69.827
168 -42.02898
168 -20.72898
168 -12.66062
169 -79.97897
169 -69.827
169 -42.02898
169 -20.72898
169 -12.66062
169 -7.878983
170 -79.97897
170 -69.827
170 -42.02898
170 -20.72898
170 -12.66062
170 -7.878983
171 -79.97897
171 -69.827
171 -42.02898
171 -20.72898
171 -12.66062
171 -7.878983
172 -79.97897
172 -69.827
172 -42.02898
172 -20.72898
172 -12.66062
172 -7.878983
173 -69.827
173 -42.02898
173 -20.72898
173 -12.66062
173 -7.878983
173 -1.338982
174 -69.827
174 -42.02898
174 -20.72898
174 -12.66062
174 -7.878983
174 -1.338982
175 -69.827
175 -42.02898
175 -20.72898
175 -12.66062
175 -7.878983
175 -1.338982
176 -69.827
176 -42.02898
176 -20.72898
176 -12.66062
176 -7.878983
176 -1.338982
177 -69.827
177 -42.02898
177 -20.72898
177 -12.66062
177 -7.878983
177 -1.338982
178 -69.827
178 -42.02898
178 -20.72898
178 -12.66062
178 -7.878983
178 -1.338982
179 -69.827
179 -42.02898
179 -20.72898
179 -12.66062
179 -7.878983
179 -1.338982
180 -69.827
180 -42.02898
180 -20.72898
180 -12.66062
180 -7.878983
180 -1.338982
181 -42.02898
181 -20.72898
181 -12.66062
181 -7.878983
181 -1.338982
181 5.75
182 -42.02898
182 -20.72898
182 -12.66062
182 -7.878983
182 -1.338982
182 5.75
183 -42.02898
183 -20.72898
183 -12.66062
183 -7.878983
183 -1.338982
183 5.75
184 -42.02898
184 -20.72898
184 -12.66062
184 -7.878983
184 -1.338982
184 5.75
185 -42.02898
185 -20.72898
185 -12.66062
185 -7.878983
185 -1.338982
185 5.75
186 -20.72898
186 -12.66062
186 -7.878983
186 -1.338982
186 5.75
186 12.86102
187 -20.72898
187 -12.66062
187 -7.878983
187 -1.338982
187 5.75
187 12.86102
188 -12.66062
188 -7.878983
188 -1.338982
188 5.75
188 12.86102
188 19.95102
189 -7.878983
189 -1.338982
189 5.75
189 12.86102
189 19.95102
189 25.33102
190 -7.878983
190 -1.338982
190 5.75
190 12.86102
190 19.95102
190 25.33102
191 -1.338982
191 5.75
191 12.86102
191 19.95102
191 25.33102
191 29.88102
192 -1.338982
192 5.75
192 12.86102
192 19.95102
192 25.33102
192 29.88102
193 -1.338982
193 5.75
193 12.86102
193 19.95102
193 25.33102
193 29.88102
194 5.75
194 12.86102
194 19.95102
194 25.33102
194 29.88102
194 38.04939
195 5.75
195 12.86102
195 19.95102
195 25.33102
195 29.88102
195 38.04939
196 5.75
196 12.86102
196 19.95102
196 25.33102
196 29.88102
196 38.04939
197 12.86102
197 19.95102
197 25.33102
197 29.88102
197 38.04939
197 45.58102
198 12.86102
198 19.95102
198 25.33102
198 29.88102
198 38.04939
198 45.58102
199 12.86102
199 19.95102
199 25.33102
199 29.88102
199 38.04939
199 45.58102
200 19.95102
200 25.33102
200 29.88102
200 38.04939
200 45.58102
200 59.27102
201 19.95102
201 25.33102
201 29.88102
201 38.04939
201 45.58102
201 59.27102
202 19.95102
202 25.33102
202 29.88102
202 38.04939
202 45.58102
202 59.27102
203 25.33102
203 29.88102
203 38.04939
203 45.58102
203 59.27102
203 65.83102
204 25.33102
204 29.88102
204 38.04939
204 45.58102
204 59.27102
204 65.83102
205 25.33102
205 29.88102
205 38.04939
205 45.58102
205 59.27102
205 65.83102
206 29.88102
206 38.04939
206 45.58102
206 59.27102
206 65.83102
206 71.59937
207 29.88102
207 38.04939
207 45.58102
207 59.27102
207 65.83102
207 71.59937
208 29.88102
208 38.04939
208 45.58102
208 59.27102
208 65.83102
208 71.59937
209 29.88102
209 38.04939
209 45.58102
209 59.27102
209 65.83102
209 71.59937
210 29.88102
210 38.04939
210 45.58102
210 59.27102
210 65.83102
210 71.59937
211 38.04939
211 45.58102
211 59.27102
211 65.83102
211 71.59937
211 79.57102
212 38.04939
212 45.58102
212 59.27102
212 65.83102
212 71.59937
212 79.57102
213 38.04939
213 45.58102
213 59.27102
213 65.83102
213 71.59937
213 79.57102
214 38.04939
214 45.58102
214 59.27102
214 65.83102
214 71.59937
214 79.57102
215 45.58102
215 59.27102
215 65.83102
215 71.59937
215 79.57102
215 84.19102
216 45.58102
216 59.27102
216 65.83102
216 71.59937
216 79.57102
216 84.19102
217 45.58102
217 59.27102
217 65.83102
217 71.59937
217 79.57102
217 84.19102
218 45.58102
218 59.27102
218 65.83102
218 71.59937
218 79.57102
218 84.19102
219 45.58102
219 59.27102
219 65.83102
219 71.59937
219 79.57102
219 84.19102
220 45.58102
220 59.27102
220 65.83102
220 71.59937
220 79.57102
220 84.19102
221 45.58102
221 59.27102
221 65.83102
221 71.59937
221 79.57102
221 84.19102
222 59.27102
222 65.83102
222 71.59937
222 79.57102
222 84.19102
222 90.79102
223 59.27102
223 65.83102
223 71.59937
223 79.57102
223 84.19102
223 90.79102
224 65.83102
224 71.59937
224 79.57102
224 84.19102
224 90.79102
224 98.67102
225 65.83102
225 71.59937
225 79.57102
225 84.19102
225 90.79102
225 98.67102
226 65.83102
226 71.59937
226 79.57102
226 84.19102
226 90.79102
226 98.67102
227 71.59937
227 79.57102
227 84.19102
227 90.79102
227 98.67102
227 106.031
228 71.59937
228 79.57102
228 84.19102
228 90.79102
228 98.67102
228 106.031
229 71.59937
229 79.57102
229 84.19102
229 90.79102
229 98.67102
229 106.031
230 79.57102
230 84.19102
230 90.79102
230 98.67102
230 106.031
230 117.181
231 79.57102
231 84.19102
231 90.79102
231 98.67102
231 106.031
231 117.181
232 84.19102
232 90.79102
232 98.67102
232 106.031
232 117.181
232 127.2894
233 84.19102
233 90.79102
233 98.67102
233 106.031
233 117.181
233 127.2894
234 90.79102
234 98.67102
234 106.031
234 117.181
234 127.2894
234 132.651
235 90.79102
235 98.67102
235 106.031
235 117.181
235 127.2894
235 132.651
236 98.67102
236 106.031
236 117.181
236 127.2894
236 132.651
236 140.601
237 98.67102
237 106.031
237 117.181
237 127.2894
237 132.651
237 140.601
238 98.67102
238 106.031
238 117.181
238 127.2894
238 132.651
238 140.601
239 106.031
239 117.181
239 127.2894
239 132.651
239 140.601
239 144.511
240 106.031
240 117.181
240 127.2894
240 132.651
240 140.601
240 144.511
241 106.031
241 117.181
241 127.2894
241 132.651
241 140.601
241 144.511
242 106.031
242 117.181
242 127.2894
242 132.651
242 140.601
242 144.511
243 117.181
243 127.2894
243 132.651
243 140.601
243 144.511
243 150.031
244 117.181
244 127.2894
244 132.651
244 140.601
244 144.511
244 150.031
245 117.181
245 127.2894
245 132.651
245 140.601
245 144.511
245 150.031
246 117.181
246 127.2894
246 132.651
246 140.601
246 144.511
246 150.031
247 127.2894
247 132.651
247 140.601
247 144.511
247 150.031
247 152.971
248 127.2894
248 132.651
248 140.601
248 144.511
248 150.031
248 152.971
249 132.651
249 140.601
249 144.511
249 150.031
249 152.971
249 156.621
250 132.651
250 140.601
250 144.511
250 150.031
250 152.971
250 156.621
251 132.651
251 140.601
251 144.511
251 150.031
251 152.971
251 156.621
252 140.601
252 144.511
252 150.031
252 152.971
252 156.621
252 158.4294
253 140.601
253 144.511
253 150.031
253 152.971
253 156.621
253 158.4294
254 144.511
254 150.031
254 152.971
254 156.621
254 158.4294
254 158.891
255 144.511
255 150.031
255 152.971
255 156.621
255 158.4294
255 158.891
256 144.511
256 150.031
256 152.971
256 156.621
256 158.4294
256 158.891
257 150.031
257 152.971
257 156.621
257 158.4294
257 158.891
257 158.731
258 150.031
258 152.971
258 156.621
258 158.4294
258 158.891
258 158.731
259 152.971
259 156.621
259 158.4294
259 158.891
259 158.731
259 157.101
260 152.971
260 156.621
260 158.4294
260 158.891
260 158.731
260 157.101
261 152.971
261 156.621
261 158.4294
261 158.891
261 158.731
261 157.101
262 156.621
262 158.4294
262 158.891
262 158.731
262 157.101
262 155.4194
263 156.621
263 158.4294
263 158.891
263 158.731
263 157.101
263 155.4194
264 158.4294
264 158.891
264 158.731
264 157.101
264 155.4194
264 151.201
265 158.4294
265 158.891
265 158.731
265 157.101
265 155.4194
265 151.201
266 158.891
266 158.731
266 157.101
266 155.4194
266 151.201
266 148.141
267 158.891
267 158.731
267 157.101
267 155.4194
267 151.201
267 148.141
268 158.731
268 157.101
268 155.4194
268 151.201
268 148.141
268 140.121
269 158.731
269 157.101
269 155.4194
269 151.201
269 148.141
269 140.121
270 158.731
270 157.101
270 155.4194
270 151.201
270 148.141
270 140.121
271 157.101
271 155.4194
271 151.201
271 148.141
271 140.121
271 135.321
272 157.101
272 155.4194
272 151.201
272 148.141
272 140.121
272 135.321
273 155.4194
273 151.201
273 148.141
273 140.121
273 135.321
273 127.081
274 155.4194
274 151.201
274 148.141
274 140.121
274 135.321
274 127.081
275 155.4194
275 151.201
275 148.141
275 140.121
275 135.321
275 127.081
276 151.201
276 148.141
276 140.121
276 135.321
276 127.081
276 119.021
277 151.201
277 148.141
277 140.121
277 135.321
277 127.081
277 119.021
278 148.141
278 140.121
278 135.321
278 127.081
278 119.021
278 113.361
279 148.141
279 140.121
279 135.321
279 127.081
279 119.021
279 113.361
280 148.141
280 140.121
280 135.321
280 127.081
280 119.021
280 113.361
281 148.141
281 140.121
281 135.321
281 127.081
281 119.021
281 113.361
282 140.121
282 135.321
282 127.081
282 119.021
282 113.361
282 105.941
283 140.121
283 135.321
283 127.081
283 119.021
283 113.361
283 105.941
284 140.121
284 135.321
284 127.081
284 119.021
284 113.361
284 105.941
285 135.321
285 127.081
285 119.021
285 113.361
285 105.941
285 92.88499
286 135.321
286 127.081
286 119.021
286 113.361
286 105.941
286 92.88499
287 135.321
287 127.081
287 119.021
287 113.361
287 105.941
287 92.88499
288 127.081
288 119.021
288 113.361
288 105.941
288 92.88499
288 78.73102
289 127.081
289 119.021
289 113.361
289 105.941
289 92.88499
289 78.73102
290 127.081
290 119.021
290 113.361
290 105.941
290 92.88499
290 78.73102
291 119.021
291 113.361
291 105.941
291 92.88499
291 78.73102
291 65.34102
292 113.361
292 105.941
292 92.88499
292 78.73102
292 65.34102
292 50.57938
293 113.361
293 105.941
293 92.88499
293 78.73102
293 65.34102
293 50.57938
294 105.941
294 92.88499
294 78.73102
294 65.34102
294 50.57938
294 33.37102
295 105.941
295 92.88499
295 78.73102
295 65.34102
295 50.57938
295 33.37102
296 105.941
296 92.88499
296 78.73102
296 65.34102
296 50.57938
296 33.37102
297 105.941
297 92.88499
297 78.73102
297 65.34102
297 50.57938
297 33.37102
298 92.88499
298 78.73102
298 65.34102
298 50.57938
298 33.37102
298 18.404
299 92.88499
299 78.73102
299 65.34102
299 50.57938
299 33.37102
299 18.404
300 92.88499
300 78.73102
300 65.34102
300 50.57938
300 33.37102
300 18.404
301 92.88499
301 78.73102
301 65.34102
301 50.57938
301 33.37102
301 18.404
302 78.73102
302 65.34102
302 50.57938
302 33.37102
302 18.404
302 4.339378
303 78.73102
303 65.34102
303 50.57938
303 33.37102
303 18.404
303 4.339378
304 78.73102
304 65.34102
304 50.57938
304 33.37102
304 18.404
304 4.339378
305 65.34102
305 50.57938
305 33.37102
305 18.404
305 4.339378
305 -17.42898
306 65.34102
306 50.57938
306 33.37102
306 18.404
306 4.339378
306 -17.42898
307 65.34102
307 50.57938
307 33.37102
307 18.404
307 4.339378
307 -17.42898
308 50.57938
308 33.37102
308 18.404
308 4.339378
308 -17.42898
308 -30.18062
309 50.57938
309 33.37102
309 18.404
309 4.339378
309 -17.42898
309 -30.18062
310 50.57938
310 33.37102
310 18.404
310 4.339378
310 -17.42898
310 -30.18062
311 50.57938
311 33.37102
311 18.404
311 4.339378
311 -17.42898
311 -30.18062
312 33.37102
312 18.404
312 4.339378
312 -17.42898
312 -30.18062
312 -42.84062
313 33.37102
313 18.404
313 4.339378
313 -17.42898
313 -30.18062
313 -42.84062
314 33.37102
314 18.404
314 4.339378
314 -17.42898
314 -30.18062
314 -42.84062
315 18.404
315 4.339378
315 -17.42898
315 -30.18062
315 -42.84062
315 -66.52898
316 18.404
316 4.339378
316 -17.42898
316 -30.18062
316 -42.84062
316 -66.52898
317 18.404
317 4.339378
317 -17.42898
317 -30.18062
317 -42.84062
317 -66.52898
318 4.339378
318 -17.42898
318 -30.18062
318 -42.84062
318 -66.52898
318 -76.85062
319 4.339378
319 -17.42898
319 -30.18062
319 -42.84062
319 -66.52898
319 -76.85062
320 4.339378
320 -17.42898
320 -30.18062
320 -42.84062
320 -66.52898
320 -76.85062
321 4.339378
321 -17.42898
321 -30.18062
321 -42.84062
321 -66.52898
321 -76.85062
322 -17.42898
322 -30.18062
322 -42.84062
322 -66.52898
322 -76.85062
322 -90.64063
323 -17.42898
323 -30.18062
323 -42.84062
323 -66.52898
323 -76.85062
323 -90.64063
324 -17.42898
324 -30.18062
324 -42.84062
324 -66.52898
324 -76.85062
324 -90.64063
325 -30.18062
325 -42.84062
325 -66.52898
325 -76.85062
325 -90.64063
325 -100.3206
326 -30.18062
326 -42.84062
326 -66.52898
326 -76.85062
326 -90.64063
326 -100.3206
327 -30.18062
327 -42.84062
327 -66.52898
327 -76.85062
327 -90.64063
327 -100.3206
328 -42.84062
328 -66.52898
328 -76.85062
328 -90.64063
328 -100.3206
328 -115.129
329 -42.84062
329 -66.52898
329 -76.85062
329 -90.64063
329 -100.3206
329 -115.129
330 -42.84062
330 -66.52898
330 -76.85062
330 -90.64063
330 -100.3206
330 -115.129
331 -42.84062
331 -66.52898
331 -76.85062
331 -90.64063
331 -100.3206
331 -115.129
332 -42.84062
332 -66.52898
332 -76.85062
332 -90.64063
332 -100.3206
332 -115.129
333 -66.52898
333 -76.85062
333 -90.64063
333 -100.3206
333 -115.129
333 -124.5206
334 -66.52898
334 -76.85062
334 -90.64063
334 -100.3206
334 -115.129
334 -124.5206
335 -66.52898
335 -76.85062
335 -90.64063
335 -100.3206
335 -115.129
335 -124.5206
336 -76.85062
336 -90.64063
336 -100.3206
336 -115.129
336 -124.5206
336 -131.399
337 -76.85062
337 -90.64063
337 -100.3206
337 -115.129
337 -124.5206
337 -131.399
338 -76.85062
338 -90.64063
338 -100.3206
338 -115.129
338 -124.5206
338 -131.399
339 -76.85062
339 -90.64063
339 -100.3206
339 -115.129
339 -124.5206
339 -131.399
340 -90.64063
340 -100.3206
340 -115.129
340 -124.5206
340 -131.399
340 -141.329
341 -90.64063
341 -100.3206
341 -115.129
341 -124.5206
341 -131.399
341 -141.329
342 -100.3206
342 -115.129
342 -124.5206
342 -131.399
342 -141.329
342 -147.489
343 -100.3206
343 -115.129
343 -124.5206
343 -131.399
343 -141.329
343 -147.489
344 -100.3206
344 -115.129
344 -124.5206
344 -131.399
344 -141.329
344 -147.489
345 -100.3206
345 -115.129
345 -124.5206
345 -131.399
345 -141.329
345 -147.489
346 -100.3206
346 -115.129
346 -124.5206
346 -131.399
346 -141.329
346 -147.489
347 -115.129
347 -124.5206
347 -131.399
347 -141.329
347 -147.489
347 -150.849
348 -115.129
348 -124.5206
348 -131.399
348 -141.329
348 -147.489
348 -150.849
349 -115.129
349 -124.5206
349 -131.399
349 -141.329
349 -147.489
349 -150.849
350 -124.5206
350 -131.399
350 -141.329
350 -147.489
350 -150.849
350 -155.499
351 -124.5206
351 -131.399
351 -141.329
351 -147.489
351 -150.849
351 -155.499
352 -124.5206
352 -131.399
352 -141.329
352 -147.489
352 -150.849
352 -155.499
353 -131.399
353 -141.329
353 -147.489
353 -150.849
353 -155.499
353 -157.609
354 -131.399
354 -141.329
354 -147.489
354 -150.849
354 -155.499
354 -157.609
355 -131.399
355 -141.329
355 -147.489
355 -150.849
355 -155.499
355 -157.609
356 -131.399
356 -141.329
356 -147.489
356 -150.849
356 -155.499
356 -157.609
357 -141.329
357 -147.489
357 -150.849
357 -155.499
357 -157.609
357 -159.129
358 -141.329
358 -147.489
358 -150.849
358 -155.499
358 -157.609
358 -159.129
359 -141.329
359 -147.489
359 -150.849
359 -155.499
359 -157.609
359 -159.129
360 -147.489
360 -150.849
360 -155.499
360 -157.609
360 -159.129
360 -159.099
361 -147.489
361 -150.849
361 -155.499
361 -157.609
361 -159.129
361 -159.099
362 -150.849
362 -155.499
362 -157.609
362 -159.129
362 -159.099
362 -157.469
363 -150.849
363 -155.499
363 -157.609
363 -159.129
363 -159.099
363 -157.469
364 -150.849
364 -155.499
364 -157.609
364 -159.129
364 -159.099
364 -157.469
365 -150.849
365 -155.499
365 -157.609
365 -159.129
365 -159.099
365 -157.469
366 -155.499
366 -157.609
366 -159.129
366 -159.099
366 -157.469
366 -153.909
367 -155.499
367 -157.609
367 -159.129
367 -159.099
367 -157.469
367 -153.909
368 -155.499
368 -157.609
368 -159.129
368 -159.099
368 -157.469
368 -153.909
369 -157.609
369 -159.129
369 -159.099
369 -157.469
369 -153.909
369 -151.629
370 -157.609
370 -159.129
370 -159.099
370 -157.469
370 -153.909
370 -151.629
371 -157.609
371 -159.129
371 -159.099
371 -157.469
371 -153.909
371 -151.629
372 -157.609
372 -159.129
372 -159.099
372 -157.469
372 -153.909
372 -151.629
373 -157.609
373 -159.129
373 -159.099
373 -157.469
373 -153.909
373 -151.629
374 -159.129
374 -159.099
374 -157.469
374 -153.909
374 -151.629
374 -148.129
375 -159.129
375 -159.099
375 -157.469
375 -153.909
375 -151.629
375 -148.129
376 -159.129
376 -159.099
376 -157.469
376 -153.909
376 -151.629
376 -148.129
377 -159.129
377 -159.099
377 -157.469
377 -153.909
377 -151.629
377 -148.129
378 -159.129
378 -159.099
378 -157.469
378 -153.909
378 -151.629
378 -148.129
379 -159.099
379 -157.469
379 -153.909
379 -151.629
379 -148.129
379 -143.929
380 -159.099
380 -157.469
380 -153.909
380 -151.629
380 -148.129
380 -143.929
381 -159.099
381 -157.469
381 -153.909
381 -151.629
381 -148.129
381 -143.929
382 -159.099
382 -157.469
382 -153.909
382 -151.629
382 -148.129
382 -143.929
383 -157.469
383 -153.909
383 -151.629
383 -148.129
383 -143.929
383 -139.979
384 -157.469
384 -153.909
384 -151.629
384 -148.129
384 -143.929
384 -139.979
385 -157.469
385 -153.909
385 -151.629
385 -148.129
385 -143.929
385 -139.979
386 -157.469
386 -153.909
386 -151.629
386 -148.129
386 -143.929
386 -139.979
387 -157.469
387 -153.909
387 -151.629
387 -148.129
387 -143.929
387 -139.979
388 -153.909
388 -151.629
388 -148.129
388 -143.929
388 -139.979
388 -134.209
389 -153.909
389 -151.629
389 -148.129
389 -143.929
389 -139.979
389 -134.209
390 -153.909
390 -151.629
390 -148.129
390 -143.929
390 -139.979
390 -134.209
391 -153.909
391 -151.629
391 -148.129
391 -143.929
391 -139.979
391 -134.209
392 -151.629
392 -148.129
392 -143.929
392 -139.979
392 -134.209
392 -130.6506
393 -151.629
393 -148.129
393 -143.929
393 -139.979
393 -134.209
393 -130.6506
394 -151.629
394 -148.129
394 -143.929
394 -139.979
394 -134.209
394 -130.6506
395 -151.629
395 -148.129
395 -143.929
395 -139.979
395 -134.209
395 -130.6506
396 -148.129
396 -143.929
396 -139.979
396 -134.209
396 -130.6506
396 -123.779
397 -148.129
397 -143.929
397 -139.979
397 -134.209
397 -130.6506
397 -123.779
398 -148.129
398 -143.929
398 -139.979
398 -134.209
398 -130.6506
398 -123.779
399 -148.129
399 -143.929
399 -139.979
399 -134.209
399 -130.6506
399 -123.779
400 -148.129
400 -143.929
400 -139.979
400 -134.209
400 -130.6506
400 -123.779
401 -143.929
401 -139.979
401 -134.209
401 -130.6506
401 -123.779
401 -118.159
402 -143.929
402 -139.979
402 -134.209
402 -130.6506
402 -123.779
402 -118.159
403 -143.929
403 -139.979
403 -134.209
403 -130.6506
403 -123.779
403 -118.159
404 -139.979
404 -134.209
404 -130.6506
404 -123.779
404 -118.159
404 -108.669
405 -139.979
405 -134.209
405 -130.6506
405 -123.779
405 -118.159
405 -108.669
406 -139.979
406 -134.209
406 -130.6506
406 -123.779
406 -118.159
406 -108.669
407 -134.209
407 -130.6506
407 -123.779
407 -118.159
407 -108.669
407 -100.349
408 -134.209
408 -130.6506
408 -123.779
408 -118.159
408 -108.669
408 -100.349
409 -130.6506
409 -123.779
409 -118.159
409 -108.669
409 -100.349
409 -89.95898
410 -130.6506
410 -123.779
410 -118.159
410 -108.669
410 -100.349
410 -89.95898
411 -130.6506
411 -123.779
411 -118.159
411 -108.669
411 -100.349
411 -89.95898
412 -123.779
412 -118.159
412 -108.669
412 -100.349
412 -89.95898
412 -79.97897
413 -123.779
413 -118.159
413 -108.669
413 -100.349
413 -89.95898
413 -79.97897
414 -118.159
414 -108.669
414 -100.349
414 -89.95898
414 -79.97897
414 -69.827
415 -118.159
415 -108.669
415 -100.349
415 -89.95898
415 -79.97897
415 -69.827
416 -118.159
416 -108.669
416 -100.349
416 -89.95898
416 -79.97897
416 -69.827
417 -118.159
417 -108.669
417 -100.349
417 -89.95898
417 -79.97897
417 -69.827
418 -118.159
418 -108.669
418 -100.349
418 -89.95898
418 -79.97897
418 -69.827
419 -108.669
419 -100.349
419 -89.95898
419 -79.97897
419 -69.827
419 -42.02898
420 -108.669
420 -100.349
420 -89.95898
420 -79.97897
420 -69.827
420 -42.02898
421 -108.669
421 -100.349
421 -89.95898
421 -79.97897
421 -69.827
421 -42.02898
422 -100.349
422 -89.95898
422 -79.97897
422 -69.827
422 -42.02898
422 -20.72898
423 -100.349
423 -89.95898
423 -79.97897
423 -69.827
423 -42.02898
423 -20.72898
424 -100.349
424 -89.95898
424 -79.97897
424 -69.827
424 -42.02898
424 -20.72898
425 -100.349
425 -89.95898
425 -79.97897
425 -69.827
425 -42.02898
425 -20.72898
426 -100.349
426 -89.95898
426 -79.97897
426 -69.827
426 -42.02898
426 -20.72898
427 -89.95898
427 -79.97897
427 -69.827
427 -42.02898
427 -20.72898
427 -12.66062
428 -89.95898
428 -79.97897
428 -69.827
428 -42.02898
428 -20.72898
428 -12.66062
429 -89.95898
429 -79.97897
429 -69.827
429 -42.02898
429 -20.72898
429 -12.66062
430 -79.97897
430 -69.827
430 -42.02898
430 -20.72898
430 -12.66062
430 -7.878983
431 -79.97897
431 -69.827
431 -42.02898
431 -20.72898
431 -12.66062
431 -7.878983
432 -79.97897
432 -69.827
432 -42.02898
432 -20.72898
432 -12.66062
432 -7.878983
433 -79.97897
433 -69.827
433 -42.02898
433 -20.72898
433 -12.66062
433 -7.878983
434 -69.827
434 -42.02898
434 -20.72898
434 -12.66062
434 -7.878983
434 -1.338982
435 -69.827
435 -42.02898
435 -20.72898
435 -12.66062
435 -7.878983
435 -1.338982
436 -69.827
436 -42.02898
436 -20.72898
436 -12.66062
436 -7.878983
436 -1.338982
437 -69.827
437 -42.02898
437 -20.72898
437 -12.66062
437 -7.878983
437 -1.338982
438 -69.827
438 -42.02898
438 -20.72898
438 -12.66062
438 -7.878983
438 -1.338982
439 -69.827
439 -42.02898
439 -20.72898
439 -12.66062
439 -7.878983
439 -1.338982
440 -69.827
440 -42.02898
440 -20.72898
440 -12.66062
440 -7.878983
440 -1.338982
441 -69.827
441 -42.02898
441 -20.72898
441 -12.66062
441 -7.878983
441 -1.338982
442 -42.02898
442 -20.72898
442 -12.66062
442 -7.878983
442 -1.338982
442 5.75
443 -42.02898
443 -20.72898
443 -12.66062
443 -7.878983
443 -1.338982
443 5.75
444 -42.02898
444 -20.72898
444 -12.66062
444 -7.878983
444 -1.338982
444 5.75
445 -42.02898
445 -20.72898
445 -12.66062
445 -7.878983
445 -1.338982
445 5.75
446 -42.02898
446 -20.72898
446 -12.66062
446 -7.878983
446 -1.338982
446 5.75
447 -42.02898
447 -20.72898
447 -12.66062
447 -7.878983
447 -1.338982
447 5.75
448 -20.72898
448 -12.66062
448 -7.878983
448 -1.338982
448 5.75
448 12.86102
449 -20.72898
449 -12.66062
449 -7.878983
449 -1.338982
449 5.75
449 12.86102
450 -12.66062
450 -7.878983
450 -1.338982
450 5.75
450 12.86102
450 19.95102
451 -7.878983
451 -1.338982
451 5.75
451 12.86102
451 19.95102
451 25.33102
452 -7.878983
452 -1.338982
452 5.75
452 12.86102
452 19.95102
452 25.33102
453 -1.338982
453 5.75
453 12.86102
453 19.95102
453 25.33102
453 29.88102
454 -1.338982
454 5.75
454 12.86102
454 19.95102
454 25.33102
454 29.88102
455 -1.338982
455 5.75
455 12.86102
455 19.95102
455 25.33102
455 29.88102
456 5.75
456 12.86102
456 19.95102
456 25.33102
456 29.88102
456 38.04939
457 5.75
457 12.86102
457 19.95102
457 25.33102
457 29.88102
457 38.04939
458 5.75
458 12.86102
458 19.95102
458 25.33102
458 29.88102
458 38.04939
459 12.86102
459 19.95102
459 25.33102
459 29.88102
459 38.04939
459 45.58102
460 12.86102
460 19.95102
460 25.33102
460 29.88102
460 38.04939
460 45.58102
461 12.86102
461 19.95102
461 25.33102
461 29.88102
461 38.04939
461 45.58102
462 19.95102
462 25.33102
462 29.88102
462 38.04939
462 45.58102
462 59.27102
463 19.95102
463 25.33102
463 29.88102
463 38.04939
463 45.58102
463 59.27102
464 19.95102
464 25.33102
464 29.88102
464 38.04939
464 45.58102
464 59.27102
465 25.33102
465 29.88102
465 38.04939
465 45.58102
465 59.27102
465 65.83102
466 25.33102
466 29.88102
466 38.04939
466 45.58102
466 59.27102
466 65.83102
467 25.33102
467 29.88102
467 38.04939
467 45.58102
467 59.27102
467 65.83102
468 29.88102
468 38.04939
468 45.58102
468 59.27102
468 65.83102
468 71.59937
469 29.88102
469 38.04939
469 45.58102
469 59.27102
469 65.83102
469 71.59937
470 29.88102
470 38.04939
470 45.58102
470 59.27102
470 65.83102
470 71.59937
471 29.88102
471 38.04939
471 45.58102
471 59.27102
471 65.83102
471 71.59937
472 29.88102
472 38.04939
472 45.58102
472 59.27102
472 65.83102
472 71.59937
473 38.04939
473 45.58102
473 59.27102
473 65.83102
473 71.59937
473 79.57102
474 38.04939
474 45.58102
474 59.27102
474 65.83102
474 71.59937
474 79.57102
475 38.04939
475 45.58102
475 59.27102
475 65.83102
475 71.59937
475 79.57102
476 38.04939
476 45.58102
476 59.27102
476 65.83102
476 71.59937
476 79.57102
477 38.04939
477 45.58102
477 59.27102
477 65.83102
477 71.59937
477 79.57102
478 45.58102
478 59.27102
478 65.83102
478 71.59937
478 79.57102
478 84.19102
479 45.58102
479 59.27102
479 65.83102
479 71.59937
479 79.57102
479 84.19102
480 45.58102
480 59.27102
480 65.83102
480 71.59937
480 79.57102
480 84.19102
481 45.58102
481 59.27102
481 65.83102
481 71.59937
481 79.57102
481 84.19102
482 45.58102
482 59.27102
482 65.83102
482 71.59937
482 79.57102
482 84.19102
483 45.58102
483 59.27102
483 65.83102
483 71.59937
483 79.57102
483 84.19102
484 59.27102
484 65.83102
484 71.59937
484 79.57102
484 84.19102
484 90.79102
485 59.27102
485 65.83102
485 71.59937
485 79.57102
485 84.19102
485 90.79102
486 59.27102
486 65.83102
486 71.59937
486 79.57102
486 84.19102
486 90.79102
487 65.83102
487 71.59937
487 79.57102
487 84.19102
487 90.79102
487 98.67102
488 65.83102
488 71.59937
488 79.57102
488 84.19102
488 90.79102
488 98.67102
489 71.59937
489 79.57102
489 84.19102
489 90.79102
489 98.67102
489 106.031
490 71.59937
490 79.57102
490 84.19102
490 90.79102
490 98.67102
490 106.031
491 71.59937
491 79.57102
491 84.19102
491 90.79102
491 98.67102
491 106.031
492 71.59937
492 79.57102
492 84.19102
492 90.79102
492 98.67102
492 106.031
493 79.57102
493 84.19102
493 90.79102
493 98.67102
493 106.031
493 117.181
494 84.19102
494 90.79102
494 98.67102
494 106.031
494 117.181
494 127.2894
495 84.19102
495 90.79102
495 98.67102
495 106.031
495 117.181
495 127.2894
496 84.19102
496 90.79102
496 98.67102
496 106.031
496 117.181
496 127.2894
497 90.79102
497 98.67102
497 106.031
497 117.181
497 127.2894
497 132.651
498 90.79102
498 98.67102
498 106.031
498 117.181
498 127.2894
498 132.651
499 90.79102
499 98.67102
499 106.031
499 117.181
499 127.2894
499 132.651
500 98.67102
500 106.031
500 117.181
500 127.2894
500 132.651
500 140.601
501 98.67102
501 106.031
501 117.181
501 127.2894
501 132.651
501 140.601
502 106.031
502 117.181
502 127.2894
502 132.651
502 140.601
502 144.511
503 106.031
503 117.181
503 127.2894
503 132.651
503 140.601
503 144.511
504 106.031
504 117.181
504 127.2894
504 132.651
504 140.601
504 144.511
505 106.031
505 117.181
505 127.2894
505 132.651
505 140.601
505 144.511
506 117.181
506 127.2894
506 132.651
506 140.601
506 144.511
506 150.031
507 117.181
507 127.2894
507 132.651
507 140.601
507 144.511
507 150.031
508 117.181
508 127.2894
508 132.651
508 140.601
508 144.511
508 150.031
509 117.181
509 127.2894
509 132.651
509 140.601
509 144.511
509 150.031
510 127.2894
510 132.651
510 140.601
510 144.511
510 150.031
510 152.971
511 127.2894
511 132.651
511 140.601
511 144.511
511 150.031
511 152.971
512 132.651
512 140.601
512 144.511
512 150.031
512 152.971
512 156.621
513 132.651
513 140.601
513 144.511
513 150.031
513 152.971
513 156.621
514 132.651
514 140.601
514 144.511
514 150.031
514 152.971
514 156.621
515 140.601
515 144.511
515 150.031
515 152.971
515 156.621
515 158.4294
516 140.601
516 144.511
516 150.031
516 152.971
516 156.621
516 158.4294
517 144.511
517 150.031
517 152.971
517 156.621
517 158.4294
517 158.891
518 144.511
518 150.031
518 152.971
518 156.621
518 158.4294
518 158.891
519 144.511
519 150.031
519 152.971
519 156.621
519 158.4294
519 158.891
520 150.031
520 152.971
520 156.621
520 158.4294
520 158.891
520 158.731
521 150.031
521 152.971
521 156.621
521 158.4294
521 158.891
521 158.731
522 152.971
522 156.621
522 158.4294
522 158.891
522 158.731
522 157.101
523 152.971
523 156.621
523 158.4294
523 158.891
523 158.731
523 157.101
524 152.971
524 156.621
524 158.4294
524 158.891
524 158.731
524 157.101
525 156.621
525 158.4294
525 158.891
525 158.731
525 157.101
525 155.4194
526 156.621
526 158.4294
526 158.891
526 158.731
526 157.101
526 155.4194
527 158.4294
527 158.891
527 158.731
527 157.101
527 155.4194
527 151.201
528 158.4294
528 158.891
528 158.731
528 157.101
528 155.4194
528 151.201
529 158.891
529 158.731
529 157.101
529 155.4194
529 151.201
529 148.141
530 158.891
530 158.731
530 157.101
530 155.4194
530 151.201
530 148.141
531 158.731
531 157.101
531 155.4194
531 151.201
531 148.141
531 140.121
532 158.731
532 157.101
532 155.4194
532 151.201
532 148.141
532 140.121
533 158.731
533 157.101
533 155.4194
533 151.201
533 148.141
533 140.121
534 157.101
534 155.4194
534 151.201
534 148.141
534 140.121
534 135.321
535 157.101
535 155.4194
535 151.201
535 148.141
535 140.121
535 135.321
536 155.4194
536 151.201
536 148.141
536 140.121
536 135.321
536 127.081
537 155.4194
537 151.201
537 148.141
537 140.121
537 135.321
537 127.081
538 155.4194
538 151.201
538 148.141
538 140.121
538 135.321
538 127.081
539 151.201
539 148.141
539 140.121
539 135.321
539 127.081
539 119.021
540 151.201
540 148.141
540 140.121
540 135.321
540 127.081
540 119.021
541 148.141
541 140.121
541 135.321
541 127.081
541 119.021
541 113.361
542 148.141
542 140.121
542 135.321
542 127.081
542 119.021
542 113.361
543 148.141
543 140.121
543 135.321
543 127.081
543 119.021
543 113.361
544 148.141
544 140.121
544 135.321
544 127.081
544 119.021
544 113.361
545 140.121
545 135.321
545 127.081
545 119.021
545 113.361
545 105.941
546 140.121
546 135.321
546 127.081
546 119.021
546 113.361
546 105.941
547 135.321
547 127.081
547 119.021
547 113.361
547 105.941
547 92.88499
548 135.321
548 127.081
548 119.021
548 113.361
548 105.941
548 92.88499
549 135.321
549 127.081
549 119.021
549 113.361
549 105.941
549 92.88499
550 127.081
550 119.021
550 113.361
550 105.941
550 92.88499
550 78.73102
551 127.081
551 119.021
551 113.361
551 105.941
551 92.88499
551 78.73102
552 119.021
552 113.361
552 105.941
552 92.88499
552 78.73102
552 65.34102
553 119.021
553 113.361
553 105.941
553 92.88499
553 78.73102
553 65.34102
