0 0
1 0.744287
2 0.743199
3 0.738304
4 0.728217
5 0.710607
6 0.676949
7 0.628447
8 0.564441
9 0.459541
10 0.344715
11 0.23042
12 0.0894622
13 0.0189848
14 -0.0199856
15 -0.0469695
16 -0.0597453
17 -0.0660245
18 -0.0652533
19 -0.0592395
20 -0.0490971
21 -0.0370765
22 -0.0243779
23 -0.0135078
24 -0.00195888
25 0.0269557
26 0.0496547
27 0.0689715
28 0.0744989
29 0.0735109
30 0.0675127
31 0.0582019
32 0.00693495
33 0.00375053
34 0.000873756
35 -0.000483414
36 0.000229957
37 0.00341427
38 0.0189703
39 0.0255581
40 0.0323862
41 0.0405528
42 0.053126
43 0.0789801
44 0.127845
45 0.159701
46 0.184615
47 0.197689
48 0.204101
49 0.0778113
50 0.166246
51 0.234353
52 0.268653
53 0.284121
54 0.292255
55 0.248324
56 0.209312
57 0.17937
58 0.153803
59 0.13244
60 0.124131
61 0.129407
62 0.148197
63 0.189989
64 0.3284
65 0.40525
66 0.492016
67 0.605551
68 0.515205
69 0.694917
70 0.709866
71 0.673167
72 0.604838
73 0.588567
74 0.583306
75 0.541653
76 0.450443
77 0.500987
78 0.502351
79 0.459776
80 0.594106
81 0.679918
82 0.687492
83 0.654967
84 0.614066
85 0.57377
86 0.481256
87 0.521072
88 0.548505
89 0.619389
90 0.584231
91 0.546151
92 0.612204
93 0.688497
94 0.758631
95 0.771148
96 0.862585
97 0.92124
98 0.958935
99 0.993698
100 0.986691
101 0.899234
102 0.982169
103 1.00351
104 0.981565
105 0.828878
106 0.820556
107 0.779675
108 0.679699
109 0.550414
110 0.436004
111 0.329249
112 0.43462
113 0.293794
114 0.207949
115 0.161471
116 0.137619
117 0.151553
118 0.138056
119 0.304384
120 0.453659
121 0.390985
122 0.666493
123 0.80491
124 0.853024
125 0.823545
126 0.649295
127 0.664162
128 0.595814
129 0.468279
130 0.197366
131 0.148866
132 0.0352644
133 -0.122925
134 -0.286598
135 -0.197242
136 -0.250349
137 -0.428936
138 -0.626611
139 -0.909836
140 -0.555637
141 -0.525127
142 -0.424661
143 0.452608
144 0.287137
145 -0.14662
146 -0.175048
147 -0.239138
148 -0.0404863
149 -0.140561
150 -0.269427
151 -0.229758
152 -0.023359
153 0.0913115
154 0.00677719
155 0.154357
156 0.31342
157 0.451367
158 0.678946
159 0.759028
160 0.848162
161 0.788467
162 0.907021
163 0.997166
164 1.03334
165 0.85117
166 0.840028
167 0.796738
168 1.02023
169 0.717723
170 0.427255
171 0.229719
172 0.0879612
173 -0.181102
174 -0.363885
175 -0.420964
176 -0.367511
177 -0.224162
178 -0.0436694
179 0.201756
180 0.25699
181 -0.0399648
182 0.00456958
183 0.271923
184 0.760598
185 0.892599
186 0.725396
187 0.655529
188 0.568231
189 0.642288
190 0.675057
191 0.601103
192 0.350994
193 -0.010265
194 -0.399793
195 -0.647083
196 -0.822381
197 -1.03034
198 -1.11841
199 -1.0962
200 -1.09288
201 -1.02171
202 -0.820295
203 -0.715349
204 -0.607145
205 -0.540418
206 -0.418779
207 -0.277708
208 -0.187154
209 -0.107893
210 -0.093924
211 0.0233612
212 0.0776061
213 0.0930699
214 0.0886592
215 0.267578
216 0.307423
217 0.254845
218 0.137365
219 0.0126247
220 -0.10803
221 -0.114914
222 0.078195
223 -0.0640527
224 -0.079728
225 -0.226079
226 -0.361584
227 -0.468325
228 -0.516617
229 -0.474339
230 -0.333644
231 -0.260251
232 -0.0750095
233 0.218548
234 0.506457
235 0.6353
236 0.909507
237 1.07808
238 1.08159
239 1.16363
240 1.15804
241 1.08618
242 0.991529
243 0.815955
244 0.63497
245 0.500959
246 0.38114
247 0.365485
248 0.348636
249 0.351103
250 0.346793
251 0.290275
252 0.355955
253 0.434858
254 0.430505
255 0.42582
256 0.407954
257 0.445121
258 0.494359
259 0.518149
260 0.572143
261 0.653419
262 0.737811
263 0.801674
264 0.954832
265 1.04741
266 1.11031
267 1.14425
268 1.16514
269 1.16407
270 1.14673
271 1.12069
272 1.05499
273 1.02408
274 0.965913
275 0.886928
276 0.8024
277 0.727593
278 0.697765
279 0.64911
280 0.578317
281 0.472051
282 0.396656
283 0.350445
284 0.33803
285 0.317373
286 0.314765
287 0.353622
288 0.390923
289 0.42343
290 0.432007
291 0.645537
292 0.610294
293 0.52539
294 0.545438
295 0.55902
296 0.570464
297 0.579579
298 0.624041
299 0.642386
300 0.64433
301 0.593308
302 0.586602
303 0.572069
304 0.56289
305 0.547413
306 0.5332
307 0.550219
308 0.595724
309 0.612011
310 0.614452
311 0.570357
312 0.669463
313 0.714228
314 0.731676
315 0.694835
316 0.666313
317 0.653438
318 0.634244
319 0.627999
320 0.635846
321 0.671389
322 0.798866
323 0.862625
324 0.929626
325 1.00804
326 1.02209
327 0.975976
328 0.996074
329 0.934928
330 0.837289
331 0.747673
332 0.688626
333 0.64725
334 0.575799
335 0.409287
336 0.444307
337 0.441198
338 0.421782
339 0.43388
340 0.509123
341 0.59102
342 0.593045
343 0.571375
344 0.546658
345 0.529914
346 0.458251
347 0.511704
348 0.557129
349 0.689663
350 0.645198
351 0.629994
352 0.60699
353 0.682499
354 0.761974
355 0.82545
356 0.857586
357 0.915425
358 0.937601
359 0.953072
360 0.927679
361 0.828422
362 0.88779
363 0.914161
364 0.904857
365 0.739524
366 0.755433
367 0.74691
368 0.713139
369 0.599692
370 0.499108
371 0.404586
372 0.346041
373 0.41657
374 0.303381
375 0.246906
376 0.21825
377 0.213764
378 0.11037
379 0.303702
380 0.434226
381 0.542551
382 0.557728
383 0.734208
384 0.81202
385 0.823263
386 0.775023
387 0.622447
388 0.620892
389 0.53271
390 0.374758
391 0.162772
392 0.104978
393 -0.0328372
394 -0.193891
395 -0.253822
396 -0.19652
397 -0.294073
398 -0.518873
399 -0.719519
400 -0.684143
401 -0.533048
402 -0.591764
403 0.155155
404 0.309231
405 -0.0462589
406 -0.33278
407 -0.26393
408 -0.0921913
409 -0.0838139
410 -0.190747
411 -0.0743839
412 0.210653
413 0.182006
414 0.39886
415 0.584001
416 0.759727
417 0.880059
418 1.02069
419 1.03979
420 1.04393
421 0.853662
422 0.889755
423 0.892507
424 0.861623
425 0.816974
426 0.578494
427 0.538636
428 0.492807
429 0.78115
430 0.464395
431 0.241892
432 0.0547465
433 0.0161989
434 -0.272998
435 -0.401277
436 -0.417052
437 -0.336336
438 -0.17806
439 0.0357816
440 0.282259
441 0.385098
442 0.0447164
443 0.0586936
444 0.241986
445 0.535122
446 0.865726
447 0.863661
448 0.701193
449 0.811147
450 0.641266
451 0.725825
452 0.826157
453 0.784657
454 0.643238
455 0.359851
456 0.0235081
457 -0.385286
458 -0.663613
459 -0.967825
460 -1.13332
461 -1.14587
462 -1.19812
463 -1.17421
464 -0.975259
465 -0.893202
466 -0.766738
467 -0.690507
468 -0.529631
469 -0.395332
470 -0.274837
471 -0.173046
472 -0.144577
473 -0.000386262
474 0.101612
475 0.142137
476 0.143065
477 0.279197
478 0.375057
479 0.365073
480 0.282417
481 0.142054
482 -0.0100522
483 -0.14074
484 0.110504
485 0.0710754
486 -0.0434841
487 -0.17369
488 -0.343394
489 -0.450498
490 -0.53244
491 -0.554953
492 -0.449033
493 -0.401574
494 -0.194255
495 0.0448297
496 0.321383
497 0.500484
498 0.652379
499 0.794305
500 0.934089
501 0.885395
502 0.982319
503 0.984198
504 0.930794
505 0.848724
506 0.659767
507 0.497412
508 0.368459
509 0.291003
510 0.299323
511 0.311858
512 0.332439
513 0.350488
514 0.34214
515 0.405208
516 0.480281
517 0.481521
518 0.481244
519 0.465867
520 0.505651
521 0.541712
522 0.56072
523 0.594121
524 0.673388
525 0.738253
526 0.78388
527 0.935707
528 1.03054
529 1.099
530 1.12699
531 1.14969
532 1.15552
533 1.14375
534 1.12741
535 1.05932
536 1.039
537 0.997203
538 0.919383
539 0.814597
540 0.748677
541 0.701984
542 0.628178
543 0.539307
544 0.430173
545 0.362558
546 0.34444
547 0.31609
548 0.309589
549 0.345955
550 0.377785
551 0.334904
552 0.456724
