0 0
1 0
2 -0.1634202
3 -0.1634202
4 -0.1634202
5 -0.1634202
6 -0.1634202
7 -0.1634202
8 -0.1634202
9 -0.1599869
10 -0.02616919
11 0.02854005
12 0.04760521
13 0.04115181
14 0.03055625
15 0.03055625
16 0.004442042
17 0.00341002
18 -0.001568457
19 -0.003991892
20 -0.003991892
21 -0.007618588
22 -0.007458643
23 -0.00802533
24 -0.007970365
25 -0.007933769
26 -0.007933769
27 -0.008354813
28 -0.007560007
29 -0.006818321
30 -0.006392351
31 -0.005950809
32 -0.005748896
33 -0.005624912
34 -0.005818469
35 -0.005818469
36 -0.006086234
37 -0.006256888
38 -0.006256888
39 -0.006825486
40 -0.006864022
41 -0.007183452
42 -0.007183452
43 -0.007569092
44 -0.007733406
45 -0.008208269
46 -0.008100213
47 -0.008170135
48 -0.008182213
49 -0.008238874
50 -0.008336648
51 -0.008336648
52 -0.009233485
53 -0.009233485
54 -0.009111946
55 -0.009440552
56 -0.009508605
57 -0.01009619
58 -0.01056234
59 -0.01132298
60 -0.01194309
61 -0.01284374
62 -0.01355678
63 -0.01450861
64 -0.01450861
65 -0.01673887
66 -0.01673887
67 -0.01813977
68 -0.01813977
69 -0.02091187
70 -0.02218156
71 -0.02346752
72 -0.02485586
73 -0.02611208
74 -0.02812793
75 -0.03005276
76 -0.03114865
77 -0.03295993
78 -0.03556651
79 -0.03695152
80 -0.0386644
81 -0.040489
82 -0.04137755
83 -0.04317863
84 -0.04317863
85 -0.04605444
86 -0.04613892
87 -0.04621339
88 -0.0463555
89 -0.04494192
90 -0.04494192
91 -0.04109968
92 -0.04058334
93 -0.03882793
94 -0.03882793
95 -0.0346827
96 -0.03330484
97 -0.03143724
98 -0.02898256
99 -0.02707226
100 -0.02707226
101 -0.02216515
102 -0.02102572
103 -0.01914578
104 -0.01658035
105 -0.01658035
106 -0.0122052
107 -0.01205301
108 -0.01035383
109 -0.009315709
110 -0.008028379
111 -0.007568947
112 -0.007054446
113 -0.006718527
114 -0.006026836
115 -0.006050952
116 -0.005928984
117 -0.005902586
118 -0.005794737
119 -0.005586446
120 -0.005976173
121 -0.005182672
122 -0.005182672
123 -0.004466115
124 -0.003263589
125 -0.002364055
126 -0.001423757
127 -0.000672094
128 -0.0006599561
129 0.0001097329
130 0.0001097329
131 0.0002592339
132 -0.0009062678
133 -0.001170494
134 -0.001170494
135 -0.003556474
136 -0.006293792
137 -0.007497346
138 -0.009818485
139 -0.01276415
140 -0.01592849
141 -0.02220588
142 -0.02558809
143 -0.02999558
144 -0.03955525
145 -0.04425343
146 -0.05074514
147 -0.05874778
148 -0.05874778
149 -0.07885393
150 -0.08365014
151 -0.09099077
152 -0.09744427
153 -0.09744427
154 -0.1094671
155 -0.1122521
156 -0.1110721
157 -0.1048026
158 -0.1048026
159 -0.08636155
160 -0.07780276
161 -0.06965094
162 -0.06031653
163 -0.06031653
164 -0.04388495
165 -0.0395183
166 -0.03174918
167 -0.0275391
168 -0.02205778
169 -0.01800744
170 -0.01800744
171 -0.007833666
172 -0.007833666
173 -0.007469072
174 -0.003200806
175 -0.00412344
176 -0.003062747
177 -0.003062747
178 -0.0004076639
179 -0.0004076639
180 0.004974681
181 0.007964177
182 0.007964177
183 0.0238604
184 0.02630346
185 0.03411366
186 0.04312178
187 0.06232771
188 0.07605874
189 0.09198679
190 0.1000349
191 0.1146275
192 0.1269823
193 0.1328172
194 0.1314708
195 0.1175334
196 0.09901423
197 0.08559378
198 0.06913681
199 0.05377198
200 0.04202319
201 0.04202319
202 0.01857522
203 0.01641221
204 0.01067653
205 0.006337849
206 0.003348286
207 0.003348286
208 -0.002589647
209 -0.003670056
210 -0.005378747
211 -0.00695745
212 -0.008965232
213 -0.01015374
214 -0.01015374
215 -0.01354901
216 -0.0174534
217 -0.0183647
218 -0.02050465
219 -0.02310259
220 -0.02310259
221 -0.0261888
222 -0.03347171
223 -0.04136733
224 -0.04136733
225 -0.05366028
226 -0.05523195
227 -0.06191045
228 -0.06855112
229 -0.07505082
230 -0.08036652
231 -0.08662492
232 -0.08863393
233 -0.089486
234 -0.08750487
235 -0.08296615
236 -0.07799946
237 -0.07860605
238 -0.07060912
239 -0.06113561
240 -0.05573295
241 -0.0479726
242 -0.04340245
243 -0.03818139
244 -0.03818139
245 -0.03119619
246 -0.03119619
247 -0.02907926
248 -0.02939153
249 -0.02840631
250 -0.02849078
251 -0.02803029
252 -0.02789625
253 -0.02829611
254 -0.02801924
255 -0.02801924
256 -0.02817087
257 -0.02832786
258 -0.02832786
259 -0.028487
260 -0.02772693
261 -0.02755257
262 -0.02688796
263 -0.02604074
264 -0.02493967
265 -0.02459867
266 -0.02271957
267 -0.02160434
268 -0.01997757
269 -0.01849844
270 -0.01694031
271 -0.01571565
272 -0.01427702
273 -0.01427702
274 -0.01184565
275 -0.01115553
276 -0.01000728
277 -0.009153501
278 -0.008563981
279 -0.008255307
280 -0.008255307
281 -0.007473137
282 -0.007473137
283 -0.006976818
284 -0.006976818
285 -0.006942466
286 -0.006942466
287 -0.006962005
288 -0.006932273
289 -0.007106588
290 -0.007019981
291 -0.007005787
292 -0.007173399
293 -0.006641911
294 -0.006641911
295 -0.00680863
296 -0.00680863
297 -0.006591991
298 -0.006583648
299 -0.00663092
300 -0.00663092
301 -0.006458398
302 -0.006500378
303 -0.00655831
304 -0.006616089
305 -0.006740802
306 -0.006937745
307 -0.007087262
308 -0.007087262
309 -0.007795766
310 -0.007946614
311 -0.007946614
312 -0.008774129
313 -0.009462677
314 -0.009836986
315 -0.01044481
316 -0.01044481
317 -0.01177268
318 -0.01177268
319 -0.0133006
320 -0.01402297
321 -0.01402297
322 -0.015918
323 -0.01697767
324 -0.01772303
325 -0.0187164
326 -0.0187164
327 -0.02118403
328 -0.02118403
329 -0.02329483
330 -0.02353332
331 -0.02473528
332 -0.02574507
333 -0.02574507
334 -0.02895351
335 -0.02895351
336 -0.03150833
337 -0.03150833
338 -0.03529751
339 -0.03613481
340 -0.03805571
341 -0.04030691
342 -0.04129542
343 -0.04129542
344 -0.04241954
345 -0.04397043
346 -0.0468425
347 -0.04703727
348 -0.04703727
349 -0.04687492
350 -0.04687492
351 -0.04298899
352 -0.04242937
353 -0.0407497
354 -0.03939222
355 -0.03716862
356 -0.03461299
357 -0.03461299
358 -0.02820377
359 -0.02665542
360 -0.02665542
361 -0.02113427
362 -0.02028765
363 -0.01846069
364 -0.01676165
365 -0.01481338
366 -0.0134663
367 -0.01244343
368 -0.01122915
369 -0.01031049
370 -0.008898015
371 -0.008443148
372 -0.007865811
373 -0.007446801
374 -0.007219419
375 -0.006379549
376 -0.006333123
377 -0.006098368
378 -0.005930685
379 -0.005685074
380 -0.006076613
381 -0.005132389
382 -0.004708488
383 -0.003869558
384 -0.003792776
385 -0.002507452
386 -0.00185353
387 -0.0009281805
388 -0.0004109821
389 -0.0003865109
390 0.0001755692
391 0.0002747806
392 0.0001150802
393 -0.001083347
394 -0.001408256
395 -0.002642512
396 -0.002642512
397 -0.007242928
398 -0.008687459
399 -0.01122195
400 -0.01512675
401 -0.01801155
402 -0.02396956
403 -0.02703409
404 -0.03187976
405 -0.04272777
406 -0.04818007
407 -0.05579076
408 -0.06824639
409 -0.07473221
410 -0.07473221
411 -0.09536479
412 -0.09536479
413 -0.1051825
414 -0.1096794
415 -0.1157947
416 -0.1186837
417 -0.1211518
418 -0.10834
419 -0.0956851
420 -0.08087197
421 -0.07057688
422 -0.05838161
423 -0.05255727
424 -0.04249682
425 -0.03680908
426 -0.02981278
427 -0.02661182
428 -0.02295291
429 -0.0199826
430 -0.0199826
431 -0.009739203
432 -0.01117022
433 -0.009462193
434 -0.009263923
435 -0.005132856
436 -0.005132856
437 -0.006142743
438 -0.004895544
439 -0.004895544
440 -0.000565043
441 0.001979713
442 0.006301049
443 0.01717588
444 0.02030492
445 0.02030492
446 0.026627
447 0.03976287
448 0.04519089
449 0.0608735
450 0.07172138
451 0.08620312
452 0.09599476
453 0.1089915
454 0.1212077
455 0.1258437
456 0.1258437
457 0.1206351
458 0.1089705
459 0.09308046
460 0.07627665
461 0.06042635
462 0.06042635
463 0.03181696
464 0.02794419
465 0.01900322
466 0.01325225
467 0.008407631
468 0.003863648
469 0.0008197755
470 -0.002253369
471 -0.004123542
472 -0.005949225
473 -0.007460668
474 -0.00993331
475 -0.01068889
476 -0.01232691
477 -0.01355199
478 -0.01545384
479 -0.01545384
480 -0.02102147
481 -0.02102147
482 -0.02509769
483 -0.02764514
484 -0.03129947
485 -0.04042841
486 -0.04313532
487 -0.04748059
488 -0.0537684
489 -0.05831154
490 -0.06567347
491 -0.07113112
492 -0.07113112
493 -0.08390535
494 -0.08514576
495 -0.08514576
496 -0.08784363
497 -0.09629519
498 -0.09007081
499 -0.08445308
500 -0.07686351
501 -0.06856936
502 -0.05947301
503 -0.05947301
504 -0.04482359
505 -0.04243903
506 -0.03787548
507 -0.03423295
508 -0.03228975
509 -0.03068794
510 -0.02961019
511 -0.03002858
512 -0.02902493
513 -0.02902493
514 -0.02887725
515 -0.0285747
516 -0.0289217
517 -0.02856881
518 -0.02852969
519 -0.02852059
520 -0.0285402
521 -0.02854914
522 -0.02840829
523 -0.02761458
524 -0.02761458
525 -0.02673372
526 -0.02582391
527 -0.02582391
528 -0.0242186
529 -0.0242186
530 -0.02108964
531 -0.02001213
532 -0.01866927
533 -0.01738008
534 -0.01612735
535 -0.01475027
536 -0.01475027
537 -0.0121065
538 -0.01147695
539 -0.01044001
540 -0.01044001
541 -0.008120171
542 -0.008386145
543 -0.007661171
544 -0.007542946
545 -0.007445902
546 -0.006834238
547 -0.006889172
548 -0.006829975
549 -0.006820293
550 -0.006780718
551 -0.006962254
552 -0.00688127
553 -0.007144623
