0 0
1 4.12033
2 4.12033
3 4.119441
4 4.115947
5 4.109924
6 4.10006
7 4.083268
8 4.062222
9 4.038131
10 4.00541
11 3.992776
12 4.000872
13 4.017565
14 4.038739
15 4.054659
16 4.068037
17 4.0741
18 4.077854
19 4.079
20 4.078146
21 4.075595
22 4.071393
23 4.066203
24 4.061053
25 4.053827
26 4.047003
27 4.039599
28 4.028766
29 4.020852
30 4.012288
31 4.00494
32 3.997844
33 3.990931
34 3.984958
35 3.978055
36 3.970989
37 3.963677
38 3.956048
39 3.949066
40 3.939546
41 3.931769
42 3.923649
43 3.912706
44 3.903776
45 3.893113
46 3.883293
47 3.871633
48 3.86112
49 3.848784
50 3.837728
51 3.826424
52 3.812947
53 3.800584
54 3.784202
55 3.771149
56 3.755831
57 3.742042
58 3.725649
59 3.710638
60 3.692519
61 3.675674
62 3.655066
63 3.63582
64 3.61528
65 3.590156
66 3.566446
67 3.537534
68 3.510561
69 3.478601
70 3.438342
71 3.402024
72 3.369891
73 3.329417
74 3.289449
75 3.255786
76 3.216717
77 3.173665
78 3.130644
79 3.077305
80 3.030754
81 2.961577
82 2.904045
83 2.85495
84 2.807586
85 2.761876
86 2.713009
87 2.654551
88 2.586541
89 2.530163
90 2.465651
91 2.407896
92 2.343801
93 2.294394
94 2.23851
95 2.183419
96 2.136623
97 2.084643
98 2.040577
99 1.998159
100 1.95769
101 1.913831
102 1.872836
103 1.82997
104 1.794248
105 1.761302
106 1.730924
107 1.706958
108 1.682288
109 1.659905
110 1.639519
111 1.621032
112 1.602165
113 1.586687
114 1.570461
115 1.557004
116 1.545804
117 1.531938
118 1.516955
119 1.5053
120 1.494986
121 1.483491
122 1.473574
123 1.4614
124 1.451145
125 1.441824
126 1.433796
127 1.42794
128 1.422681
129 1.41908
130 1.41641
131 1.41434
132 1.413036
133 1.411925
134 1.410549
135 1.40831
136 1.405179
137 1.399996
138 1.391182
139 1.382924
140 1.371144
141 1.351715
142 1.32757
143 1.301499
144 1.256986
145 1.21378
146 1.157101
147 1.09352
148 1.03974
149 0.9636436
150 0.8896418
151 0.8125184
152 0.7436769
153 0.6642947
154 0.5766554
155 0.5067766
156 0.4184081
157 0.324426
158 0.2405979
159 0.1338954
160 0.05431456
161 6.251785
162 6.172105
163 6.107839
164 6.039773
165 5.97894
166 5.924534
167 5.876637
168 5.834837
169 5.802969
170 5.775415
171 5.749607
172 5.732009
173 5.715263
174 5.702626
175 5.691381
176 5.68243
177 5.675096
178 5.669105
179 5.66528
180 5.662956
181 5.663843
182 5.668583
183 5.682056
184 5.703623
185 5.746931
186 5.795517
187 5.864586
188 5.923885
189 5.987113
190 6.088421
191 6.19568
192 6.265333
193 0.1028694
194 0.2443063
195 0.3971805
196 0.508491
197 0.6251397
198 0.7314543
199 0.8158064
200 0.8968497
201 0.9502983
202 1.000984
203 1.035104
204 1.065345
205 1.085975
206 1.101588
207 1.1129
208 1.122116
209 1.125397
210 1.125905
211 1.123918
212 1.11901
213 1.112374
214 1.103644
215 1.089531
216 1.073977
217 1.057289
218 1.034745
219 1.008586
220 0.9825757
221 0.9532242
222 0.9207308
223 0.8761215
224 0.8323445
225 0.7911308
226 0.739445
227 0.6784788
228 0.615519
229 0.5579987
230 0.4896871
231 0.4106098
232 0.3320007
233 0.2466805
234 0.1446142
235 0.02894303
236 6.215526
237 6.129141
238 6.030571
239 5.95286
240 5.879302
241 5.818862
242 5.755435
243 5.704288
244 5.657479
245 5.608164
246 5.568291
247 5.519801
248 5.483628
249 5.448106
250 5.412979
251 5.373009
252 5.333014
253 5.287711
254 5.251995
255 5.21067
256 5.163427
257 5.120739
258 5.082774
259 5.033004
260 4.988005
261 4.942705
262 4.897095
263 4.851331
264 4.811469
265 4.760964
266 4.722319
267 4.679389
268 4.637776
269 4.598027
270 4.564919
271 4.529012
272 4.499347
273 4.471579
274 4.441804
275 4.41415
276 4.388614
277 4.367828
278 4.343528
279 4.325984
280 4.309303
281 4.291137
282 4.276004
283 4.259326
284 4.245232
285 4.229586
286 4.216209
287 4.201093
288 4.186054
289 4.171117
290 4.157976
291 4.142865
292 4.12773
293 4.112466
294 4.097296
295 4.082235
296 4.069042
297 4.053947
298 4.040787
299 4.025806
300 4.012661
301 3.997624
302 3.984535
303 3.969551
304 3.952591
305 3.933639
306 3.920196
307 3.904579
308 3.890675
309 3.872298
310 3.85533
311 3.839996
312 3.821812
313 3.802836
314 3.782934
315 3.76538
316 3.745434
317 3.727937
318 3.708005
319 3.684046
320 3.65763
321 3.635528
322 3.60857
323 3.580674
324 3.552873
325 3.528303
326 3.503618
327 3.475569
328 3.449795
329 3.417843
330 3.38328
331 3.347948
332 3.317643
333 3.283933
334 3.248879
335 3.215559
336 3.174773
337 3.138779
338 3.098148
339 3.057508
340 3.007868
341 2.947846
342 2.896104
343 2.850199
344 2.805932
345 2.757062
346 2.709616
347 2.665464
348 2.612119
349 2.556305
350 2.506
351 2.447755
352 2.397062
353 2.339498
354 2.282505
355 2.21922
356 2.156971
357 2.096882
358 2.039289
359 1.991235
360 1.951445
361 1.90861
362 1.868967
363 1.836621
364 1.801854
365 1.773544
366 1.743849
367 1.720188
368 1.698453
369 1.675406
370 1.654086
371 1.634587
372 1.614412
373 1.599791
374 1.580191
375 1.561706
376 1.54775
377 1.534451
378 1.521625
379 1.507842
380 1.495584
381 1.485278
382 1.473809
383 1.464247
384 1.454135
385 1.445926
386 1.437619
387 1.431425
388 1.426366
389 1.42243
390 1.419007
391 1.416636
392 1.415146
393 1.414288
394 1.413101
395 1.411633
396 1.409379
397 1.404701
398 1.39842
399 1.38777
400 1.374777
401 1.358576
402 1.335968
403 1.307617
404 1.27364
405 1.229053
406 1.181466
407 1.119043
408 1.05652
409 0.9857393
410 0.9081958
411 0.8252547
412 0.7479196
413 0.6466334
414 0.5569007
415 0.4690583
416 0.3839681
417 0.2884963
418 0.1955263
419 0.1015008
420 0.02211106
421 6.221714
422 6.154991
423 6.087054
424 6.033465
425 5.979422
426 5.943313
427 5.901241
428 5.868862
429 5.839985
430 5.814167
431 5.787871
432 5.769032
433 5.750742
434 5.734761
435 5.718697
436 5.707022
437 5.696752
438 5.687074
439 5.678226
440 5.67054
441 5.665027
442 5.662206
443 5.664508
444 5.674971
445 5.690609
446 5.715103
447 5.754818
448 5.793278
449 5.859368
450 5.917699
451 5.992413
452 6.084885
453 6.181367
454 6.255457
455 0.06016266
456 0.1588436
457 0.2922421
458 0.430724
459 0.5673266
460 0.683129
461 0.776428
462 0.8577909
463 0.9274349
464 0.977144
465 1.023486
466 1.055979
467 1.08445
468 1.103329
469 1.118684
470 1.127468
471 1.13233
472 1.133811
473 1.13195
474 1.127642
475 1.119538
476 1.110055
477 1.096603
478 1.082627
479 1.066492
480 1.044673
481 1.022182
482 0.9931105
483 0.9599503
484 0.9242318
485 0.8820653
486 0.8459769
487 0.8013824
488 0.7541679
489 0.6979702
490 0.6397507
491 0.5852349
492 0.5304395
493 0.4597341
494 0.379936
495 0.2983611
496 0.2020041
497 0.1179359
498 0.03586583
499 6.234026
500 6.138625
501 6.045983
502 5.967501
503 5.894457
504 5.826626
505 5.772305
506 5.715503
507 5.663191
508 5.614835
509 5.569504
510 5.526401
511 5.479653
512 5.443602
513 5.407709
514 5.361489
515 5.320127
516 5.278459
517 5.241571
518 5.198924
519 5.161148
520 5.117486
521 5.073228
522 5.028288
523 4.982837
524 4.948625
525 4.897208
526 4.857188
527 4.817354
528 4.766867
529 4.728247
530 4.680033
531 4.643854
532 4.608973
533 4.575741
534 4.539544
535 4.509425
536 4.477299
537 4.447063
538 4.422295
539 4.39285
540 4.36565
541 4.340949
542 4.318654
543 4.297631
544 4.277693
545 4.262853
546 4.244311
547 4.228441
548 4.213076
549 4.197981
550 4.183048
551 4.168272
552 4.151578
553 4.134798
