0 0
1 -40.62
2 -40.62
3 -40.62915
4 -40.67024
5 -40.75271
6 -40.88508
7 -41.10852
8 -41.38543
9 -41.69623
10 -42.12995
11 -42.74649
12 -43.58949
13 -44.49194
14 -45.65073
15 -46.69512
16 -47.99037
17 -49.08123
18 -50.41488
19 -51.65549
20 -53.15429
21 -54.73645
22 -56.39833
23 -58.13691
24 -59.71875
25 -61.83244
26 -63.78386
27 -65.80046
28 -68.67429
29 -70.83463
30 -73.33317
31 -75.61269
32 -77.94566
33 -80.33041
34 -82.45815
35 -84.93497
36 -87.45778
37 -90.02419
38 -92.63167
39 -94.9447
40 -97.95836
41 -100.3307
42 -102.7254
43 -105.8339
44 -108.2717
45 -111.076
46 -113.5428
47 -116.3735
48 -118.8579
49 -121.7024
50 -124.1935
51 -126.6841
52 -129.5261
53 -132.0056
54 -135.1786
55 -137.6316
56 -140.4151
57 -142.8298
58 -145.5613
59 -147.9221
60 -150.5809
61 -152.8672
62 -155.4265
63 -157.6116
64 -159.7388
65 -162.0892
66 -164.0652
67 -166.2193
68 -168.0023
69 -169.8625
70 -171.8444
71 -173.3216
72 -174.4092
73 -175.517
74 -176.3348
75 -176.8423
76 -177.2515
77 -177.5031
78 -177.5587
79 -177.389
80 -177.0572
81 -176.2841
82 -175.406
83 -174.4945
84 -173.4867
85 -172.3873
86 -171.1174
87 -169.4664
88 -167.3428
89 -165.4164
90 -163.0021
91 -160.635
92 -157.727
93 -155.2892
94 -152.3192
95 -149.159
96 -146.2443
97 -142.7509
98 -139.5591
99 -136.2488
100 -132.8272
101 -128.7904
102 -124.6285
103 -119.8098
104 -115.4142
105 -110.922
106 -106.3403
107 -102.2633
108 -97.53204
109 -92.72879
110 -87.85785
111 -82.92271
112 -77.29778
113 -72.23588
114 -66.47453
115 -61.29628
116 -56.72277
117 -50.78617
118 -44.11821
119 -38.73251
120 -33.9794
121 -28.51184
122 -23.69264
123 -17.45101
124 -11.86135
125 -6.233486
126 -0.5680212
127 4.419911
128 10.15548
129 15.20485
130 20.28302
131 26.12208
132 31.99899
133 37.17209
134 42.37339
135 48.35136
136 53.61029
137 58.89368
138 64.95868
139 70.2756
140 76.15483
141 82.39641
142 87.62734
143 91.9539
144 97.72993
145 102.0029
146 106.4326
147 110.4556
148 113.2995
149 116.5827
150 119.1434
151 121.3694
152 123.0489
153 124.6737
154 126.1503
155 127.117
156 128.0949
157 128.9072
158 129.4606
159 129.9328
160 130.1038
161 130.0896
162 129.8541
163 129.4589
164 128.799
165 127.9298
166 126.8642
167 125.6165
168 124.2017
169 122.8382
170 121.3681
171 119.5708
172 117.9083
173 115.9159
174 114.0972
175 111.9415
176 109.7112
177 107.4121
178 105.0491
179 102.9335
180 100.4674
181 97.95959
182 95.42307
183 92.56095
184 90.04434
185 86.59036
186 83.90215
187 81.32389
188 79.92897
189 78.96959
190 78.08913
191 77.67847
192 77.62972
193 77.85461
194 78.52601
195 79.70699
196 80.90309
197 82.57631
198 84.57505
199 86.60397
200 89.138
201 91.27258
202 93.86697
203 96.25545
204 99.10419
205 101.6912
206 104.3582
207 107.0988
208 110.7216
209 113.6097
210 116.9794
211 119.9838
212 123.4757
213 126.5774
214 129.7177
215 133.8048
216 137.4765
217 140.7114
218 144.4239
219 148.1414
220 151.3878
221 154.617
222 157.7314
223 161.395
224 164.3312
225 166.6541
226 169.0283
227 171.3492
228 173.315
229 174.7791
230 176.1904
231 177.451
232 178.4075
233 179.1722
234 179.7604
235 180.0263
236 179.9331
237 179.5594
238 178.7951
239 177.9131
240 176.7954
241 175.6297
242 174.0935
243 172.5796
244 170.9164
245 168.8429
246 166.8848
247 164.1777
248 161.9291
249 159.558
250 157.0664
251 154.0734
252 150.9271
253 147.2074
254 144.1842
255 140.5921
256 136.3801
257 132.488
258 128.9719
259 124.3049
260 120.0247
261 115.6279
262 111.1225
263 106.5172
264 102.4129
265 97.04495
266 92.80762
267 87.90837
268 82.95743
269 77.96416
270 73.56718
271 68.51614
272 64.0787
273 59.62872
274 54.5308
275 49.42303
276 44.30859
277 39.82905
278 34.06416
279 29.57669
280 25.08664
281 19.95308
282 15.46019
283 10.32522
284 5.832841
285 0.7005777
286 -3.787473
287 -8.912169
288 -14.03019
289 -19.13953
290 -23.60136
291 -28.68823
292 -33.75956
293 -38.81287
294 -43.84587
295 -48.85658
296 -53.22097
297 -58.18394
298 -62.50311
299 -67.41077
300 -71.67835
301 -76.52311
302 -80.73234
303 -85.50688
304 -90.82947
305 -96.67886
306 -100.7303
307 -105.3141
308 -109.2817
309 -114.3194
310 -118.7323
311 -122.5395
312 -126.8237
313 -131.0307
314 -135.1293
315 -138.5363
316 -142.1666
317 -145.1208
318 -148.2655
319 -151.6825
320 -154.9882
321 -157.4723
322 -160.2046
323 -162.7308
324 -164.9969
325 -166.776
326 -168.3736
327 -169.9875
328 -171.2785
329 -172.6418
330 -173.872
331 -174.9172
332 -175.6622
333 -176.3371
334 -176.8643
335 -177.2065
336 -177.4476
337 -177.5167
338 -177.4441
339 -177.2212
340 -176.771
341 -175.9978
342 -175.1523
343 -174.2744
344 -173.3104
345 -172.1262
346 -170.8552
347 -169.5984
348 -167.9816
349 -166.1651
350 -164.4069
351 -162.2023
352 -160.103
353 -157.5117
354 -154.7192
355 -151.3439
356 -147.73
357 -143.8895
358 -139.8369
359 -136.0703
360 -132.6569
361 -128.6316
362 -124.4836
363 -120.7616
364 -116.4094
365 -112.5211
366 -107.9926
367 -103.9609
368 -99.86899
369 -95.12276
370 -90.30619
371 -85.42303
372 -79.8539
373 -75.46954
374 -69.12959
375 -62.70349
376 -57.50325
377 -52.25232
378 -46.95245
379 -40.93474
380 -35.5339
381 -30.775
382 -25.29737
383 -20.47016
384 -14.91615
385 -10.02431
386 -4.397672
387 0.5568396
388 5.540406
389 10.55311
390 16.31768
391 22.12049
392 27.96164
393 33.10405
394 39.01649
395 44.22013
396 49.45114
397 56.21494
398 61.5029
399 68.32487
400 73.65234
401 78.85035
402 84.50898
403 89.85361
404 94.88342
405 100.1632
406 104.513
407 109.0091
408 112.6432
409 115.9243
410 118.8426
411 121.3927
412 123.319
413 125.3865
414 126.8573
415 128.0093
416 128.8747
417 129.5912
418 130.0475
419 130.3126
420 130.379
421 130.2747
422 130.0186
423 129.5427
424 128.9741
425 128.1617
426 127.4457
427 126.3593
428 125.2928
429 124.1247
430 122.8606
431 121.305
432 119.8555
433 118.1067
434 116.2651
435 114.0881
436 112.0665
437 109.9686
438 107.7966
439 105.553
440 103.2411
441 100.867
442 98.13244
443 95.34667
444 92.85383
445 90.6829
446 88.31623
447 85.68633
448 83.85548
449 81.56855
450 80.21647
451 79.08123
452 78.26671
453 77.86175
454 77.78711
455 77.89722
456 78.23812
457 79.03637
458 80.28086
459 81.9828
460 83.89308
461 85.86994
462 88.08147
463 90.50114
464 92.76651
465 95.50395
466 98.0148
467 101.0006
468 103.7042
469 106.888
470 109.7485
471 112.6725
472 115.6544
473 119.127
474 122.217
475 125.8009
476 128.9773
477 132.6473
478 135.8878
479 139.1497
480 142.8951
481 146.1781
482 149.925
483 153.6479
484 157.1601
485 160.7585
486 163.3008
487 165.933
488 168.2792
489 170.5853
490 172.5524
491 174.084
492 175.3463
493 176.6722
494 177.8353
495 178.7487
496 179.5083
497 179.8926
498 180.0275
499 179.9564
500 179.6044
501 178.9463
502 178.1055
503 177.0292
504 175.7265
505 174.4105
506 172.716
507 170.8282
508 168.7569
509 166.5099
510 164.0936
511 161.1785
512 158.7698
513 156.2388
514 152.8073
515 149.5916
516 146.2226
517 143.151
518 139.5018
519 136.1902
520 132.2736
521 128.2212
522 124.0385
523 119.7321
524 116.4256
525 111.3511
526 107.3161
527 103.2108
528 97.84039
529 93.59998
530 88.07928
531 83.73951
532 79.36634
533 74.96587
534 69.90913
535 65.46519
536 60.36991
537 55.26109
538 50.78257
539 45.0168
540 39.24498
541 33.46841
542 27.68771
543 21.90384
544 16.11876
545 11.61938
546 5.836213
547 0.6986609
548 -4.434918
549 -9.563101
550 -14.68415
551 -19.7963
552 -25.53422
553 -31.25481
