0 0
-40.62 108.73
-40.62 108.73
-40.62915 108.7225
-40.67024 108.6888
-40.75271 108.6208
-40.88508 108.5098
-41.10852 108.3173
-41.38543 108.0699
-41.69623 107.7799
-42.12995 107.3554
-42.74649 106.7939
-43.58949 106.0756
-44.49194 105.3408
-45.65073 104.4332
-46.69512 103.6399
-47.99037 102.6755
-49.08123 101.8698
-50.41488 100.8892
-51.65549 99.97816
-53.15429 98.87474
-54.73645 97.70381
-56.39833 96.46346
-58.13691 95.15257
-59.71875 93.94691
-61.83244 92.31547
-63.78386 90.7878
-65.80046 89.18613
-68.67429 86.86129
-70.83463 85.08112
-73.33317 82.98902
-75.61269 81.05042
-77.94566 79.03812
-80.33041 76.95265
-82.45815 75.06815
-84.93497 72.84623
-87.45778 70.5514
-90.02419 68.18331
-92.63167 65.74145
-94.9447 63.54377
-97.95836 60.6333
-100.3307 58.30279
-102.7254 55.91306
-105.8339 52.75243
-108.2717 50.2247
-111.076 47.26036
-113.5428 44.59943
-116.3735 41.48054
-118.8579 38.68275
-121.7024 35.40598
-124.1935 32.46891
-126.6841 29.46612
-129.5261 25.95295
-132.0056 22.80659
-135.1786 18.66105
-137.6316 15.35832
-140.4151 11.49915
-142.8298 8.047891
-145.5613 4.017671
-147.9221 0.4151042
-150.5809 -3.790458
-152.8672 -7.548942
-155.4265 -11.93608
-157.6116 -15.85669
-159.7388 -19.85509
-162.0892 -24.52158
-164.0652 -28.69104
-166.2193 -33.55593
-168.0023 -37.9004
-169.8625 -42.82958
-171.8444 -48.70098
-173.3216 -53.70536
-174.4092 -57.92712
-175.517 -63.01447
-176.3348 -67.70367
-176.8423 -71.43058
-177.2515 -75.53534
-177.5031 -79.86092
-177.5587 -83.98381
-177.389 -88.66145
-177.0572 -92.47649
-176.2841 -97.80599
-175.406 -101.9983
-174.4945 -105.4282
-173.4867 -108.5829
-172.3873 -111.5211
-171.1174 -114.4619
-169.4664 -117.7778
-167.3428 -121.4457
-165.4164 -124.3465
-163.0021 -127.5512
-160.635 -130.3293
-157.727 -133.3566
-155.2892 -135.6268
-152.3192 -138.1182
-149.159 -140.4876
-146.2443 -142.4524
-142.7509 -144.5672
-139.5591 -146.2972
-136.2488 -147.9121
-132.8272 -149.4105
-128.7904 -150.9805
-124.6285 -152.4007
-119.8098 -153.8233
-115.4142 -154.9359
-110.922 -155.9104
-106.3403 -156.7534
-102.2633 -157.3896
-97.53204 -158.0097
-92.72879 -158.5248
-87.85785 -158.9418
-82.92271 -159.2671
-77.29778 -159.5308
-72.23588 -159.6796
-66.47453 -159.7556
-61.29628 -159.7458
-56.72277 -159.6797
-50.78617 -159.518
-44.11821 -159.2385
-38.73251 -158.9404
-33.9794 -158.6225
-28.51184 -158.1964
-23.69264 -157.7688
-17.45101 -157.1451
-11.86135 -156.5233
-6.233486 -155.841
-0.5680212 -155.104
4.419911 -154.4192
10.15548 -153.5977
15.20485 -152.8501
20.28302 -152.0801
26.12208 -151.1781
31.99899 -150.2576
37.17209 -149.4386
42.37339 -148.6068
48.35136 -147.6383
53.61029 -146.771
58.89368 -145.8769
64.95868 -144.8084
70.2756 -143.8303
76.15483 -142.6824
82.39641 -141.3696
87.62734 -140.1534
91.9539 -139.0355
97.72993 -137.3321
102.0029 -135.8657
106.4326 -134.0929
110.4556 -132.1909
113.2995 -130.6297
116.5827 -128.5289
119.1434 -126.5887
121.3694 -124.6053
123.0489 -122.8582
124.6737 -120.8769
126.1503 -118.7088
127.117 -116.9891
128.0949 -114.8552
128.9072 -112.5491
129.4606 -110.4005
129.9328 -107.4793
130.1038 -105.1012
130.0896 -102.2897
129.8541 -99.39721
129.4589 -96.81438
128.799 -93.81751
127.9298 -90.7839
126.8642 -87.72278
125.6165 -84.64014
124.2017 -81.53912
122.8382 -78.81149
121.3681 -76.0698
119.5708 -72.91636
117.9083 -70.13536
115.9159 -66.92921
114.0972 -64.09806
111.9415 -60.82941
109.7112 -57.52237
107.4121 -54.17499
105.0491 -50.78561
102.9335 -47.78358
100.4674 -44.30798
97.95959 -40.7791
95.42307 -37.18909
92.56095 -33.06117
90.04434 -29.29107
86.59036 -23.75751
83.90215 -18.98599
81.32389 -13.70914
79.92897 -10.28525
78.96959 -7.401076
78.08913 -3.696767
77.67847 -0.3298089
77.62972 1.618334
77.85461 4.58757
78.52601 7.68007
79.70699 10.81379
80.90309 13.06711
82.57631 15.53764
84.57505 17.91056
86.60397 19.92077
89.138 22.06809
91.27258 23.65816
93.86697 25.39912
96.25545 26.86976
99.10419 28.50635
101.6912 29.91034
104.3582 31.29827
107.0988 32.67914
110.7216 34.45738
113.6097 35.85327
116.9794 37.47256
119.9838 38.91769
123.4757 40.61028
126.5774 42.13465
129.7177 43.70659
133.8048 45.80807
137.4765 47.76337
140.7114 49.55242
144.4239 51.6993
148.1414 53.96855
151.3878 56.06573
154.617 58.27803
157.7314 60.55268
161.395 63.44732
164.3312 65.98909
166.6541 68.18504
169.0283 70.65737
171.3492 73.37707
173.315 76.00961
174.7791 78.25848
176.1904 80.78615
177.451 83.52077
178.4075 86.12528
179.1722 88.88638
179.7604 92.16306
180.0263 95.90793
179.9331 99.1279
179.5594 102.1758
178.7951 105.6357
177.9131 108.4364
176.7954 111.2477
175.6297 113.7045
174.0935 116.4984
172.5796 118.9247
170.9164 121.3297
168.8429 124.0481
166.8848 126.3974
164.1777 129.3717
161.9291 131.644
159.558 133.8755
157.0664 136.0611
154.0734 138.4953
150.9271 140.8533
147.2074 143.4033
144.1842 145.3021
140.5921 147.3717
136.3801 149.5588
132.488 151.3648
128.9719 152.8291
124.3049 154.5394
120.0247 155.8841
115.6279 157.0531
111.1225 158.0369
106.5172 158.8267
102.4129 159.3516
97.04495 159.7943
92.80762 159.9547
87.90837 159.9418
82.95743 159.7209
77.96416 159.2946
73.56718 158.7583
68.51614 157.9648
64.0787 157.1175
59.62872 156.1342
54.5308 154.8516
49.42303 153.4079
44.30859 151.8123
39.82905 150.2986
34.06416 148.2028
29.57669 146.4641
25.08664 144.6344
19.95308 142.4358
15.46019 140.4212
10.32522 138.0184
5.832841 135.8303
0.7005777 133.234
-3.787473 130.8802
-8.912169 128.0978
-14.03019 125.2175
-19.13953 122.2398
-23.60136 119.5547
-28.68823 116.3947
-33.75956 113.1372
-38.81287 109.7821
-43.84587 106.3296
-48.85658 102.7803
-53.22097 99.5957
-58.18394 95.866
-62.50311 92.52397
-67.41077 88.61541
-71.67835 85.11776
-76.52311 81.032
-80.73234 77.38007
-85.50688 73.11919
-90.82947 68.21478
-96.67886 62.62829
-100.7303 58.63199
-105.3141 53.978
-109.2817 49.82961
-114.3194 44.39081
-118.7323 39.4556
-122.5395 35.05851
-126.8237 29.94198
-131.0307 24.72636
-135.1293 19.4417
-138.5363 14.87891
-142.1666 9.826119
-145.1208 5.548001
-148.2655 0.8034097
-151.6825 -4.613937
-154.9882 -10.16403
-157.4723 -14.57448
-160.2046 -19.71265
-162.7308 -24.78666
-164.9969 -29.66856
-166.776 -33.7803
-168.3736 -37.7408
-169.9875 -42.07617
-171.2785 -45.86805
-172.6418 -50.29845
-173.872 -54.83068
-174.9172 -59.28283
-175.6622 -62.9963
-176.3371 -67.03987
-176.8643 -71.08266
-177.2065 -74.69082
-177.4476 -78.89053
-177.5167 -82.45233
-177.4441 -86.28634
-177.2212 -89.94006
-176.771 -94.11106
-175.9978 -98.82119
-175.1523 -102.6303
-174.2744 -105.8465
-173.3104 -108.8423
-172.1262 -112.0005
-170.8552 -114.9323
-169.5984 -117.4877
-167.9816 -120.4018
-166.1651 -123.2931
-164.4069 -125.7905
-162.2023 -128.5919
-160.103 -130.9855
-157.5117 -133.6414
-154.7192 -136.1986
-151.3439 -138.9407
-147.73 -141.5225
-143.8895 -143.9295
-139.8369 -146.1515
-136.0703 -147.9691
-132.6569 -149.4369
-128.6316 -150.9755
-124.4836 -152.3694
-120.7616 -153.4736
-116.4094 -154.6073
-112.5211 -155.4902
-107.9926 -156.3811
-103.9609 -157.0639
-99.86899 -157.6615
-95.12276 -158.2462
-90.30619 -158.7311
-85.42303 -159.1217
-79.8539 -159.4549
-75.46954 -159.6398
-69.12959 -159.7966
-62.70349 -159.8313
-57.50325 -159.774
-52.25232 -159.6439
-46.95245 -159.4424
-40.93474 -159.1322
-35.5339 -158.7821
-30.775 -158.4177
-25.29737 -157.9382
-20.47016 -157.4642
-14.91615 -156.8633
-10.02431 -156.2884
-4.397672 -155.5791
0.5568396 -154.9174
5.540406 -154.2223
10.55311 -153.4988
16.31768 -152.6428
22.12049 -151.7614
27.96164 -150.8602
33.10405 -150.0585
39.01649 -149.1283
44.22013 -148.3008
49.45114 -147.4581
56.21494 -146.3445
61.5029 -145.444
68.32487 -144.2278
73.65234 -143.2151
78.85035 -142.1507
84.50898 -140.8864
89.85361 -139.5544
94.88342 -138.1378
100.1632 -136.4302
104.513 -134.7984
109.0091 -132.8218
112.6432 -130.9406
115.9243 -128.9457
118.8426 -126.8488
121.3927 -124.6727
123.319 -122.7242
125.3865 -120.1994
126.8573 -117.9798
128.0093 -115.8241
128.8747 -113.7676
129.5912 -111.4615
130.0475 -109.2548
130.3126 -106.9165
130.379 -104.7771
130.2747 -102.2417
130.0186 -99.957
129.5427 -97.28304
128.9741 -94.89693
128.1617 -92.12431
127.4457 -90.01635
126.3593 -87.17059
125.2928 -84.64965
124.1247 -82.10135
122.8606 -79.52647
121.305 -76.55203
119.8555 -73.91991
118.1067 -70.8763
116.2651 -67.79443
114.0881 -64.28138
112.0665 -61.11613
109.9686 -57.90975
107.7966 -54.66291
105.553 -51.37584
103.2411 -48.04805
100.867 -44.67706
98.13244 -40.82749
95.34667 -36.90783
92.85383 -33.34799
90.6829 -30.16016
88.31623 -26.53763
85.68633 -22.22563
83.85548 -18.94017
81.56855 -14.28236
80.21647 -11.00551
79.08123 -7.589623
78.26671 -4.126076
77.86175 -1.000734
77.78711 1.158339
77.89722 3.415369
78.23812 5.747989
79.03637 8.724731
80.28086 11.70617
81.9828 14.6234
83.89308 17.14525
85.86994 19.27974
88.08147 21.30562
90.50114 23.22356
92.76651 24.82343
95.50395 26.575
98.0148 28.05172
101.0006 29.69265
103.7042 31.10014
106.888 32.6907
109.7485 34.07786
112.6725 35.47102
115.6544 36.87933
119.127 38.51813
122.217 39.98634
125.8009 41.71423
128.9773 43.27829
132.6473 45.13514
135.8878 46.82874
139.1497 48.59442
142.8951 50.71205
146.1781 52.664
149.925 55.02083
153.6479 57.52339
157.1601 60.05906
160.7585 62.87402
163.3008 65.03278
165.933 67.46387
168.2792 69.84769
170.5853 72.4599
172.5524 74.98051
174.084 77.2099
175.3463 79.29708
176.6722 81.84501
177.8353 84.56793
178.7487 87.29078
179.5083 90.47916
179.8926 93.21978
180.0275 95.7684
179.9564 98.41431
179.6044 101.4824
178.9463 104.6184
178.1055 107.4401
177.0292 110.2759
175.7265 113.1117
174.4105 115.5848
172.716 118.3943
170.8282 121.1791
168.7569 123.9336
166.5099 126.6523
164.0936 129.3294
161.1785 132.2835
158.7698 134.5319
156.2388 136.7307
152.8073 139.4751
149.5916 141.8257
146.2226 144.0823
143.151 145.971
139.5018 148.0217
136.1902 149.7133
132.2736 151.519
128.2212 153.1779
124.0385 154.6786
119.7321 156.0097
116.4256 156.891
111.3511 158.0161
107.3161 158.7212
103.2108 159.2713
97.84039 159.7465
93.59998 159.9326
88.07928 159.9362
83.73951 159.7577
79.36634 159.4222
74.96587 158.934
69.90913 158.1947
65.46519 157.3936
60.36991 156.3096
55.26109 155.0542
50.78257 153.8213
45.0168 152.0619
39.24498 150.118
33.46841 148.0026
27.68771 145.7296
21.90384 143.3078
16.11876 140.7428
11.61938 138.6524
5.836213 135.8454
0.6986609 133.2402
-4.434918 130.5345
-9.563101 127.7299
-14.68415 124.8277
-19.7963 121.8286
-25.53422 118.3395
-31.25481 114.7282
