0 0
1 108.73
2 108.73
3 108.7225
4 108.6888
5 108.6208
6 108.5098
7 108.3173
8 108.0699
9 107.7799
10 107.3554
11 106.7939
12 106.0756
13 105.3408
14 104.4332
15 103.6399
16 102.6755
17 101.8698
18 100.8892
19 99.97816
20 98.87474
21 97.70381
22 96.46346
23 95.15257
24 93.94691
25 92.31547
26 90.7878
27 89.18613
28 86.86129
29 85.08112
30 82.98902
31 81.05042
32 79.03812
33 76.95265
34 75.06815
35 72.84623
36 70.5514
37 68.18331
38 65.74145
39 63.54377
40 60.6333
41 58.30279
42 55.91306
43 52.75243
44 50.2247
45 47.26036
46 44.59943
47 41.48054
48 38.68275
49 35.40598
50 32.46891
51 29.46612
52 25.95295
53 22.80659
54 18.66105
55 15.35832
56 11.49915
57 8.047891
58 4.017671
59 0.4151042
60 -3.790458
61 -7.548942
62 -11.93608
63 -15.85669
64 -19.85509
65 -24.52158
66 -28.69104
67 -33.55593
68 -37.9004
69 -42.82958
70 -48.70098
71 -53.70536
72 -57.92712
73 -63.01447
74 -67.70367
75 -71.43058
76 -75.53534
77 -79.86092
78 -83.98381
79 -88.66145
80 -92.47649
81 -97.80599
82 -101.9983
83 -105.4282
84 -108.5829
85 -111.5211
86 -114.4619
87 -117.7778
88 -121.4457
89 -124.3465
90 -127.5512
91 -130.3293
92 -133.3566
93 -135.6268
94 -138.1182
95 -140.4876
96 -142.4524
97 -144.5672
98 -146.2972
99 -147.9121
100 -149.4105
101 -150.9805
102 -152.4007
103 -153.8233
104 -154.9359
105 -155.9104
106 -156.7534
107 -157.3896
108 -158.0097
109 -158.5248
110 -158.9418
111 -159.2671
112 -159.5308
113 -159.6796
114 -159.7556
115 -159.7458
116 -159.6797
117 -159.518
118 -159.2385
119 -158.9404
120 -158.6225
121 -158.1964
122 -157.7688
123 -157.1451
124 -156.5233
125 -155.841
126 -155.104
127 -154.4192
128 -153.5977
129 -152.8501
130 -152.0801
131 -151.1781
132 -150.2576
133 -149.4386
134 -148.6068
135 -147.6383
136 -146.771
137 -145.8769
138 -144.8084
139 -143.8303
140 -142.6824
141 -141.3696
142 -140.1534
143 -139.0355
144 -137.3321
145 -135.8657
146 -134.0929
147 -132.1909
148 -130.6297
149 -128.5289
150 -126.5887
151 -124.6053
152 -122.8582
153 -120.8769
154 -118.7088
155 -116.9891
156 -114.8552
157 -112.5491
158 -110.4005
159 -107.4793
160 -105.1012
161 -102.2897
162 -99.39721
163 -96.81438
164 -93.81751
165 -90.7839
166 -87.72278
167 -84.64014
168 -81.53912
169 -78.81149
170 -76.0698
171 -72.91636
172 -70.13536
173 -66.92921
174 -64.09806
175 -60.82941
176 -57.52237
177 -54.17499
178 -50.78561
179 -47.78358
180 -44.30798
181 -40.7791
182 -37.18909
183 -33.06117
184 -29.29107
185 -23.75751
186 -18.98599
187 -13.70914
188 -10.28525
189 -7.401076
190 -3.696767
191 -0.3298089
192 1.618334
193 4.58757
194 7.68007
195 10.81379
196 13.06711
197 15.53764
198 17.91056
199 19.92077
200 22.06809
201 23.65816
202 25.39912
203 26.86976
204 28.50635
205 29.91034
206 31.29827
207 32.67914
208 34.45738
209 35.85327
210 37.47256
211 38.91769
212 40.61028
213 42.13465
214 43.70659
215 45.80807
216 47.76337
217 49.55242
218 51.6993
219 53.96855
220 56.06573
221 58.27803
222 60.55268
223 63.44732
224 65.98909
225 68.18504
226 70.65737
227 73.37707
228 76.00961
229 78.25848
230 80.78615
231 83.52077
232 86.12528
233 88.88638
234 92.16306
235 95.90793
236 99.1279
237 102.1758
238 105.6357
239 108.4364
240 111.2477
241 113.7045
242 116.4984
243 118.9247
244 121.3297
245 124.0481
246 126.3974
247 129.3717
248 131.644
249 133.8755
250 136.0611
251 138.4953
252 140.8533
253 143.4033
254 145.3021
255 147.3717
256 149.5588
257 151.3648
258 152.8291
259 154.5394
260 155.8841
261 157.0531
262 158.0369
263 158.8267
264 159.3516
265 159.7943
266 159.9547
267 159.9418
268 159.7209
269 159.2946
270 158.7583
271 157.9648
272 157.1175
273 156.1342
274 154.8516
275 153.4079
276 151.8123
277 150.2986
278 148.2028
279 146.4641
280 144.6344
281 142.4358
282 140.4212
283 138.0184
284 135.8303
285 133.234
286 130.8802
287 128.0978
288 125.2175
289 122.2398
290 119.5547
291 116.3947
292 113.1372
293 109.7821
294 106.3296
295 102.7803
296 99.5957
297 95.866
298 92.52397
299 88.61541
300 85.11776
301 81.032
302 77.38007
303 73.11919
304 68.21478
305 62.62829
306 58.63199
307 53.978
308 49.82961
309 44.39081
310 39.4556
311 35.05851
312 29.94198
313 24.72636
314 19.4417
315 14.87891
316 9.826119
317 5.548001
318 0.8034097
319 -4.613937
320 -10.16403
321 -14.57448
322 -19.71265
323 -24.78666
324 -29.66856
325 -33.7803
326 -37.7408
327 -42.07617
328 -45.86805
329 -50.29845
330 -54.83068
331 -59.28283
332 -62.9963
333 -67.03987
334 -71.08266
335 -74.69082
336 -78.89053
337 -82.45233
338 -86.28634
339 -89.94006
340 -94.11106
341 -98.82119
342 -102.6303
343 -105.8465
344 -108.8423
345 -112.0005
346 -114.9323
347 -117.4877
348 -120.4018
349 -123.2931
350 -125.7905
351 -128.5919
352 -130.9855
353 -133.6414
354 -136.1986
355 -138.9407
356 -141.5225
357 -143.9295
358 -146.1515
359 -147.9691
360 -149.4369
361 -150.9755
362 -152.3694
363 -153.4736
364 -154.6073
365 -155.4902
366 -156.3811
367 -157.0639
368 -157.6615
369 -158.2462
370 -158.7311
371 -159.1217
372 -159.4549
373 -159.6398
374 -159.7966
375 -159.8313
376 -159.774
377 -159.6439
378 -159.4424
379 -159.1322
380 -158.7821
381 -158.4177
382 -157.9382
383 -157.4642
384 -156.8633
385 -156.2884
386 -155.5791
387 -154.9174
388 -154.2223
389 -153.4988
390 -152.6428
391 -151.7614
392 -150.8602
393 -150.0585
394 -149.1283
395 -148.3008
396 -147.4581
397 -146.3445
398 -145.444
399 -144.2278
400 -143.2151
401 -142.1507
402 -140.8864
403 -139.5544
404 -138.1378
405 -136.4302
406 -134.7984
407 -132.8218
408 -130.9406
409 -128.9457
410 -126.8488
411 -124.6727
412 -122.7242
413 -120.1994
414 -117.9798
415 -115.8241
416 -113.7676
417 -111.4615
418 -109.2548
419 -106.9165
420 -104.7771
421 -102.2417
422 -99.957
423 -97.28304
424 -94.89693
425 -92.12431
426 -90.01635
427 -87.17059
428 -84.64965
429 -82.10135
430 -79.52647
431 -76.55203
432 -73.91991
433 -70.8763
434 -67.79443
435 -64.28138
436 -61.11613
437 -57.90975
438 -54.66291
439 -51.37584
440 -48.04805
441 -44.67706
442 -40.82749
443 -36.90783
444 -33.34799
445 -30.16016
446 -26.53763
447 -22.22563
448 -18.94017
449 -14.28236
450 -11.00551
451 -7.589623
452 -4.126076
453 -1.000734
454 1.158339
455 3.415369
456 5.747989
457 8.724731
458 11.70617
459 14.6234
460 17.14525
461 19.27974
462 21.30562
463 23.22356
464 24.82343
465 26.575
466 28.05172
467 29.69265
468 31.10014
469 32.6907
470 34.07786
471 35.47102
472 36.87933
473 38.51813
474 39.98634
475 41.71423
476 43.27829
477 45.13514
478 46.82874
479 48.59442
480 50.71205
481 52.664
482 55.02083
483 57.52339
484 60.05906
485 62.87402
486 65.03278
487 67.46387
488 69.84769
489 72.4599
490 74.98051
491 77.2099
492 79.29708
493 81.84501
494 84.56793
495 87.29078
496 90.47916
497 93.21978
498 95.7684
499 98.41431
500 101.4824
501 104.6184
502 107.4401
503 110.2759
504 113.1117
505 115.5848
506 118.3943
507 121.1791
508 123.9336
509 126.6523
510 129.3294
511 132.2835
512 134.5319
513 136.7307
514 139.4751
515 141.8257
516 144.0823
517 145.971
518 148.0217
519 149.7133
520 151.519
521 153.1779
522 154.6786
523 156.0097
524 156.891
525 158.0161
526 158.7212
527 159.2713
528 159.7465
529 159.9326
530 159.9362
531 159.7577
532 159.4222
533 158.934
534 158.1947
535 157.3936
536 156.3096
537 155.0542
538 153.8213
539 152.0619
540 150.118
541 148.0026
542 145.7296
543 143.3078
544 140.7428
545 138.6524
546 135.8454
547 133.2402
548 130.5345
549 127.7299
550 124.8277
551 121.8286
552 118.3395
553 114.7282
